Spatial_Analysis/Maxent_Outputs/Output3_FarFuture_RCP4.5/coral.asc
ncols         638
nrows         314
xllcorner     -102.97071042
yllcorner     3.973116569
cellsize      0.083
NODATA_value  -9999
[rows 270 to 296 of 314, columns 180 to 239 of 638]
2.79417E-1 2.80869E-1 2.82322E-1 2.83779E-1 2.85241E-1 2.86707E-1 2.87906E-1 2.88465E-1 2.88841E-1 2.89217E-1 2.89592E-1 2.89965E-1 2.90337E-1 2.90711E-1 2.91089E-1 2.91472E-1 2.9186E-1 2.92248E-1 2.9189E-1 2.89806E-1 2.87127E-1 2.84462E-1 2.81817E-1 2.79197E-1 2.76604E-1 2.74042E-1 2.71512E-1 2.69015E-1 2.66549E-1 2.641E-1 2.61194E-1 2.5715E-1 2.52645E-1 2.48191E-1 2.43803E-1 2.39489E-1 2.35253E-1 2.31095E-1 2.27018E-1 2.23017E-1 2.1909E-1 2.15223E-1 2.11218E-1 2.07018E-1 2.02811E-1 1.98661E-1 1.94588E-1 1.90601E-1 1.86699E-1 1.82884E-1 1.79155E-1 1.75509E-1 1.71939E-1 1.68432E-1 1.65184E-1 1.62812E-1 1.60987E-1 1.59162E-1 1.57362E-1 1.55594E-1
2.8588E-1 2.87199E-1 2.88519E-1 2.89839E-1 2.91163E-1 2.92489E-1 2.93535E-1 2.93921E-1 2.94118E-1 2.94313E-1 2.94502E-1 2.9469E-1 2.94878E-1 2.95068E-1 2.95262E-1 2.95463E-1 2.95672E-1 2.95887E-1 2.95372E-1 2.93166E-1 2.90377E-1 2.87604E-1 2.84856E-1 2.82138E-1 2.7945E-1 2.76796E-1 2.74178E-1 2.716E-1 2.69062E-1 2.66558E-1 2.63596E-1 2.59471E-1 2.54866E-1 2.50321E-1 2.45855E-1 2.41472E-1 2.37172E-1 2.32955E-1 2.28823E-1 2.24777E-1 2.20817E-1 2.16934E-1 2.12934E-1 2.08757E-1 2.0457E-1 2.00445E-1 1.96411E-1 1.92467E-1 1.88612E-1 1.84845E-1 1.81166E-1 1.77573E-1 1.74065E-1 1.70634E-1 1.67429E-1 1.6501E-1 1.63087E-1 1.6118E-1 1.59314E-1 1.57486E-1
2.88831E-1 2.90003E-1 2.91174E-1 2.92345E-1 2.93516E-1 2.94689E-1 2.95602E-1 2.95878E-1 2.95968E-1 2.96057E-1 2.96142E-1 2.96226E-1 2.9631E-1 2.96395E-1 2.96483E-1 2.96575E-1 2.96667E-1 2.9676E-1 2.96166E-1 2.93971E-1 2.91228E-1 2.88499E-1 2.85787E-1 2.83101E-1 2.80443E-1 2.77815E-1 2.75222E-1 2.7266E-1 2.70124E-1 2.6761E-1 2.64652E-1 2.60581E-1 2.56062E-1 2.51592E-1 2.47184E-1 2.4285E-1 2.38593E-1 2.34414E-1 2.30314E-1 2.26291E-1 2.22337E-1 2.18439E-1 2.14448E-1 2.10337E-1 2.06249E-1 2.02213E-1 1.98244E-1 1.94354E-1 1.90546E-1 1.8682E-1 1.83176E-1 1.79609E-1 1.7611E-1 1.72666E-1 1.6944E-1 1.67016E-1 1.65109E-1 1.63197E-1 1.61306E-1 1.59446E-1
2.90125E-1 2.91141E-1 2.92157E-1 2.93174E-1 2.94192E-1 2.95213E-1 2.95997E-1 2.96181E-1 2.96189E-1 2.96207E-1 2.96223E-1 2.96239E-1 2.96254E-1 2.96268E-1 2.96283E-1 2.963E-1 2.96317E-1 2.96331E-1 2.95701E-1 2.93566E-1 2.9092E-1 2.88293E-1 2.85684E-1 2.83094E-1 2.80526E-1 2.77981E-1 2.7546E-1 2.72962E-1 2.70483E-1 2.68017E-1 2.65116E-1 2.61143E-1 2.56753E-1 2.52409E-1 2.48118E-1 2.4389E-1 2.39726E-1 2.35627E-1 2.31594E-1 2.27624E-1 2.23711E-1 2.19846E-1 2.15893E-1 2.11847E-1 2.07844E-1 2.0389E-1 1.99993E-1 1.96162E-1 1.924E-1 1.88707E-1 1.85081E-1 1.81521E-1 1.78021E-1 1.74561E-1 1.71316E-1 1.68904E-1 1.67027E-1 1.65129E-1 1.63241E-1 1.61373E-1
2.91446E-1 2.92305E-1 2.93164E-1 2.94023E-1 2.94883E-1 2.95746E-1 2.96395E-1 2.96488E-1 2.96418E-1 2.96359E-1 2.96301E-1 2.96243E-1 2.96187E-1 2.9613E-1 2.96072E-1 2.96015E-1 2.95957E-1 2.95899E-1 2.95241E-1 2.93162E-1 2.90599E-1 2.88058E-1 2.85537E-1 2.83035E-1 2.80552E-1 2.78087E-1 2.75641E-1 2.73214E-1 2.70806E-1 2.68411E-1 2.65586E-1 2.61703E-1 2.57412E-1 2.53167E-1 2.48977E-1 2.44844E-1 2.4077E-1 2.36752E-1 2.32791E-1 2.28886E-1 2.25039E-1 2.21242E-1 2.17352E-1 2.13361E-1 2.09408E-1 2.05506E-1 2.01664E-1 1.97885E-1 1.94165E-1 1.90507E-1 1.8691E-1 1.83373E-1 1.79893E-1 1.76451E-1 1.73216E-1 1.70807E-1 1.68927E-1 1.67023E-1 1.65127E-1 1.63249E-1
2.92784E-1 2.93483E-1 2.94182E-1 2.9488E-1 2.95579E-1 2.96284E-1 2.96795E-1 2.96797E-1 2.9665E-1 2.96514E-1 2.96382E-1 2.96251E-1 2.9612E-1 2.9599E-1 2.95861E-1 2.9573E-1 2.956E-1 2.95473E-1 2.94784E-1 2.92761E-1 2.90281E-1 2.87823E-1 2.85384E-1 2.82965E-1 2.80562E-1 2.78178E-1 2.75811E-1 2.73462E-1 2.71131E-1 2.68813E-1 2.66065E-1 2.62272E-1 2.58075E-1 2.53924E-1 2.49824E-1 2.4578E-1 2.41791E-1 2.37855E-1 2.33975E-1 2.30148E-1 2.26376E-1 2.2265E-1 2.18826E-1 2.1489E-1 2.10986E-1 2.07131E-1 2.03332E-1 1.99594E-1 1.95914E-1 1.92294E-1 1.88733E-1 1.85231E-1 1.81781E-1 1.78363E-1 1.75148E-1 1.72739E-1 1.70848E-1 1.68933E-1 1.6702E-1 1.65125E-1
2.94129E-1 2.94668E-1 2.95205E-1 2.95742E-1 2.9628E-1 2.96824E-1 2.97197E-1 2.97109E-1 2.96885E-1 2.96672E-1 2.96466E-1 2.96261E-1 2.96057E-1 2.95854E-1 2.95651E-1 2.95448E-1 2.95246E-1 2.95049E-1 2.9433E-1 2.92361E-1 2.89965E-1 2.87591E-1 2.85236E-1 2.82898E-1 2.80577E-1 2.78272E-1 2.75986E-1 2.73715E-1 2.71461E-1 2.6922E-1 2.66553E-1 2.62849E-1 2.58747E-1 2.54688E-1 2.50679E-1 2.46724E-1 2.42819E-1 2.38968E-1 2.35168E-1 2.3142E-1 2.27723E-1 2.24071E-1 2.20317E-1 2.16436E-1 2.12579E-1 2.0877E-1 2.05015E-1 2.01318E-1 1.9768E-1 1.94099E-1 1.90575E-1 1.87108E-1 1.83691E-1 1.80301E-1 1.77111E-1 1.747E-1 1.72792E-1 1.70863E-1 1.68934E-1 1.67021E-1
2.95483E-1 2.95859E-1 2.96234E-1 2.96609E-1 2.96985E-1 2.97368E-1 2.97599E-1 2.97421E-1 2.9712E-1 2.96834E-1 2.96553E-1 2.96274E-1 2.95995E-1 2.95719E-1 2.95443E-1 2.95168E-1 2.94895E-1 2.94627E-1 2.93878E-1 2.91965E-1 2.89653E-1 2.87362E-1 2.8509E-1 2.82834E-1 2.80595E-1 2.78371E-1 2.76163E-1 2.73971E-1 2.71796E-1 2.69633E-1 2.67046E-1 2.63433E-1 2.59424E-1 2.55459E-1 2.51541E-1 2.47674E-1 2.43856E-1 2.40089E-1 2.36371E-1 2.32702E-1 2.29083E-1 2.25506E-1 2.21823E-1 2.17997E-1 2.14186E-1 2.10424E-1 2.06714E-1 2.03061E-1 1.99463E-1 1.95921E-1 1.92435E-1 1.89004E-1 1.85621E-1 1.82265E-1 1.79103E-1 1.76689E-1 1.74761E-1 1.72814E-1 1.70867E-1 1.68938E-1
2.96844E-1 2.97057E-1 2.97269E-1 2.97481E-1 2.97694E-1 2.97914E-1 2.98003E-1 2.97734E-1 2.97358E-1 2.96997E-1 2.96642E-1 2.96288E-1 2.95938E-1 2.95588E-1 2.95239E-1 2.94891E-1 2.94546E-1 2.94207E-1 2.93427E-1 2.9157E-1 2.89342E-1 2.87136E-1 2.84947E-1 2.82773E-1 2.80616E-1 2.78473E-1 2.76345E-1 2.74233E-1 2.72135E-1 2.70051E-1 2.67546E-1 2.64023E-1 2.60108E-1 2.56236E-1 2.5241E-1 2.48632E-1 2.44901E-1 2.41218E-1 2.37583E-1 2.33995E-1 2.30454E-1 2.26954E-1 2.23343E-1 2.19574E-1 2.1581E-1 2.12094E-1 2.08429E-1 2.04819E-1 2.01263E-1 1.97761E-1 1.94314E-1 1.9092E-1 1.87573E-1 1.84255E-1 1.81124E-1 1.78707E-1 1.76754E-1 1.74787E-1 1.72822E-1 1.70874E-1
2.98213E-1 2.98262E-1 2.9831E-1 2.98359E-1 2.98408E-1 2.98462E-1 2.9841E-1 2.98048E-1 2.97598E-1 2.97163E-1 2.96733E-1 2.96307E-1 2.95883E-1 2.95459E-1 2.95038E-1 2.94617E-1 2.94199E-1 2.93789E-1 2.92978E-1 2.91177E-1 2.89034E-1 2.86913E-1 2.84807E-1 2.82716E-1 2.80641E-1 2.78579E-1 2.76531E-1 2.74498E-1 2.72479E-1 2.70473E-1 2.68051E-1 2.64618E-1 2.60798E-1 2.57019E-1 2.53285E-1 2.49597E-1 2.45954E-1 2.42356E-1 2.38805E-1 2.35299E-1 2.31836E-1 2.28415E-1 2.24877E-1 2.21165E-1 2.17448E-1 2.13778E-1 2.10159E-1 2.06593E-1 2.0308E-1 1.99619E-1 1.96211E-1 1.92854E-1 1.89546E-1 1.8627E-1 1.83171E-1 1.8075E-1 1.78771E-1 1.76781E-1 1.74797E-1 1.72832E-1
2.9959E-1 2.99473E-1 2.99357E-1 2.99241E-1 2.99124E-1 2.99012E-1 2.98816E-1 2.98363E-1 2.97839E-1 2.97331E-1 2.96829E-1 2.96329E-1 2.9583E-1 2.95333E-1 2.94838E-1 2.94345E-1 2.93855E-1 2.93372E-1 2.92529E-1 2.90785E-1 2.88728E-1 2.86693E-1 2.84671E-1 2.82663E-1 2.80669E-1 2.78687E-1 2.7672E-1 2.74767E-1 2.72827E-1 2.70901E-1 2.68561E-1 2.65219E-1 2.61493E-1 2.57809E-1 2.54167E-1 2.5057E-1 2.47016E-1 2.43505E-1 2.40037E-1 2.36612E-1 2.33229E-1 2.29888E-1 2.26425E-1 2.2277E-1 2.19101E-1 2.15478E-1 2.11906E-1 2.08385E-1 2.04915E-1 2.01496E-1 1.98127E-1 1.94809E-1 1.91539E-1 1.88306E-1 1.85242E-1 1.82818E-1 1.8081E-1 1.78795E-1 1.76793E-1 1.74809E-1
3.00982E-1 3.007E-1 3.00417E-1 3.00131E-1 2.99846E-1 2.99566E-1 2.99222E-1 2.98678E-1 2.98083E-1 2.97502E-1 2.96927E-1 2.96355E-1 2.95784E-1 2.95215E-1 2.94647E-1 2.9408E-1 2.93514E-1 2.92956E-1 2.92081E-1 2.90394E-1 2.88425E-1 2.86473E-1 2.84534E-1 2.82609E-1 2.80698E-1 2.78799E-1 2.76914E-1 2.75041E-1 2.7318E-1 2.71332E-1 2.69074E-1 2.65824E-1 2.62194E-1 2.586E-1 2.55048E-1 2.51537E-1 2.4807E-1 2.44647E-1 2.41269E-1 2.37933E-1 2.34634E-1 2.31372E-1 2.27986E-1 2.2439E-1 2.20767E-1 2.17187E-1 2.13653E-1 2.10171E-1 2.06742E-1 2.03367E-1 2.00046E-1 1.96776E-1 1.93551E-1 1.90363E-1 1.87337E-1 1.84907E-1 1.82868E-1 1.80825E-1 1.78792E-1 1.76779E-1
3.02409E-1 3.01959E-1 3.01504E-1 3.01046E-1 3.0059E-1 3.00135E-1 2.9963E-1 2.9899E-1 2.98333E-1 2.97687E-1 2.97046E-1 2.96404E-1 2.9576E-1 2.95117E-1 2.94474E-1 2.93831E-1 2.9319E-1 2.92553E-1 2.91634E-1 2.9E-1 2.8812E-1 2.86257E-1 2.84405E-1 2.82562E-1 2.8073E-1 2.78911E-1 2.77103E-1 2.7531E-1 2.73534E-1 2.71769E-1 2.6959E-1 2.66424E-1 2.62878E-1 2.5937E-1 2.55904E-1 2.52479E-1 2.49096E-1 2.45759E-1 2.42467E-1 2.39223E-1 2.36023E-1 2.32861E-1 2.29558E-1 2.26011E-1 2.22413E-1 2.1886E-1 2.15359E-1 2.11912E-1 2.08523E-1 2.05191E-1 2.01918E-1 1.98702E-1 1.9554E-1 1.92423E-1 1.89451E-1 1.87006E-1 1.84905E-1 1.82807E-1 1.8073E-1 1.7868E-1
3.02364E-1 3.01767E-1 3.01165E-1 3.00559E-1 2.99949E-1 2.99337E-1 2.987E-1 2.97999E-1 2.97311E-1 2.96627E-1 2.9594E-1 2.95251E-1 2.9456E-1 2.93868E-1 2.93173E-1 2.92478E-1 2.91781E-1 2.91085E-1 2.90146E-1 2.88588E-1 2.86823E-1 2.85068E-1 2.83318E-1 2.81573E-1 2.79837E-1 2.7811E-1 2.76396E-1 2.74694E-1 2.73007E-1 2.71335E-1 2.69252E-1 2.66195E-1 2.62767E-1 2.59374E-1 2.56019E-1 2.52702E-1 2.49427E-1 2.46195E-1 2.43007E-1 2.39865E-1 2.36772E-1 2.33723E-1 2.30523E-1 2.2705E-1 2.23508E-1 2.20012E-1 2.16572E-1 2.13187E-1 2.09859E-1 2.06588E-1 2.03376E-1 2.00222E-1 1.97129E-1 1.9409E-1 1.91185E-1 1.8875E-1 1.86622E-1 1.84504E-1 1.82414E-1 1.80357E-1
2.9843E-1 2.97751E-1 2.97067E-1 2.9638E-1 2.95687E-1 2.95E-1 2.94319E-1 2.93625E-1 2.92942E-1 2.92263E-1 2.91586E-1 2.9091E-1 2.90233E-1 2.89554E-1 2.88872E-1 2.88189E-1 2.87504E-1 2.86823E-1 2.8594E-1 2.84505E-1 2.82874E-1 2.81249E-1 2.79633E-1 2.78022E-1 2.76419E-1 2.74824E-1 2.73238E-1 2.71662E-1 2.70093E-1 2.68536E-1 2.66595E-1 2.6372E-1 2.60485E-1 2.57278E-1 2.54102E-1 2.50962E-1 2.47857E-1 2.44791E-1 2.41765E-1 2.38778E-1 2.35824E-1 2.32905E-1 2.29843E-1 2.26515E-1 2.23126E-1 2.19771E-1 2.1646E-1 2.13198E-1 2.09986E-1 2.06827E-1 2.0372E-1 2.00664E-1 1.97653E-1 1.94681E-1 1.91849E-1 1.89499E-1 1.87461E-1 1.85426E-1 1.83406E-1 1.8141E-1
2.92484E-1 2.91756E-1 2.91027E-1 2.90299E-1 2.89575E-1 2.88855E-1 2.88168E-1 2.87496E-1 2.86838E-1 2.86195E-1 2.85556E-1 2.8492E-1 2.84284E-1 2.83648E-1 2.83013E-1 2.82379E-1 2.8175E-1 2.81128E-1 2.80323E-1 2.79011E-1 2.77515E-1 2.76032E-1 2.74559E-1 2.73093E-1 2.71634E-1 2.70181E-1 2.68736E-1 2.67299E-1 2.65871E-1 2.64455E-1 2.62674E-1 2.59998E-1 2.56975E-1 2.53985E-1 2.51024E-1 2.48093E-1 2.45192E-1 2.42323E-1 2.39484E-1 2.36677E-1 2.33899E-1 2.31152E-1 2.28255E-1 2.25089E-1 2.21866E-1 2.18681E-1 2.15534E-1 2.12426E-1 2.09359E-1 2.06335E-1 2.03352E-1 2.0041E-1 1.97508E-1 1.94635E-1 1.91898E-1 1.89649E-1 1.87722E-1 1.85796E-1 1.83881E-1 1.81983E-1
2.86659E-1 2.85885E-1 2.85113E-1 2.84345E-1 2.83577E-1 2.82818E-1 2.82115E-1 2.81469E-1 2.80849E-1 2.80245E-1 2.79645E-1 2.79048E-1 2.78454E-1 2.77863E-1 2.77273E-1 2.76687E-1 2.76104E-1 2.75525E-1 2.74785E-1 2.73597E-1 2.72245E-1 2.70902E-1 2.69566E-1 2.68239E-1 2.66917E-1 2.65603E-1 2.64296E-1 2.62995E-1 2.61702E-1 2.6042E-1 2.58794E-1 2.56314E-1 2.53498E-1 2.50712E-1 2.47954E-1 2.45223E-1 2.42519E-1 2.39842E-1 2.3719E-1 2.34566E-1 2.31968E-1 2.294E-1 2.26676E-1 2.23667E-1 2.20593E-1 2.17559E-1 2.14562E-1 2.116E-1 2.08675E-1 2.05786E-1 2.02931E-1 2.00112E-1 1.97328E-1 1.94572E-1 1.91946E-1 1.89793E-1 1.87952E-1 1.86113E-1 1.84286E-1 1.82474E-1
2.80936E-1 2.80118E-1 2.79302E-1 2.78487E-1 2.77676E-1 2.76879E-1 2.76157E-1 2.75538E-1 2.74957E-1 2.74394E-1 2.73837E-1 2.73282E-1 2.72729E-1 2.72179E-1 2.71631E-1 2.71086E-1 2.70544E-1 2.70005E-1 2.69327E-1 2.68261E-1 2.6705E-1 2.65845E-1 2.64647E-1 2.63455E-1 2.62268E-1 2.61087E-1 2.59912E-1 2.58743E-1 2.57581E-1 2.56429E-1 2.54956E-1 2.52667E-1 2.50054E-1 2.47469E-1 2.44909E-1 2.42374E-1 2.39861E-1 2.37372E-1 2.34907E-1 2.32465E-1 2.30048E-1 2.27658E-1 2.25105E-1 2.22252E-1 2.19324E-1 2.16436E-1 2.13583E-1 2.10763E-1 2.07975E-1 2.0522E-1 2.02497E-1 1.99806E-1 1.97146E-1 1.9451E-1 1.91998E-1 1.8994E-1 1.88181E-1 1.86424E-1 1.84677E-1 1.82942E-1
2.75302E-1 2.7444E-1 2.7358E-1 2.72722E-1 2.71871E-1 2.71036E-1 2.70295E-1 2.69703E-1 2.69161E-1 2.68637E-1 2.68121E-1 2.67607E-1 2.67095E-1 2.66585E-1 2.66078E-1 2.65573E-1 2.65069E-1 2.64568E-1 2.63949E-1 2.63003E-1 2.6193E-1 2.6086E-1 2.59795E-1 2.58735E-1 2.5768E-1 2.56629E-1 2.55583E-1 2.54542E-1 2.53507E-1 2.52482E-1 2.51158E-1 2.49058E-1 2.46644E-1 2.44256E-1 2.41892E-1 2.39547E-1 2.37225E-1 2.34922E-1 2.32639E-1 2.30378E-1 2.28138E-1 2.25925E-1 2.23541E-1 2.20842E-1 2.18061E-1 2.15317E-1 2.12607E-1 2.09927E-1 2.07276E-1 2.04654E-1 2.02062E-1 1.995E-1 1.96964E-1 1.94449E-1 1.92053E-1 1.90088E-1 1.88411E-1 1.86736E-1 1.85067E-1 1.83411E-1
2.69753E-1 2.68851E-1 2.6795E-1 2.67051E-1 2.66161E-1 2.65287E-1 2.64527E-1 2.63962E-1 2.6346E-1 2.62975E-1 2.62499E-1 2.62024E-1 2.61552E-1 2.61081E-1 2.60612E-1 2.60146E-1 2.59681E-1 2.59215E-1 2.58654E-1 2.57823E-1 2.56884E-1 2.55946E-1 2.55011E-1 2.5408E-1 2.53152E-1 2.52228E-1 2.51308E-1 2.50392E-1 2.49481E-1 2.48581E-1 2.47401E-1 2.45486E-1 2.43267E-1 2.41074E-1 2.389E-1 2.36745E-1 2.34609E-1 2.32489E-1 2.30387E-1 2.28303E-1 2.26238E-1 2.242E-1 2.21985E-1 2.19438E-1 2.16802E-1 2.14202E-1 2.11633E-1 2.09092E-1 2.06577E-1 2.04089E-1 2.01628E-1 1.99193E-1 1.96782E-1 1.9439E-1 1.92109E-1 1.90239E-1 1.88642E-1 1.87047E-1 1.85458E-1 1.8388E-1
2.64294E-1 2.63352E-1 2.62412E-1 2.61475E-1 2.60546E-1 2.59634E-1 2.58855E-1 2.58316E-1 2.57853E-1 2.57408E-1 2.56971E-1 2.56534E-1 2.56099E-1 2.55667E-1 2.55235E-1 2.54806E-1 2.54378E-1 2.53948E-1 2.53443E-1 2.52723E-1 2.51914E-1 2.51104E-1 2.50294E-1 2.49488E-1 2.48685E-1 2.47884E-1 2.47087E-1 2.46292E-1 2.45503E-1 2.44722E-1 2.43685E-1 2.4195E-1 2.39925E-1 2.37922E-1 2.35937E-1 2.33967E-1 2.32013E-1 2.30074E-1 2.2815E-1 2.26242E-1 2.2435E-1 2.22483E-1 2.20433E-1 2.18037E-1 2.15546E-1 2.1309E-1 2.10662E-1 2.08259E-1 2.0588E-1 2.03525E-1 2.01193E-1 1.98886E-1 1.966E-1 1.94331E-1 1.92167E-1 1.90391E-1 1.88874E-1 1.87358E-1 1.85849E-1 1.8435E-1
2.58924E-1 2.57942E-1 2.56965E-1 2.55991E-1 2.55025E-1 2.54076E-1 2.53279E-1 2.52766E-1 2.52342E-1 2.51936E-1 2.51535E-1 2.51136E-1 2.50738E-1 2.50341E-1 2.49947E-1 2.49554E-1 2.49161E-1 2.48766E-1 2.48316E-1 2.47704E-1 2.47019E-1 2.46332E-1 2.45646E-1 2.44962E-1 2.44279E-1 2.43598E-1 2.4292E-1 2.42244E-1 2.41571E-1 2.40907E-1 2.40008E-1 2.38451E-1 2.36616E-1 2.34801E-1 2.33001E-1 2.31213E-1 2.29439E-1 2.27678E-1 2.25929E-1 2.24194E-1 2.22473E-1 2.20774E-1 2.18886E-1 2.16641E-1 2.14293E-1 2.11981E-1 2.09694E-1 2.07428E-1 2.05184E-1 2.0296E-1 2.00759E-1 1.98578E-1 1.96417E-1 1.94273E-1 1.92226E-1 1.90544E-1 1.89106E-1 1.8767E-1 1.8624E-1 1.84819E-1
2.5364E-1 2.52623E-1 2.5161E-1 2.50601E-1 2.49598E-1 2.48611E-1 2.47797E-1 2.4731E-1 2.46926E-1 2.46559E-1 2.46194E-1 2.45829E-1 2.45467E-1 2.45106E-1 2.44747E-1 2.44389E-1 2.44031E-1 2.4367E-1 2.43274E-1 2.42765E-1 2.42202E-1 2.41633E-1 2.41065E-1 2.40498E-1 2.39933E-1 2.39369E-1 2.38807E-1 2.38247E-1 2.37688E-1 2.37136E-1 2.36371E-1 2.3499E-1 2.33341E-1 2.3171E-1 2.30091E-1 2.28483E-1 2.26886E-1 2.253E-1 2.23724E-1 2.2216E-1 2.20606E-1 2.1907E-1 2.17343E-1 2.15246E-1 2.13044E-1 2.10875E-1 2.08727E-1 2.06598E-1 2.04488E-1 2.02396E-1 2.00324E-1 1.9827E-1 1.96235E-1 1.94215E-1 1.92285E-1 1.90697E-1 1.89338E-1 1.87981E-1 1.86632E-1 1.8529E-1
2.48466E-1 2.47411E-1 2.46359E-1 2.45309E-1 2.44268E-1 2.43243E-1 2.42409E-1 2.4195E-1 2.41607E-1 2.41278E-1 2.40955E-1 2.40631E-1 2.40305E-1 2.39977E-1 2.39646E-1 2.39315E-1 2.38987E-1 2.38661E-1 2.38318E-1 2.37909E-1 2.37459E-1 2.37008E-1 2.3656E-1 2.36114E-1 2.35667E-1 2.35216E-1 2.34762E-1 2.34307E-1 2.33854E-1 2.3341E-1 2.32774E-1 2.31564E-1 2.301E-1 2.28652E-1 2.27217E-1 2.2579E-1 2.24369E-1 2.22954E-1 2.21546E-1 2.20143E-1 2.18751E-1 2.17375E-1 2.15802E-1 2.13855E-1 2.118E-1 2.09772E-1 2.07764E-1 2.05773E-1 2.03798E-1 2.01837E-1 1.99892E-1 1.97964E-1 1.96051E-1 1.94155E-1 1.92343E-1 1.90849E-1 1.8957E-1 1.88292E-1 1.87021E-1 1.85758E-1
2.43438E-1 2.42349E-1 2.41255E-1 2.40158E-1 2.39063E-1 2.3798E-1 2.37118E-1 2.36694E-1 2.36411E-1 2.36136E-1 2.35859E-1 2.35577E-1 2.35287E-1 2.34989E-1 2.34683E-1 2.34372E-1 2.34058E-1 2.33746E-1 2.33448E-1 2.33136E-1 2.32811E-1 2.32494E-1 2.32175E-1 2.31851E-1 2.31518E-1 2.31177E-1 2.30826E-1 2.30467E-1 2.30104E-1 2.29743E-1 2.29218E-1 2.28179E-1 2.26913E-1 2.25664E-1 2.24419E-1 2.23173E-1 2.21924E-1 2.20675E-1 2.19426E-1 2.18177E-1 2.16934E-1 2.15701E-1 2.14266E-1 2.12466E-1 2.10566E-1 2.08691E-1 2.06827E-1 2.04974E-1 2.0313E-1 2.01296E-1 1.99474E-1 1.97667E-1 1.95876E-1 1.94099E-1 1.924E-1 1.90997E-1 1.89793E-1 1.88596E-1 1.87407E-1 1.86224E-1
2.38529E-1 2.37427E-1 2.36318E-1 2.35204E-1 2.34085E-1 2.32969E-1 2.3209E-1 2.31704E-1 2.31477E-1 2.3125E-1 2.31013E-1 2.30765E-1 2.30508E-1 2.30241E-1 2.29964E-1 2.29677E-1 2.2938E-1 2.29079E-1 2.28811E-1 2.28585E-1 2.28373E-1 2.28164E-1 2.27946E-1 2.27716E-1 2.27475E-1 2.27223E-1 2.26959E-1 2.26682E-1 2.26392E-1 2.26094E-1 2.25654E-1 2.24768E-1 2.23689E-1 2.22615E-1 2.21533E-1 2.20443E-1 2.19345E-1 2.18244E-1 2.17138E-1 2.16028E-1 2.14917E-1 2.13808E-1 2.12493E-1 2.1083E-1 2.09083E-1 2.07348E-1 2.05616E-1 2.03887E-1 2.02165E-1 2.0045E-1 1.98744E-1 1.97048E-1 1.95365E-1 1.93697E-1 1.92101E-1 1.90783E-1 1.8966E-1 1.88544E-1 1.87432E-1 1.86324E-1
2.33427E-1 2.32368E-1 2.31306E-1 2.30242E-1 2.29181E-1 2.28132E-1 2.27305E-1 2.26938E-1 2.26721E-1 2.2651E-1 2.26297E-1 2.26078E-1 2.25851E-1 2.25615E-1 2.25372E-1 2.25121E-1 2.24866E-1 2.24612E-1 2.24386E-1 2.242E-1 2.24017E-1 2.23834E-1 2.23651E-1 2.2346E-1 2.2326E-1 2.23051E-1 2.22832E-1 2.22602E-1 2.22365E-1 2.22129E-1 2.21765E-1 2.20968E-1 2.19971E-1 2.1898E-1 2.17991E-1 2.16997E-1 2.15998E-1 2.14996E-1 2.13989E-1 2.12979E-1 2.1197E-1 2.10968E-1 2.09767E-1 2.08212E-1 2.06558E-1 2.04918E-1 2.03286E-1 2.0166E-1 2.00039E-1 1.98425E-1 1.96819E-1 1.95222E-1 1.93633E-1 1.92057E-1 1.90556E-1 1.89319E-1 1.88262E-1 1.87207E-1 1.86157E-1 1.85111E-1
