Spatial_Analysis/Maxent_Outputs/Output3_FarFuture_RCP4.5/coral.asc
ncols         638
nrows         314
xllcorner     -102.97071042
yllcorner     3.973116569
cellsize      0.083
NODATA_value  -9999
[rows 81 to 107 of 314, columns 240 to 299 of 638]
6.70756E-1 6.722E-1 6.73645E-1 6.75091E-1 6.76538E-1 6.78011E-1 6.7884E-1 6.77853E-1 6.75783E-1 6.73763E-1 6.71749E-1 6.69736E-1 6.67721E-1 6.65703E-1 6.6368E-1 6.61657E-1 6.59636E-1 6.57637E-1 6.54239E-1 6.46493E-1 6.35616E-1 6.24723E-1 6.13806E-1 6.02871E-1 5.91933E-1 5.81002E-1 5.70091E-1 5.59214E-1 5.48381E-1 5.3759E-1 5.27891E-1 5.21531E-1 5.17721E-1 5.1384E-1 5.09948E-1 5.06065E-1 5.02195E-1 4.98332E-1 4.94478E-1 4.90636E-1 4.86806E-1 4.82984E-1 4.80125E-1 4.80404E-1 4.83403E-1 4.86451E-1 4.89522E-1 4.92602E-1 4.95693E-1 4.98794E-1 5.01901E-1 5.0502E-1 5.08148E-1 5.1132E-1 5.14272E-1 5.16187E-1 5.1714E-1 5.18236E-1 5.19373E-1 5.20511E-1
6.59173E-1 6.59868E-1 6.60565E-1 6.61263E-1 6.61967E-1 6.62705E-1 6.62999E-1 6.65201E-1 6.69227E-1 6.6736E-1 6.65506E-1 6.63651E-1 -9999 6.59941E-1 6.55463E-1 6.5142E-1 6.54372E-1 6.50158E-1 6.42708E-1 6.35676E-1 6.25715E-1 6.17403E-1 6.08795E-1 5.95788E-1 5.85803E-1 5.75832E-1 5.6588E-1 5.55957E-1 5.46071E-1 5.36206E-1 5.27335E-1 5.21438E-1 5.17769E-1 5.14033E-1 5.10267E-1 5.06507E-1 5.02757E-1 4.99012E-1 4.95277E-1 4.91549E-1 4.8783E-1 4.84122E-1 4.81329E-1 4.81535E-1 4.84363E-1 4.87234E-1 4.90137E-1 4.93049E-1 4.9597E-1 4.98899E-1 5.01837E-1 5.04783E-1 5.0774E-1 5.10749E-1 5.13557E-1 5.15457E-1 5.16538E-1 5.17732E-1 5.18979E-1 5.20227E-1
6.47571E-1 6.47504E-1 6.47438E-1 6.47374E-1 6.47316E-1 6.47295E-1 6.50303E-1 -9999 -9999 -9999 -9999 -9999 -9999 -9999 -9999 -9999 -9999 -9999 6.37799E-1 6.31047E-1 -9999 6.09005E-1 5.95616E-1 5.88768E-1 5.80765E-1 5.73419E-1 5.6384E-1 5.54287E-1 5.44768E-1 5.35236E-1 5.26805E-1 5.21367E-1 5.17828E-1 5.14227E-1 5.10588E-1 5.06952E-1 5.03322E-1 4.99696E-1 4.96076E-1 4.92462E-1 4.88856E-1 4.85263E-1 4.82531E-1 4.82662E-1 4.8532E-1 4.88019E-1 4.90753E-1 4.93496E-1 4.96248E-1 4.99006E-1 5.01772E-1 5.04545E-1 5.07331E-1 5.10164E-1 5.12802E-1 5.14685E-1 5.15915E-1 5.17225E-1 5.18581E-1 5.19942E-1
6.40172E-1 6.37734E-1 -9999 -9999 -9999 -9999 -9999 -9999 -9999 -9999 -9999 -9999 -9999 -9999 -9999 -9999 -9999 -9999 -9999 -9999 -9999 -9999 -9999 -9999 -9999 -9999 -9999 -9999 -9999 -9999 5.26321E-1 5.21318E-1 5.17902E-1 5.14426E-1 5.10912E-1 5.07398E-1 5.03888E-1 5.0038E-1 4.96876E-1 4.93376E-1 4.89882E-1 4.86404E-1 4.83729E-1 4.83786E-1 4.86274E-1 4.88804E-1 4.91369E-1 4.93942E-1 4.96523E-1 4.99111E-1 5.01705E-1 5.04305E-1 5.06917E-1 5.09563E-1 5.12021E-1 5.13887E-1 5.15277E-1 5.16715E-1 5.18182E-1 5.19654E-1
-9999 -9999 -9999 -9999 -9999 -9999 -9999 -9999 -9999 -9999 -9999 -9999 -9999 -9999 -9999 -9999 -9999 -9999 -9999 -9999 -9999 -9999 -9999 -9999 -9999 -9999 -9999 -9999 -9999 -9999 -9999 -9999 5.17608E-1 5.14204E-1 5.10761E-1 -9999 5.04211E-1 5.01065E-1 4.97676E-1 4.9429E-1 4.90908E-1 4.87542E-1 4.84923E-1 4.84905E-1 4.87225E-1 4.89587E-1 4.91983E-1 4.94388E-1 4.96798E-1 4.99215E-1 5.01637E-1 5.04065E-1 5.065E-1 5.08956E-1 5.1123E-1 5.1308E-1 5.14632E-1 5.16201E-1 5.17781E-1 5.19364E-1
-9999 -9999 -9999 -9999 -9999 -9999 -9999 -9999 -9999 -9999 -9999 -9999 -9999 -9999 -9999 -9999 -9999 -9999 -9999 -9999 -9999 -9999 -9999 -9999 -9999 -9999 -9999 -9999 -9999 -9999 -9999 -9999 -9999 -9999 -9999 -9999 -9999 5.01357E-1 4.98476E-1 4.95204E-1 4.91934E-1 4.88677E-1 4.86111E-1 4.86018E-1 4.88171E-1 4.9037E-1 4.92599E-1 4.94834E-1 4.97073E-1 4.99318E-1 5.01568E-1 5.03822E-1 5.06082E-1 5.08348E-1 5.10441E-1 5.12275E-1 5.13989E-1 5.15688E-1 5.17378E-1 5.19071E-1
-9999 -9999 -9999 -9999 -9999 -9999 -9999 -9999 -9999 -9999 -9999 -9999 -9999 -9999 -9999 -9999 -9999 -9999 -9999 -9999 -9999 -9999 -9999 -9999 -9999 -9999 -9999 -9999 -9999 -9999 -9999 -9999 -9999 -9999 -9999 -9999 -9999 -9999 -9999 -9999 4.92477E-1 4.89269E-1 4.86763E-1 4.87125E-1 4.89114E-1 4.91154E-1 4.93214E-1 4.95279E-1 4.97347E-1 4.99421E-1 5.01498E-1 5.03579E-1 5.05664E-1 5.07746E-1 5.09669E-1 5.11489E-1 5.13356E-1 5.15172E-1 5.16973E-1 5.18777E-1
-9999 -9999 -9999 -9999 5.67935E-1 5.63647E-1 5.60288E-1 5.59605E-1 5.60637E-1 5.61686E-1 5.62725E-1 5.6376E-1 5.64805E-1 5.65865E-1 5.66942E-1 -9999 -9999 -9999 -9999 -9999 -9999 -9999 -9999 -9999 -9999 -9999 -9999 -9999 -9999 -9999 -9999 -9999 -9999 -9999 -9999 -9999 -9999 -9999 -9999 -9999 -9999 4.90642E-1 4.88856E-1 4.87722E-1 4.8959E-1 4.91939E-1 4.93825E-1 4.95706E-1 4.97594E-1 4.99492E-1 5.01402E-1 5.03322E-1 5.05245E-1 5.07151E-1 5.08927E-1 5.10736E-1 5.12737E-1 5.14655E-1 5.16566E-1 5.18479E-1
-9999 -9999 5.63502E-1 5.60686E-1 5.59644E-1 5.54941E-1 5.51273E-1 5.50622E-1 5.51892E-1 5.53149E-1 5.54404E-1 5.55666E-1 5.56946E-1 5.58246E-1 5.59572E-1 5.59136E-1 -9999 -9999 -9999 -9999 -9999 -9999 -9999 -9999 -9999 -9999 -9999 -9999 -9999 -9999 -9999 -9999 -9999 -9999 -9999 -9999 -9999 -9999 -9999 -9999 -9999 -9999 4.89109E-1 4.89506E-1 4.91341E-1 4.92669E-1 4.94338E-1 4.96013E-1 4.97708E-1 4.99427E-1 5.01173E-1 5.02945E-1 5.04732E-1 5.06521E-1 5.08208E-1 5.1003E-1 5.12115E-1 5.14104E-1 5.16113E-1 5.18149E-1
5.64121E-1 5.60138E-1 5.57433E-1 5.52093E-1 5.46771E-1 5.41465E-1 5.37376E-1 5.36767E-1 5.38368E-1 5.3996E-1 5.41565E-1 5.43187E-1 5.44834E-1 5.46509E-1 5.48216E-1 5.49961E-1 5.51303E-1 -9999 -9999 -9999 -9999 -9999 -9999 -9999 -9999 -9999 -9999 -9999 -9999 -9999 -9999 -9999 -9999 -9999 -9999 -9999 -9999 -9999 -9999 -9999 -9999 -9999 -9999 4.90155E-1 4.92562E-1 4.93982E-1 4.95417E-1 4.96879E-1 4.98372E-1 4.99898E-1 5.01457E-1 5.03055E-1 5.04477E-1 5.06047E-1 5.07764E-1 -9999 5.1157E-1 5.13822E-1 5.15877E-1 5.17988E-1
5.65957E-1 5.6062E-1 5.55295E-1 5.49984E-1 5.44681E-1 5.39375E-1 5.35312E-1 5.34809E-1 5.36554E-1 5.38285E-1 5.38807E-1 5.38348E-1 5.40137E-1 5.41954E-1 5.43803E-1 -9999 -9999 -9999 -9999 -9999 -9999 -9999 -9999 -9999 -9999 -9999 -9999 -9999 -9999 -9999 -9999 -9999 -9999 -9999 -9999 -9999 -9999 -9999 -9999 -9999 -9999 -9999 -9999 -9999 4.95411E-1 5.00449E-1 5.01626E-1 5.02822E-1 5.04045E-1 5.05297E-1 5.06582E-1 5.07903E-1 5.10377E-1 5.13726E-1 5.14731E-1 5.15778E-1 5.15989E-1 5.1547E-1 5.15702E-1 5.18238E-1
5.69118E-1 5.64265E-1 5.59413E-1 5.54561E-1 5.49705E-1 5.44841E-1 5.41127E-1 5.40737E-1 5.42462E-1 5.44174E-1 5.46734E-1 5.4952E-1 -9999 -9999 -9999 -9999 -9999 -9999 -9999 -9999 -9999 -9999 -9999 -9999 -9999 -9999 -9999 -9999 -9999 -9999 -9999 -9999 -9999 -9999 -9999 -9999 -9999 -9999 -9999 -9999 -9999 -9999 -9999 -9999 -9999 -9999 -9999 -9999 -9999 -9999 -9999 -9999 -9999 5.14769E-1 5.18173E-1 5.18849E-1 5.19647E-1 5.20892E-1 5.22319E-1 -9999
5.72323E-1 5.67953E-1 5.63578E-1 5.59197E-1 5.5481E-1 5.50418E-1 5.47077E-1 5.46794E-1 5.48459E-1 5.50114E-1 5.51764E-1 5.54239E-1 5.57389E-1 5.5854E-1 -9999 -9999 -9999 -9999 -9999 -9999 -9999 -9999 -9999 -9999 -9999 -9999 -9999 -9999 -9999 -9999 -9999 -9999 -9999 -9999 -9999 -9999 -9999 -9999 -9999 -9999 -9999 -9999 -9999 -9999 -9999 -9999 -9999 -9999 -9999 -9999 -9999 -9999 -9999 -9999 -9999 5.21893E-1 5.24222E-1 5.24135E-1 5.24441E-1 5.24975E-1
5.75481E-1 5.71592E-1 5.67698E-1 5.63799E-1 5.59894E-1 5.55973E-1 5.53001E-1 5.52826E-1 5.54433E-1 5.56018E-1 5.57594E-1 5.5917E-1 5.60743E-1 5.63118E-1 5.66148E-1 5.67855E-1 5.69385E-1 5.70737E-1 5.71611E-1 -9999 -9999 -9999 -9999 -9999 -9999 -9999 -9999 -9999 -9999 -9999 -9999 5.52537E-1 -9999 -9999 -9999 -9999 -9999 -9999 -9999 -9999 -9999 -9999 -9999 -9999 -9999 -9999 -9999 -9999 -9999 -9999 -9999 -9999 -9999 -9999 -9999 -9999 -9999 5.26222E-1 5.26989E-1 5.26067E-1
5.78635E-1 5.75225E-1 5.7181E-1 5.6839E-1 5.64961E-1 5.61508E-1 5.58903E-1 5.58836E-1 5.60386E-1 5.61904E-1 5.63407E-1 5.64909E-1 5.66407E-1 5.67905E-1 5.69401E-1 5.70895E-1 5.72385E-1 5.73859E-1 5.74721E-1 5.7492E-1 5.75062E-1 5.73602E-1 5.71917E-1 5.70994E-1 -9999 -9999 -9999 -9999 -9999 -9999 5.59187E-1 5.56527E-1 -9999 -9999 -9999 -9999 -9999 -9999 -9999 -9999 -9999 -9999 -9999 -9999 -9999 -9999 -9999 -9999 -9999 -9999 -9999 -9999 -9999 -9999 -9999 -9999 -9999 -9999 -9999 5.26769E-1
5.81785E-1 5.7885E-1 5.75911E-1 5.72967E-1 5.70013E-1 5.67027E-1 5.64786E-1 5.64826E-1 5.66319E-1 5.6777E-1 5.692E-1 5.70626E-1 5.72051E-1 5.73476E-1 5.74898E-1 5.76319E-1 5.77735E-1 5.79139E-1 5.79979E-1 5.79485E-1 5.78144E-1 5.76784E-1 5.75411E-1 5.74927E-1 5.75211E-1 5.73909E-1 5.72606E-1 5.71301E-1 5.69993E-1 5.67619E-1 5.64635E-1 5.63984E-1 -9999 -9999 -9999 -9999 -9999 -9999 -9999 -9999 -9999 -9999 -9999 -9999 -9999 -9999 -9999 -9999 -9999 -9999 -9999 -9999 -9999 -9999 -9999 -9999 -9999 -9999 -9999 -9999
5.84268E-1 5.80303E-1 5.77754E-1 5.75963E-1 5.75049E-1 5.72531E-1 5.70655E-1 5.708E-1 5.72235E-1 5.73617E-1 5.74972E-1 5.76325E-1 5.77677E-1 5.79027E-1 5.80376E-1 5.81723E-1 5.83067E-1 5.84402E-1 5.85222E-1 5.84826E-1 5.83661E-1 5.82482E-1 5.81292E-1 5.80103E-1 5.78914E-1 5.77723E-1 5.76532E-1 5.7534E-1 5.74144E-1 5.72928E-1 5.71982E-1 5.72261E-1 5.73288E-1 -9999 -9999 -9999 -9999 -9999 -9999 -9999 -9999 -9999 -9999 -9999 -9999 -9999 -9999 -9999 -9999 -9999 -9999 -9999 -9999 -9999 -9999 -9999 -9999 -9999 -9999 -9999
-9999 -9999 -9999 -9999 5.78334E-1 5.78024E-1 5.76514E-1 5.76763E-1 5.78133E-1 5.7944E-1 5.80721E-1 5.82002E-1 5.8328E-1 5.84557E-1 5.85832E-1 5.87106E-1 5.88378E-1 5.89644E-1 5.90445E-1 5.90145E-1 5.89155E-1 5.88155E-1 5.8715E-1 5.86144E-1 5.85138E-1 5.84131E-1 5.83124E-1 5.82117E-1 5.81107E-1 5.80079E-1 5.793E-1 5.78644E-1 5.77802E-1 5.78116E-1 5.79502E-1 -9999 -9999 -9999 -9999 -9999 -9999 -9999 -9999 -9999 -9999 -9999 -9999 -9999 -9999 -9999 -9999 -9999 -9999 -9999 -9999 -9999 -9999 -9999 -9999 -9999
-9999 -9999 -9999 -9999 -9999 5.81597E-1 5.82365E-1 5.82715E-1 5.84013E-1 5.85239E-1 5.86447E-1 5.87655E-1 5.8886E-1 5.90064E-1 5.91266E-1 5.92468E-1 5.93667E-1 5.94864E-1 5.95645E-1 5.95441E-1 5.94625E-1 5.93804E-1 5.92982E-1 5.92157E-1 5.91333E-1 5.90509E-1 5.89685E-1 5.8886E-1 5.88035E-1 5.87197E-1 5.86586E-1 5.86106E-1 5.85477E-1 5.84813E-1 5.84141E-1 5.84737E-1 5.86627E-1 -9999 5.85421E-1 -9999 -9999 -9999 -9999 -9999 -9999 -9999 -9999 -9999 -9999 -9999 -9999 -9999 -9999 -9999 -9999 -9999 -9999 -9999 -9999 -9999
-9999 -9999 -9999 -9999 -9999 5.8795E-1 5.88211E-1 5.88659E-1 5.8987E-1 5.91008E-1 5.92116E-1 5.93206E-1 5.94313E-1 5.95449E-1 5.96613E-1 5.97785E-1 5.98933E-1 6.0006E-1 6.00819E-1 6.0071E-1 6.00069E-1 5.99423E-1 5.98754E-1 5.98065E-1 5.97393E-1 5.96751E-1 5.96141E-1 5.95543E-1 5.94923E-1 5.94272E-1 5.93835E-1 5.9353E-1 5.93107E-1 5.92649E-1 5.92176E-1 5.91692E-1 5.92504E-1 5.93133E-1 5.91746E-1 5.93901E-1 5.93608E-1 5.9312E-1 -9999 -9999 -9999 -9999 -9999 -9999 -9999 -9999 -9999 -9999 -9999 -9999 -9999 -9999 -9999 -9999 -9999 -9999
5.97273E-1 -9999 -9999 -9999 -9999 5.93961E-1 5.9405E-1 5.94578E-1 5.95592E-1 5.96459E-1 5.97334E-1 5.98252E-1 5.99244E-1 6.00317E-1 6.01471E-1 6.02688E-1 6.0394E-1 6.05164E-1 6.05963E-1 6.05943E-1 6.05394E-1 6.04732E-1 6.04075E-1 6.03456E-1 6.0291E-1 6.02449E-1 6.02075E-1 6.01772E-1 6.0151E-1 6.01226E-1 6.01042E-1 6.00907E-1 6.00608E-1 6.00191E-1 5.99805E-1 5.99477E-1 5.99225E-1 5.99045E-1 5.98919E-1 5.98824E-1 5.98733E-1 6.00109E-1 6.02401E-1 6.00573E-1 5.99008E-1 -9999 -9999 -9999 5.88222E-1 5.85805E-1 5.83916E-1 5.81549E-1 -9999 -9999 -9999 -9999 -9999 -9999 -9999 -9999
-9999 -9999 -9999 -9999 -9999 5.9973E-1 5.99138E-1 5.9971E-1 6.00289E-1 6.00861E-1 6.01532E-1 6.02319E-1 6.03218E-1 6.04229E-1 6.0535E-1 6.06583E-1 6.07928E-1 6.09344E-1 6.10396E-1 6.10448E-1 6.0973E-1 6.09002E-1 6.08368E-1 6.07847E-1 6.07439E-1 6.07148E-1 6.06973E-1 6.06921E-1 6.06993E-1 6.07152E-1 6.07434E-1 6.07495E-1 6.07069E-1 6.06679E-1 6.06429E-1 6.06319E-1 6.06326E-1 6.06428E-1 6.06605E-1 6.06836E-1 6.07099E-1 6.0736E-1 6.07225E-1 6.0575E-1 6.04311E-1 6.03868E-1 6.0111E-1 5.97268E-1 5.92548E-1 5.89989E-1 5.87447E-1 5.84918E-1 5.8334E-1 -9999 -9999 -9999 -9999 -9999 -9999 -9999
5.97545E-1 5.9777E-1 5.97879E-1 5.97876E-1 5.98426E-1 5.99241E-1 5.996E-1 6.00231E-1 6.00918E-1 6.01563E-1 6.0224E-1 6.03009E-1 6.03879E-1 6.04851E-1 6.05925E-1 6.07097E-1 6.08349E-1 6.09618E-1 6.10549E-1 6.10685E-1 6.10223E-1 6.09739E-1 6.0928E-1 6.0891E-1 6.08642E-1 6.0848E-1 6.08427E-1 6.08482E-1 6.08628E-1 6.08803E-1 6.09071E-1 6.09259E-1 6.09154E-1 6.09076E-1 6.0906E-1 6.09158E-1 6.09362E-1 6.09656E-1 6.10019E-1 6.1043E-1 6.10865E-1 6.11281E-1 6.11286E-1 6.09921E-1 6.07298E-1 6.04653E-1 6.02017E-1 5.99411E-1 5.96829E-1 5.94269E-1 5.91723E-1 5.89187E-1 5.86651E-1 5.84894E-1 -9999 -9999 -9999 -9999 -9999 -9999
5.96261E-1 5.96317E-1 5.96419E-1 5.96552E-1 5.967E-1 5.96805E-1 5.96965E-1 5.97643E-1 5.98635E-1 5.9951E-1 6.0036E-1 6.01229E-1 6.02132E-1 6.03089E-1 6.04096E-1 6.05133E-1 6.06179E-1 6.07193E-1 6.07925E-1 6.08147E-1 6.08059E-1 6.07922E-1 6.07759E-1 6.07614E-1 6.07503E-1 6.07448E-1 6.07448E-1 6.07483E-1 6.0753E-1 6.07555E-1 6.07689E-1 6.08E-1 6.08343E-1 6.08682E-1 6.09013E-1 6.09376E-1 6.09781E-1 6.10237E-1 6.1073E-1 6.11242E-1 6.11755E-1 6.12238E-1 6.12333E-1 6.11189E-1 6.08907E-1 6.0654E-1 6.04155E-1 6.01774E-1 5.99399E-1 5.97032E-1 5.94672E-1 5.92312E-1 5.89946E-1 5.88135E-1 -9999 -9999 -9999 -9999 -9999 -9999
5.93634E-1 5.93731E-1 5.93836E-1 5.9394E-1 5.94038E-1 5.94106E-1 5.94271E-1 5.94971E-1 5.96014E-1 5.96979E-1 5.97929E-1 5.98872E-1 5.99814E-1 6.00765E-1 6.01724E-1 6.02679E-1 6.03627E-1 6.0458E-1 6.05332E-1 6.05627E-1 6.05664E-1 6.05714E-1 6.05763E-1 6.05807E-1 6.05848E-1 6.059E-1 6.05962E-1 6.06021E-1 6.06073E-1 6.06157E-1 6.06439E-1 6.06898E-1 6.07428E-1 6.08056E-1 6.08708E-1 6.09362E-1 6.10021E-1 6.10695E-1 6.11382E-1 6.12072E-1 6.12763E-1 6.13423E-1 6.13694E-1 6.12782E-1 6.10783E-1 6.08665E-1 6.06512E-1 6.04354E-1 6.02192E-1 6.00028E-1 5.97862E-1 5.95693E-1 5.93517E-1 5.91345E-1 -9999 -9999 -9999 -9999 -9999 -9999
5.90784E-1 5.9092E-1 5.91055E-1 5.91193E-1 5.91327E-1 5.91424E-1 5.91617E-1 5.92334E-1 5.93385E-1 5.94364E-1 5.95316E-1 5.96267E-1 5.97218E-1 5.98168E-1 5.99117E-1 6.00065E-1 6.01014E-1 6.01971E-1 6.02746E-1 6.03115E-1 6.03256E-1 6.03413E-1 6.03574E-1 6.03735E-1 6.03896E-1 6.04057E-1 6.04217E-1 6.04377E-1 6.04543E-1 6.04777E-1 6.05231E-1 6.05836E-1 6.06519E-1 6.07349E-1 6.08242E-1 6.09142E-1 6.10047E-1 6.10959E-1 6.11878E-1 6.12802E-1 6.13725E-1 6.14588E-1 6.15034E-1 6.14353E-1 6.12636E-1 6.1076E-1 6.08814E-1 6.06863E-1 6.04911E-1 6.02954E-1 6.00993E-1 5.99031E-1 5.97065E-1 5.951E-1 5.9389E-1 -9999 -9999 -9999 -9999 -9999
5.87933E-1 5.88109E-1 5.88286E-1 5.88465E-1 5.88637E-1 5.88768E-1 5.89001E-1 5.89732E-1 5.90781E-1 5.91764E-1 5.92717E-1 5.93667E-1 5.94617E-1 5.95567E-1 5.96516E-1 5.97464E-1 5.98413E-1 5.99372E-1 6.0017E-1 6.00611E-1 6.00858E-1 6.01121E-1 6.01391E-1 6.01661E-1 6.01931E-1 6.022E-1 6.02469E-1 6.02739E-1 6.03024E-1 6.03415E-1 6.04039E-1 6.04791E-1 6.05626E-1 6.0665E-1 6.0778E-1 6.08919E-1 6.10063E-1 6.11214E-1 6.12371E-1 6.13534E-1 6.14688E-1 6.15748E-1 6.16372E-1 6.15921E-1 6.14481E-1 6.12852E-1 6.11113E-1 6.09367E-1 6.07619E-1 6.05869E-1 6.04115E-1 6.02359E-1 6.00601E-1 5.98838E-1 5.97741E-1 -9999 -9999 -9999 -9999 -9999
