Spatial_Analysis/Maxent_Outputs/Output3_FarFuture_RCP4.5/coral.asc
ncols         638
nrows         314
xllcorner     -102.97071042
yllcorner     3.973116569
cellsize      0.083
NODATA_value  -9999
[rows 27 to 53 of 314, columns 180 to 239 of 638]
2.91365E-1 2.96248E-1 3.01188E-1 3.06182E-1 3.11229E-1 3.16327E-1 3.19952E-1 3.20321E-1 3.19788E-1 3.19259E-1 3.18733E-1 3.18207E-1 3.17678E-1 3.17143E-1 3.16603E-1 3.16057E-1 3.15504E-1 3.14942E-1 3.13793E-1 3.11379E-1 3.08547E-1 3.05722E-1 3.029E-1 3.00085E-1 2.97275E-1 2.9447E-1 2.91668E-1 2.88868E-1 2.86071E-1 2.83278E-1 2.79234E-1 2.724E-1 2.64581E-1 2.56913E-1 2.494E-1 2.42041E-1 2.34829E-1 2.27752E-1 2.20808E-1 2.13999E-1 2.07328E-1 2.00795E-1 1.94481E-1 1.88525E-1 1.82789E-1 1.77143E-1 1.71576E-1 1.66081E-1 1.60655E-1 1.55301E-1 1.50023E-1 1.44822E-1 1.39696E-1 1.34656E-1 1.30319E-1 1.27466E-1 1.25381E-1 1.23368E-1 1.21446E-1 1.19625E-1
3.11743E-1 3.16319E-1 3.20948E-1 3.25626E-1 3.3035E-1 3.35113E-1 3.38488E-1 3.38809E-1 3.38283E-1 3.37759E-1 3.37236E-1 3.36708E-1 3.36178E-1 3.35642E-1 3.351E-1 3.34545E-1 3.33976E-1 3.3339E-1 3.32217E-1 3.29782E-1 3.26926E-1 3.2406E-1 3.21182E-1 3.18296E-1 3.15418E-1 3.12553E-1 3.09708E-1 3.06884E-1 3.04083E-1 3.01305E-1 2.97188E-1 2.90059E-1 2.81855E-1 2.73798E-1 2.65894E-1 2.5815E-1 2.50565E-1 2.43127E-1 2.35825E-1 2.28644E-1 2.21583E-1 2.1463E-1 2.07868E-1 2.01446E-1 1.95226E-1 1.89083E-1 1.83007E-1 1.76996E-1 1.71045E-1 1.65153E-1 1.59327E-1 1.53602E-1 1.48014E-1 1.42579E-1 1.37959E-1 1.35017E-1 1.32988E-1 1.31073E-1 1.29246E-1 1.27526E-1
3.3294E-1 3.37239E-1 3.41586E-1 3.45982E-1 3.50421E-1 3.54891E-1 3.58057E-1 3.5838E-1 3.579E-1 3.57408E-1 3.56904E-1 3.56389E-1 3.55859E-1 3.55311E-1 3.54741E-1 3.54144E-1 3.53528E-1 3.529E-1 3.51688E-1 3.49228E-1 3.46351E-1 3.43466E-1 3.40566E-1 3.37653E-1 3.34731E-1 3.31811E-1 3.28903E-1 3.2601E-1 3.23153E-1 3.20349E-1 3.16121E-1 3.08665E-1 3.0005E-1 2.91595E-1 2.83313E-1 2.75216E-1 2.67274E-1 2.59456E-1 2.51777E-1 2.44237E-1 2.36826E-1 2.29493E-1 2.2228E-1 2.15342E-1 2.08541E-1 2.0175E-1 1.94972E-1 1.88271E-1 1.81712E-1 1.75311E-1 1.69073E-1 1.63019E-1 1.57159E-1 1.51492E-1 1.4669E-1 1.43693E-1 1.41708E-1 1.39815E-1 1.37969E-1 1.3618E-1
3.53321E-1 3.57603E-1 3.61918E-1 3.66267E-1 3.70649E-1 3.75055E-1 3.78193E-1 3.78541E-1 3.78075E-1 3.77599E-1 3.77116E-1 3.76624E-1 3.76122E-1 3.75607E-1 3.75079E-1 3.74535E-1 3.73984E-1 3.7343E-1 3.72227E-1 3.69628E-1 3.66558E-1 3.63495E-1 3.60439E-1 3.57387E-1 3.54334E-1 3.51285E-1 3.48244E-1 3.45207E-1 3.42194E-1 3.39212E-1 3.34737E-1 3.26913E-1 3.17898E-1 3.09034E-1 3.00334E-1 2.91807E-1 2.83428E-1 2.75176E-1 2.67069E-1 2.59115E-1 2.51311E-1 2.43628E-1 2.36055E-1 2.28566E-1 2.21071E-1 2.13666E-1 2.06356E-1 1.99187E-1 1.92211E-1 1.85442E-1 1.78883E-1 1.72531E-1 1.66374E-1 1.60403E-1 1.55347E-1 1.52269E-1 1.50289E-1 1.4831E-1 1.46338E-1 1.44412E-1
3.70064E-1 3.7478E-1 3.79522E-1 3.84288E-1 3.89081E-1 3.93891E-1 3.97364E-1 3.97919E-1 3.97607E-1 3.97287E-1 3.96966E-1 3.96645E-1 3.96324E-1 3.96003E-1 3.95683E-1 3.95362E-1 3.95042E-1 3.94711E-1 3.93582E-1 3.90725E-1 3.87265E-1 3.83807E-1 3.80361E-1 3.76928E-1 3.73508E-1 3.701E-1 3.66707E-1 3.63325E-1 3.59959E-1 3.56612E-1 3.51728E-1 3.43414E-1 3.33888E-1 3.24507E-1 3.15268E-1 3.06177E-1 2.97237E-1 2.88454E-1 2.79829E-1 2.71366E-1 2.63069E-1 2.54922E-1 2.46908E-1 2.38967E-1 2.31013E-1 2.23195E-1 2.15568E-1 2.08134E-1 2.00889E-1 1.93832E-1 1.86964E-1 1.80284E-1 1.73793E-1 1.67487E-1 1.62165E-1 1.5898E-1 1.56947E-1 1.54919E-1 1.52897E-1 1.50909E-1
3.85041E-1 3.90397E-1 3.95783E-1 4.01198E-1 4.0664E-1 4.12093E-1 4.16102E-1 4.17011E-1 4.17007E-1 4.16974E-1 4.16942E-1 4.16909E-1 4.16877E-1 4.16844E-1 4.16812E-1 4.16779E-1 4.16745E-1 4.16687E-1 4.15629E-1 4.12438E-1 4.08498E-1 4.04541E-1 4.00597E-1 3.96667E-1 3.92751E-1 3.88851E-1 3.84967E-1 3.81096E-1 3.77243E-1 3.7342E-1 3.68045E-1 3.59159E-1 3.49026E-1 3.39054E-1 3.29229E-1 3.19556E-1 3.10041E-1 3.00689E-1 2.91506E-1 2.82494E-1 2.73657E-1 2.64937E-1 2.56356E-1 2.48072E-1 2.39885E-1 2.31751E-1 2.23806E-1 2.16057E-1 2.08504E-1 2.01149E-1 1.93989E-1 1.87024E-1 1.80255E-1 1.73681E-1 1.68138E-1 1.64792E-1 1.6261E-1 1.60496E-1 1.58403E-1 1.56332E-1
4.00398E-1 4.0641E-1 4.12455E-1 4.18533E-1 4.24638E-1 4.30744E-1 4.35306E-1 4.3657E-1 4.36877E-1 4.37144E-1 4.37406E-1 4.3767E-1 4.37934E-1 4.38198E-1 4.38463E-1 4.38727E-1 4.38986E-1 4.3921E-1 4.38228E-1 4.34683E-1 4.30244E-1 4.25772E-1 4.21309E-1 4.16863E-1 4.1243E-1 4.08014E-1 4.03614E-1 3.99232E-1 3.94869E-1 3.90542E-1 3.84658E-1 3.75215E-1 3.6449E-1 3.5393E-1 3.43522E-1 3.3327E-1 3.23181E-1 3.1326E-1 3.03517E-1 2.93953E-1 2.84566E-1 2.75261E-1 2.66125E-1 2.57485E-1 2.49038E-1 2.40599E-1 2.32328E-1 2.24258E-1 2.1639E-1 2.08725E-1 2.01262E-1 1.94001E-1 1.86941E-1 1.80098E-1 1.74333E-1 1.70804E-1 1.68455E-1 1.66203E-1 1.6398E-1 1.61777E-1
4.15994E-1 4.22672E-1 4.29385E-1 4.36132E-1 4.42905E-1 4.49676E-1 4.54805E-1 4.56427E-1 4.57043E-1 4.57622E-1 4.58191E-1 4.58762E-1 4.59334E-1 4.59907E-1 4.60479E-1 4.61053E-1 4.61617E-1 4.62138E-1 4.61248E-1 4.57344E-1 4.52398E-1 4.47411E-1 4.42426E-1 4.37455E-1 4.32501E-1 4.27562E-1 4.2264E-1 4.17736E-1 4.12855E-1 4.08009E-1 4.016E-1 3.91601E-1 3.80291E-1 3.6914E-1 3.58142E-1 3.47303E-1 3.36631E-1 3.26134E-1 3.15819E-1 3.05694E-1 2.95737E-1 2.85844E-1 2.76178E-1 2.67159E-1 2.5842E-1 2.49679E-1 2.41078E-1 2.32682E-1 2.24493E-1 2.16512E-1 2.08739E-1 2.01175E-1 1.93819E-1 1.867E-1 1.80704E-1 1.76983E-1 1.74467E-1 1.72063E-1 1.69703E-1 1.67362E-1
4.31803E-1 4.39152E-1 4.46537E-1 4.53956E-1 4.61398E-1 4.68838E-1 4.74541E-1 4.76524E-1 4.7745E-1 4.78345E-1 4.79229E-1 4.80115E-1 4.81003E-1 4.81892E-1 4.82782E-1 4.83673E-1 4.84551E-1 4.85382E-1 4.84597E-1 4.80339E-1 4.74883E-1 4.69384E-1 4.63877E-1 4.58383E-1 4.52904E-1 4.47441E-1 4.41994E-1 4.36566E-1 4.3116E-1 4.25783E-1 4.1884E-1 4.08289E-1 3.96401E-1 3.8466E-1 3.7307E-1 3.6164E-1 3.50379E-1 3.39298E-1 3.28404E-1 3.17707E-1 3.07174E-1 2.96697E-1 2.86511E-1 2.77101E-1 2.68045E-1 2.58989E-1 2.50053E-1 2.41327E-1 2.32812E-1 2.2451E-1 2.16422E-1 2.08549E-1 2.0089E-1 1.93486E-1 1.87244E-1 1.83325E-1 1.80641E-1 1.78079E-1 1.75572E-1 1.73084E-1
4.47795E-1 4.55816E-1 4.63872E-1 4.7196E-1 4.80069E-1 4.88178E-1 4.94449E-1 4.96792E-1 4.98031E-1 4.99244E-1 5.00447E-1 5.01653E-1 5.02861E-1 5.04071E-1 5.05283E-1 5.06497E-1 5.07697E-1 5.08848E-1 5.08175E-1 5.03572E-1 4.97615E-1 4.91609E-1 4.85588E-1 4.79578E-1 4.73578E-1 4.67594E-1 4.61623E-1 4.5567E-1 4.49737E-1 4.43825E-1 4.36347E-1 4.2525E-1 4.12792E-1 4.00466E-1 3.88285E-1 3.76262E-1 3.64408E-1 3.52737E-1 3.41258E-1 3.2998E-1 3.18871E-1 3.07823E-1 2.97118E-1 2.87309E-1 2.77917E-1 2.68527E-1 2.59253E-1 2.50193E-1 2.41348E-1 2.32719E-1 2.24311E-1 2.16123E-1 2.08155E-1 2.00455E-1 1.93951E-1 1.89829E-1 1.86977E-1 1.8425E-1 1.81586E-1 1.78946E-1
4.6394E-1 4.72628E-1 4.8135E-1 4.90099E-1 4.98867E-1 5.07634E-1 5.14463E-1 5.17165E-1 5.18715E-1 5.20246E-1 5.2177E-1 5.23297E-1 5.24827E-1 5.26359E-1 5.27893E-1 5.2943E-1 5.30956E-1 5.32432E-1 5.31882E-1 5.26948E-1 5.20501E-1 5.13999E-1 5.07478E-1 5.00963E-1 4.94455E-1 4.87957E-1 4.81469E-1 4.74996E-1 4.68539E-1 4.62094E-1 4.54085E-1 4.42452E-1 4.29434E-1 4.1653E-1 4.03761E-1 3.91146E-1 3.78699E-1 3.66436E-1 3.54367E-1 3.42504E-1 3.30822E-1 3.19214E-1 3.07992E-1 2.97776E-1 2.8803E-1 2.78289E-1 2.68675E-1 2.59276E-1 2.50097E-1 2.41139E-1 2.32404E-1 2.23896E-1 2.15614E-1 2.07607E-1 2.00823E-1 1.96493E-1 1.93472E-1 1.90576E-1 1.87747E-1 1.84948E-1
4.80204E-1 4.89553E-1 4.9893E-1 5.08327E-1 5.17738E-1 5.27143E-1 5.34517E-1 5.37574E-1 5.39432E-1 5.41276E-1 5.43118E-1 5.44965E-1 5.46814E-1 5.48665E-1 5.50518E-1 5.52375E-1 5.54224E-1 5.5603E-1 5.55608E-1 5.50362E-1 5.43444E-1 5.36463E-1 5.29464E-1 5.22463E-1 5.15462E-1 5.08463E-1 5.01471E-1 4.9449E-1 4.87518E-1 4.80548E-1 4.72018E-1 4.59861E-1 4.46294E-1 4.3282E-1 4.1947E-1 4.06269E-1 3.93232E-1 3.80376E-1 3.67717E-1 3.55266E-1 3.43013E-1 3.3086E-1 3.19126E-1 3.08497E-1 2.98379E-1 2.88272E-1 2.78316E-1 2.68577E-1 2.59059E-1 2.49767E-1 2.40702E-1 2.31868E-1 2.23267E-1 2.1494E-1 2.07858E-1 2.03314E-1 2.00123E-1 1.97058E-1 1.94056E-1 1.91091E-1
4.96553E-1 5.06551E-1 5.16567E-1 5.26596E-1 5.36625E-1 5.46647E-1 5.54542E-1 5.57944E-1 5.60105E-1 5.62259E-1 5.64415E-1 5.66574E-1 5.68736E-1 5.70899E-1 5.73065E-1 5.75233E-1 5.77399E-1 5.7953E-1 5.79243E-1 5.73707E-1 5.66344E-1 5.58913E-1 5.5146E-1 5.43996E-1 5.36523E-1 5.29046E-1 5.21567E-1 5.1409E-1 5.06618E-1 4.9914E-1 4.90106E-1 4.77444E-1 4.63339E-1 4.49305E-1 4.35385E-1 4.21605E-1 4.07985E-1 3.94541E-1 3.81292E-1 3.68253E-1 3.5543E-1 3.42743E-1 3.30511E-1 3.19461E-1 3.08953E-1 2.9847E-1 2.8817E-1 2.78089E-1 2.68231E-1 2.58602E-1 2.49204E-1 2.4004E-1 2.31113E-1 2.22454E-1 2.15056E-1 2.10291E-1 2.0693E-1 2.03695E-1 2.00514E-1 1.97377E-1
5.129E-1 5.23534E-1 5.34186E-1 5.44841E-1 5.55476E-1 5.66078E-1 5.74468E-1 5.78205E-1 5.80662E-1 5.83111E-1 5.85547E-1 5.87989E-1 5.90445E-1 5.92914E-1 5.95397E-1 5.97888E-1 6.00372E-1 6.0282E-1 6.02679E-1 5.96877E-1 5.89097E-1 5.81239E-1 5.73333E-1 5.65404E-1 5.57469E-1 5.4954E-1 5.41621E-1 5.33708E-1 5.25782E-1 5.1782E-1 5.08308E-1 4.95158E-1 4.80526E-1 4.65931E-1 4.51408E-1 4.37019E-1 4.22803E-1 4.08787E-1 3.94986E-1 3.81409E-1 3.68044E-1 3.54831E-1 3.42134E-1 3.30646E-1 3.19725E-1 3.08862E-1 2.98183E-1 2.8773E-1 2.77523E-1 2.67564E-1 2.57854E-1 2.48387E-1 2.39151E-1 2.30153E-1 2.22422E-1 2.17423E-1 2.13898E-1 2.10476E-1 2.07089E-1 2.03753E-1
5.29108E-1 5.40358E-1 5.51626E-1 5.62897E-1 5.7415E-1 5.85352E-1 5.94229E-1 5.98268E-1 6.00955E-1 6.03628E-1 6.0631E-1 6.09013E-1 6.11745E-1 6.14505E-1 6.17294E-1 6.20111E-1 6.22941E-1 6.25758E-1 6.25801E-1 6.1974E-1 6.11505E-1 6.03181E-1 5.94811E-1 5.86424E-1 5.78042E-1 5.69676E-1 5.61339E-1 5.53036E-1 5.44757E-1 5.36464E-1 5.26578E-1 5.12921E-1 4.97647E-1 4.82378E-1 4.67212E-1 4.52206E-1 4.37399E-1 4.2282E-1 4.0849E-1 3.94423E-1 3.80614E-1 3.6702E-1 3.53957E-1 3.42E-1 3.30538E-1 3.19206E-1 3.08115E-1 2.97292E-1 2.86747E-1 2.76478E-1 2.66481E-1 2.56747E-1 2.47262E-1 2.38007E-1 2.29974E-1 2.24699E-1 2.20957E-1 2.17266E-1 2.13635E-1 2.10079E-1
5.43031E-1 5.54753E-1 5.66485E-1 5.78214E-1 5.89926E-1 6.01589E-1 6.1082E-1 6.15009E-1 6.17776E-1 6.20547E-1 6.23349E-1 6.26185E-1 6.29052E-1 6.31952E-1 6.34887E-1 6.37859E-1 6.40866E-1 6.4389E-1 6.44067E-1 6.37913E-1 6.29468E-1 6.20943E-1 6.12388E-1 6.0382E-1 5.9525E-1 5.86695E-1 5.78168E-1 5.69686E-1 5.61264E-1 5.52882E-1 5.42868E-1 5.28854E-1 5.1306E-1 4.97292E-1 4.81663E-1 4.66207E-1 4.50954E-1 4.35928E-1 4.21158E-1 4.06669E-1 3.92483E-1 3.78583E-1 3.65216E-1 3.52817E-1 3.40832E-1 3.2906E-1 3.1759E-1 3.06419E-1 2.95542E-1 2.84952E-1 2.74646E-1 2.64618E-1 2.54861E-1 2.45357E-1 2.37041E-1 2.31462E-1 2.27488E-1 2.23557E-1 2.19719E-1 2.15976E-1
5.51024E-1 5.62894E-1 5.74758E-1 5.86597E-1 5.98385E-1 6.10096E-1 6.19306E-1 6.2334E-1 6.25948E-1 6.28549E-1 6.31155E-1 6.33782E-1 6.36433E-1 6.39111E-1 6.41818E-1 6.4455E-1 6.47293E-1 6.50019E-1 6.50086E-1 6.44292E-1 6.36391E-1 6.28393E-1 6.20334E-1 6.12244E-1 6.04144E-1 5.96045E-1 5.87961E-1 5.79896E-1 5.71838E-1 5.63751E-1 5.53976E-1 5.40106E-1 5.24434E-1 5.08739E-1 4.93093E-1 4.77574E-1 4.6222E-1 4.47063E-1 4.32131E-1 4.17443E-1 4.02992E-1 3.88743E-1 3.74997E-1 3.62289E-1 3.50074E-1 3.38016E-1 3.26191E-1 3.14643E-1 3.0338E-1 2.92403E-1 2.81708E-1 2.71289E-1 2.6113E-1 2.51212E-1 2.42528E-1 2.36703E-1 2.32618E-1 2.28633E-1 2.24708E-1 2.20865E-1
5.55624E-1 5.67465E-1 5.79276E-1 5.9104E-1 6.02734E-1 6.1435E-1 6.23386E-1 6.27081E-1 6.29337E-1 6.31592E-1 6.33839E-1 6.36091E-1 6.3835E-1 6.4062E-1 6.42898E-1 6.45184E-1 6.47463E-1 6.49696E-1 6.49573E-1 6.44365E-1 6.37337E-1 6.30193E-1 6.22986E-1 6.15738E-1 6.08458E-1 6.01157E-1 5.93838E-1 5.86501E-1 5.79134E-1 5.717E-1 5.62456E-1 5.48931E-1 5.33558E-1 5.1812E-1 5.02683E-1 4.87314E-1 4.72047E-1 4.56917E-1 4.41947E-1 4.27159E-1 4.12553E-1 3.98087E-1 3.8405E-1 3.71064E-1 3.58623E-1 3.46277E-1 3.34128E-1 3.22218E-1 3.10563E-1 2.99173E-1 2.8805E-1 2.77194E-1 2.66602E-1 2.56259E-1 2.47227E-1 2.41198E-1 2.36992E-1 2.32968E-1 2.29018E-1 2.25137E-1
5.59943E-1 5.7175E-1 5.83513E-1 5.95217E-1 6.06853E-1 6.18422E-1 6.27319E-1 6.30658E-1 6.32506E-1 6.34374E-1 6.36243E-1 6.38112E-1 6.3998E-1 6.41848E-1 6.43714E-1 6.4558E-1 6.47438E-1 6.49237E-1 6.48974E-1 6.44337E-1 6.38122E-1 6.31782E-1 6.25391E-1 6.1896E-1 6.12492E-1 6.0599E-1 5.99455E-1 5.92888E-1 5.86291E-1 5.7964E-1 5.71028E-1 5.57795E-1 5.42576E-1 5.27284E-1 5.11991E-1 4.96733E-1 4.81538E-1 4.66435E-1 4.51449E-1 4.36607E-1 4.21929E-1 4.07386E-1 3.93193E-1 3.7989E-1 3.67077E-1 3.54369E-1 3.41864E-1 3.29589E-1 3.17556E-1 3.05777E-1 2.9426E-1 2.83012E-1 2.72042E-1 2.61342E-1 2.52016E-1 2.45803E-1 2.41426E-1 2.37279E-1 2.33254E-1 2.2931E-1
5.642E-1 5.75976E-1 5.87702E-1 5.99363E-1 6.10955E-1 6.22482E-1 6.31239E-1 6.34225E-1 6.35663E-1 6.3713E-1 6.38602E-1 6.40074E-1 6.41545E-1 6.43016E-1 6.44487E-1 6.45957E-1 6.47409E-1 6.48781E-1 6.48389E-1 6.44313E-1 6.389E-1 6.33347E-1 6.27733E-1 6.22088E-1 6.1641E-1 6.10703E-1 6.04967E-1 5.99204E-1 5.93411E-1 5.87559E-1 5.79593E-1 5.66656E-1 5.51586E-1 5.36424E-1 5.21235E-1 5.06062E-1 4.90933E-1 4.75875E-1 4.60915E-1 4.46081E-1 4.31387E-1 4.16811E-1 4.02504E-1 3.88869E-1 3.75642E-1 3.6254E-1 3.49636E-1 3.36966E-1 3.24543E-1 3.12381E-1 3.00488E-1 2.88874E-1 2.77543E-1 2.66484E-1 2.56859E-1 2.50485E-1 2.45963E-1 2.41668E-1 2.37521E-1 2.33476E-1
5.68451E-1 5.80194E-1 5.9188E-1 6.03496E-1 6.15041E-1 6.26525E-1 6.3514E-1 6.37776E-1 6.38807E-1 6.39875E-1 6.40953E-1 6.42031E-1 6.43107E-1 6.44184E-1 6.45262E-1 6.46338E-1 6.47388E-1 6.48339E-1 6.47824E-1 6.44304E-1 6.39679E-1 6.34909E-1 6.30069E-1 6.25203E-1 6.20312E-1 6.15397E-1 6.10458E-1 6.05497E-1 6.00507E-1 5.95457E-1 5.88145E-1 5.75509E-1 5.60594E-1 5.45571E-1 5.30497E-1 5.15421E-1 5.00369E-1 4.85369E-1 4.70449E-1 4.55635E-1 4.4094E-1 4.2636E-1 4.11965E-1 3.97992E-1 3.84328E-1 3.70818E-1 3.57511E-1 3.44441E-1 3.31623E-1 3.19073E-1 3.06799E-1 2.94813E-1 2.83116E-1 2.71686E-1 2.61758E-1 2.55239E-1 2.50603E-1 2.46153E-1 2.41873E-1 2.37712E-1
5.72696E-1 5.84403E-1 5.96047E-1 6.07617E-1 6.19112E-1 6.30547E-1 6.3902E-1 6.41308E-1 6.41939E-1 6.4261E-1 6.43297E-1 6.43983E-1 6.44668E-1 6.45354E-1 6.46039E-1 6.46723E-1 6.47377E-1 6.47917E-1 6.47286E-1 6.44315E-1 6.40467E-1 6.36469E-1 6.32398E-1 6.28308E-1 6.24198E-1 6.20071E-1 6.15926E-1 6.11764E-1 6.07574E-1 6.03331E-1 5.96677E-1 5.84351E-1 5.69595E-1 5.54717E-1 5.3977E-1 5.24802E-1 5.0984E-1 4.94911E-1 4.80042E-1 4.65261E-1 4.50585E-1 4.36024E-1 4.21556E-1 4.07243E-1 3.93131E-1 3.79201E-1 3.65486E-1 3.52012E-1 3.38794E-1 3.2585E-1 3.13192E-1 3.00829E-1 2.8876E-1 2.76957E-1 2.6672E-1 2.60071E-1 2.55351E-1 2.50741E-1 2.46311E-1 2.42025E-1
5.76932E-1 5.88601E-1 6.00203E-1 6.11725E-1 6.23167E-1 6.34548E-1 6.42876E-1 6.44819E-1 6.45055E-1 6.45336E-1 6.45633E-1 6.4593E-1 6.46226E-1 6.46523E-1 6.46819E-1 6.47115E-1 6.47379E-1 6.47523E-1 6.4678E-1 6.44355E-1 6.41268E-1 6.38028E-1 6.34722E-1 6.31401E-1 6.28069E-1 6.24724E-1 6.21367E-1 6.18E-1 6.14612E-1 6.11176E-1 6.05184E-1 5.93172E-1 5.78582E-1 5.63857E-1 5.49047E-1 5.34198E-1 5.19338E-1 5.04493E-1 4.8969E-1 4.74953E-1 4.60309E-1 4.45785E-1 4.31254E-1 4.16604E-1 4.02039E-1 3.87684E-1 3.73558E-1 3.59676E-1 3.46055E-1 3.32713E-1 3.19664E-1 3.0692E-1 2.94479E-1 2.82302E-1 2.71753E-1 2.6498E-1 2.60203E-1 2.55453E-1 2.50849E-1 2.46421E-1
5.81161E-1 5.9279E-1 6.04347E-1 6.15819E-1 6.27203E-1 6.38522E-1 6.46702E-1 6.48306E-1 6.48156E-1 6.48053E-1 6.47963E-1 6.47872E-1 6.47783E-1 6.47692E-1 6.47601E-1 6.47511E-1 6.47395E-1 6.47162E-1 6.46315E-1 6.44429E-1 6.42085E-1 6.39585E-1 6.37038E-1 6.34483E-1 6.31922E-1 6.29356E-1 6.26784E-1 6.24205E-1 6.21615E-1 6.18989E-1 6.13658E-1 6.01966E-1 5.8755E-1 5.72983E-1 5.58322E-1 5.43605E-1 5.28859E-1 5.1411E-1 4.99383E-1 4.84705E-1 4.70104E-1 4.55622E-1 4.41037E-1 4.26055E-1 4.1104E-1 3.96264E-1 3.81724E-1 3.6743E-1 3.53403E-1 3.39659E-1 3.26215E-1 3.13085E-1 3.0027E-1 2.87725E-1 2.76867E-1 2.69968E-1 2.65146E-1 2.60293E-1 2.55523E-1 2.50922E-1
5.85381E-1 5.96967E-1 6.08478E-1 6.19898E-1 6.3122E-1 6.42469E-1 6.50497E-1 6.51767E-1 6.5124E-1 6.5076E-1 6.50284E-1 6.49809E-1 6.49335E-1 6.48861E-1 6.48386E-1 6.47912E-1 6.47424E-1 6.46835E-1 6.45898E-1 6.44538E-1 6.42914E-1 6.4114E-1 6.39346E-1 6.37553E-1 6.35759E-1 6.33966E-1 6.32172E-1 6.30378E-1 6.28581E-1 6.26762E-1 6.22095E-1 6.10728E-1 5.96489E-1 5.8209E-1 5.67588E-1 5.53014E-1 5.38394E-1 5.23752E-1 5.09115E-1 4.94509E-1 4.79959E-1 4.65521E-1 4.50882E-1 4.35575E-1 4.20124E-1 4.04936E-1 3.89981E-1 3.75274E-1 3.60836E-1 3.46686E-1 3.32843E-1 3.19323E-1 3.06134E-1 2.93231E-1 2.82074E-1 2.75042E-1 2.70166E-1 2.65234E-1 2.60352E-1 2.55579E-1
5.89576E-1 6.01122E-1 6.12587E-1 6.23959E-1 6.35222E-1 6.46392E-1 6.54258E-1 6.55204E-1 6.54313E-1 6.53452E-1 6.52584E-1 6.51713E-1 6.50848E-1 6.49991E-1 6.49145E-1 6.48304E-1 6.47456E-1 6.46528E-1 6.45535E-1 6.4468E-1 6.43739E-1 6.42679E-1 6.41593E-1 6.40509E-1 6.39448E-1 6.38421E-1 6.37434E-1 6.36475E-1 6.35503E-1 6.34488E-1 6.30488E-1 6.19448E-1 6.0539E-1 5.9115E-1 5.76762E-1 5.62299E-1 5.47807E-1 5.33308E-1 5.18814E-1 5.04333E-1 4.8987E-1 4.75474E-1 4.60765E-1 4.45148E-1 4.2929E-1 4.13689E-1 3.98295E-1 3.83147E-1 3.68279E-1 3.53722E-1 3.39494E-1 3.25608E-1 3.12061E-1 2.98812E-1 2.87382E-1 2.80205E-1 2.75247E-1 2.70241E-1 2.65273E-1 2.60376E-1
5.93713E-1 6.05218E-1 6.16641E-1 6.2797E-1 6.39189E-1 6.50291E-1 6.57987E-1 6.58616E-1 6.57346E-1 6.56071E-1 6.54788E-1 6.53506E-1 6.52238E-1 6.50987E-1 6.49763E-1 6.48567E-1 6.47395E-1 6.46199E-1 6.45213E-1 6.44815E-1 6.44436E-1 6.43974E-1 6.4351E-1 6.43075E-1 6.42698E-1 6.424E-1 6.42197E-1 6.42095E-1 6.42074E-1 6.42058E-1 6.38828E-1 6.28066E-1 6.14018E-1 5.99768E-1 5.85451E-1 5.71121E-1 5.56804E-1 5.42505E-1 5.28226E-1 5.13959E-1 4.99698E-1 4.85442E-1 4.70678E-1 4.54754E-1 4.38478E-1 4.22386E-1 4.06506E-1 3.90885E-1 3.75566E-1 3.60583E-1 3.45966E-1 3.31733E-1 3.17886E-1 3.04396E-1 2.92781E-1 2.85434E-1 2.80295E-1 2.75147E-1 2.70086E-1 2.65125E-1
