Spatial_Analysis/Maxent_Outputs/Output3_FarFuture_RCP4.5/coral.asc
ncols         638
nrows         314
xllcorner     -102.97071042
yllcorner     3.973116569
cellsize      0.083
NODATA_value  -9999
[rows 216 to 242 of 314, columns 480 to 539 of 638]
4.26174E-1 4.22848E-1 4.1964E-1 4.16595E-1 4.13701E-1 4.10931E-1 4.0854E-1 4.07917E-1 4.10981E-1 4.16372E-1 4.22224E-1 4.28339E-1 4.34509E-1 4.40731E-1 4.47005E-1 4.53326E-1 -9999 -9999 4.71254E-1 4.77879E-1 4.80091E-1 4.80342E-1 4.80759E-1 4.81266E-1 4.81775E-1 4.82282E-1 4.8279E-1 4.83299E-1 4.83806E-1 4.84369E-1 4.85106E-1 4.84199E-1 4.77565E-1 4.66999E-1 4.57049E-1 4.47515E-1 4.38146E-1 4.28941E-1 4.19903E-1 4.11036E-1 4.02345E-1 3.93811E-1 3.85325E-1 3.77451E-1 3.71667E-1 3.67488E-1 3.63163E-1 3.58765E-1 3.544E-1 3.50072E-1 3.45782E-1 3.41532E-1 3.3732E-1 3.33133E-1 3.28833E-1 3.24894E-1 3.22814E-1 3.2239E-1 3.2182E-1 3.21163E-1
4.28189E-1 4.23591E-1 4.1908E-1 4.14704E-1 4.10513E-1 4.06574E-1 4.03156E-1 4.01767E-1 4.04507E-1 4.09891E-1 4.15889E-1 4.22236E-1 4.28642E-1 4.35101E-1 4.41611E-1 4.4817E-1 4.54034E-1 4.60081E-1 4.68075E-1 4.73785E-1 4.76999E-1 4.78624E-1 4.80353E-1 4.82142E-1 4.83935E-1 4.85729E-1 4.87525E-1 4.89324E-1 4.91123E-1 4.9298E-1 4.94987E-1 4.94979E-1 4.88229E-1 4.76806E-1 4.6599E-1 4.55603E-1 4.45405E-1 4.35392E-1 4.25572E-1 4.15948E-1 4.06526E-1 3.97288E-1 3.88133E-1 3.79652E-1 3.73346E-1 3.68712E-1 3.63946E-1 3.5912E-1 3.54334E-1 3.49593E-1 3.44899E-1 3.40253E-1 3.35653E-1 3.31089E-1 3.26438E-1 3.22215E-1 3.19974E-1 3.19503E-1 3.18916E-1 3.18258E-1
4.3034E-1 4.24457E-1 4.1867E-1 4.12985E-1 4.07464E-1 4.02257E-1 3.97735E-1 3.95555E-1 3.97977E-1 4.03398E-1 4.09591E-1 4.16168E-1 4.22803E-1 4.29493E-1 4.36237E-1 4.43029E-1 4.4987E-1 4.56764E-1 4.63592E-1 4.69685E-1 4.73899E-1 4.76903E-1 4.79954E-1 4.83033E-1 4.86118E-1 4.8921E-1 4.92307E-1 4.95409E-1 4.98518E-1 5.01673E-1 5.04931E-1 5.05815E-1 4.98952E-1 4.8669E-1 4.75029E-1 4.63783E-1 4.5274E-1 4.41907E-1 4.3129E-1 4.20897E-1 4.10734E-1 4.00789E-1 3.90973E-1 3.81886E-1 3.75057E-1 3.69954E-1 3.64734E-1 3.59476E-1 3.54268E-1 3.49117E-1 3.44022E-1 3.38983E-1 3.34001E-1 3.29068E-1 3.24078E-1 3.19581E-1 3.17183E-1 3.16661E-1 3.16049E-1 3.15387E-1
4.32806E-1 4.25545E-1 4.18406E-1 4.11413E-1 4.04577E-1 3.98018E-1 3.92234E-1 3.89201E-1 3.9132E-1 3.96865E-1 4.03334E-1 4.10134E-1 4.16993E-1 4.2391E-1 4.30881E-1 4.37905E-1 4.44978E-1 4.52098E-1 4.59131E-1 4.65612E-1 4.70823E-1 4.75199E-1 4.79565E-1 4.83938E-1 4.88325E-1 4.92723E-1 4.97133E-1 5.01554E-1 5.05986E-1 5.10448E-1 5.14947E-1 5.16711E-1 5.09738E-1 4.96655E-1 4.84169E-1 4.72049E-1 4.60149E-1 4.48481E-1 4.37056E-1 4.25882E-1 4.14968E-1 4.04311E-1 3.93837E-1 3.84152E-1 3.76794E-1 3.71209E-1 3.65522E-1 3.59832E-1 3.54205E-1 3.48644E-1 3.4315E-1 3.37722E-1 3.32361E-1 3.27065E-1 3.21745E-1 3.16979E-1 3.14429E-1 3.13853E-1 3.13215E-1 3.12551E-1
4.35511E-1 4.26992E-1 4.18489E-1 4.10071E-1 4.01859E-1 3.93919E-1 3.86699E-1 3.82623E-1 3.84483E-1 3.90297E-1 3.97119E-1 4.04136E-1 4.11218E-1 4.18362E-1 4.25553E-1 4.32798E-1 4.40099E-1 4.47447E-1 4.54708E-1 4.61599E-1 4.67802E-1 4.73522E-1 4.79184E-1 4.84858E-1 4.90554E-1 4.9627E-1 5.02005E-1 5.07757E-1 5.13525E-1 5.19312E-1 5.25056E-1 5.27668E-1 5.20592E-1 5.06713E-1 4.93409E-1 4.80399E-1 4.67631E-1 4.55119E-1 4.42872E-1 4.30905E-1 4.19228E-1 4.07848E-1 3.96714E-1 3.86444E-1 3.78553E-1 3.72472E-1 3.66309E-1 3.60189E-1 3.54145E-1 3.48178E-1 3.42286E-1 3.36471E-1 3.30734E-1 3.25078E-1 3.19427E-1 3.14398E-1 3.11696E-1 3.1107E-1 3.10413E-1 3.09748E-1
4.38653E-1 4.29088E-1 4.19426E-1 4.09657E-1 3.99853E-1 3.90213E-1 3.81246E-1 3.75774E-1 3.77476E-1 3.83847E-1 3.91118E-1 3.98531E-1 4.05916E-1 4.13261E-1 4.20585E-1 4.27926E-1 4.3533E-1 4.4283E-1 4.50323E-1 4.57678E-1 4.64853E-1 4.7186E-1 4.78802E-1 4.8578E-1 4.92806E-1 4.99872E-1 5.06965E-1 5.14069E-1 5.21177E-1 5.28286E-1 5.35272E-1 5.38697E-1 5.31529E-1 5.16902E-1 5.02773E-1 4.88919E-1 4.75313E-1 4.61962E-1 4.48878E-1 4.3608E-1 4.23587E-1 4.11423E-1 3.99595E-1 3.88752E-1 3.80323E-1 3.73729E-1 3.67129E-1 3.60635E-1 3.54223E-1 3.47881E-1 3.416E-1 3.35379E-1 3.29222E-1 3.23144E-1 3.17122E-1 3.11822E-1 3.08972E-1 3.08315E-1 3.07681E-1 3.07077E-1
4.42741E-1 4.32221E-1 4.21554E-1 4.10681E-1 3.99559E-1 3.8824E-1 3.76937E-1 3.69151E-1 3.70666E-1 3.78398E-1 3.86321E-1 3.94087E-1 4.01641E-1 4.09029E-1 4.16322E-1 4.23594E-1 4.30924E-1 4.38392E-1 4.45985E-1 4.5381E-1 4.61953E-1 4.70125E-1 4.78351E-1 4.86674E-1 4.95083E-1 5.03555E-1 5.12061E-1 5.20574E-1 5.29069E-1 5.37525E-1 5.45735E-1 5.49901E-1 5.42619E-1 5.27405E-1 5.12506E-1 4.9783E-1 4.83376E-1 4.69167E-1 4.55227E-1 4.41576E-1 4.28238E-1 4.15237E-1 4.02601E-1 3.9107E-1 3.82131E-1 3.75121E-1 3.682E-1 3.61376E-1 3.54621E-1 3.4792E-1 3.41267E-1 3.34657E-1 3.28085E-1 3.21557E-1 3.1504E-1 3.09298E-1 3.06301E-1 3.05791E-1 3.05302E-1 3.04778E-1
4.377E-1 4.25432E-1 4.13044E-1 4.0048E-1 3.87692E-1 3.74634E-1 3.61364E-1 3.51771E-1 3.52828E-1 3.6126E-1 3.69886E-1 3.78211E-1 3.86285E-1 3.94185E-1 4.01992E-1 4.09783E-1 4.17641E-1 4.25654E-1 4.3385E-1 4.42486E-1 4.51847E-1 4.61514E-1 4.71283E-1 4.81195E-1 4.91222E-1 5.01329E-1 5.11487E-1 5.2166E-1 5.31816E-1 5.41919E-1 5.51724E-1 5.57142E-1 5.50224E-1 5.34709E-1 5.19479E-1 5.04438E-1 4.89609E-1 4.75025E-1 4.60711E-1 4.46693E-1 4.32994E-1 4.19632E-1 4.06642E-1 3.94792E-1 3.85527E-1 3.78167E-1 3.70961E-1 3.63836E-1 3.56776E-1 3.49774E-1 3.42823E-1 3.35919E-1 3.29053E-1 3.2222E-1 3.1538E-1 3.0936E-1 3.06199E-1 3.05595E-1 3.05057E-1 3.04443E-1
4.20134E-1 4.05114E-1 3.90098E-1 3.75082E-1 3.60079E-1 3.45177E-1 3.30594E-1 3.20394E-1 3.21096E-1 3.2909E-1 3.38137E-1 3.47345E-1 3.5649E-1 3.65589E-1 3.7468E-1 3.83821E-1 3.93073E-1 4.02496E-1 4.1202E-1 4.2191E-1 4.32752E-1 4.44219E-1 4.55806E-1 4.67534E-1 4.79392E-1 4.91356E-1 5.03397E-1 5.15481E-1 5.27582E-1 5.39684E-1 5.51573E-1 5.58885E-1 5.52946E-1 5.3758E-1 5.22559E-1 5.07776E-1 4.93237E-1 4.78953E-1 4.64939E-1 4.51222E-1 4.37827E-1 4.24788E-1 4.12145E-1 4.00521E-1 3.91172E-1 3.8353E-1 3.75995E-1 3.68582E-1 3.61273E-1 3.54042E-1 3.46884E-1 3.39792E-1 3.32771E-1 3.25842E-1 3.18983E-1 3.12927E-1 3.09548E-1 3.08535E-1 3.07591E-1 3.06641E-1
3.99652E-1 3.8158E-1 3.63935E-1 3.46533E-1 3.29432E-1 3.1274E-1 2.96789E-1 2.86024E-1 2.86782E-1 2.94761E-1 3.04033E-1 3.13927E-1 3.24115E-1 3.34393E-1 3.44793E-1 3.55346E-1 3.66064E-1 3.7696E-1 3.8789E-1 3.99157E-1 4.11448E-1 4.24544E-1 4.37917E-1 4.51479E-1 4.65202E-1 4.79068E-1 4.93052E-1 5.07125E-1 5.21265E-1 5.36202E-1 5.50319E-1 5.59331E-1 5.54012E-1 5.39164E-1 5.24625E-1 5.10336E-1 4.96303E-1 4.82533E-1 4.69046E-1 4.55857E-1 4.42989E-1 4.30467E-1 4.18322E-1 4.0705E-1 3.97725E-1 3.8988E-1 3.82102E-1 3.74444E-1 3.66907E-1 3.59475E-1 3.52146E-1 3.44919E-1 3.378E-1 3.30805E-1 3.23898E-1 3.17746E-1 3.1412E-1 3.12734E-1 3.1137E-1 3.10024E-1
3.81134E-1 3.59562E-1 3.39242E-1 3.19765E-1 3.00815E-1 2.82485E-1 2.65188E-1 2.5372E-1 2.54679E-1 2.6321E-1 2.72842E-1 2.83102E-1 2.93936E-1 3.05162E-1 3.16591E-1 3.28241E-1 3.40124E-1 3.5224E-1 3.64447E-1 3.77061E-1 3.90677E-1 4.05177E-1 4.20188E-1 4.35523E-1 4.51087E-1 4.6685E-1 4.82786E-1 5.00484E-1 5.18201E-1 -9999 -9999 5.58148E-1 5.54996E-1 5.40805E-1 5.26843E-1 5.13106E-1 4.99606E-1 4.86365E-1 4.73399E-1 4.60726E-1 4.48357E-1 4.36306E-1 4.2461E-1 4.13692E-1 4.04405E-1 3.96358E-1 3.88408E-1 3.80567E-1 3.7284E-1 3.6523E-1 3.57739E-1 3.50366E-1 3.43116E-1 3.35988E-1 3.28935E-1 3.22614E-1 3.18741E-1 3.17038E-1 3.1534E-1 3.13649E-1
3.61656E-1 3.39183E-1 3.1586E-1 2.94156E-1 2.73641E-1 2.54039E-1 2.35722E-1 2.23641E-1 2.24813E-1 2.3391E-1 2.43982E-1 2.54653E-1 2.65789E-1 2.7756E-1 2.89811E-1 3.0235E-1 3.15189E-1 3.28368E-1 3.41758E-1 3.55627E-1 3.70445E-1 3.86198E-1 4.02698E-1 4.19721E-1 4.37064E-1 4.54688E-1 4.72552E-1 4.89424E-1 -9999 5.24981E-1 5.44316E-1 5.58302E-1 5.5591E-1 5.42422E-1 5.29072E-1 5.15909E-1 5.02968E-1 4.90271E-1 4.77831E-1 4.65665E-1 4.53783E-1 4.42197E-1 4.30973E-1 4.20439E-1 4.11192E-1 4.02924E-1 3.94792E-1 3.86784E-1 3.78893E-1 3.71119E-1 3.63465E-1 3.55933E-1 3.48523E-1 3.41238E-1 3.3403E-1 3.2753E-1 3.23406E-1 3.21383E-1 3.19355E-1 3.17329E-1
3.38821E-1 3.17879E-1 2.94152E-1 2.70057E-1 2.47946E-1 2.27425E-1 2.08426E-1 1.95977E-1 1.97329E-1 2.06846E-1 2.17276E-1 2.28337E-1 2.39793E-1 2.5177E-1 2.6445E-1 2.777E-1 2.91333E-1 3.05421E-1 3.19855E-1 3.3484E-1 3.50735E-1 3.6762E-1 3.85492E-1 4.04108E-1 4.23159E-1 4.42588E-1 4.62344E-1 4.82369E-1 5.02601E-1 5.22957E-1 5.43194E-1 5.57983E-1 5.56787E-1 5.44022E-1 5.31306E-1 5.18721E-1 5.06344E-1 4.94195E-1 4.82287E-1 4.70633E-1 4.59245E-1 4.48139E-1 4.37405E-1 4.27273E-1 4.1807E-1 4.09572E-1 4.01247E-1 3.93071E-1 3.85014E-1 3.77075E-1 3.69258E-1 3.61565E-1 3.53996E-1 3.46551E-1 3.39182E-1 3.32498E-1 3.28118E-1 3.25771E-1 3.23407E-1 3.21041E-1
3.14423E-1 2.9388E-1 2.71933E-1 2.47886E-1 2.24114E-1 2.02731E-1 1.83353E-1 1.70784E-1 1.72292E-1 1.82069E-1 1.92702E-1 2.04001E-1 2.15745E-1 2.2796E-1 2.40775E-1 2.5437E-1 2.68625E-1 2.8345E-1 2.98748E-1 3.14687E-1 3.31531E-1 3.49447E-1 3.686E-1 3.88712E-1 4.0939E-1 4.30564E-1 4.52169E-1 4.74131E-1 4.9637E-1 5.18771E-1 5.41056E-1 5.57662E-1 5.57664E-1 5.45624E-1 5.33546E-1 5.21542E-1 5.09732E-1 4.98136E-1 4.86765E-1 4.75631E-1 4.64744E-1 4.54125E-1 4.43892E-1 4.34174E-1 4.25021E-1 4.16291E-1 4.07773E-1 3.99428E-1 3.91204E-1 3.83099E-1 3.75118E-1 3.67261E-1 3.59532E-1 3.51927E-1 3.44397E-1 3.37526E-1 3.32883E-1 3.30204E-1 3.27499E-1 3.24786E-1
2.90498E-1 2.69002E-1 2.47818E-1 2.25783E-1 2.02451E-1 1.80158E-1 1.60576E-1 1.4809E-1 1.49689E-1 1.59549E-1 1.70247E-1 1.81608E-1 1.93493E-1 2.05922E-1 2.18901E-1 2.32577E-1 2.47121E-1 2.625E-1 2.78448E-1 2.95159E-1 3.12818E-1 3.31683E-1 3.52052E-1 3.73559E-1 3.95776E-1 4.18629E-1 4.42036E-1 4.65905E-1 4.90135E-1 5.14584E-1 5.3894E-1 5.57381E-1 5.58582E-1 5.47251E-1 5.35795E-1 5.2437E-1 5.13131E-1 5.02092E-1 4.91264E-1 4.80656E-1 4.70279E-1 4.60153E-1 4.50422E-1 4.4112E-1 4.3202E-1 4.23066E-1 4.14365E-1 4.05853E-1 3.97461E-1 3.8919E-1 3.81043E-1 3.73023E-1 3.65132E-1 3.57366E-1 3.49676E-1 3.42619E-1 3.37709E-1 3.34687E-1 3.31629E-1 3.28563E-1
2.67692E-1 2.45066E-1 2.23485E-1 2.02639E-1 1.81487E-1 1.59912E-1 1.40113E-1 1.2788E-1 1.29499E-1 1.39242E-1 1.49831E-1 1.61108E-1 1.72993E-1 1.85493E-1 1.98628E-1 2.12416E-1 2.27002E-1 2.42607E-1 2.58975E-1 2.76245E-1 2.94585E-1 3.17875E-1 3.4597E-1 3.6801E-1 3.89516E-1 4.13085E-1 4.35251E-1 4.57695E-1 4.83898E-1 5.10403E-1 5.36871E-1 5.5718E-1 5.59578E-1 5.48922E-1 5.38051E-1 5.27208E-1 5.16543E-1 5.06064E-1 4.95783E-1 4.85709E-1 4.75849E-1 4.66217E-1 4.56979E-1 4.4809E-1 4.3905E-1 4.29889E-1 4.21023E-1 4.12344E-1 4.03783E-1 3.95346E-1 3.87033E-1 3.78848E-1 3.70794E-1 3.62868E-1 3.55024E-1 3.47784E-1 3.42601E-1 3.39222E-1 3.35799E-1 3.32371E-1
2.58747E-1 2.30733E-1 2.05468E-1 1.93304E-1 1.72573E-1 1.51763E-1 1.31916E-1 1.20353E-1 1.21987E-1 1.27963E-1 1.31399E-1 1.46117E-1 1.65343E-1 1.77885E-1 1.87181E-1 1.93688E-1 2.08352E-1 2.27804E-1 2.504E-1 2.67852E-1 2.86445E-1 -9999 -9999 -9999 -9999 -9999 4.18679E-1 4.49506E-1 4.77662E-1 5.06219E-1 5.34845E-1 5.57101E-1 5.60688E-1 5.50642E-1 5.4031E-1 5.30054E-1 5.19965E-1 5.10051E-1 5.00323E-1 4.90788E-1 4.81451E-1 4.72322E-1 4.63565E-1 4.55061E-1 4.46088E-1 4.36752E-1 4.27746E-1 4.189E-1 4.10172E-1 4.01567E-1 3.93086E-1 3.84735E-1 3.76516E-1 3.68431E-1 3.60439E-1 3.53027E-1 3.47564E-1 3.43811E-1 3.40006E-1 3.36211E-1
-9999 -9999 -9999 -9999 -9999 -9999 -9999 -9999 -9999 -9999 1.20582E-1 1.2261E-1 1.29421E-1 1.41508E-1 1.57728E-1 1.76419E-1 1.91104E-1 2.04066E-1 2.1523E-1 -9999 -9999 -9999 -9999 -9999 -9999 4.02831E-1 4.11993E-1 4.41299E-1 4.71364E-1 5.01988E-1 5.32846E-1 5.57171E-1 5.6192E-1 5.52359E-1 5.42506E-1 5.32744E-1 5.23188E-1 5.13852E-1 5.04728E-1 4.95799E-1 4.87048E-1 4.78464E-1 4.70185E-1 4.62015E-1 4.53125E-1 4.43674E-1 4.34542E-1 4.25543E-1 4.16657E-1 4.07883E-1 3.99231E-1 3.90705E-1 3.82311E-1 3.74056E-1 3.65919E-1 3.58353E-1 3.52603E-1 3.48447E-1 3.44253E-1 3.40094E-1
-9999 -9999 -9999 -9999 -9999 -9999 -9999 -9999 -9999 -9999 9.66249E-2 1.1076E-1 1.21927E-1 1.33982E-1 1.46934E-1 1.60768E-1 1.75453E-1 1.90975E-1 2.06858E-1 2.17579E-1 -9999 -9999 -9999 -9999 -9999 3.92571E-1 4.02181E-1 4.32993E-1 4.64769E-1 4.97348E-1 5.30529E-1 5.57227E-1 5.63144E-1 5.53612E-1 5.44093E-1 5.34844E-1 5.25903E-1 5.1724E-1 5.08819E-1 5.00597E-1 4.92535E-1 4.84594E-1 4.76872E-1 4.6901E-1 4.60175E-1 4.50738E-1 4.41495E-1 4.32346E-1 4.23292E-1 4.1434E-1 4.05501E-1 3.96785E-1 3.88202E-1 3.79761E-1 3.71461E-1 3.63744E-1 3.57713E-1 3.53129E-1 3.48567E-1 3.44056E-1
-9999 -9999 -9999 -9999 1.09921E-1 9.44498E-2 8.08616E-2 7.22094E-2 7.37808E-2 8.31155E-2 9.33355E-2 1.03519E-1 1.14619E-1 1.26678E-1 1.3972E-1 1.53748E-1 1.68746E-1 1.84657E-1 2.00837E-1 2.1118E-1 -9999 -9999 -9999 -9999 -9999 3.86316E-1 3.96279E-1 4.27232E-1 4.59217E-1 4.92107E-1 5.25783E-1 5.53198E-1 5.60019E-1 5.51478E-1 5.42994E-1 5.34876E-1 5.27092E-1 5.19586E-1 5.12308E-1 5.05212E-1 4.98251E-1 4.91377E-1 4.84676E-1 4.77604E-1 4.69006E-1 4.5941E-1 4.49969E-1 4.40601E-1 4.31319E-1 4.22134E-1 4.1306E-1 4.04109E-1 3.9529E-1 3.86614E-1 3.78086E-1 3.70146E-1 3.63837E-1 3.58899E-1 3.54008E-1 3.49176E-1
-9999 -9999 -9999 -9999 1.06371E-1 9.10774E-2 7.85433E-2 7.1467E-2 7.50382E-2 8.48012E-2 9.48373E-2 1.05545E-1 1.17077E-1 1.29623E-1 1.43222E-1 1.57895E-1 1.73656E-1 1.90525E-1 2.07953E-1 2.27836E-1 -9999 -9999 -9999 -9999 -9999 3.86202E-1 3.95882E-1 4.25149E-1 4.55314E-1 4.86207E-1 5.17645E-1 5.43328E-1 5.50685E-1 5.4456E-1 5.38315E-1 5.32226E-1 5.26335E-1 5.2065E-1 5.1514E-1 5.09769E-1 5.04499E-1 4.99294E-1 4.94285E-1 4.88705E-1 4.80607E-1 4.70572E-1 4.60779E-1 4.51085E-1 4.4149E-1 4.31997E-1 4.22617E-1 4.13359E-1 4.04235E-1 3.95253E-1 3.8642E-1 3.78151E-1 3.71541E-1 3.66362E-1 3.61181E-1 3.56057E-1
-9999 -9999 -9999 -9999 -9999 9.06567E-2 7.87554E-2 7.25311E-2 7.67939E-2 8.76549E-2 9.89791E-2 1.10833E-1 1.23365E-1 1.36709E-1 1.51091E-1 1.66638E-1 1.83381E-1 2.01353E-1 2.20197E-1 2.39488E-1 -9999 -9999 -9999 -9999 -9999 3.88096E-1 3.97416E-1 4.24222E-1 4.51719E-1 4.79748E-1 5.08135E-1 5.31532E-1 5.39272E-1 5.35587E-1 5.3183E-1 5.28114E-1 5.24481E-1 5.20952E-1 5.17522E-1 5.14179E-1 5.10906E-1 5.07696E-1 5.04705E-1 5.00857E-1 4.93344E-1 4.82892E-1 4.7271E-1 4.6265E-1 4.52697E-1 4.42853E-1 4.33127E-1 4.23526E-1 4.14059E-1 4.04732E-1 3.95539E-1 3.86898E-1 3.79984E-1 3.74584E-1 3.69146E-1 3.63751E-1
-9999 -9999 -9999 -9999 -9999 8.2161E-2 7.88068E-2 7.33116E-2 7.84266E-2 8.99386E-2 1.02434E-1 1.15585E-1 1.29534E-1 1.44212E-1 1.59667E-1 1.76139E-1 1.93874E-1 2.12909E-1 2.30319E-1 2.45457E-1 -9999 -9999 -9999 -9999 -9999 3.90027E-1 3.98999E-1 4.23223E-1 4.4798E-1 4.73163E-1 4.98695E-1 5.20084E-1 5.28156E-1 5.26549E-1 5.2505E-1 5.23626E-1 5.2225E-1 5.20923E-1 5.19645E-1 5.18416E-1 5.17234E-1 5.16103E-1 5.15168E-1 5.13014E-1 5.06104E-1 4.95358E-1 4.84823E-1 4.74418E-1 4.64114E-1 4.53919E-1 4.43841E-1 4.33887E-1 4.24064E-1 4.14378E-1 4.04815E-1 3.95815E-1 3.88601E-1 3.82952E-1 3.7727E-1 3.71617E-1
-9999 -9999 -9999 -9999 -9999 -9999 8.23914E-2 7.58228E-2 8.00732E-2 9.2029E-2 1.05374E-1 1.1971E-1 1.34995E-1 1.51309E-1 1.68398E-1 1.84079E-1 1.98528E-1 2.17945E-1 -9999 -9999 -9999 -9999 -9999 -9999 -9999 3.79891E-1 4.00602E-1 4.22225E-1 4.44263E-1 4.66662E-1 4.89452E-1 5.0894E-1 5.17315E-1 5.17655E-1 5.18301E-1 5.1911E-1 5.19946E-1 5.20809E-1 5.21699E-1 5.22615E-1 5.23557E-1 5.24529E-1 5.25643E-1 5.25155E-1 5.18875E-1 5.07899E-1 4.97053E-1 4.86318E-1 4.75677E-1 4.65138E-1 4.54711E-1 4.44402E-1 4.34222E-1 4.24171E-1 4.14247E-1 4.04904E-1 3.97386E-1 3.91469E-1 3.85536E-1 3.79624E-1
-9999 -9999 -9999 -9999 -9999 -9999 -9999 -9999 8.11856E-2 9.4101E-2 1.08054E-1 1.2339E-1 1.3986E-1 1.57607E-1 1.76531E-1 1.9766E-1 2.21334E-1 2.42979E-1 -9999 -9999 -9999 -9999 -9999 -9999 3.67605E-1 3.83639E-1 4.02211E-1 4.21243E-1 4.40588E-1 4.60251E-1 4.8037E-1 4.98E-1 5.06656E-1 5.0888E-1 5.11607E-1 5.14621E-1 5.17654E-1 5.20698E-1 5.23751E-1 5.26815E-1 5.29887E-1 5.32967E-1 5.36125E-1 5.37297E-1 5.31668E-1 5.205E-1 5.09381E-1 4.98327E-1 4.87358E-1 4.76482E-1 4.6571E-1 4.55054E-1 4.44519E-1 4.34109E-1 4.23832E-1 4.14158E-1 4.06333E-1 4.00135E-1 3.93938E-1 3.87766E-1
-9999 -9999 -9999 -9999 -9999 -9999 -9999 -9999 9.11447E-2 9.62301E-2 1.10148E-1 1.24803E-1 1.4177E-1 1.61441E-1 1.83829E-1 2.05589E-1 2.27912E-1 2.50574E-1 2.74233E-1 2.97001E-1 3.13875E-1 3.2707E-1 3.41489E-1 3.56705E-1 3.72201E-1 3.87933E-1 4.03921E-1 4.20278E-1 4.36956E-1 4.53912E-1 4.71384E-1 4.87161E-1 4.96084E-1 5.00171E-1 5.04962E-1 5.1016E-1 5.15375E-1 5.20589E-1 5.25803E-1 5.31014E-1 5.36222E-1 5.41417E-1 5.46621E-1 5.49458E-1 5.44496E-1 5.33161E-1 5.2179E-1 5.10432E-1 4.99144E-1 4.87941E-1 4.76834E-1 4.65832E-1 4.54948E-1 4.44185E-1 4.33564E-1 4.23566E-1 4.15433E-1 4.08946E-1 4.02475E-1 3.96038E-1
-9999 -9999 -9999 -9999 -9999 -9999 -9999 -9999 -9999 9.7499E-2 -9999 -9999 1.50205E-1 1.68669E-1 1.88282E-1 2.14065E-1 2.38821E-1 2.61001E-1 2.83349E-1 3.12173E-1 3.28246E-1 3.39673E-1 3.52161E-1 3.65277E-1 3.78594E-1 3.92076E-1 4.05687E-1 4.19415E-1 4.33364E-1 4.47626E-1 4.62422E-1 4.76326E-1 4.85505E-1 4.91471E-1 4.98358E-1 5.05729E-1 5.13108E-1 5.20483E-1 5.27853E-1 5.35212E-1 5.42558E-1 5.49876E-1 5.57141E-1 5.61659E-1 5.57377E-1 5.45884E-1 5.34268E-1 5.22616E-1 5.11023E-1 4.99503E-1 4.88068E-1 4.76731E-1 4.65503E-1 4.54392E-1 4.43433E-1 4.33116E-1 4.24675E-1 4.17894E-1 4.11145E-1 4.0444E-1
