Spatial_Analysis/Downscaled_EnvironmentalLayers/RCP4_5/2080/par_far45.asc
ncols         648
nrows         324
xllcorner     -102.97071042
yllcorner     3.973116569
cellsize      0.083
NODATA_value  -9999
[rows 232 to 260 of 324, columns 0 to 65 of 648]
43.43237 43.4297 43.42705 43.42444 43.42184 43.42 43.42675 43.44001 43.45327 43.46656 43.47988 43.49326 43.50671 43.52024 43.53388 43.54765 43.56155 43.57535 43.59834 43.63036 43.66247 43.69467 43.72697 43.7594 43.79197 43.82469 43.8576 43.89074 43.92408 43.95622 43.97235 43.97596 43.97976 43.98376 43.98795 43.9923 43.9968 44.00146 44.00627 44.01124 44.01634 44.02089 44.0289 44.04148 44.05424 44.06718 44.08028 44.0935 44.10683 44.12028 44.13382 44.14746 44.16116 44.17492 44.18142 44.1789 44.17644 44.17408 44.17181 44.16966 44.16763 44.16575 44.16404 44.16253 44.16122 44.15985
43.38666 43.38401 43.38138 43.37877 43.37611 43.37438 43.3806 43.39293 43.40526 43.4176 43.42998 43.4424 43.4549 43.46747 43.48014 43.49291 43.50566 43.51834 43.5423 43.57699 43.61169 43.64647 43.68135 43.71634 43.75146 43.78674 43.82218 43.85779 43.89338 43.92761 43.94597 43.95006 43.95424 43.95859 43.96309 43.96776 43.97258 43.97754 43.98263 43.98785 43.99301 43.99759 44.00581 44.01769 44.02966 44.04176 44.054 44.06637 44.07885 44.09142 44.10409 44.11682 44.12951 44.14235 44.14879 44.14729 44.14578 44.14435 44.143 44.14175 44.14063 44.13965 44.13882 44.13815 44.13752 44.1369
43.3783 43.37564 43.37298 43.37029 43.36781 43.36634 43.37086 43.38093 43.39096 43.40097 43.41098 43.42102 43.43111 43.44123 43.45137 43.46144 43.47153 43.48177 43.50446 43.53955 43.57455 43.6095 43.64449 43.67953 43.71465 43.74985 43.78508 43.82019 43.85511 43.88905 43.90833 43.91332 43.9182 43.923 43.92786 43.93281 43.93785 43.94296 43.94809 43.9531 43.95805 43.9629 43.97154 43.98401 43.99643 44.00877 44.02116 44.03362 44.04614 44.05872 44.0713 44.08381 44.09634 44.10945 44.11603 44.11591 44.11575 44.11553 44.11533 44.11518 44.1151 44.1151 44.11515 44.11509 44.11506 44.11591
43.40723 43.40459 43.40195 43.39931 43.39717 43.39575 43.39809 43.40419 43.4104 43.41662 43.42284 43.42906 43.43528 43.4415 43.44772 43.45393 43.4602 43.46653 43.48598 43.51854 43.55111 43.58368 43.61626 43.64883 43.6814 43.71398 43.74655 43.77913 43.81129 43.84276 43.86119 43.86653 43.87172 43.87691 43.8821 43.88729 43.89249 43.89767 43.90286 43.90805 43.91321 43.91832 43.92763 43.94114 43.95464 43.96814 43.98163 43.99512 44.00862 44.02212 44.03562 44.04911 44.06277 44.0768 44.0843 44.08532 44.08645 44.08757 44.0887 44.08982 44.09094 44.09206 44.09319 44.09431 44.09578 44.09807
43.43608 43.43349 43.4309 43.42839 43.42643 43.42502 43.42533 43.42744 43.42981 43.43219 43.43456 43.43693 43.43931 43.44168 43.44405 43.44643 43.44883 43.45124 43.46748 43.49754 43.5276 43.55767 43.58773 43.6178 43.64787 43.67793 43.708 43.73802 43.76758 43.79665 43.81406 43.81976 43.82516 43.83057 43.83598 43.84138 43.84679 43.8522 43.8576 43.863 43.8684 43.87378 43.88374 43.89827 43.91278 43.92731 43.94182 43.95634 43.97086 43.98538 43.99989 44.01442 44.02911 44.04398 44.05252 44.05474 44.05709 44.05944 44.06179 44.06414 44.06649 44.06884 44.07119 44.07356 44.0765 44.08014
43.46494 43.4624 43.45986 43.45747 43.45559 43.45417 43.45253 43.4507 43.44922 43.44775 43.44628 43.4448 43.44333 43.44186 43.44039 43.43891 43.43743 43.43592 43.44896 43.47653 43.50409 43.53165 43.55921 43.58677 43.61433 43.64189 43.66944 43.69692 43.72398 43.75067 43.76701 43.77297 43.7786 43.78422 43.78984 43.79547 43.80109 43.80672 43.81234 43.81797 43.82361 43.82928 43.83987 43.85539 43.87093 43.88647 43.90202 43.91756 43.93309 43.94864 43.96418 43.97973 43.99536 44.01105 44.02066 44.02416 44.02773 44.03131 44.03488 44.03846 44.04204 44.04562 44.04919 44.05285 44.05716 44.06213
43.49379 43.49131 43.48882 43.4865 43.48466 43.48323 43.47965 43.47396 43.46863 43.46331 43.45799 43.45268 43.44736 43.44204 43.43673 43.43139 43.42602 43.42059 43.43044 43.45552 43.48058 43.50563 43.53068 43.55574 43.58079 43.60584 43.63089 43.65585 43.68047 43.70478 43.72003 43.72618 43.73204 43.73788 43.74372 43.74956 43.7554 43.76124 43.76708 43.77293 43.77884 43.78478 43.79601 43.81252 43.82908 43.84565 43.86221 43.87877 43.89533 43.9119 43.92846 43.94502 43.96156 43.97808 43.98874 43.99357 43.99838 44.00318 44.00798 44.01279 44.01759 44.02239 44.02719 44.03212 44.03774 44.04401
43.52264 43.52021 43.51778 43.5155 43.51366 43.51221 43.50671 43.49721 43.48804 43.47887 43.46971 43.46055 43.45139 43.44222 43.43306 43.42387 43.41461 43.40526 43.4119 43.43452 43.45707 43.47961 43.50216 43.5247 43.54725 43.56979 43.59233 43.61481 43.63701 43.65897 43.6731 43.67941 43.68547 43.69153 43.69759 43.70365 43.70971 43.71576 43.72182 43.7279 43.73405 43.74028 43.75214 43.76965 43.78723 43.80482 43.8224 43.83999 43.85757 43.87516 43.89274 43.91031 43.92775 43.94508 43.95683 43.96298 43.96902 43.97505 43.98108 43.98711 43.99313 43.99916 44.00519 44.01134 44.01822 44.02579
43.5515 43.54912 43.54674 43.54446 43.5426 43.54113 43.53373 43.52045 43.50745 43.49443 43.48143 43.46842 43.45541 43.44241 43.4294 43.41636 43.40322 43.38996 43.39339 43.41351 43.43356 43.45359 43.47363 43.49367 43.51371 43.53374 43.55379 43.57379 43.59358 43.61317 43.62619 43.63264 43.63891 43.64519 43.65146 43.65774 43.66401 43.67028 43.67656 43.68285 43.68925 43.69576 43.70826 43.72678 43.74538 43.76399 43.7826 43.8012 43.81981 43.83842 43.85703 43.87561 43.89398 43.91214 43.92495 43.9324 43.93966 43.94691 43.95417 43.96143 43.96869 43.97594 43.98319 43.99052 43.9986 44.00744
43.58035 43.57803 43.5757 43.5734 43.5715 43.57 43.56072 43.5437 43.52686 43.51 43.49315 43.4763 43.45944 43.44258 43.42574 43.40887 43.39186 43.37468 43.3749 43.39251 43.41004 43.42757 43.4451 43.46264 43.48017 43.4977 43.51523 43.53276 43.55014 43.56738 43.57929 43.58585 43.59235 43.59884 43.60534 43.61182 43.61832 43.62481 43.6313 43.63779 43.64442 43.6512 43.66435 43.6839 43.70353 43.72316 43.74279 43.76242 43.78205 43.80168 43.82131 43.84093 43.86028 43.87928 43.89314 43.90182 43.9103 43.91879 43.92727 43.93575 43.94423 43.95271 43.9612 43.96968 43.97885 43.98893
43.60921 43.60693 43.60466 43.60238 43.60036 43.59883 43.5877 43.56696 43.54626 43.52556 43.50485 43.48414 43.46347 43.44277 43.42207 43.40137 43.38055 43.35947 43.35645 43.3715 43.38653 43.40155 43.41657 43.43158 43.44663 43.46165 43.47668 43.4917 43.50668 43.52155 43.53235 43.53907 43.54578 43.55249 43.5592 43.5659 43.57262 43.57933 43.58604 43.59275 43.59956 43.60659 43.62042 43.64103 43.66168 43.68233 43.70298 43.72361 43.74429 43.76494 43.78559 43.80624 43.82669 43.84656 43.86142 43.87124 43.88095 43.89066 43.90035 43.91004 43.91977 43.92949 43.93919 43.9489 43.95898 43.97025
43.63624 43.63461 43.63315 43.63139 43.62923 43.62763 43.61476 43.59005 43.56479 43.5396 43.51468 43.49007 43.46578 43.44177 43.41794 43.39387 43.36929 43.34433 43.33798 43.35037 43.36226 43.37421 43.38641 43.39888 43.41162 43.4246 43.43771 43.45064 43.46316 43.47566 43.48537 43.49221 43.49864 43.50509 43.51173 43.5186 43.52568 43.53298 43.54041 43.54771 43.55465 43.56191 43.57648 43.59809 43.61922 43.6403 43.66155 43.68304 43.70482 43.72691 43.74927 43.77154 43.79319 43.81405 43.82972 43.84058 43.8508 43.86102 43.87152 43.88235 43.89351 43.90495 43.9166 43.92812 43.93909 43.95135
43.66029 43.659 43.65818 43.65785 43.65784 43.65646 43.64024 43.60989 43.58005 43.5507 43.52181 43.49336 43.46534 43.43774 43.41059 43.38388 43.35751 43.32927 43.31809 43.32633 43.33506 43.34426 43.35389 43.36391 43.37429 43.38503 43.3961 43.40751 43.41916 43.42966 43.43734 43.44305 43.44911 43.45554 43.46231 43.4694 43.47679 43.48448 43.49249 43.5008 43.50936 43.51715 43.53167 43.55282 43.57417 43.59579 43.61774 43.64002 43.66271 43.68586 43.70953 43.73383 43.75869 43.78182 43.79659 43.80655 43.81709 43.82819 43.83981 43.85191 43.86445 43.87742 43.8908 43.90459 43.91871 43.93219
43.68173 43.68049 43.6797 43.67928 43.67862 43.67695 43.65973 43.62587 43.59233 43.55922 43.52655 43.4943 43.46246 43.43103 43.4 43.36934 43.33852 43.30598 43.29259 43.29873 43.30517 43.31203 43.31929 43.32693 43.33492 43.34324 43.35187 43.36077 43.36958 43.37738 43.38477 43.39098 43.39739 43.40413 43.41118 43.41853 43.42618 43.43412 43.44234 43.45082 43.45927 43.46694 43.4824 43.50452 43.5267 43.54911 43.57182 43.59486 43.61828 43.64214 43.6665 43.69137 43.71642 43.73936 43.75625 43.768 43.78004 43.79256 43.80558 43.81905 43.83294 43.84725 43.86193 43.87696 43.89202 43.90651
43.65538 43.65391 43.65249 43.65066 43.6488 43.64732 43.6301 43.59697 43.5635 43.52988 43.49644 43.46325 43.43033 43.39762 43.36496 43.33194 43.29873 43.26507 43.25065 43.25566 43.26037 43.26495 43.26969 43.27465 43.27984 43.28521 43.29061 43.29572 43.30076 43.30604 43.3125 43.32003 43.32736 43.33455 43.34185 43.34934 43.35702 43.36485 43.37274 43.38037 43.38793 43.39562 43.41146 43.43542 43.45918 43.48272 43.50635 43.53018 43.55426 43.57857 43.60302 43.62716 43.65104 43.67409 43.69279 43.70741 43.72173 43.73579 43.75003 43.76453 43.7793 43.79429 43.80938 43.82416 43.83886 43.85498
43.58085 43.57907 43.57729 43.5755 43.57388 43.57249 43.55614 43.52486 43.49361 43.46235 43.4311 43.39985 43.3686 43.33735 43.3061 43.27485 43.24337 43.21155 43.19667 43.19875 43.20075 43.20275 43.20476 43.20676 43.20877 43.21077 43.21278 43.21478 43.21692 43.2193 43.2242 43.23162 43.23911 43.24659 43.25407 43.26155 43.26904 43.27652 43.284 43.29148 43.29895 43.30639 43.32244 43.34708 43.37172 43.39636 43.421 43.44564 43.47028 43.49492 43.51956 43.5442 43.56855 43.59227 43.61184 43.6272 43.64239 43.65758 43.67276 43.68795 43.70314 43.71832 43.73351 43.7487 43.7644 43.78135
43.50529 43.50364 43.502 43.50037 43.4989 43.49758 43.48219 43.45274 43.42336 43.39399 43.36462 43.33524 43.30587 43.2765 43.24712 43.21772 43.18804 43.15807 43.14268 43.14183 43.14083 43.13984 43.13884 43.13784 43.13684 43.13584 43.13485 43.13387 43.1331 43.13257 43.13594 43.14322 43.15064 43.15807 43.16549 43.1729 43.18033 43.18775 43.19517 43.20258 43.20988 43.21706 43.23335 43.25874 43.28405 43.30936 43.33467 43.35998 43.3853 43.41061 43.43592 43.46121 43.48614 43.51063 43.53093 43.547 43.56279 43.57856 43.59434 43.61012 43.6259 43.64168 43.65746 43.67326 43.68988 43.70754
43.42971 43.4282 43.4267 43.42522 43.42387 43.42262 43.4082 43.38062 43.35313 43.32563 43.29813 43.27064 43.24314 43.21565 43.18816 43.16059 43.13274 43.10464 43.0887 43.08492 43.08092 43.07692 43.07292 43.06892 43.06491 43.06091 43.05691 43.05297 43.04928 43.04583 43.04768 43.05482 43.06218 43.06954 43.0769 43.08426 43.09162 43.09898 43.10633 43.11366 43.12077 43.12767 43.14421 43.17039 43.19638 43.22236 43.24835 43.27433 43.30032 43.3263 43.35228 43.37822 43.40382 43.4291 43.4501 43.46679 43.48317 43.49955 43.51591 43.53229 43.54866 43.56503 43.5814 43.59789 43.61527 43.63356
43.35414 43.35277 43.3514 43.35006 43.34881 43.34763 43.33419 43.30851 43.28289 43.25727 43.23166 43.20604 43.18042 43.1548 43.12918 43.10347 43.07748 43.05124 43.03476 43.028 43.021 43.01399 43.007 42.99999 42.99298 42.98598 42.97898 42.97206 42.96544 42.95907 42.95939 42.96643 42.97371 42.98101 42.98831 42.99561 43.00291 43.0102 43.01751 43.02473 43.03164 43.03827 43.05507 43.08202 43.1087 43.13536 43.16202 43.18868 43.21534 43.24199 43.26865 43.29525 43.32159 43.34767 43.36934 43.38657 43.40357 43.42053 43.4375 43.45446 43.47142 43.48838 43.50535 43.52248 43.54052 43.55944
43.27857 43.27734 43.27611 43.2749 43.27374 43.27262 43.26017 43.23639 43.21265 43.18891 43.16517 43.14143 43.11769 43.09395 43.07021 43.04638 43.02227 42.99791 42.98085 42.97108 42.96108 42.95108 42.94107 42.93107 42.92106 42.91105 42.90105 42.89113 42.88155 42.87226 42.87108 42.87803 42.88524 42.89248 42.89972 42.90696 42.9142 42.92144 42.92867 42.93581 42.94255 42.9489 42.96596 42.99368 43.02103 43.04836 43.0757 43.10302 43.13036 43.15768 43.18502 43.2123 43.23939 43.26628 43.28862 43.30639 43.32396 43.34151 43.35907 43.37663 43.39418 43.41174 43.42929 43.44701 43.46565 43.48516
43.203 43.20191 43.20082 43.19973 43.19866 43.19761 43.18615 43.16427 43.14241 43.12055 43.09869 43.07682 43.05496 43.0331 43.01124 42.98932 42.96709 42.9446 42.92698 42.91417 42.90117 42.88816 42.87515 42.86214 42.84914 42.83612 42.82312 42.81017 42.79761 42.7854 42.78272 42.7896 42.79678 42.80395 42.81113 42.81831 42.82549 42.83266 42.83984 42.84694 42.85353 42.85963 42.87691 42.90534 42.93336 42.96136 42.98937 43.01737 43.04538 43.07338 43.10138 43.12936 43.15722 43.18493 43.20792 43.2262 43.24435 43.2625 43.28065 43.2988 43.31694 43.33509 43.35324 43.37149 43.39063 43.41072
43.12743 43.12648 43.12553 43.12457 43.1236 43.12262 43.11213 43.09216 43.07217 43.05219 43.0322 43.01222 42.99224 42.97225 42.95227 42.93226 42.91197 42.89135 42.87313 42.85727 42.84125 42.82524 42.80923 42.79322 42.77721 42.76119 42.74519 42.7292 42.7136 42.69845 42.6943 42.70119 42.70831 42.71542 42.72254 42.72966 42.73677 42.74389 42.75101 42.7581 42.76463 42.77048 42.78798 42.81701 42.84569 42.87437 42.90305 42.93172 42.96039 42.98907 43.01774 43.04642 43.07503 43.10355 43.12721 43.146 43.16474 43.18349 43.20222 43.22097 43.23971 43.25845 43.27719 43.29594 43.31549 43.33612
43.05186 43.05104 43.05023 43.04942 43.04857 43.04765 43.03814 43.02004 43.00193 42.98383 42.96572 42.94761 42.92951 42.9114 42.8933 42.87519 42.85688 42.83816 42.81931 42.80035 42.78134 42.76232 42.74331 42.72429 42.70528 42.68627 42.66726 42.64824 42.62951 42.6114 42.60583 42.61279 42.61984 42.6269 42.63395 42.64101 42.64807 42.65512 42.66218 42.66923 42.67588 42.68154 42.69914 42.72867 42.75802 42.78737 42.81672 42.84607 42.87542 42.90476 42.93411 42.96346 42.9928 43.02213 43.04646 43.0658 43.08514 43.10447 43.1238 43.14314 43.16247 43.1818 43.20113 43.22047 43.24024 43.26135
42.97472 42.97459 42.97459 42.97427 42.97357 42.97273 42.96415 42.94783 42.93106 42.91435 42.89785 42.88161 42.8656 42.84978 42.83406 42.8181 42.80182 42.78502 42.76545 42.74339 42.72102 42.69869 42.67651 42.6545 42.63263 42.61086 42.58915 42.5673 42.54535 42.52422 42.51739 42.52436 42.53117 42.53798 42.54488 42.55186 42.55893 42.56606 42.57323 42.58034 42.58726 42.59286 42.6103 42.64032 42.67033 42.70042 42.73056 42.7607 42.79079 42.82078 42.85064 42.8805 42.91052 42.94063 42.96568 42.98562 43.00584 43.02607 43.04619 43.06616 43.08599 43.10569 43.12531 43.14501 43.16497 43.18638
42.89478 42.89511 42.89586 42.89701 42.89834 42.89788 42.88893 42.87298 42.85749 42.84245 42.82782 42.81353 42.79958 42.78593 42.77256 42.75945 42.74644 42.73193 42.71077 42.68469 42.65894 42.6335 42.60835 42.58342 42.55869 42.53415 42.50974 42.48545 42.4612 42.43689 42.42866 42.435 42.44151 42.44819 42.45502 42.46197 42.46905 42.47623 42.4835 42.49086 42.49827 42.5045 42.52113 42.55172 42.58257 42.61358 42.64468 42.67578 42.7068 42.73767 42.76829 42.79858 42.82851 42.85902 42.88539 42.90688 42.92813 42.94913 42.96989 42.99044 43.01078 43.03094 43.05091 43.0707 43.09036 43.11118
42.81237 42.81293 42.81388 42.81517 42.81634 42.81586 42.80857 42.79482 42.78143 42.76846 42.75588 42.74364 42.73173 42.7201 42.70875 42.69761 42.68638 42.67371 42.65255 42.62375 42.5952 42.56695 42.53897 42.51121 42.48365 42.45625 42.429 42.40185 42.37463 42.34748 42.33799 42.3444 42.35094 42.35764 42.36448 42.37144 42.37852 42.3857 42.39297 42.40032 42.40765 42.41367 42.43106 42.46279 42.49474 42.52685 42.55904 42.59123 42.62335 42.65532 42.68705 42.71848 42.74965 42.78147 42.80831 42.83021 42.85196 42.87347 42.89474 42.91582 42.9367 42.95739 42.97791 42.99826 43.01857 43.04024
42.71458 42.71511 42.7157 42.7159 42.71593 42.7157 42.70991 42.69868 42.6871 42.67547 42.66401 42.65277 42.64173 42.63086 42.62002 42.60891 42.59761 42.58579 42.56614 42.53889 42.51143 42.48392 42.45653 42.42928 42.40216 42.37513 42.34813 42.32095 42.29382 42.26757 42.25804 42.26484 42.27154 42.27819 42.2849 42.2917 42.29856 42.30549 42.31244 42.31929 42.32595 42.33118 42.34957 42.38166 42.41372 42.44584 42.478 42.51017 42.54229 42.57431 42.60625 42.63825 42.67031 42.7023 42.72942 42.75171 42.77415 42.79669 42.81915 42.84148 42.86367 42.88577 42.90781 42.92998 42.95235 42.97613
42.60102 42.60144 42.60186 42.60228 42.60256 42.60265 42.59705 42.58579 42.57449 42.5632 42.5519 42.54061 42.52931 42.51802 42.50672 42.49543 42.48389 42.47195 42.45433 42.43101 42.40761 42.38422 42.36083 42.33744 42.31405 42.29066 42.26727 42.24388 42.22087 42.19856 42.19055 42.19686 42.2033 42.20975 42.21619 42.22264 42.22908 42.23553 42.24197 42.24842 42.25433 42.2591 42.27717 42.30847 42.33952 42.37056 42.40161 42.43265 42.46369 42.49474 42.52578 42.55682 42.58776 42.61846 42.646 42.67037 42.69467 42.71898 42.74328 42.76758 42.79189 42.81619 42.84049 42.8648 42.88957 42.91557
42.48636 42.48713 42.48789 42.48863 42.4892 42.4896 42.48417 42.47289 42.46151 42.45015 42.43878 42.42741 42.41605 42.40468 42.39332 42.38191 42.3702 42.35818 42.34249 42.32312 42.30358 42.28404 42.2645 42.24496 42.22543 42.20589 42.18635 42.16685 42.14787 42.12946 42.1231 42.12887 42.13496 42.14104 42.14713 42.15321 42.1593 42.16538 42.17146 42.1775 42.1828 42.18723 42.20477 42.23529 42.2653 42.29532 42.32533 42.35535 42.38536 42.41537 42.44539 42.47539 42.50512 42.5345 42.56248 42.58903 42.61535 42.64167 42.668 42.69432 42.72065 42.74696 42.77329 42.79963 42.82674 42.8548
