Spatial_Analysis/Downscaled_EnvironmentalLayers/RCP4_5/2080/par_far45.asc
ncols         648
nrows         324
xllcorner     -102.97071042
yllcorner     3.973116569
cellsize      0.083
NODATA_value  -9999
[rows 58 to 86 of 324, columns 198 to 263 of 648]
42.0355 42.08001 42.12482 42.16981 42.21479 42.25978 42.30477 42.34975 42.39474 42.43972 42.48461 42.5293 42.56338 42.58684 42.61011 42.63327 42.65642 42.67958 42.70274 42.72589 42.74905 42.77221 42.79573 42.82004 42.86111 42.91895 42.97754 43.03664 43.09573 43.15483 43.21392 43.27301 43.3321 43.3912 43.45094 43.51229 43.57945 43.65245 43.72709 43.80275 43.87803 43.95224 44.02565 44.09847 44.17084 44.24285 44.31457 44.38575 44.4014 44.36173 44.32095 44.27914 44.23683 44.19429 44.15167 44.1091 44.06664 44.02435 -9999 -9999 -9999 -9999 -9999 -9999 -9999 -9999
42.09815 42.139 42.18015 42.22142 42.2627 42.30397 42.34525 42.38652 42.4278 42.46907 42.51029 42.55137 42.585 42.61116 42.63719 42.66315 42.68912 42.71508 42.74104 42.767 42.79296 42.81892 42.84521 42.87236 42.91365 42.96909 43.02538 43.08212 43.13885 43.1956 43.25234 43.30909 43.36583 43.42257 43.47982 43.53865 43.60515 43.67935 43.75514 43.83181 43.90849 43.9847 44.05986 44.13428 44.20814 44.28157 44.35466 44.42713 44.44332 44.40337 44.36177 44.31918 44.27615 44.23295 44.18974 44.1466 44.10359 44.06076 -9999 43.97574 -9999 -9999 -9999 -9999 -9999 -9999
42.16077 42.19798 42.23547 42.27303 42.3106 42.34816 42.38573 42.42329 42.46086 42.49842 42.53597 42.57344 42.60661 42.63548 42.66427 42.69304 42.7218 42.75057 42.77934 42.80811 42.83688 42.86564 42.8946 42.92452 42.96603 43.01913 43.0732 43.1276 43.18198 43.23638 43.29077 43.34516 43.39955 43.45394 43.5086 43.56479 43.63062 43.7061 43.78321 43.86088 43.93856 44.01623 44.09352 44.16977 44.24527 44.32021 44.39471 44.46856 44.48527 44.44466 44.40203 44.3585 44.31463 44.27068 44.22676 44.18297 44.13933 44.09587 44.05261 44.00954 43.97715 43.95401 -9999 -9999 -9999 -9999
42.22336 42.25695 42.29079 42.32464 42.3585 42.39235 42.42621 42.46006 42.49392 42.52777 42.56163 42.59547 42.62819 42.65978 42.69135 42.72292 42.7545 42.78607 42.81764 42.84921 42.88078 42.91236 42.94397 42.97652 43.01824 43.0691 43.12104 43.17308 43.22512 43.27716 43.32919 43.38123 43.43327 43.48531 43.53738 43.59075 43.6559 43.73278 43.81127 43.88995 43.96862 44.04731 44.12598 44.2045 44.282 44.35866 44.43468 44.51004 44.52729 44.4855 44.44156 44.3969 44.35207 44.30724 44.26253 44.21798 44.17361 44.12941 44.08539 44.0415 44.00583 43.97692 43.94588 -9999 -9999 -9999
42.28595 42.31596 42.34611 42.37632 42.40657 42.4368 42.46699 42.4971 42.52712 42.55713 42.58727 42.61744 42.64971 42.68405 42.71843 42.75299 42.78757 42.82207 42.85646 42.89073 42.92491 42.95909 42.99345 43.02834 43.07023 43.11918 43.16887 43.21863 43.26833 43.31795 43.36754 43.41717 43.46688 43.51667 43.56637 43.61662 43.68103 43.75965 43.83934 43.91877 43.99809 44.07753 44.15718 44.23705 44.31709 44.39645 44.47443 44.55148 44.5693 44.52564 44.48002 44.434 44.38802 44.34221 44.2966 44.25122 44.20601 44.16096 44.11604 44.07116 44.03183 43.99665 43.95929 -9999 -9999 -9999
42.34856 42.37509 42.40178 42.4285 42.45523 42.4819 42.5085 42.53498 42.56128 42.58739 42.61329 42.63935 42.67114 42.70871 42.74661 42.78437 42.82196 42.85937 42.89658 42.9336 42.97041 43.00703 43.04347 43.08016 43.12209 43.16965 43.21735 43.26473 43.31183 43.35878 43.40569 43.45264 43.49977 43.54716 43.59492 43.64272 43.70614 43.78626 43.86579 43.94538 44.02519 44.1053 44.18576 44.26666 44.348 44.42983 44.512 44.59257 44.61103 44.56412 44.51633 44.46882 44.42167 44.37484 44.3283 44.282 44.23586 44.18984 44.14384 44.09776 44.05434 44.01232 43.96818 43.92243 -9999 -9999
42.41165 42.43475 42.45794 42.48117 42.50439 42.52757 42.55065 42.57361 42.5964 42.61896 42.64124 42.66331 42.6947 42.73561 42.77645 42.81709 42.85753 42.89777 42.93781 42.97765 43.01727 43.05667 43.09582 43.13483 43.17666 43.22194 43.26687 43.31138 43.3556 43.39965 43.44366 43.48772 43.53196 43.5765 43.62146 43.6669 43.72937 43.80957 43.88952 43.96964 44.05001 44.13069 44.21176 44.29327 44.37527 44.45781 44.54094 44.6244 44.64412 44.5964 44.54783 44.49944 44.45142 44.40375 44.35633 44.30911 44.26198 44.21486 44.1676 44.12009 44.07259 44.02439 43.97518 43.92493 -9999 -9999
42.47546 42.49495 42.51459 42.53431 42.55406 42.57378 42.59343 42.61299 42.63243 42.65179 42.67125 42.69089 42.7221 42.7649 42.8079 42.8511 42.89424 42.93726 42.98013 43.02286 43.06544 43.10794 43.15062 43.19373 43.23558 43.27623 43.31738 43.35857 43.39962 43.44056 43.48147 43.52241 43.56348 43.6047 43.64592 43.68728 43.74832 43.82923 43.91061 43.9916 44.07262 44.15381 44.23527 44.31702 44.39907 44.48129 44.56324 44.64437 44.66266 44.6165 44.56886 44.52121 44.47356 44.42592 44.37828 44.33066 44.28306 44.23546 44.18789 44.14032 44.08974 44.03587 43.98157 43.92686 43.87176 -9999
42.54304 42.56024 42.57773 42.59523 42.61272 42.63023 42.64773 42.66522 42.68272 42.70021 42.71771 42.73532 42.76595 42.80959 42.85335 42.89711 42.94087 42.98465 43.02841 43.07215 43.11592 43.15968 43.20345 43.24776 43.28889 43.32684 43.36545 43.40408 43.44271 43.48134 43.51997 43.55861 43.59724 43.63587 43.6745 43.714 43.77307 43.85165 43.93142 44.01125 44.09108 44.17089 44.25072 44.33058 44.41041 44.49025 44.57008 44.64828 44.66586 44.62227 44.57608 44.52969 44.48329 44.4369 44.39051 44.34413 44.29776 44.25141 44.20507 44.15867 44.10802 44.05317 43.99821 43.94317 43.88808 43.83296
42.6143 42.63044 42.64697 42.66357 42.68017 42.69677 42.71337 42.72997 42.74657 42.76317 42.77979 42.7965 42.82616 42.86876 42.91146 42.95417 42.99689 43.0396 43.08232 43.12504 43.16776 43.21048 43.25326 43.29646 43.33642 43.3731 43.41024 43.44749 43.48473 43.52198 43.55923 43.59648 43.63372 43.67097 43.70835 43.74678 43.80338 43.87815 43.95405 44.03028 44.1065 44.18273 44.25895 44.33518 44.4114 44.48763 44.56365 44.63749 44.65424 44.61364 44.57041 44.52652 44.4826 44.43869 44.39478 44.35086 44.30696 44.26308 44.2192 44.17514 44.12759 44.07656 44.0254 43.97413 43.92278 -9999
42.68554 42.70065 42.71619 42.7319 42.7476 42.76331 42.77901 42.79472 42.81042 42.82613 42.84186 42.85767 42.88635 42.92792 42.96956 43.01124 43.05291 43.09458 43.13625 43.17793 43.2196 43.26127 43.30301 43.34495 43.38371 43.41927 43.45504 43.4909 43.52676 43.56262 43.59848 43.63435 43.67021 43.70607 43.74222 43.77937 43.8335 43.9046 43.97669 44.0493 44.12193 44.19455 44.26716 44.33978 44.4124 44.48501 44.55713 44.62708 44.64312 44.60511 44.56472 44.5233 44.48187 44.44043 44.39899 44.35756 44.31612 44.2747 44.23324 44.19153 44.14704 44.09983 44.05244 44.00489 43.95722 -9999
42.75675 42.77086 42.78542 42.80023 42.81504 42.82985 42.84466 42.85947 42.87428 42.88908 42.90392 42.9188 42.94652 42.98707 43.02767 43.06829 43.10892 43.14955 43.19018 43.23081 43.27144 43.31207 43.3527 43.39331 43.43086 43.46535 43.49984 43.53431 43.56879 43.60327 43.63774 43.67221 43.70669 43.74117 43.77602 43.81179 43.86344 43.93094 43.99934 44.06834 44.13735 44.20636 44.27537 44.34438 44.41338 44.48239 44.55072 44.61705 44.63242 44.59678 44.55904 44.52006 44.48108 44.44212 44.40316 44.36419 44.32523 44.28627 44.24723 44.20785 44.16642 44.12299 44.07932 44.03545 43.99139 43.94712
42.8279 42.84103 42.85465 42.86857 42.88248 42.89639 42.91031 42.92421 42.93813 42.95203 42.96597 42.97993 43.00668 43.04621 43.08577 43.12536 43.16495 43.20453 43.24411 43.2837 43.32328 43.36287 43.40235 43.44162 43.47797 43.51141 43.54464 43.57772 43.61081 43.64391 43.677 43.71009 43.74318 43.77627 43.80973 43.84408 43.89323 43.95718 44.02197 44.08737 44.15277 44.21817 44.28357 44.34898 44.41437 44.47978 44.5445 44.60736 44.62211 44.58869 44.55337 44.51683 44.48029 44.44378 44.40727 44.37077 44.33428 44.29779 44.26117 44.22414 44.18575 44.14606 44.10607 44.0658 44.02524 43.98437
42.89896 42.91113 42.92389 42.9369 42.94992 42.96293 42.97595 42.98896 43.00198 43.015 43.02802 43.04106 43.06683 43.10535 43.14388 43.18242 43.22096 43.25951 43.29804 43.33658 43.37513 43.41366 43.45204 43.48999 43.52514 43.5575 43.58943 43.62114 43.65284 43.68454 43.71625 43.74796 43.77966 43.81137 43.84337 43.87624 43.92289 43.98333 44.04461 44.1064 44.16819 44.22998 44.29178 44.35357 44.41536 44.47716 44.53844 44.59797 44.61209 44.58082 44.54775 44.51362 44.47951 44.44543 44.41137 44.37732 44.34328 44.30925 44.27509 44.24041 44.20506 44.16906 44.13268 44.09589 44.05875 44.02121
42.96991 42.98117 42.99312 43.00523 43.01736 43.02947 43.04159 43.05371 43.06583 43.07795 43.09007 43.10218 43.127 43.16449 43.20199 43.23948 43.27698 43.31448 43.35197 43.38947 43.42696 43.46446 43.50181 43.5385 43.57245 43.60368 43.63423 43.66455 43.69487 43.72519 43.75551 43.78583 43.81615 43.84647 43.87695 43.90828 43.95243 44.00939 44.06724 44.12542 44.18361 44.2418 44.29998 44.35817 44.41636 44.47454 44.53247 44.58879 44.60232 44.57311 44.54212 44.51043 44.47875 44.44711 44.41548 44.38387 44.35226 44.32068 44.28902 44.25675 44.22441 44.19208 44.1592 44.12583 44.092 44.0577
43.04073 43.05117 43.06235 43.07357 43.08479 43.09602 43.10724 43.11846 43.12968 43.14091 43.15213 43.16333 43.18716 43.22364 43.26009 43.29655 43.333 43.36945 43.4059 43.44235 43.4788 43.51526 43.55167 43.58725 43.62002 43.64999 43.67903 43.70796 43.73689 43.76583 43.79476 43.8237 43.85263 43.88157 43.91052 43.94023 43.98187 44.03542 44.08988 44.14446 44.19903 44.25361 44.30819 44.36277 44.41734 44.47192 44.52648 44.57975 44.59272 44.56545 44.53648 44.50725 44.47802 44.4488 44.41961 44.39043 44.36126 44.33211 44.30297 44.27324 44.24395 44.21519 44.18567 44.15553 44.12483 44.09359
43.11139 43.12125 43.13158 43.1418 43.152 43.16223 43.17254 43.18293 43.19341 43.20386 43.21419 43.22449 43.24736 43.28279 43.3182 43.35348 43.38873 43.42405 43.45947 43.49497 43.53052 43.56605 43.60146 43.63631 43.66793 43.69627 43.72382 43.75138 43.77902 43.80669 43.83435 43.8619 43.88932 43.91668 43.94421 43.97211 44.01122 44.06155 44.11252 44.16387 44.21553 44.26707 44.31826 44.36897 44.41921 44.46937 44.52028 44.57074 44.58321 44.55762 44.53085 44.50479 44.4792 44.45317 44.42644 44.3991 44.37133 44.34365 44.31686 44.28989 44.26371 44.23833 44.21183 44.18523 44.15866 44.13124
43.18197 43.19118 43.20017 43.20921 43.21832 43.22754 43.23689 43.24638 43.25604 43.26589 43.27591 43.28568 43.30758 43.34164 43.37539 43.40928 43.44336 43.47762 43.51203 43.54658 43.58127 43.61607 43.65094 43.68557 43.71619 43.74236 43.76849 43.79491 43.82151 43.84819 43.87483 43.9013 43.92749 43.95328 43.97861 44.00409 44.04052 44.08841 44.13774 44.1872 44.23643 44.28524 44.33344 44.38084 44.42725 44.4725 44.51657 44.56141 44.57364 44.55092 44.531 44.51052 44.48893 44.46609 44.44195 44.4165 44.38974 44.36198 44.33357 44.3065 44.28374 44.26208 44.24257 44.22232 44.20066 44.17747
43.25195 43.25985 43.26776 43.27575 43.28384 43.29205 43.3004 43.3089 43.31758 43.32648 43.33564 43.34501 43.36597 43.39843 43.43105 43.46391 43.497 43.53028 43.56372 43.59731 43.63104 43.66492 43.69891 43.73297 43.76282 43.78766 43.81292 43.83853 43.86436 43.89025 43.9161 43.94178 43.96714 43.99206 44.01637 44.04001 44.07402 44.12063 44.16769 44.21465 44.26131 44.30751 44.35305 44.39775 44.44138 44.48368 44.52436 44.56342 44.57424 44.55832 44.54254 44.52548 44.50708 44.48731 44.46618 44.44363 44.41964 44.39415 44.36715 44.33917 44.31762 44.30202 44.28751 44.27146 44.25371 44.23427
43.32009 43.32716 43.33438 43.34148 43.3486 43.3558 43.36309 43.37052 43.37806 43.38569 43.3932 43.40055 43.42046 43.45293 43.48525 43.51743 43.54967 43.58205 43.61455 43.64717 43.67988 43.71264 43.74528 43.77738 43.80637 43.83209 43.85714 43.88226 43.90752 43.93285 43.95813 43.98329 44.00823 44.03293 44.05768 44.08294 44.11664 44.15896 44.20215 44.24609 44.29007 44.33376 44.37698 44.41955 44.46138 44.50257 44.54407 44.58667 44.59945 44.58213 44.56501 44.54934 44.53336 44.51655 44.49876 44.47996 44.46027 44.44007 44.42057 44.40233 44.38504 44.368 44.35027 44.33437 44.31834 44.30143
43.3787 43.38524 43.39241 43.39959 43.40678 43.41394 43.42112 43.42832 43.43551 43.44269 43.44987 43.45713 43.47741 43.5107 43.54408 43.57745 43.61083 43.64419 43.67757 43.71096 43.74434 43.77772 43.81109 43.84332 43.87244 43.8985 43.92317 43.94778 43.9724 43.99702 44.02164 44.04623 44.07085 44.09546 44.12007 44.14547 44.17781 44.21706 44.25738 44.29777 44.33815 44.37862 44.41904 44.45934 44.4997 44.54008 44.58047 44.62012 44.63334 44.62017 44.60585 44.59143 44.57703 44.56274 44.54837 44.53383 44.51937 44.50496 44.49055 44.47453 44.45944 44.44545 44.42856 44.41141 44.39426 44.37724
43.42755 43.43479 43.44267 43.45067 43.45866 43.46666 43.47466 43.48266 43.49065 43.49865 43.50668 43.51485 43.53688 43.57273 43.60875 43.64479 43.68085 43.71689 43.75294 43.789 43.82505 43.86109 43.89695 43.93146 43.96149 43.98706 44.0112 44.03502 44.05882 44.08263 44.10643 44.13025 44.15406 44.17786 44.20181 44.22688 44.25722 44.29281 44.32963 44.36678 44.40394 44.44109 44.47825 44.5154 44.55256 44.58971 44.62677 44.66279 44.6761 44.66673 44.65619 44.6453 44.6344 44.6235 44.61261 44.60171 44.59082 44.57992 44.56881 44.55495 44.54131 44.528 44.51146 44.49379 44.47612 44.45845
43.47625 43.48432 43.49294 43.50174 43.51056 43.51937 43.52818 43.53699 43.5458 43.55462 43.5635 43.57261 43.59637 43.63478 43.67342 43.71214 43.75086 43.78959 43.8283 43.86703 43.90575 43.94447 43.98278 44.01982 44.05077 44.07564 44.09924 44.12224 44.14525 44.16825 44.19126 44.21426 44.23727 44.26027 44.28363 44.30824 44.33656 44.3686 44.40187 44.43579 44.46972 44.50364 44.53756 44.57149 44.60541 44.63933 44.67299 44.70559 44.71903 44.71331 44.70654 44.69916 44.69178 44.6844 44.67702 44.66963 44.66225 44.65487 44.64678 44.63543 44.62329 44.61045 44.59434 44.57616 44.55797 44.53979
43.52483 43.5338 43.5432 43.55283 43.56245 43.57207 43.5817 43.59133 43.60095 43.61058 43.62034 43.63037 43.65587 43.69685 43.73808 43.77948 43.82087 43.86227 43.90366 43.94506 43.98645 44.02785 44.06871 44.10839 44.14026 44.16434 44.18727 44.20948 44.23167 44.25388 44.27607 44.29827 44.32048 44.34268 44.36541 44.38947 44.41578 44.44431 44.47412 44.50481 44.5355 44.56619 44.59688 44.62757 44.65826 44.68896 44.71927 44.74854 44.76211 44.75999 44.75687 44.75303 44.74916 44.74529 44.74142 44.73756 44.73369 44.72983 44.7248 44.71618 44.70557 44.69307 44.67716 44.65854 44.63984 44.62113
43.57331 43.58322 43.59346 43.6039 43.61434 43.62478 43.63522 43.64566 43.6561 43.66654 43.67716 43.6881 43.71534 43.75889 43.80276 43.84682 43.89089 43.93496 43.97903 44.02309 44.06716 44.11122 44.15475 44.19714 44.22994 44.25317 44.27531 44.29671 44.3181 44.3395 44.36089 44.38229 44.40369 44.42508 44.44709 44.47053 44.49481 44.51991 44.54637 44.57382 44.60128 44.62874 44.6562 44.68366 44.71112 44.73858 44.76563 44.79164 44.80535 44.80678 44.80722 44.80689 44.80654 44.80619 44.80584 44.80548 44.80513 44.80478 44.80306 44.79736 44.78832 44.77604 44.76001 44.74091 44.72169 44.70248
43.62176 43.6326 43.64372 43.65498 43.66623 43.67749 43.68874 43.69999 43.71125 43.7225 43.73394 43.74577 43.77476 43.82089 43.86743 43.91417 43.96091 44.00764 44.05438 44.10113 44.14787 44.1946 44.24089 44.28606 44.31979 44.34213 44.36335 44.38394 44.40453 44.42512 44.44571 44.4663 44.4869 44.50749 44.52864 44.55137 44.57362 44.59533 44.6186 44.64283 44.66706 44.69129 44.71552 44.73975 44.76398 44.78821 44.81209 44.83489 44.84875 44.85369 44.85758 44.86075 44.86391 44.86708 44.87025 44.87341 44.87657 44.87974 44.88168 44.87916 44.87173 44.85951 44.84297 44.82328 44.80355 44.78382
43.6702 43.68198 43.69398 43.70605 43.71812 43.73019 43.74226 43.75433 43.7664 43.77847 43.79066 43.80336 43.83409 43.88284 43.9321 43.98151 44.03092 44.08033 44.12975 44.17916 44.22857 44.27798 44.32713 44.37513 44.40981 44.43119 44.45138 44.47117 44.49096 44.51075 44.53053 44.55032 44.57011 44.58989 44.61003 44.63194 44.65213 44.67056 44.69085 44.71185 44.73285 44.75384 44.77484 44.79583 44.81683 44.83783 44.85864 44.87831 44.89233 44.90073 44.90793 44.91461 44.92129 44.92797 44.93465 44.94133 44.94801 44.95469 44.96069 44.96175 44.956 44.94361 44.9259 44.90566 44.88541 44.86517
43.71865 43.73138 43.74425 43.75713 43.77001 43.7829 43.79578 43.80866 43.82154 43.83443 43.84735 43.86084 43.8933 43.94474 43.99677 44.04885 44.10094 44.15302 44.2051 44.25719 44.30927 44.36135 44.41338 44.46434 44.49997 44.52029 44.53942 44.5584 44.57738 44.59637 44.61535 44.63433 44.65332 44.6723 44.69135 44.71216 44.73028 44.74563 44.76309 44.78086 44.79863 44.81639 44.83416 44.85192 44.86969 44.88745 44.9052 44.9219 44.93611 44.94786 44.95828 44.96848 44.97867 44.98887 44.99906 45.00926 45.01945 45.02965 45.03979 45.04532 45.04139 45.02829 45.0088 44.98803 44.96727 44.94651
43.76716 43.78082 43.79451 43.80799 43.82132 43.83475 43.84839 43.86228 43.87638 43.89039 43.90409 43.91816 43.95236 44.00668 44.06144 44.11577 44.16979 44.22402 44.27867 44.33381 44.38934 44.44473 44.4995 44.55367 44.59027 44.60927 44.62745 44.645 44.66208 44.67951 44.69757 44.71632 44.73559 44.7547 44.77289 44.79203 44.80799 44.8208 44.83534 44.84907 44.862 44.87534 44.88956 44.90483 44.92098 44.93703 44.95161 44.96565 44.9801 44.99492 45.00863 45.02121 45.03252 45.04447 45.05775 45.07253 45.08857 45.1045 45.11832 45.12988 45.12815 45.11293 45.09169 45.06926 45.04546 45.02251
