Spatial_Analysis/Downscaled_EnvironmentalLayers/RCP4_5/2080/par_far45.asc
ncols         648
nrows         324
xllcorner     -102.97071042
yllcorner     3.973116569
cellsize      0.083
NODATA_value  -9999
[rows 0 to 28 of 324, columns 330 to 395 of 648]
39.61405 39.63545 39.65693 39.67847 39.7 39.72154 39.74307 39.76461 39.78615 39.80769 39.82922 39.84846 39.866 39.88221 39.89475 39.90455 39.9143 39.92404 39.93379 39.94353 39.95328 39.96303 39.97277 39.98235 40.00584 40.04327 40.08041 40.11732 40.15421 40.19111 40.22801 40.2649 40.3018 40.3387 40.37559 40.41235 40.44221 40.46519 40.48792 40.51043 40.53293 40.55543 40.57792 40.60043 40.62292 40.64542 40.66792 40.69001 40.70185 40.70352 40.70435 40.70444 40.70448 40.70452 40.70457 40.70461 40.70465 40.7047 40.70474 40.70476 40.70312 40.69982 40.69648 40.69309 40.6897 40.68631
39.62003 39.64234 39.66396 39.68537 39.70678 39.72819 39.74961 39.77102 39.79243 39.81384 39.83525 39.85558 39.87346 39.88908 39.9001 39.9096 39.91911 39.9286 39.9381 39.94761 39.95711 39.96661 39.97611 39.98555 40.00893 40.04624 40.08325 40.12016 40.15707 40.19397 40.23087 40.26778 40.30469 40.3416 40.3785 40.41535 40.44524 40.46819 40.4908 40.51326 40.53572 40.55819 40.58064 40.60312 40.62558 40.64805 40.67051 40.69283 40.70477 40.70634 40.70683 40.70683 40.70683 40.70683 40.70681 40.70682 40.70682 40.70682 40.70682 40.7068 40.70512 40.70176 40.69833 40.69488 40.69142 40.68796
39.62682 39.64967 39.67099 39.69264 39.71425 39.73562 39.75681 39.77786 39.79891 39.82003 39.84128 39.86254 39.88161 39.89598 39.9054 39.91452 39.92361 39.93274 39.94194 39.95123 39.96059 39.97002 39.97943 39.9887 40.01199 40.04916 40.08609 40.12284 40.15952 40.19624 40.23304 40.26997 40.30702 40.3442 40.38138 40.41833 40.44834 40.47121 40.49367 40.51582 40.53783 40.5599 40.58215 40.60459 40.62726 40.65013 40.67304 40.69554 40.70785 40.70921 40.70927 40.70886 40.70823 40.70776 40.70753 40.70755 40.70782 40.70831 40.70881 40.70884 40.70714 40.70371 40.7002 40.69636 40.69233 40.68845
39.63485 39.65754 39.68013 39.70206 39.72341 39.74433 39.76497 39.78544 39.80589 39.82642 39.8472 39.86834 39.89056 39.90151 39.91003 39.91863 39.92735 39.93617 39.9451 39.95414 39.9633 39.97258 39.98199 39.99151 40.015 40.05183 40.08813 40.12448 40.16092 40.19748 40.23419 40.27105 40.30811 40.34538 40.3829 40.4207 40.4515 40.47386 40.49514 40.5165 40.53805 40.55982 40.58184 40.60416 40.62678 40.64978 40.67321 40.69708 40.71105 40.71144 40.70966 40.70815 40.70704 40.70633 40.70598 40.706 40.70638 40.70712 40.70826 40.70975 40.70917 40.70536 40.7002 40.69536 40.69094 40.68692
39.64921 39.67101 39.69251 39.71355 39.73406 39.75416 39.77398 39.79364 39.81327 39.833 39.85296 39.87324 39.8939 39.90524 39.91357 39.92194 39.93041 39.93898 39.94765 39.95644 39.96533 39.97434 39.98347 39.99266 40.01572 40.05253 40.08881 40.12507 40.16141 40.19785 40.23444 40.27118 40.30811 40.34524 40.3826 40.42015 40.45046 40.47286 40.4941 40.51528 40.53662 40.55818 40.57998 40.60204 40.62443 40.64716 40.6703 40.69374 40.70682 40.70755 40.7061 40.70466 40.70356 40.70284 40.70246 40.70244 40.70277 40.70346 40.7045 40.70578 40.70462 40.70115 40.69647 40.69182 40.68753 40.68362
39.66756 39.68925 39.70819 39.72716 39.74622 39.76512 39.78385 39.80248 39.8211 39.83978 39.85856 39.87723 39.89392 39.90723 39.91603 39.92445 39.9328 39.94116 39.9496 39.9581 39.96667 39.97529 39.98384 39.99232 40.01491 40.05158 40.08813 40.1246 40.16096 40.19733 40.23378 40.27033 40.307 40.34375 40.38043 40.41696 40.44648 40.46877 40.49054 40.51215 40.53353 40.55495 40.5765 40.59824 40.62017 40.64224 40.66422 40.68594 40.69756 40.69862 40.69862 40.69835 40.69775 40.69725 40.69693 40.69685 40.69698 40.69727 40.69744 40.6973 40.69556 40.69227 40.68903 40.68568 40.68206 40.67852
39.71848 39.73948 39.75795 39.77551 39.79307 39.81063 39.82819 39.84575 39.86331 39.88087 39.89843 39.9149 39.92966 39.94297 39.95261 39.96078 39.96895 39.97711 39.98528 39.99344 40.00161 40.00978 40.01794 40.02608 40.04762 40.08257 40.11741 40.15221 40.18701 40.22181 40.25661 40.29141 40.32621 40.36102 40.39581 40.43051 40.45855 40.47998 40.50092 40.52162 40.54232 40.56303 40.58373 40.60444 40.62514 40.64584 40.66655 40.68711 40.6976 40.69805 40.69775 40.69704 40.69633 40.69563 40.69492 40.69421 40.69351 40.69279 40.69209 40.6914 40.68946 40.68627 40.6832 40.68018 40.67717 40.67416
39.80191 39.82211 39.84026 39.85683 39.87338 39.88993 39.90648 39.92302 39.93958 39.95612 39.97266 39.98732 40.0009 40.01366 40.02372 40.03161 40.03942 40.04725 40.05506 40.06288 40.0707 40.07852 40.08633 40.0941 40.11384 40.14555 40.17719 40.20876 40.24034 40.27191 40.30349 40.33506 40.36663 40.39821 40.42978 40.4611 40.48671 40.50664 40.52615 40.54529 40.5644 40.58352 40.60262 40.62173 40.64085 40.65996 40.67907 40.6979 40.7069 40.70612 40.70482 40.70306 40.70125 40.69944 40.69764 40.69584 40.69403 40.69223 40.69042 40.68869 40.68628 40.68318 40.68023 40.67741 40.67461 40.67181
39.88567 39.90497 39.92244 39.93816 39.95369 39.96922 39.98476 40.00029 40.01583 40.03136 40.04675 40.06015 40.07278 40.08482 40.0947 40.10244 40.10991 40.11738 40.12485 40.13232 40.13979 40.14725 40.15472 40.16213 40.18008 40.20855 40.23697 40.26532 40.29367 40.32201 40.35036 40.37871 40.40705 40.4354 40.46373 40.49171 40.5149 40.53333 40.55136 40.56896 40.58648 40.604 40.62152 40.63904 40.65656 40.67407 40.69159 40.70879 40.71635 40.71431 40.71189 40.70908 40.70617 40.70327 40.70036 40.69746 40.69456 40.69165 40.68876 40.686 40.68312 40.6801 40.67727 40.67464 40.67204 40.66946
39.96975 39.98807 40.00468 40.01948 40.034 40.04852 40.06304 40.07756 40.09208 40.10661 40.12091 40.13337 40.14515 40.15637 40.16579 40.17327 40.18039 40.18751 40.19463 40.20175 40.20887 40.21599 40.22311 40.23018 40.24632 40.27156 40.29675 40.32188 40.34699 40.37212 40.39724 40.42236 40.44747 40.47259 40.49768 40.52237 40.54315 40.56007 40.57658 40.59263 40.60855 40.62448 40.64041 40.65634 40.67226 40.68819 40.7041 40.71976 40.72591 40.72259 40.71899 40.71508 40.71109 40.70708 40.70309 40.69909 40.69508 40.69109 40.6871 40.6833 40.67995 40.67702 40.67432 40.67186 40.66949 40.66711
40.05412 40.07143 40.08702 40.10081 40.11431 40.12782 40.14133 40.15484 40.16834 40.18185 40.19517 40.20689 40.21786 40.22824 40.23701 40.24409 40.25086 40.25764 40.26441 40.27119 40.27796 40.28473 40.2915 40.29822 40.31258 40.33458 40.35653 40.37843 40.40032 40.42221 40.44411 40.466 40.48789 40.50978 40.53165 40.55307 40.57146 40.58688 40.60184 40.61629 40.63063 40.64497 40.6593 40.67364 40.68797 40.70231 40.71664 40.73076 40.73552 40.73093 40.72614 40.7211 40.716 40.71091 40.70581 40.70071 40.69561 40.69051 40.68542 40.68058 40.67675 40.67391 40.67135 40.66908 40.66692 40.66475
40.13881 40.15507 40.16947 40.18213 40.19462 40.20712 40.21961 40.23211 40.2446 40.2571 40.26951 40.28059 40.29082 40.30031 40.30833 40.31492 40.32135 40.32777 40.3342 40.34062 40.34705 40.35347 40.35989 40.36628 40.37885 40.3976 40.41632 40.43499 40.45365 40.47232 40.49098 40.50965 40.52831 40.54698 40.56563 40.58385 40.59987 40.61376 40.62714 40.63997 40.65271 40.66545 40.6782 40.69094 40.70368 40.71643 40.72916 40.74179 40.74516 40.73929 40.73328 40.72711 40.72092 40.71472 40.70853 40.70233 40.69614 40.68995 40.68375 40.67781 40.67349 40.67075 40.66835 40.66631 40.66436 40.6624
40.22381 40.23894 40.25195 40.26345 40.27493 40.28642 40.29789 40.30938 40.32086 40.33234 40.34382 40.35439 40.3639 40.37248 40.37965 40.38575 40.39183 40.3979 40.40398 40.41006 40.41613 40.42221 40.42828 40.43433 40.44511 40.46063 40.4761 40.49155 40.50698 40.52242 40.53786 40.5533 40.56873 40.58417 40.59961 40.6147 40.62839 40.64073 40.65246 40.66364 40.67479 40.68594 40.69709 40.70824 40.71939 40.73055 40.74169 40.75281 40.75479 40.74764 40.74042 40.73313 40.72584 40.71854 40.71125 40.70396 40.69667 40.68937 40.68208 40.67499 40.67015 40.66751 40.66531 40.66354 40.66179 40.66005
40.30915 40.32303 40.3343 40.34477 40.35525 40.36571 40.37617 40.38665 40.39712 40.40759 40.41805 40.42816 40.437 40.44463 40.45085 40.45658 40.46231 40.46804 40.47376 40.47949 40.48521 40.49095 40.49667 40.50239 40.51139 40.52366 40.53589 40.5481 40.56031 40.57252 40.58473 40.59694 40.60915 40.62136 40.63358 40.64563 40.65704 40.66782 40.67774 40.6873 40.69686 40.70642 40.71598 40.72554 40.7351 40.74466 40.75422 40.76378 40.76435 40.75593 40.74753 40.73914 40.73075 40.72237 40.71397 40.70558 40.69719 40.6888 40.68041 40.6721 40.66669 40.66417 40.66229 40.66076 40.65923 40.65769
40.39488 40.40711 40.41664 40.42524 40.43362 40.4424 40.45169 40.46149 40.47168 40.48209 40.49227 40.50172 40.51001 40.5166 40.52203 40.5269 40.53154 40.53641 40.54161 40.54715 40.55301 40.55908 40.56504 40.57044 40.57765 40.58669 40.59567 40.60423 40.61254 40.62103 40.62981 40.63892 40.64832 40.65794 40.66751 40.67652 40.68585 40.69495 40.703 40.71061 40.71801 40.72559 40.73344 40.74154 40.74987 40.75832 40.76671 40.77471 40.77381 40.76414 40.75465 40.74496 40.73512 40.72539 40.71582 40.7064 40.69713 40.68794 40.67871 40.66926 40.66307 40.66073 40.65931 40.65786 40.65628 40.65476
40.48104 40.48928 40.49415 40.49991 40.50668 40.51437 40.52283 40.53201 40.54178 40.5521 40.5629 40.57396 40.58279 40.58752 40.59029 40.59349 40.59726 40.60157 40.60639 40.6117 40.61748 40.62373 40.63046 40.63755 40.64392 40.6492 40.65295 40.65701 40.66156 40.66659 40.67207 40.678 40.68438 40.69122 40.69853 40.70625 40.71485 40.7215 40.72602 40.73095 40.73638 40.7423 40.74863 40.75532 40.76234 40.76964 40.7772 40.78493 40.78313 40.77215 40.76044 40.74895 40.73778 40.72689 40.71626 40.70585 40.69565 40.68562 40.67576 40.66601 40.65929 40.65734 40.65549 40.65372 40.65212 40.6507
40.55063 40.55894 40.56355 40.56884 40.57509 40.58224 40.59016 40.59877 40.60798 40.61772 40.62791 40.63825 40.64599 40.65066 40.65335 40.65635 40.65988 40.66394 40.6685 40.67355 40.67905 40.68502 40.69143 40.69814 40.7025 40.7048 40.7055 40.70641 40.70776 40.70958 40.71185 40.71456 40.71771 40.72131 40.72537 40.72976 40.73569 40.74124 40.74459 40.7482 40.7523 40.75686 40.76183 40.76716 40.7728 40.77874 40.78491 40.79121 40.78793 40.77602 40.76347 40.75105 40.73893 40.72708 40.71549 40.70412 40.69294 40.68195 40.6711 40.66035 40.65311 40.65135 40.64979 40.64824 40.64687 40.64566
40.6065 40.61683 40.62474 40.63197 40.63881 40.64598 40.65364 40.66175 40.67024 40.67891 40.68723 40.69504 40.70154 40.70658 40.7112 40.71545 40.71938 40.7235 40.72792 40.73266 40.7377 40.74291 40.74794 40.75253 40.75455 40.75399 40.75333 40.75237 40.75111 40.74999 40.74913 40.74858 40.7483 40.74821 40.74798 40.74731 40.74969 40.7547 40.75869 40.76235 40.76573 40.76926 40.77303 40.77704 40.78126 40.78559 40.78981 40.7937 40.78908 40.77617 40.76374 40.75124 40.73855 40.72594 40.71349 40.70118 40.689 40.67689 40.66472 40.65236 40.64495 40.64307 40.64222 40.64145 40.64053 40.63964
40.66841 40.67824 40.68602 40.69311 40.7002 40.70728 40.71437 40.72145 40.72854 40.73563 40.74271 40.74973 40.75585 40.7611 40.76609 40.77099 40.77589 40.78078 40.78568 40.79058 40.79548 40.80038 40.80527 40.81014 40.81123 40.80857 40.80578 40.80296 40.80013 40.79729 40.79446 40.79163 40.7888 40.78597 40.78314 40.78015 40.78092 40.78549 40.78929 40.79272 40.79615 40.79959 40.80302 40.80645 40.80989 40.81332 40.81675 40.82027 40.81537 40.80207 40.7892 40.77656 40.76392 40.75128 40.73864 40.72601 40.71337 40.70073 40.6881 40.67558 40.6685 40.66687 40.66604 40.66568 40.66531 40.66496
40.73622 40.74459 40.75146 40.75723 40.76296 40.76871 40.77445 40.78019 40.78593 40.79168 40.79742 40.80309 40.80885 40.81474 40.82051 40.8262 40.83189 40.83757 40.84326 40.84895 40.85463 40.86032 40.86601 40.87162 40.87255 40.86882 40.86498 40.86103 40.85709 40.85314 40.84919 40.84524 40.84129 40.83734 40.8334 40.82913 40.82932 40.83406 40.83823 40.84192 40.84558 40.84924 40.85289 40.85655 40.86021 40.86387 40.86753 40.8714 40.8668 40.85368 40.84097 40.82861 40.81628 40.80396 40.79163 40.7793 40.76698 40.75465 40.74232 40.7303 40.72373 40.72254 40.72198 40.72203 40.72214 40.72226
40.80439 40.8112 40.81683 40.82134 40.82574 40.83013 40.83453 40.83893 40.84333 40.84772 40.85212 40.85652 40.86196 40.86844 40.87493 40.8814 40.88788 40.89436 40.90084 40.90731 40.91379 40.92027 40.92674 40.93309 40.93387 40.92908 40.92416 40.91912 40.91405 40.90899 40.90392 40.89885 40.89379 40.88872 40.88364 40.87818 40.87786 40.88273 40.88716 40.89112 40.895 40.89888 40.90277 40.90665 40.91054 40.91442 40.91831 40.92252 40.91819 40.90528 40.89277 40.88066 40.86865 40.85663 40.84462 40.8326 40.82058 40.80857 40.79656 40.78498 40.77886 40.77812 40.77795 40.77839 40.77897 40.77955
40.87284 40.87803 40.88224 40.88545 40.8885 40.89155 40.89461 40.89767 40.90072 40.90377 40.90684 40.90998 40.9151 40.92219 40.92936 40.93661 40.94387 40.95114 40.95841 40.96568 40.97294 40.98021 40.98746 40.99458 40.9952 40.98935 40.98335 40.9772 40.97102 40.96483 40.95865 40.95247 40.94628 40.94009 40.93388 40.92732 40.92651 40.93149 40.93611 40.94032 40.94442 40.94854 40.95264 40.95675 40.96086 40.96497 40.9691 40.97361 40.96953 40.95684 40.94455 40.93272 40.92101 40.90931 40.8976 40.88589 40.87419 40.86248 40.8508 40.83959 40.83389 40.83361 40.83387 40.83474 40.8358 40.83685
40.94149 40.94502 40.94772 40.94956 40.95127 40.95298 40.95469 40.9564 40.95811 40.95982 40.96155 40.96345 40.96825 40.97594 40.98379 40.99181 40.99987 41.00793 41.01599 41.02404 41.0321 41.04016 41.0482 41.05608 41.05655 41.04963 41.04255 41.03529 41.02798 41.02068 41.01337 41.00607 40.99877 40.99147 40.98415 40.97651 40.97523 40.98032 40.9851 40.98952 40.99385 40.99819 41.00252 41.00685 41.01118 41.01552 41.01987 41.02464 41.02081 41.00834 40.9963 40.98477 40.97338 40.96198 40.95059 40.93919 40.9278 40.9164 40.90503 40.89413 40.88881 40.88902 40.88976 40.89109 40.89262 40.89415
41.01025 41.01211 41.01324 41.01368 41.01404 41.01441 41.01477 41.01514 41.01551 41.01587 41.01626 41.01688 41.02134 41.02964 41.0382 41.04702 41.05587 41.06472 41.07356 41.08241 41.09126 41.10011 41.10894 41.1176 41.11794 41.10995 41.10176 41.09337 41.08495 41.07653 41.06811 41.05969 41.05126 41.04285 41.03442 41.02574 41.02399 41.02919 41.03411 41.03872 41.04327 41.04783 41.05239 41.05695 41.06151 41.06607 41.07063 41.07561 41.07201 41.05976 41.04802 41.03682 41.02574 41.01466 41.00358 40.99249 40.98141 40.97033 40.95925 40.9486 40.94365 40.94434 40.94558 40.94744 40.94945 40.95145
41.07906 41.07925 41.07876 41.07779 41.07681 41.07583 41.07485 41.07388 41.0729 41.07192 41.07094 41.07023 41.07436 41.08328 41.09259 41.10222 41.11186 41.1215 41.13113 41.14078 41.15041 41.16005 41.16969 41.17917 41.17936 41.1703 41.16098 41.15145 41.14191 41.13237 41.12284 41.1133 41.10376 41.09422 41.08468 41.07499 41.07278 41.07809 41.08312 41.08792 41.0927 41.09748 41.10226 41.10705 41.11183 41.11662 41.1214 41.1265 41.12309 41.11108 41.09969 41.08887 41.07811 41.06733 41.05656 41.04579 41.03502 41.02424 41.01347 41.00299 40.99839 40.99957 41.00138 41.0038 41.00628 41.00875
41.14785 41.14634 41.14422 41.1419 41.13958 41.13726 41.13493 41.13261 41.13029 41.12797 41.12565 41.1235 41.12722 41.1368 41.147 41.15743 41.16786 41.17828 41.18871 41.19914 41.20957 41.22 41.23043 41.24077 41.24086 41.2307 41.22019 41.20953 41.19888 41.18822 41.17757 41.16691 41.15625 41.1456 41.13494 41.12423 41.12157 41.12698 41.13211 41.13711 41.14212 41.14713 41.15214 41.15715 41.16216 41.16716 41.17217 41.17732 41.17403 41.16228 41.15139 41.14093 41.13047 41.12001 41.10955 41.09909 41.08863 41.07817 41.0677 41.05735 41.05302 41.05471 41.05721 41.06015 41.0631 41.06605
41.21655 41.21333 41.20967 41.20597 41.20229 41.19866 41.19506 41.19145 41.1878 41.18409 41.18036 41.1767 41.17989 41.19024 41.20142 41.21273 41.22409 41.23541 41.24665 41.25784 41.26896 41.28004 41.29116 41.30238 41.30243 41.29113 41.27939 41.2677 41.25611 41.2445 41.23283 41.22106 41.20917 41.19717 41.1852 41.17342 41.17034 41.17583 41.18108 41.18648 41.19207 41.19759 41.20297 41.20818 41.21319 41.21806 41.22296 41.22818 41.22481 41.21341 41.20313 41.19317 41.18342 41.17356 41.16354 41.15331 41.14292 41.13241 41.12195 41.11178 41.10755 41.10981 41.11309 41.11663 41.12032 41.12394
41.28507 41.28005 41.2748 41.26973 41.26482 41.26001 41.25525 41.25048 41.24564 41.24068 41.23554 41.2302 41.23228 41.24394 41.25643 41.26883 41.28109 41.29322 41.30525 41.31717 41.329 41.34074 41.35242 41.36404 41.36411 41.35155 41.3391 41.32669 41.31422 41.30169 41.28903 41.27624 41.26327 41.25008 41.23663 41.22294 41.21904 41.22474 41.23118 41.23757 41.24377 41.24974 41.25548 41.26096 41.26616 41.27104 41.27558 41.2798 41.27539 41.26485 41.25627 41.24752 41.23843 41.22901 41.21929 41.20929 41.19904 41.18853 41.1778 41.16688 41.16199 41.16515 41.16994 41.17459 41.17896 41.18308
41.35175 41.34561 41.33929 41.33317 41.32719 41.32133 41.3155 41.30967 41.30377 41.29774 41.29155 41.28514 41.287 41.29939 41.31263 41.32576 41.33876 41.35163 41.3644 41.37705 41.38962 41.4021 41.41451 41.42687 41.42678 41.41327 41.39988 41.38653 41.37312 41.35965 41.34605 41.33231 41.3184 41.30427 41.28988 41.27524 41.27094 41.27694 41.28374 41.29049 41.29704 41.30336 41.30944 41.31527 41.32082 41.32604 41.33093 41.33549 41.33133 41.32103 41.31268 41.30415 41.29527 41.28607 41.27657 41.26678 41.25675 41.24646 41.23593 41.22523 41.2206 41.22411 41.22924 41.2342 41.23888 41.24331
