Spatial_Analysis/Downscaled_EnvironmentalLayers/RCP4_5/2080/par_far45.asc
ncols         648
nrows         324
xllcorner     -102.97071042
yllcorner     3.973116569
cellsize      0.083
NODATA_value  -9999
[rows 174 to 202 of 324, columns 396 to 461 of 648]
44.71336 44.7549 44.79633 44.83775 44.87929 44.92088 44.94964 44.96588 44.98314 45.00071 45.01834 45.03601 45.05362 45.07117 45.08868 45.10619 45.12376 45.14133 45.1574 45.1717 45.18515 45.1983 45.21144 45.22456 45.23767 45.25081 45.26399 45.27718 45.29035 45.3035 45.33296 45.37906 45.42598 45.47324 45.52047 45.56762 45.6148 45.66206 45.70939 45.75678 45.80407 45.85133 45.88658 45.90987 45.93328 45.95675 45.98017 46.00351 46.0269 46.05037 46.07393 46.09752 46.12102 46.14448 46.16066 46.16938 46.17776 46.18596 46.19413 46.20222 46.21034 46.21854 46.22681 46.23512 46.24335 46.25156
44.73944 44.77765 44.81585 44.85405 44.89225 44.93061 44.95882 44.97685 44.99555 45.0148 45.03405 45.05332 45.07257 45.09184 45.1111 45.13036 45.14962 45.16877 45.18641 45.20258 45.21818 45.23331 45.24841 45.26351 45.27861 45.29372 45.30881 45.32391 45.33902 45.35423 45.3833 45.42623 45.46981 45.51397 45.55817 45.60237 45.64658 45.69077 45.73498 45.77918 45.82338 45.8676 45.90059 45.92234 45.94426 45.96632 45.98838 46.01045 46.03252 46.05458 46.07666 46.09872 46.12079 46.14283 46.15817 46.1668 46.17516 46.18326 46.19134 46.19941 46.20749 46.21556 46.22364 46.2317 46.23978 46.24781
44.76587 44.80071 44.83554 44.87038 44.90522 44.94032 44.96783 44.98769 45.00803 45.02888 45.04982 45.07077 45.09171 45.11265 45.13359 45.15453 45.17547 45.19621 45.21555 45.23357 45.25117 45.26831 45.28537 45.30242 45.31948 45.33653 45.35358 45.37063 45.38769 45.40501 45.43359 45.47337 45.51372 45.5547 45.59585 45.63699 45.67813 45.71927 45.76041 45.80155 45.84268 45.8839 45.91463 45.93486 45.95527 45.97588 45.99655 46.01722 46.03789 46.05856 46.07922 46.09989 46.12056 46.14114 46.15569 46.16423 46.17254 46.18057 46.18852 46.19647 46.20442 46.21237 46.22032 46.22826 46.23621 46.24401
44.7923 44.82377 44.85524 44.88671 44.91818 44.94995 44.9767 44.9984 45.02047 45.04296 45.06559 45.08821 45.11084 45.13346 45.15609 45.17871 45.20132 45.2237 45.2448 45.26466 45.28418 45.30332 45.32233 45.34133 45.36034 45.37934 45.39835 45.41735 45.43636 45.45575 45.4838 45.52042 45.55761 45.59544 45.63351 45.6716 45.70967 45.74775 45.78584 45.82391 45.86199 45.90021 45.92868 45.94737 45.96629 45.98545 46.00471 46.02399 46.04325 46.06252 46.08179 46.10106 46.12033 46.13947 46.15324 46.16171 46.16993 46.17788 46.1857 46.19353 46.20135 46.20917 46.21699 46.22482 46.23264 46.24023
44.81874 44.84684 44.87494 44.90304 44.93115 44.95951 44.98549 45.00903 45.03286 45.05704 45.08135 45.10566 45.12996 45.15427 45.17857 45.20288 45.22718 45.25125 45.27412 45.29582 45.31724 45.33834 45.35929 45.38025 45.4012 45.42216 45.44312 45.46407 45.48503 45.50644 45.53393 45.56741 45.60146 45.63617 45.67119 45.70621 45.74123 45.77624 45.81126 45.84628 45.8813 45.9165 45.94271 45.95987 45.97729 45.99501 46.01288 46.03075 46.04862 46.06649 46.08436 46.10223 46.1201 46.13781 46.15083 46.1592 46.16734 46.17519 46.18289 46.19059 46.19828 46.20598 46.21367 46.22137 46.22906 46.23649
44.84517 44.8699 44.89463 44.91936 44.9441 44.96903 44.99421 45.0196 45.04523 45.07113 45.09711 45.12311 45.14909 45.17508 45.20107 45.22706 45.25304 45.27884 45.30349 45.32703 45.35033 45.37334 45.39625 45.41916 45.44207 45.46498 45.48789 45.51079 45.5337 45.55706 45.58395 45.61429 45.64524 45.6769 45.70886 45.74082 45.77278 45.80473 45.83669 45.86865 45.90061 45.93277 45.9567 45.97233 45.98827 46.00458 46.02105 46.03752 46.05399 46.07047 46.08693 46.1034 46.11987 46.13618 46.14847 46.15675 46.16477 46.1725 46.18007 46.18764 46.19521 46.20278 46.21035 46.21792 46.2255 46.23281
44.8716 44.89296 44.91433 44.9357 44.95706 44.97854 45.00291 45.03016 45.05759 45.08521 45.11288 45.14055 45.16822 45.19589 45.22356 45.25124 45.2789 45.30645 45.3329 45.35828 45.38343 45.40835 45.43321 45.45807 45.48293 45.50779 45.53265 45.55751 45.58237 45.60759 45.63385 45.66105 45.68895 45.71764 45.74653 45.77543 45.80433 45.83322 45.86212 45.89102 45.91991 45.94899 45.97061 45.98471 45.99921 46.01414 46.02922 46.04429 46.05936 46.07443 46.0895 46.10458 46.11964 46.13459 46.14614 46.15435 46.16225 46.16981 46.17725 46.1847 46.19214 46.19959 46.20704 46.21448 46.22192 46.22918
44.89803 44.91603 44.93403 44.95202 44.97002 44.98806 45.01163 45.04072 45.06995 45.0993 45.12865 45.158 45.18735 45.2167 45.24606 45.27541 45.30476 45.33406 45.36231 45.38952 45.41653 45.44336 45.47017 45.49698 45.5238 45.55061 45.57742 45.60423 45.63105 45.65805 45.68362 45.70769 45.73262 45.75836 45.7842 45.81004 45.83587 45.86171 45.88755 45.91338 45.93922 45.96516 45.98442 45.997 46.0101 46.02371 46.03738 46.05105 46.06472 46.0784 46.09207 46.10574 46.11942 46.13303 46.14389 46.152 46.15974 46.16712 46.17443 46.18176 46.18907 46.1964 46.20371 46.21103 46.21835 46.22559
44.92453 44.93914 44.95374 44.96835 44.98298 44.99761 45.02039 45.05134 45.08234 45.11338 45.14441 45.17548 45.20654 45.23757 45.26857 45.29958 45.33062 45.36165 45.3917 45.42075 45.4496 45.47837 45.50713 45.53592 45.56469 45.59345 45.6222 45.65095 45.67972 45.7085 45.73322 45.75417 45.77632 45.7991 45.82187 45.84462 45.86737 45.89014 45.91295 45.93575 45.95853 45.98131 45.99811 46.00917 46.021 46.03327 46.04555 46.05776 46.06996 46.08223 46.09457 46.10691 46.11919 46.13146 46.14169 46.14972 46.15723 46.16443 46.17162 46.17874 46.18584 46.19304 46.20031 46.20759 46.21478 46.22197
44.95174 44.96291 44.97401 44.98505 44.99607 45.00721 45.02925 45.06203 45.09477 45.12768 45.16063 45.19355 45.22639 45.25915 45.29179 45.3243 45.3567 45.38919 45.42106 45.45193 45.48269 45.51365 45.54455 45.57533 45.60598 45.63657 45.66714 45.69773 45.72839 45.75911 45.78265 45.80054 45.82011 45.83966 45.85914 45.87864 45.89819 45.91782 45.93758 45.95749 45.97754 45.99755 46.01165 46.02122 46.03195 46.04236 46.05265 46.06304 46.07361 46.0844 46.09545 46.10677 46.11833 46.12983 46.13957 46.1475 46.15465 46.16106 46.16734 46.17386 46.18066 46.18775 46.19512 46.20275 46.21056 46.21826
44.97969 44.9874 44.99499 45.00251 45.00995 45.01735 45.03825 45.07299 45.10789 45.14276 45.17757 45.21231 45.24696 45.28148 45.31587 45.35009 45.38409 45.41783 45.4505 45.4835 45.51691 45.54995 45.58271 45.61527 45.64768 45.68 45.7123 45.74463 45.77703 45.80959 45.83223 45.84712 45.86336 45.87955 45.89576 45.91199 45.9283 45.94472 45.96128 45.97805 45.99508 46.01242 46.02503 46.03299 46.04113 46.04943 46.05792 46.06664 46.07558 46.08481 46.09435 46.10427 46.11462 46.12551 46.13665 46.14445 46.14928 46.15464 46.16047 46.16674 46.1734 46.18042 46.18778 46.19549 46.20355 46.212
45.00833 45.01252 45.01661 45.02064 45.02462 45.02866 45.0491 45.08556 45.12197 45.15857 45.19516 45.2317 45.26816 45.30451 45.34074 45.37683 45.41276 45.44862 45.48404 45.51842 45.55273 45.58722 45.62155 45.65571 45.68975 45.72372 45.75766 45.79162 45.82565 45.85979 45.88144 45.89271 45.90584 45.91882 45.93177 45.94473 45.95776 45.97088 45.98415 45.99758 46.01119 46.02494 46.03399 46.04016 46.0476 46.05457 46.06155 46.06869 46.07602 46.08361 46.09147 46.09966 46.10817 46.11687 46.12512 46.13275 46.13942 46.14528 46.15129 46.1576 46.16425 46.17122 46.1785 46.18607 46.1939 46.20183
45.05206 45.05565 45.0592 45.06274 45.06634 45.06995 45.08955 45.1251 45.16056 45.19599 45.23146 45.26698 45.30247 45.33791 45.37328 45.40863 45.44403 45.47947 45.51429 45.54834 45.582 45.61552 45.64909 45.68267 45.7162 45.7497 45.78318 45.81668 45.8502 45.88374 45.90452 45.91325 45.92362 45.93461 45.94556 45.95647 45.9674 45.97837 45.98941 46.0005 46.01152 46.02251 46.03055 46.03621 46.04308 46.05045 46.05774 46.06491 46.07214 46.07949 46.08699 46.09457 46.10203 46.1094 46.11743 46.12598 46.13421 46.1423 46.15028 46.15812 46.16605 46.17414 46.18239 46.19072 46.19891 46.20699
45.11097 45.11686 45.12275 45.12865 45.13455 45.14044 45.15929 45.1911 45.22289 45.25466 45.28643 45.3182 45.34997 45.38174 45.41351 45.44528 45.47705 45.50874 45.54044 45.57215 45.60343 45.63435 45.66526 45.69617 45.72707 45.75798 45.78889 45.81979 45.8507 45.8818 45.9011 45.90861 45.91739 45.92727 45.93723 45.94719 45.95714 45.96709 45.97705 45.987 45.99696 46.00703 46.0154 46.02209 46.02971 46.03817 46.04671 46.05524 46.06377 46.0723 46.08084 46.08937 46.0979 46.10642 46.11598 46.12658 46.13707 46.14746 46.15784 46.16823 46.17861 46.18899 46.19938 46.20976 46.22015 46.23048
45.17006 45.17823 45.18641 45.19458 45.20275 45.21094 45.22906 45.25714 45.28522 45.31333 45.34143 45.36954 45.39764 45.42575 45.45386 45.48196 45.51007 45.53794 45.56653 45.5959 45.6248 45.65318 45.68147 45.70976 45.73804 45.76633 45.79461 45.8229 45.85118 45.87996 45.89758 45.90387 45.91129 45.91993 45.92886 45.93778 45.9467 45.95563 45.96455 45.97348 45.9824 45.99164 46.00018 46.0079 46.01645 46.0259 46.0356 46.04529 46.05499 46.06469 46.07438 46.08407 46.09377 46.10347 46.11465 46.12729 46.13995 46.15263 46.16531 46.17798 46.19067 46.20335 46.21603 46.2287 46.24138 46.25394
45.22915 45.2396 45.25006 45.26051 45.27096 45.28145 45.29886 45.32319 45.34757 45.37199 45.39643 45.42088 45.44532 45.46976 45.4942 45.51864 45.54308 45.56712 45.59262 45.61965 45.64614 45.67202 45.69768 45.72335 45.74901 45.77468 45.80034 45.82601 45.85168 45.87807 45.8939 45.89901 45.90519 45.9126 45.92049 45.92838 45.93627 45.94416 45.95205 45.95995 45.96784 45.97623 45.98486 45.99362 46.00317 46.01363 46.02449 46.03535 46.04621 46.05707 46.06792 46.07878 46.08964 46.10056 46.11337 46.12807 46.14288 46.15779 46.17277 46.18774 46.20272 46.2177 46.23267 46.24765 46.26262 46.27743
45.28824 45.30098 45.31371 45.32643 45.33917 45.35197 45.36866 45.38926 45.40992 45.43066 45.45144 45.47222 45.49299 45.51377 45.53455 45.55532 45.57608 45.59634 45.61877 45.64345 45.66751 45.69085 45.71389 45.73694 45.75998 45.78303 45.80607 45.82912 45.85217 45.87608 45.89006 45.89398 45.89898 45.90526 45.91212 45.91898 45.92584 45.9327 45.93956 45.94642 45.95328 45.96073 45.96941 45.97921 45.98982 46.00136 46.01338 46.0254 46.03743 46.04944 46.06147 46.07349 46.08551 46.09766 46.11212 46.12887 46.14581 46.16296 46.18023 46.19751 46.21478 46.23204 46.24932 46.26659 46.28386 46.30096
45.34734 45.36235 45.37736 45.39237 45.40738 45.42247 45.43845 45.45531 45.47226 45.48933 45.50644 45.52355 45.54067 45.55778 45.57489 45.592 45.6091 45.62563 45.64502 45.66734 45.68893 45.70968 45.73011 45.75053 45.77095 45.79138 45.81181 45.83223 45.85266 45.87394 45.88603 45.88876 45.89267 45.89792 45.90376 45.90958 45.91541 45.92123 45.92706 45.93289 45.93872 45.94513 45.95382 45.96467 45.97638 45.98909 46.00227 46.01546 46.02864 46.04183 46.05501 46.0682 46.08138 46.09473 46.11084 46.12964 46.14872 46.16813 46.18769 46.20726 46.22683 46.2464 46.26597 46.28553 46.3051 46.32453
45.40643 45.42372 45.44101 45.45829 45.47558 45.49296 45.50821 45.52133 45.53459 45.548 45.56145 45.57489 45.58834 45.60179 45.61523 45.62868 45.64213 45.65505 45.67143 45.6914 45.71046 45.72851 45.74632 45.76412 45.78193 45.79973 45.81754 45.83534 45.85315 45.87164 45.88177 45.88333 45.88621 45.89059 45.89538 45.90018 45.90497 45.90977 45.91457 45.91936 45.92416 45.92942 45.93807 45.94996 45.96283 45.97682 45.99116 46.00551 46.01986 46.03421 46.04856 46.0629 46.07725 46.09177 46.10948 46.13034 46.15158 46.17329 46.19515 46.21702 46.23888 46.26075 46.28261 46.30448 46.32634 46.34812
45.46552 45.48509 45.50465 45.52422 45.54379 45.56342 45.57793 45.58731 45.5969 45.60667 45.61645 45.62624 45.63601 45.64579 45.65558 45.66536 45.67514 45.6846 45.69807 45.71566 45.73206 45.74734 45.76253 45.77771 45.7929 45.80808 45.82327 45.83845 45.85364 45.86921 45.87725 45.87764 45.87966 45.88325 45.88701 45.89077 45.89454 45.89831 45.90207 45.90583 45.9096 45.91361 45.92212 45.93505 45.9492 45.96455 45.98006 45.99557 46.01108 46.02659 46.0421 46.05761 46.07312 46.08873 46.108 46.13091 46.15439 46.17846 46.20262 46.22678 46.25094 46.2751 46.29926 46.32342 46.34758 46.37171
45.52472 45.54656 45.56833 45.59015 45.61199 45.63385 45.64759 45.65324 45.65922 45.66534 45.67146 45.67762 45.68378 45.68988 45.69594 45.70204 45.70816 45.71422 45.725 45.74018 45.7536 45.76617 45.77874 45.79134 45.80396 45.81652 45.82903 45.84156 45.85412 45.86673 45.87241 45.87168 45.87318 45.87591 45.87865 45.88146 45.88432 45.88705 45.88965 45.8923 45.89504 45.89779 45.90594 45.91994 45.9356 45.95228 45.96895 45.98573 46.00257 46.01925 46.03575 46.05232 46.06899 46.08567 46.10634 46.13131 46.15717 46.18362 46.21008 46.23663 46.26324 46.28969 46.316 46.34237 46.36882 46.39528
45.58558 45.60975 45.63365 45.65724 45.68062 45.70433 45.71716 45.71913 45.7216 45.72465 45.72764 45.73036 45.73281 45.73506 45.73718 45.73923 45.74133 45.74363 45.75229 45.76492 45.77507 45.78527 45.79564 45.80601 45.8163 45.82641 45.83628 45.84584 45.85511 45.86456 45.86725 45.86549 45.86689 45.86949 45.87233 45.87496 45.87722 45.87903 45.88033 45.8811 45.88146 45.88218 45.88952 45.90463 45.92218 45.94128 45.96071 45.97976 45.99824 46.0161 46.03333 46.04995 46.06612 46.0827 46.10448 46.1315 46.16004 46.19 46.22029 46.2501 46.27931 46.30795 46.33604 46.3637 46.39108 46.41882
45.64847 45.67506 45.70129 45.72708 45.75238 45.7771 45.78684 45.78606 45.78668 45.78659 45.7859 45.78476 45.78326 45.7815 45.77957 45.77755 45.77552 45.77356 45.7795 45.78936 45.79736 45.80553 45.81377 45.82197 45.83006 45.83792 45.84548 45.8526 45.85917 45.86501 45.86275 45.8608 45.8642 45.86724 45.86983 45.87196 45.87357 45.87462 45.87503 45.87469 45.8735 45.87128 45.87417 45.89097 45.91415 45.9365 45.95797 45.97864 45.99853 46.01763 46.03594 46.05339 46.06992 46.08539 46.10386 46.13298 46.16845 46.20275 46.23594 46.26817 46.29958 46.33025 46.36026 46.38964 46.41842 46.44662
45.71338 45.74242 45.77113 45.79947 45.82742 45.85522 45.86645 45.86065 45.85562 45.85099 45.846 45.84064 45.83497 45.82906 45.823 45.81687 45.81074 45.80476 45.80731 45.81518 45.82087 45.82688 45.833 45.8391 45.8451 45.85091 45.85643 45.86157 45.86629 45.87069 45.86953 45.86627 45.8671 45.86898 45.87072 45.87211 45.87305 45.87348 45.87333 45.87254 45.87109 45.86923 45.87617 45.89381 45.91497 45.9377 45.96011 45.9819 46.003 46.0234 46.04308 46.06201 46.08023 46.09806 46.12202 46.15297 46.18652 46.2217 46.25642 46.29039 46.32365 46.35624 46.38823 46.41968 46.45068 46.48151
45.76607 45.79429 45.82235 45.85032 45.87845 45.90666 45.91693 45.90923 45.90137 45.89347 45.88573 45.87802 45.87018 45.86221 45.85417 45.84613 45.83818 45.83028 45.82977 45.83602 45.84069 45.84488 45.84914 45.8535 45.85783 45.86205 45.86612 45.87008 45.87415 45.87833 45.87831 45.87532 45.87516 45.87598 45.87707 45.87833 45.87945 45.88029 45.88084 45.88119 45.88179 45.88261 45.89194 45.91072 45.93143 45.9529 45.9747 45.99677 46.01862 46.04009 46.06118 46.08204 46.10321 46.12468 46.15091 46.18255 46.21533 46.24861 46.28218 46.31602 46.34962 46.38287 46.41581 46.44857 46.48159 46.51487
45.80643 45.83065 45.85487 45.8791 45.90332 45.92747 45.93589 45.92857 45.92089 45.91293 45.90497 45.89701 45.88904 45.88108 45.87312 45.86515 45.85719 45.84909 45.84735 45.85201 45.85583 45.85899 45.86213 45.86525 45.86838 45.87151 45.87464 45.87777 45.88091 45.88432 45.88523 45.88362 45.88406 45.88626 45.88857 45.89087 45.89316 45.89547 45.89777 45.90007 45.90237 45.90482 45.9159 45.93563 45.95669 45.97893 46.00126 46.02358 46.04591 46.06823 46.09055 46.11288 46.1352 46.15759 46.18436 46.21556 46.24746 46.28004 46.31269 46.34533 46.37797 46.4106 46.44325 46.47589 46.50853 46.54118
45.84802 45.86749 45.88772 45.90796 45.92819 45.94817 45.95469 45.94778 45.94035 45.9324 45.92437 45.91634 45.90831 45.90028 45.89225 45.88422 45.87619 45.86797 45.86533 45.86835 45.87094 45.87311 45.87518 45.87726 45.87934 45.88142 45.88349 45.88557 45.88765 45.89045 45.89187 45.89167 45.89317 45.89653 45.90031 45.90408 45.90786 45.91163 45.91541 45.91918 45.92295 45.92712 45.93962 45.96032 45.98206 46.00495 46.02813 46.05131 46.07449 46.09766 46.12084 46.14402 46.16719 46.19054 46.21763 46.24839 46.27965 46.31149 46.34348 46.37548 46.40747 46.43947 46.47147 46.50347 46.53547 46.56752
45.89133 45.90518 45.92057 45.93681 45.95305 45.96883 45.97345 45.96694 45.95975 45.95186 45.94376 45.93568 45.92758 45.91948 45.91139 45.90329 45.8952 45.88701 45.88358 45.88493 45.88615 45.88723 45.88825 45.88927 45.8903 45.89133 45.89235 45.89338 45.8944 45.89648 45.89824 45.89946 45.90224 45.90681 45.91206 45.9173 45.92255 45.9278 45.93304 45.93829 45.94353 45.94933 45.96313 45.98481 46.00738 46.03098 46.05501 46.07904 46.10307 46.1271 46.15113 46.17516 46.19919 46.22344 46.25075 46.28107 46.31178 46.34292 46.37428 46.40563 46.43699 46.46834 46.4997 46.53105 46.5624 46.59389
45.93544 45.94427 45.95414 45.96566 45.97791 45.98953 45.99226 45.98615 45.97918 45.97132 45.96317 45.95501 45.94684 45.93868 45.93053 45.92236 45.9142 45.90614 45.90195 45.90163 45.90142 45.90134 45.90131 45.90128 45.90126 45.90123 45.9012 45.90118 45.90116 45.90232 45.90433 45.907 45.91117 45.91708 45.9238 45.93052 45.93724 45.94396 45.95068 45.95739 45.96412 45.97142 45.98647 46.00913 46.03259 46.057 46.08188 46.10677 46.13165 46.15654 46.18142 46.2063 46.23119 46.25627 46.28377 46.31366 46.34384 46.37436 46.40507 46.43579 46.4665 46.49721 46.52792 46.55864 46.58935 46.62024
