Spatial_Analysis/Downscaled_EnvironmentalLayers/RCP4_5/2080/ph_far45.asc
ncols         648
nrows         324
xllcorner     -102.97071042
yllcorner     3.973116569
cellsize      0.083
NODATA_value  -9999
[rows 261 to 289 of 324, columns 132 to 197 of 648]
8.091611 8.090822 8.090034 8.089245 8.088457 8.08767 8.086805 8.085865 8.084924 8.083984 8.083044 8.082104 8.081163 8.080224 8.079284 8.078344 8.077404 8.076466 8.075443 8.074337 8.073231 8.072125 8.071021 8.069916 8.06881 8.067704 8.066599 8.065495 8.064389 8.063284 8.062126 8.060913 8.059702 8.058491 8.057279 8.056067 8.054855 8.053644 8.052432 8.05122 8.050009 8.048799 8.047533 8.04621 8.044888 8.043568 8.042246 8.040924 8.039602 8.038282 8.036961 8.035639 8.034319 8.033003 8.031679 8.03035 8.029022 8.027697 8.026371 8.025045 8.02372 8.022394 8.021069 8.019743 8.018417 8.017094
8.091669 8.090878 8.090088 8.089297 8.088508 8.087721 8.086853 8.085909 8.084965 8.084023 8.08308 8.082136 8.081193 8.08025 8.079307 8.078364 8.077422 8.076479 8.075453 8.074343 8.073234 8.072124 8.071014 8.069904 8.068795 8.067686 8.066576 8.065467 8.064358 8.063248 8.062085 8.060868 8.059652 8.058435 8.057219 8.056003 8.054785 8.053568 8.052353 8.051136 8.049919 8.048704 8.047432 8.046103 8.044775 8.043447 8.042118 8.040791 8.039463 8.038135 8.036806 8.035479 8.034152 8.032829 8.031499 8.030163 8.02883 8.027496 8.026165 8.024834 8.0235 8.022169 8.020837 8.019505 8.018173 8.016844
8.091724 8.090934 8.090141 8.089351 8.088559 8.087769 8.086901 8.085953 8.085007 8.084061 8.083115 8.082169 8.081223 8.080276 8.07933 8.078384 8.077438 8.076494 8.075464 8.074349 8.073236 8.072123 8.071008 8.069895 8.068781 8.067667 8.066553 8.065439 8.064325 8.063212 8.062045 8.060823 8.059601 8.05838 8.057159 8.055937 8.054716 8.053494 8.052273 8.051051 8.049829 8.048609 8.047331 8.045996 8.044661 8.043326 8.041992 8.040657 8.039322 8.037987 8.036653 8.035317 8.033985 8.032654 8.031318 8.029975 8.028636 8.027298 8.025959 8.02462 8.023282 8.021944 8.020605 8.019268 8.017929 8.016594
8.091783 8.090989 8.090196 8.089403 8.088611 8.087818 8.086946 8.085997 8.085048 8.084099 8.083149 8.0822 8.081251 8.080303 8.079353 8.078404 8.077456 8.076508 8.075474 8.074356 8.073237 8.072121 8.071003 8.069883 8.068766 8.067648 8.06653 8.065413 8.064295 8.063177 8.062004 8.060778 8.059551 8.058325 8.057098 8.055872 8.054646 8.053419 8.052193 8.050966 8.04974 8.048514 8.04723 8.045888 8.044546 8.043205 8.041864 8.040523 8.039181 8.03784 8.036499 8.035156 8.033817 8.03248 8.031137 8.029789 8.028442 8.027098 8.025753 8.024408 8.023064 8.021718 8.020373 8.019029 8.017685 8.016344
8.091839 8.091044 8.09025 8.089455 8.08866 8.087868 8.086994 8.086041 8.085089 8.084137 8.083185 8.082233 8.081282 8.080329 8.079376 8.078424 8.077473 8.076522 8.075484 8.074362 8.07324 8.072118 8.070995 8.069874 8.068751 8.067629 8.066507 8.065385 8.064262 8.063141 8.061964 8.060733 8.059502 8.05827 8.057038 8.055807 8.054575 8.053345 8.052114 8.050881 8.04965 8.048419 8.04713 8.045782 8.044434 8.043085 8.041737 8.040389 8.03904 8.037692 8.036344 8.034995 8.033648 8.032305 8.030955 8.0296 8.028249 8.026897 8.025546 8.024195 8.022844 8.021494 8.020143 8.018791 8.017441 8.016092
8.091896 8.091101 8.090303 8.089508 8.088712 8.087916 8.087042 8.086086 8.085131 8.084175 8.08322 8.082265 8.08131 8.080355 8.079399 8.078445 8.07749 8.076535 8.075495 8.074368 8.073242 8.072115 8.07099 8.069862 8.068737 8.06761 8.066484 8.065358 8.064231 8.063105 8.061924 8.060688 8.059451 8.058215 8.056979 8.055742 8.054506 8.05327 8.052032 8.050797 8.049561 8.048325 8.047029 8.045673 8.044319 8.042965 8.041609 8.040254 8.038899 8.037544 8.03619 8.034835 8.03348 8.032129 8.030773 8.029413 8.028055 8.026697 8.02534 8.023983 8.022626 8.021268 8.019911 8.018553 8.017197 8.015842
8.091959 8.09116 8.090361 8.089561 8.088763 8.087965 8.087088 8.08613 8.085173 8.084218 8.083261 8.082306 8.081347 8.080387 8.079426 8.078465 8.077507 8.07655 8.075505 8.074373 8.073245 8.072118 8.070991 8.069861 8.06873 8.067598 8.066465 8.065331 8.0642 8.06307 8.061884 8.060642 8.059402 8.058165 8.056927 8.055687 8.054445 8.053203 8.051958 8.050713 8.049471 8.048229 8.046928 8.045567 8.044207 8.042849 8.041491 8.040131 8.038769 8.037406 8.03604 8.034676 8.033312 8.031953 8.03059 8.029225 8.027864 8.026505 8.025143 8.023781 8.022417 8.021051 8.019684 8.018316 8.016951 8.015589
8.092033 8.091232 8.090429 8.089625 8.088818 8.088015 8.087136 8.086184 8.08523 8.084274 8.083317 8.082357 8.081396 8.080433 8.079468 8.0785 8.07753 8.076563 8.075516 8.074391 8.073265 8.072137 8.071007 8.069875 8.06874 8.067602 8.066463 8.065321 8.064176 8.063034 8.061844 8.060609 8.059372 8.058134 8.056892 8.055649 8.054402 8.053154 8.051901 8.050648 8.049389 8.048135 8.046827 8.045471 8.044114 8.042755 8.041391 8.040026 8.038658 8.037287 8.035912 8.034534 8.033155 8.031776 8.030409 8.029049 8.027691 8.026331 8.024965 8.023599 8.022228 8.020855 8.019478 8.0181 8.016718 8.015337
8.092115 8.091314 8.09051 8.089705 8.088898 8.088095 8.087214 8.086256 8.0853 8.084343 8.083384 8.082421 8.081457 8.080492 8.079523 8.078554 8.077581 8.076612 8.075563 8.074433 8.073303 8.072172 8.071037 8.069901 8.068763 8.067621 8.066479 8.065332 8.064184 8.06304 8.061844 8.060603 8.059362 8.058119 8.056873 8.055624 8.054374 8.05312 8.051864 8.050605 8.049343 8.048085 8.046772 8.045407 8.044044 8.042678 8.041307 8.039936 8.038563 8.037184 8.035803 8.03442 8.033033 8.031651 8.030276 8.02891 8.027545 8.026176 8.024805 8.023432 8.022055 8.020676 8.019293 8.017906 8.016518 8.015133
8.09223 8.091428 8.090626 8.089823 8.089022 8.088221 8.087337 8.086371 8.085405 8.084442 8.083479 8.082514 8.081548 8.08058 8.079611 8.078642 8.077676 8.07671 8.075657 8.074514 8.073374 8.072237 8.071096 8.069958 8.068815 8.067673 8.066528 8.065384 8.064243 8.063101 8.061903 8.060648 8.059393 8.058142 8.05689 8.055635 8.054381 8.053124 8.051867 8.050608 8.049353 8.048098 8.04678 8.0454 8.044021 8.042645 8.041267 8.039889 8.038509 8.037127 8.035744 8.034361 8.03298 8.031603 8.030222 8.028836 8.027454 8.026075 8.024694 8.023314 8.021931 8.020546 8.019159 8.017772 8.016388 8.015006
8.092379 8.091577 8.090775 8.089973 8.089172 8.088369 8.087484 8.086514 8.085546 8.084576 8.083607 8.082638 8.081667 8.080698 8.079729 8.07876 8.07779 8.07682 8.075765 8.074621 8.073477 8.072332 8.07119 8.070045 8.068901 8.067758 8.066614 8.065471 8.064326 8.063183 8.061981 8.060722 8.059464 8.058205 8.056945 8.055686 8.054428 8.053168 8.051908 8.05065 8.049391 8.048132 8.04681 8.045425 8.044041 8.042658 8.041273 8.039888 8.038504 8.037119 8.035736 8.034351 8.032967 8.031586 8.030199 8.028806 8.027416 8.026027 8.024637 8.023248 8.021858 8.020468 8.019079 8.017689 8.016299 8.014914
8.092533 8.09173 8.090927 8.090124 8.089321 8.088518 8.087631 8.086658 8.085685 8.084712 8.08374 8.082767 8.081795 8.080822 8.079849 8.078876 8.077904 8.076931 8.075872 8.074726 8.07358 8.072434 8.071288 8.070143 8.068995 8.067849 8.066704 8.065557 8.064411 8.063265 8.06206 8.060797 8.059534 8.058271 8.057008 8.055745 8.054482 8.053219 8.051956 8.050693 8.04943 8.048166 8.04684 8.045452 8.044064 8.042674 8.041285 8.039897 8.038507 8.03712 8.03573 8.034342 8.032953 8.031569 8.030176 8.028776 8.02738 8.025984 8.024588 8.023191 8.021794 8.020398 8.019003 8.017607 8.016211 8.01482
8.092686 8.091883 8.09108 8.090275 8.089471 8.088667 8.087778 8.086802 8.085825 8.084849 8.083874 8.082898 8.081923 8.080946 8.079969 8.078993 8.078018 8.077043 8.075981 8.074832 8.073683 8.072535 8.071386 8.070238 8.06909 8.067942 8.066793 8.065644 8.064495 8.063347 8.06214 8.060871 8.059605 8.058338 8.057071 8.055803 8.054537 8.05327 8.052003 8.050735 8.049469 8.048201 8.04687 8.045477 8.044085 8.042692 8.041298 8.039906 8.038511 8.037119 8.035725 8.034332 8.032941 8.031551 8.030153 8.028747 8.027344 8.02594 8.024538 8.023134 8.021732 8.020329 8.018927 8.017524 8.016123 8.014725
8.09284 8.092035 8.09123 8.090425 8.089621 8.088816 8.087924 8.086945 8.085965 8.084986 8.084007 8.083028 8.082048 8.08107 8.080091 8.079111 8.078133 8.077154 8.076088 8.074938 8.073788 8.072636 8.071486 8.070333 8.069183 8.068033 8.066881 8.065731 8.06458 8.063429 8.062218 8.060947 8.059675 8.058405 8.057134 8.055862 8.054592 8.053321 8.052049 8.050777 8.049507 8.048235 8.0469 8.045504 8.044106 8.042709 8.041311 8.039913 8.038516 8.037118 8.035721 8.034323 8.032927 8.031533 8.03013 8.028717 8.027307 8.025897 8.024488 8.023079 8.021668 8.02026 8.01885 8.017441 8.016033 8.01463
8.092995 8.092188 8.091382 8.090576 8.08977 8.088964 8.08807 8.087088 8.086105 8.085123 8.084141 8.083158 8.082176 8.081194 8.080212 8.079229 8.078247 8.077265 8.076197 8.075044 8.073891 8.072737 8.071584 8.070431 8.069278 8.068124 8.066971 8.065817 8.064664 8.063511 8.062297 8.061022 8.059748 8.058472 8.057196 8.055922 8.054646 8.053371 8.052095 8.05082 8.049545 8.048269 8.04693 8.045528 8.044127 8.042726 8.041323 8.039922 8.038519 8.037117 8.035715 8.034313 8.032913 8.031515 8.030107 8.028687 8.027269 8.025853 8.024438 8.023022 8.021606 8.020191 8.018774 8.017359 8.015944 8.014534
8.093148 8.09234 8.091534 8.090727 8.08992 8.089113 8.088217 8.087231 8.086245 8.08526 8.084274 8.083289 8.082303 8.081318 8.080332 8.079346 8.07836 8.077375 8.076304 8.07515 8.073994 8.072838 8.071682 8.070526 8.069371 8.068214 8.06706 8.065905 8.064749 8.063593 8.062376 8.061096 8.059817 8.058538 8.057259 8.05598 8.054701 8.053422 8.052143 8.050863 8.049583 8.048304 8.046961 8.045555 8.044149 8.042743 8.041336 8.03993 8.038525 8.037117 8.035711 8.034305 8.032898 8.031496 8.030081 8.028656 8.027233 8.02581 8.024387 8.022966 8.021544 8.020121 8.018699 8.017277 8.015855 8.014439
8.093301 8.092494 8.091686 8.090878 8.090069 8.089262 8.088363 8.087374 8.086386 8.085398 8.084408 8.083419 8.08243 8.081442 8.080452 8.079464 8.078474 8.077485 8.076412 8.075254 8.074097 8.072939 8.071781 8.070622 8.069466 8.068308 8.067148 8.06599 8.064834 8.063675 8.062454 8.061171 8.059889 8.058605 8.057322 8.056039 8.054756 8.053473 8.052189 8.050906 8.049623 8.048339 8.046991 8.045581 8.04417 8.04276 8.041348 8.039938 8.038527 8.037116 8.035706 8.034294 8.032885 8.031477 8.030056 8.028625 8.027197 8.025767 8.024339 8.022909 8.021481 8.020052 8.018623 8.017194 8.015766 8.014341
8.093454 8.092646 8.091837 8.091028 8.090219 8.08941 8.08851 8.087517 8.086525 8.085533 8.084541 8.083549 8.082558 8.081566 8.080574 8.079581 8.078588 8.077597 8.076519 8.075359 8.0742 8.07304 8.071879 8.070719 8.069559 8.068398 8.067238 8.066078 8.064919 8.063757 8.062533 8.061246 8.059959 8.058672 8.057384 8.056098 8.05481 8.053524 8.052237 8.050949 8.049662 8.048373 8.047022 8.045609 8.044193 8.042778 8.041363 8.039948 8.038532 8.037117 8.035702 8.034286 8.032871 8.031458 8.030032 8.028595 8.027159 8.025723 8.024288 8.022853 8.021418 8.019981 8.018547 8.017111 8.015676 8.014244
8.09361 8.0928 8.09199 8.091179 8.090369 8.08956 8.088656 8.087662 8.086665 8.08567 8.084677 8.083681 8.082685 8.081691 8.080694 8.079699 8.078704 8.077708 8.076629 8.075466 8.074304 8.073142 8.07198 8.070818 8.069654 8.068492 8.067328 8.066164 8.065001 8.063839 8.062613 8.061321 8.06003 8.058741 8.057449 8.056159 8.054869 8.053577 8.052284 8.050992 8.0497 8.048409 8.047053 8.045634 8.044214 8.042796 8.041379 8.039959 8.03854 8.03712 8.035698 8.034276 8.032856 8.031439 8.030007 8.028564 8.027122 8.025683 8.024243 8.022802 8.02136 8.019918 8.018475 8.01703 8.015587 8.014147
8.093765 8.092955 8.092144 8.091331 8.09052 8.089708 8.088802 8.087807 8.086809 8.085812 8.084815 8.083817 8.082818 8.08182 8.08082 8.07982 8.078818 8.077819 8.076737 8.075575 8.074411 8.073248 8.072085 8.070921 8.069756 8.06859 8.067425 8.066257 8.065088 8.063921 8.062691 8.061399 8.060107 8.058815 8.057521 8.056227 8.054932 8.053637 8.052339 8.051041 8.049742 8.048445 8.047083 8.045664 8.044245 8.042824 8.041403 8.03998 8.038557 8.037132 8.035706 8.034277 8.032846 8.031418 8.029983 8.02854 8.027098 8.025655 8.024212 8.022764 8.021317 8.019867 8.018414 8.01696 8.015504 8.01405
8.093924 8.093112 8.0923 8.091488 8.090675 8.089863 8.088955 8.087955 8.086956 8.085956 8.084955 8.083954 8.082954 8.081951 8.08095 8.079947 8.078941 8.077939 8.076855 8.075689 8.074526 8.07336 8.072194 8.071028 8.06986 8.068693 8.067524 8.066354 8.065185 8.064014 8.062782 8.061486 8.060191 8.058895 8.057597 8.0563 8.055 8.053701 8.052401 8.051099 8.049796 8.048494 8.047131 8.045708 8.044285 8.04286 8.041435 8.040009 8.038582 8.037153 8.035723 8.03429 8.032856 8.031424 8.029984 8.028535 8.027087 8.02564 8.024189 8.022736 8.021283 8.019827 8.01837 8.01691 8.015447 8.013986
8.094101 8.093288 8.092474 8.091661 8.090847 8.090034 8.089125 8.088121 8.087118 8.086115 8.085113 8.084109 8.083105 8.082102 8.081098 8.080093 8.07909 8.078087 8.077 8.075831 8.074663 8.073496 8.072327 8.071159 8.06999 8.068821 8.067652 8.066482 8.065312 8.064143 8.062908 8.061607 8.060307 8.059008 8.057707 8.056406 8.055105 8.053804 8.052502 8.051199 8.049898 8.048596 8.047232 8.045801 8.044371 8.042942 8.041513 8.040085 8.038654 8.037224 8.035791 8.034359 8.032928 8.031498 8.030054 8.028595 8.027138 8.025681 8.024225 8.022768 8.02131 8.01985 8.018388 8.016928 8.015469 8.014011
8.094299 8.093484 8.092667 8.091849 8.091033 8.090214 8.089304 8.088299 8.087294 8.086289 8.085285 8.08428 8.083275 8.082272 8.081266 8.080261 8.079256 8.078251 8.077163 8.075994 8.074823 8.073654 8.072484 8.071314 8.070145 8.068974 8.067804 8.066635 8.065466 8.064295 8.063059 8.061757 8.060454 8.059153 8.057851 8.056548 8.055246 8.053945 8.052642 8.05134 8.050037 8.048735 8.047367 8.045937 8.044504 8.043073 8.041639 8.040209 8.038776 8.037344 8.035913 8.034479 8.033049 8.031617 8.03017 8.028708 8.027246 8.025784 8.024322 8.02286 8.021398 8.019936 8.018475 8.017012 8.015551 8.014091
8.094501 8.093679 8.092859 8.092039 8.091218 8.090397 8.089483 8.088477 8.087472 8.086466 8.08546 8.084454 8.083448 8.082441 8.081434 8.080429 8.079422 8.078415 8.077326 8.076156 8.074986 8.073814 8.072643 8.071472 8.070301 8.069131 8.067959 8.066788 8.065617 8.064445 8.063209 8.061907 8.060602 8.059299 8.057997 8.056694 8.055389 8.054087 8.052784 8.05148 8.050179 8.048873 8.047504 8.046071 8.044638 8.043204 8.041771 8.040337 8.038903 8.037469 8.036036 8.034601 8.033169 8.031736 8.030287 8.02882 8.027355 8.025888 8.024424 8.022959 8.021493 8.020027 8.018562 8.017097 8.015633 8.014171
8.0947 8.093876 8.093052 8.092228 8.091404 8.090578 8.089662 8.088655 8.087648 8.086641 8.085633 8.084626 8.083619 8.082611 8.081604 8.080597 8.079588 8.078579 8.07749 8.076319 8.075148 8.073975 8.072803 8.07163 8.070458 8.069286 8.068113 8.066942 8.065769 8.064596 8.063358 8.062055 8.060751 8.059446 8.058144 8.056839 8.055534 8.05423 8.052925 8.051621 8.050318 8.049011 8.047642 8.046207 8.044772 8.043336 8.041902 8.040465 8.03903 8.037594 8.03616 8.034723 8.033289 8.031855 8.030403 8.028933 8.027464 8.025995 8.024526 8.023058 8.021589 8.02012 8.018652 8.017182 8.015715 8.01425
8.094899 8.094072 8.093245 8.092417 8.091589 8.090758 8.089841 8.088835 8.087826 8.086817 8.085808 8.084799 8.08379 8.082783 8.081774 8.080765 8.079754 8.078743 8.077653 8.076481 8.075309 8.074135 8.072962 8.071789 8.070616 8.069442 8.068269 8.067095 8.065923 8.064749 8.063509 8.062204 8.0609 8.059593 8.058289 8.056984 8.055678 8.054373 8.053068 8.051762 8.050457 8.04915 8.047779 8.046343 8.044906 8.043468 8.042032 8.040594 8.039157 8.03772 8.036283 8.034845 8.033409 8.031973 8.030519 8.029045 8.027573 8.0261 8.024629 8.023156 8.021683 8.020212 8.01874 8.017267 8.015797 8.014329
8.095099 8.094269 8.093437 8.092606 8.091775 8.09094 8.09002 8.089012 8.088002 8.086992 8.085981 8.084972 8.083962 8.082952 8.081942 8.080932 8.079921 8.078908 8.077816 8.076644 8.07547 8.074295 8.07312 8.071947 8.070772 8.069598 8.068423 8.067249 8.066074 8.0649 8.06366 8.062353 8.061047 8.059741 8.058434 8.057129 8.055822 8.054517 8.053209 8.051905 8.050596 8.049289 8.047916 8.046478 8.04504 8.043601 8.042162 8.040723 8.039284 8.037845 8.036406 8.034966 8.033527 8.032091 8.030634 8.029156 8.027681 8.026206 8.024731 8.023253 8.02178 8.020304 8.018828 8.017353 8.015879 8.014407
8.095299 8.094464 8.09363 8.092795 8.091961 8.091123 8.090199 8.08919 8.088181 8.087169 8.086157 8.085145 8.084133 8.083122 8.082111 8.0811 8.080088 8.079074 8.07798 8.076807 8.07563 8.074455 8.07328 8.072105 8.07093 8.069754 8.068579 8.067403 8.066227 8.065052 8.06381 8.062504 8.061195 8.059889 8.05858 8.057274 8.055965 8.054659 8.053351 8.052044 8.050736 8.049429 8.048054 8.046614 8.045174 8.043734 8.042292 8.040852 8.039412 8.03797 8.03653 8.035088 8.033648 8.032208 8.030749 8.029268 8.02779 8.02631 8.024832 8.023354 8.021874 8.020395 8.018917 8.017439 8.015961 8.014484
8.095499 8.094662 8.093823 8.092985 8.092146 8.091306 8.09038 8.089369 8.088356 8.087343 8.08633 8.085318 8.084307 8.083293 8.08228 8.081267 8.080254 8.079239 8.078144 8.076969 8.075792 8.074615 8.073441 8.072263 8.071087 8.06991 8.068733 8.067556 8.06638 8.065203 8.063961 8.062653 8.061344 8.060036 8.058727 8.057419 8.05611 8.054802 8.053493 8.052185 8.050877 8.049568 8.048191 8.04675 8.045308 8.043865 8.042422 8.04098 8.039537 8.038095 8.036653 8.03521 8.033768 8.032326 8.030864 8.029381 8.027899 8.026415 8.024935 8.023452 8.02197 8.020489 8.019006 8.017523 8.016042 8.014563
