Spatial_Analysis/Downscaled_EnvironmentalLayers/RCP4_5/2080/ph_far45.asc
ncols         648
nrows         324
xllcorner     -102.97071042
yllcorner     3.973116569
cellsize      0.083
NODATA_value  -9999
[rows 174 to 202 of 324, columns 66 to 131 of 648]
-9999 -9999 -9999 -9999 -9999 -9999 -9999 -9999 -9999 -9999 -9999 -9999 -9999 -9999 -9999 -9999 -9999 -9999 -9999 -9999 -9999 -9999 -9999 -9999 -9999 -9999 -9999 -9999 -9999 -9999 -9999 8.114075 -9999 -9999 -9999 -9999 -9999 -9999 -9999 -9999 -9999 -9999 -9999 -9999 -9999 -9999 -9999 -9999 -9999 -9999 -9999 -9999 -9999 -9999 -9999 -9999 -9999 -9999 -9999 -9999 -9999 -9999 -9999 -9999 -9999 -9999
-9999 -9999 -9999 -9999 -9999 -9999 -9999 -9999 -9999 -9999 -9999 -9999 -9999 -9999 -9999 -9999 -9999 -9999 -9999 -9999 -9999 -9999 -9999 -9999 -9999 -9999 -9999 -9999 -9999 8.114603 8.114467 8.11433 -9999 8.114058 8.11392 -9999 -9999 -9999 -9999 -9999 -9999 -9999 -9999 -9999 -9999 -9999 -9999 -9999 -9999 -9999 -9999 -9999 -9999 -9999 -9999 -9999 -9999 -9999 -9999 -9999 -9999 -9999 -9999 -9999 -9999 -9999
-9999 -9999 -9999 -9999 -9999 -9999 -9999 -9999 -9999 -9999 -9999 -9999 -9999 -9999 -9999 -9999 -9999 -9999 -9999 -9999 -9999 -9999 -9999 -9999 -9999 -9999 -9999 -9999 -9999 -9999 -9999 -9999 8.114437 8.114285 -9999 -9999 -9999 8.113607 8.113417 -9999 -9999 -9999 -9999 -9999 -9999 -9999 -9999 -9999 -9999 -9999 -9999 -9999 -9999 -9999 -9999 -9999 -9999 -9999 -9999 -9999 -9999 -9999 -9999 -9999 -9999 -9999
-9999 -9999 -9999 -9999 -9999 -9999 -9999 -9999 -9999 -9999 -9999 -9999 -9999 -9999 -9999 -9999 -9999 -9999 -9999 -9999 -9999 -9999 -9999 -9999 -9999 -9999 -9999 8.115515 8.115347 8.115179 8.115013 8.114847 8.11468 8.114511 8.114338 8.114157 8.113962 8.113756 -9999 -9999 8.113111 -9999 -9999 -9999 -9999 -9999 -9999 -9999 -9999 -9999 -9999 -9999 -9999 -9999 -9999 -9999 -9999 -9999 -9999 -9999 -9999 -9999 -9999 -9999 -9999 -9999
-9999 -9999 -9999 -9999 -9999 -9999 -9999 -9999 -9999 -9999 -9999 -9999 -9999 -9999 -9999 -9999 -9999 -9999 -9999 -9999 -9999 -9999 -9999 -9999 -9999 -9999 8.116017 8.115833 8.115652 8.115469 8.115287 8.115105 8.114922 8.114738 8.114548 8.114347 8.114134 8.113903 8.113667 8.113426 8.113188 -9999 8.112707 -9999 -9999 -9999 -9999 -9999 -9999 -9999 -9999 -9999 -9999 -9999 -9999 -9999 -9999 -9999 -9999 -9999 -9999 -9999 -9999 -9999 -9999 -9999
-9999 -9999 -9999 -9999 -9999 -9999 -9999 -9999 -9999 -9999 -9999 -9999 -9999 -9999 -9999 -9999 -9999 -9999 -9999 -9999 -9999 -9999 -9999 -9999 8.116759 8.11655 8.116352 8.116154 8.115956 8.115759 8.11556 8.115363 8.115164 8.114966 8.114758 8.114541 8.114305 8.114054 8.113792 8.113527 8.113262 8.112999 8.112735 8.112469 -9999 -9999 -9999 -9999 -9999 -9999 -9999 -9999 -9999 -9999 -9999 -9999 -9999 -9999 -9999 -9999 -9999 -9999 -9999 -9999 -9999 -9999
8.124399 8.124229 8.124049 8.123846 8.123613 -9999 -9999 -9999 -9999 -9999 -9999 -9999 -9999 -9999 -9999 -9999 -9999 -9999 -9999 -9999 -9999 8.117451 8.117344 8.117264 8.117122 8.1169 8.116687 8.116473 8.116261 8.116047 8.115835 8.115621 8.115407 8.115193 8.114971 8.114735 8.114481 8.114203 8.113916 8.113628 8.113338 8.113049 8.112761 8.112473 8.112185 -9999 -9999 -9999 -9999 -9999 -9999 -9999 -9999 -9999 -9999 -9999 -9999 -9999 -9999 -9999 -9999 -9999 -9999 -9999 -9999 -9999
8.124504 8.124315 8.124114 8.123892 8.123647 8.123376 -9999 -9999 -9999 -9999 -9999 -9999 -9999 -9999 -9999 -9999 -9999 -9999 8.118463 8.11825 8.118063 8.117899 8.117762 8.11765 8.117485 8.11725 8.117022 8.116793 8.116566 8.116337 8.116108 8.115879 8.115649 8.115421 8.115185 8.114933 8.114658 8.114354 8.11404 8.113728 8.113415 8.113102 8.112787 8.112475 8.112162 8.111847 8.111526 -9999 -9999 -9999 -9999 -9999 -9999 -9999 -9999 -9999 -9999 -9999 -9999 -9999 -9999 -9999 -9999 -9999 -9999 -9999
8.124609 8.124403 8.124186 8.123951 8.123699 8.123425 8.123132 8.122812 -9999 -9999 -9999 -9999 -9999 -9999 -9999 -9999 8.119474 8.119204 8.118958 8.118732 8.118528 8.118343 8.118179 8.118036 8.117847 8.117601 8.117357 8.117114 8.116867 8.116623 8.11638 8.116136 8.115892 8.115648 8.115401 8.115135 8.114836 8.114504 8.114166 8.113829 8.113489 8.113152 8.112814 8.112476 8.112139 8.111801 8.111462 8.111099 -9999 -9999 -9999 -9999 -9999 -9999 -9999 -9999 -9999 -9999 -9999 -9999 -9999 -9999 -9999 -9999 -9999 -9999
8.124717 8.124501 8.124277 8.124039 8.123785 8.123514 8.123226 8.122921 8.122597 8.122257 8.121902 8.121541 8.121188 8.12085 8.120533 8.120234 8.119951 8.119686 8.119438 8.119204 8.118986 8.118784 8.118595 8.118422 8.118212 8.11795 8.117686 8.117422 8.117159 8.116897 8.116637 8.116379 8.116125 8.115872 8.115616 8.115341 8.115015 8.114651 8.114281 8.113913 8.113546 8.113183 8.112823 8.112465 8.112108 8.111753 8.111394 8.111018 8.110642 -9999 -9999 -9999 -9999 -9999 -9999 -9999 -9999 -9999 -9999 -9999 -9999 -9999 -9999 -9999 -9999 -9999
8.124849 8.124634 8.124405 8.124163 8.123906 8.123639 8.123362 8.123072 8.12277 8.122458 8.122135 8.121801 8.121531 8.121243 8.12096 8.120686 8.120417 8.120157 8.119906 8.119664 8.119432 8.119213 8.119005 8.118809 8.118569 8.118284 8.118 8.117717 8.117434 8.117153 8.116876 8.116602 8.116331 8.116067 8.115808 8.115553 8.115171 8.114767 8.114367 8.113974 8.113583 8.113195 8.112812 8.112432 8.112055 8.111679 8.111307 8.110935 8.110514 8.110108 8.109697 -9999 -9999 -9999 -9999 -9999 -9999 -9999 -9999 -9999 -9999 -9999 -9999 -9999 -9999 -9999
8.12505 8.124807 8.124565 8.124315 8.12406 8.123798 8.123531 8.12326 8.122982 8.122702 8.122422 8.122158 8.121902 8.121643 8.121386 8.121128 8.120872 8.120618 8.120365 8.120116 8.119871 8.119632 8.119396 8.119163 8.1189 8.118601 8.118299 8.117996 8.117696 8.117397 8.1171 8.116806 8.116516 8.116228 8.115942 8.115635 8.115263 8.114847 8.114429 8.114014 8.113602 8.113193 8.112787 8.112383 8.111982 8.111582 8.111181 8.110765 8.110344 8.10993 8.109512 8.109095 -9999 -9999 -9999 -9999 -9999 -9999 -9999 -9999 -9999 -9999 -9999 -9999 -9999 -9999
8.125278 8.125021 8.124763 8.124506 8.12425 8.123993 8.123734 8.123474 8.123215 8.122955 8.1227 8.122461 8.122213 8.121959 8.121705 8.121451 8.121199 8.120945 8.12069 8.120436 8.120183 8.119929 8.119676 8.119423 8.119141 8.11883 8.118518 8.118206 8.117893 8.117582 8.117271 8.116961 8.116652 8.11634 8.116027 8.115694 8.115316 8.114897 8.114475 8.11405 8.113625 8.113201 8.11278 8.112358 8.111937 8.111514 8.111091 8.11065 8.110222 8.109804 8.109383 8.108961 8.108539 -9999 -9999 -9999 -9999 -9999 -9999 -9999 -9999 -9999 -9999 -9999 -9999 -9999
8.125504 8.12524 8.124985 8.124727 8.124471 8.124214 8.123957 8.123701 8.123444 8.123186 8.122936 8.122699 8.122448 8.122183 8.121924 8.121666 8.121407 8.121147 8.12089 8.12063 8.120371 8.120112 8.119854 8.119596 8.119307 8.118986 8.118666 8.118345 8.118026 8.117704 8.117385 8.117064 8.116744 8.116424 8.116096 8.115749 8.115368 8.114946 8.114513 8.114084 8.113651 8.11322 8.112789 8.112356 8.111925 8.111492 8.111057 8.110606 8.110168 8.109742 8.109307 8.108873 8.108438 8.108004 -9999 -9999 -9999 -9999 -9999 -9999 -9999 -9999 -9999 -9999 -9999 -9999
8.125727 8.125463 8.125206 8.124952 8.124696 8.12444 8.124185 8.123929 8.123672 8.123419 8.123172 8.122934 8.122681 8.122408 8.122143 8.12188 8.121616 8.121351 8.121088 8.120825 8.12056 8.120296 8.120032 8.119768 8.119471 8.119142 8.118813 8.118483 8.118153 8.117825 8.117496 8.117166 8.116837 8.116507 8.116166 8.115811 8.115421 8.114994 8.114555 8.114115 8.113674 8.113234 8.112793 8.112353 8.111914 8.111473 8.111025 8.110565 8.110117 8.109679 8.109232 8.108784 8.108335 8.107887 8.107438 -9999 -9999 -9999 -9999 -9999 -9999 -9999 -9999 -9999 -9999 -9999
8.125949 8.125685 8.125429 8.125175 8.12492 8.124666 8.124413 8.124158 8.123903 8.123651 8.123405 8.123166 8.12291 8.122633 8.122362 8.122093 8.121824 8.121556 8.121287 8.121018 8.120749 8.12048 8.120211 8.119939 8.119635 8.119297 8.11896 8.118622 8.118282 8.117945 8.117606 8.117269 8.11693 8.11659 8.11624 8.115875 8.115477 8.115044 8.114595 8.114147 8.113697 8.113247 8.112799 8.11235 8.1119 8.11145 8.110992 8.110527 8.110068 8.109617 8.109157 8.108694 8.108232 8.107769 8.107308 8.106846 -9999 -9999 -9999 -9999 -9999 -9999 -9999 -9999 -9999 -9999
8.126169 8.125905 8.125651 8.125399 8.125145 8.124893 8.12464 8.124388 8.124134 8.123882 8.123638 8.123396 8.123139 8.122858 8.122582 8.122309 8.122034 8.121759 8.121486 8.121213 8.120939 8.120665 8.120388 8.12011 8.119799 8.119453 8.119106 8.118759 8.118412 8.118065 8.117716 8.117369 8.117022 8.116674 8.116313 8.115941 8.115534 8.115091 8.114635 8.114178 8.11372 8.113262 8.112804 8.112347 8.111889 8.111429 8.110964 8.11049 8.11002 8.109554 8.109081 8.108605 8.10813 8.107654 8.107178 8.106702 8.106226 -9999 -9999 -9999 -9999 -9999 -9999 -9999 -9999 -9999
8.126387 8.126126 8.125874 8.125622 8.12537 8.125118 8.124866 8.124615 8.124363 8.124113 8.123869 8.123627 8.123367 8.123081 8.122802 8.122522 8.122244 8.121964 8.121685 8.121407 8.121128 8.120849 8.120566 8.120282 8.119964 8.11961 8.119253 8.118898 8.11854 8.118185 8.117828 8.117472 8.117115 8.116756 8.116388 8.116009 8.115593 8.115141 8.114676 8.11421 8.113743 8.113276 8.11281 8.112342 8.111876 8.111408 8.110935 8.110454 8.109974 8.109493 8.109006 8.108516 8.108027 8.107536 8.107048 8.106558 8.106069 8.105579 -9999 -9999 -9999 -9999 -9999 -9999 -9999 -9999
8.126604 8.126347 8.126097 8.125846 8.125595 8.125344 8.125095 8.124845 8.124594 8.124344 8.1241 8.123856 8.123595 8.123304 8.12302 8.122736 8.122454 8.122168 8.121883 8.121601 8.121316 8.121033 8.120745 8.120455 8.120127 8.119765 8.119401 8.119036 8.118669 8.118304 8.117939 8.117573 8.117208 8.116841 8.116467 8.116079 8.115654 8.115191 8.114717 8.114241 8.113766 8.113291 8.112815 8.112339 8.111863 8.111388 8.110908 8.11042 8.109928 8.109432 8.108931 8.108427 8.107924 8.107421 8.106916 8.106415 8.105911 8.105408 8.104903 -9999 -9999 -9999 -9999 -9999 -9999 -9999
8.126822 8.126568 8.126318 8.12607 8.12582 8.125572 8.125321 8.125073 8.124824 8.124575 8.124329 8.124084 8.123821 8.123529 8.12324 8.122952 8.122662 8.122373 8.122084 8.121794 8.121506 8.121216 8.120924 8.120627 8.120294 8.119923 8.119549 8.119173 8.118798 8.118423 8.11805 8.117675 8.1173 8.116925 8.116545 8.116152 8.115717 8.11524 8.114757 8.114273 8.113789 8.113304 8.11282 8.112335 8.111851 8.111367 8.11088 8.110386 8.109882 8.109371 8.108854 8.108337 8.107821 8.107304 8.106788 8.10627 8.105753 8.105236 8.104719 8.1042 -9999 -9999 -9999 -9999 -9999 -9999
8.127039 8.126789 8.126541 8.126292 8.126043 8.125795 8.125547 8.125301 8.125053 8.124805 8.124558 8.124313 8.124048 8.123753 8.12346 8.123165 8.122869 8.122574 8.122281 8.121988 8.121695 8.121399 8.121104 8.120803 8.12046 8.120078 8.119695 8.11931 8.118926 8.118542 8.118158 8.117776 8.117393 8.117009 8.116624 8.116222 8.115779 8.11529 8.114798 8.114304 8.113811 8.113317 8.112824 8.112331 8.111839 8.111345 8.110851 8.110352 8.109838 8.109309 8.108778 8.10825 8.107718 8.107187 8.106656 8.106126 8.105596 8.105066 8.104535 8.104003 8.103479 -9999 -9999 -9999 -9999 -9999
8.127256 8.127006 8.126745 8.126487 8.126232 8.125982 8.12574 8.125501 8.125267 8.125033 8.12479 8.124542 8.124277 8.123974 8.123661 8.123348 8.123041 8.12274 8.122443 8.122152 8.121864 8.121579 8.121284 8.120979 8.120626 8.120232 8.119826 8.119423 8.119024 8.118629 8.11824 8.117855 8.117472 8.117088 8.116699 8.116298 8.115841 8.115338 8.114829 8.114321 8.113815 8.113314 8.112813 8.112315 8.111819 8.111322 8.110823 8.110318 8.109793 8.109247 8.1087 8.108152 8.107607 8.107061 8.106519 8.105976 8.105434 8.104893 8.104349 8.103806 8.103254 8.102684 -9999 -9999 -9999 -9999
8.127447 8.127171 8.1269 8.126638 8.126383 8.126133 8.125891 8.125654 8.125425 8.125205 8.124994 8.124774 8.124477 8.124139 8.123809 8.123487 8.123173 8.122866 8.122564 8.122271 8.121984 8.121705 8.121433 8.121159 8.120768 8.120335 8.119911 8.119496 8.119089 8.118687 8.118292 8.1179 8.117513 8.11713 8.116753 8.116373 8.115885 8.115355 8.11483 8.114313 8.1138 8.113291 8.112783 8.112281 8.111778 8.11128 8.110782 8.110283 8.109736 8.109169 8.108605 8.108044 8.107484 8.106927 8.106371 8.105818 8.105264 8.104711 8.104158 8.103607 8.103028 8.102421 8.101803 -9999 -9999 -9999
8.127539 8.127276 8.127012 8.126752 8.126496 8.126247 8.126005 8.125769 8.125536 8.125311 8.125083 8.124841 8.124563 8.124237 8.123908 8.123584 8.123266 8.122955 8.12265 8.122351 8.122057 8.121769 8.121478 8.121163 8.120798 8.120377 8.119955 8.119535 8.119123 8.118715 8.118314 8.117916 8.117522 8.11713 8.116737 8.116326 8.115856 8.115333 8.114807 8.114284 8.113766 8.113251 8.112739 8.112228 8.111721 8.111215 8.110706 8.11019 8.109646 8.109074 8.108498 8.107925 8.107353 8.106785 8.106216 8.10565 8.105083 8.104518 8.103952 8.103383 8.102787 8.102157 8.101521 8.100883 -9999 -9999
8.127583 8.127337 8.12709 8.126837 8.126587 8.126337 8.126093 8.125851 8.125608 8.125362 8.125115 8.12487 8.124591 8.124278 8.123964 8.123649 8.123331 8.123016 8.122705 8.122397 8.122091 8.121778 8.121466 8.121143 8.120779 8.120371 8.119961 8.119548 8.119135 8.118723 8.118317 8.11791 8.117504 8.117096 8.116686 8.116266 8.115798 8.115282 8.114765 8.114245 8.113726 8.113208 8.112692 8.112177 8.111661 8.111144 8.110626 8.110107 8.10956 8.108984 8.108407 8.10783 8.107253 8.106677 8.1061 8.105525 8.10495 8.104375 8.103799 8.103222 8.102613 8.101971 8.10133 8.100687 8.100044 8.099401
8.127643 8.127393 8.127144 8.126896 8.126648 8.126399 8.12615 8.125902 8.125653 8.125405 8.125156 8.12491 8.124626 8.12431 8.123993 8.123678 8.123362 8.123046 8.122729 8.122414 8.122097 8.12178 8.121462 8.121136 8.120768 8.120359 8.119946 8.119534 8.119122 8.118708 8.118296 8.117884 8.11747 8.117058 8.116642 8.116217 8.115749 8.115234 8.114716 8.114198 8.113678 8.113159 8.112641 8.112122 8.111603 8.111085 8.110565 8.110044 8.109495 8.108917 8.108337 8.107759 8.107181 8.106602 8.106024 8.105444 8.104865 8.104286 8.103708 8.103129 8.102516 8.101868 8.101221 8.100573 8.099925 8.099277
8.127702 8.127449 8.127198 8.126948 8.126698 8.126448 8.126198 8.125947 8.125697 8.125447 8.125196 8.124949 8.124662 8.124342 8.124023 8.123702 8.123383 8.123062 8.122743 8.122423 8.122103 8.121782 8.121458 8.121128 8.120758 8.120347 8.119932 8.119515 8.119099 8.118683 8.118267 8.117851 8.117435 8.117019 8.116598 8.116172 8.115701 8.115187 8.114667 8.114146 8.113626 8.113106 8.112585 8.112065 8.111546 8.111025 8.110503 8.109982 8.10943 8.10885 8.108269 8.107687 8.107105 8.106524 8.105943 8.105362 8.10478 8.104198 8.103619 8.103037 8.10242 8.101766 8.101112 8.100459 8.099805 8.099152
8.127761 8.127505 8.127253 8.127003 8.12675 8.126497 8.126245 8.125994 8.125742 8.12549 8.125237 8.124986 8.124698 8.124374 8.12405 8.123727 8.123404 8.123079 8.122756 8.122432 8.122108 8.121784 8.121456 8.121122 8.120749 8.120335 8.119916 8.119497 8.119078 8.118658 8.118238 8.11782 8.1174 8.116981 8.116556 8.116127 8.115654 8.115138 8.114618 8.114096 8.113574 8.113052 8.112531 8.112009 8.111486 8.110966 8.110443 8.10992 8.109366 8.108783 8.108199 8.107615 8.107031 8.106447 8.105862 8.105279 8.104694 8.104111 8.103527 8.102943 8.102322 8.101663 8.101004 8.100344 8.099686 8.099026
8.127817 8.127562 8.127308 8.127055 8.126801 8.126547 8.126293 8.12604 8.125786 8.125534 8.125278 8.125025 8.124733 8.124407 8.124079 8.123753 8.123425 8.123096 8.122768 8.122442 8.122114 8.121786 8.121454 8.121118 8.120741 8.120323 8.119902 8.119478 8.119056 8.118633 8.11821 8.117788 8.117366 8.116942 8.116515 8.116083 8.115608 8.115091 8.114568 8.114045 8.113522 8.112999 8.112475 8.111952 8.111429 8.110905 8.110382 8.109858 8.109303 8.108717 8.10813 8.107543 8.106956 8.10637 8.105783 8.105196 8.104609 8.104023 8.103437 8.102851 8.102224 8.101559 8.100895 8.100229 8.099565 8.0989
