Spatial_Analysis/Downscaled_EnvironmentalLayers/RCP4_5/2080/ph_far45.asc
ncols         648
nrows         324
xllcorner     -102.97071042
yllcorner     3.973116569
cellsize      0.083
NODATA_value  -9999
[rows 29 to 57 of 324, columns 264 to 329 of 648]
-9999 -9999 -9999 -9999 -9999 -9999 8.111307 8.111053 8.110821 8.110582 8.110342 8.110107 8.109875 8.109648 8.109425 8.109201 8.108974 8.108743 8.108522 8.10831 8.108086 8.107857 8.107628 8.107399 8.107175 8.106953 8.106733 8.106516 8.106295 8.106068 8.105862 8.105669 8.105443 8.105215 8.104987 8.104761 8.104536 8.104313 8.104092 8.10387 8.103646 8.10342 8.10327 8.103187 8.103079 8.102971 8.102863 8.102757 8.10265 8.102542 8.102434 8.102327 8.102219 8.10211 8.102118 8.102241 8.102358 8.102475 8.102594 8.102714 8.10283 8.102947 8.103064 8.103177 8.103292 8.103409
-9999 -9999 -9999 -9999 -9999 -9999 8.110544 8.110301 8.110096 8.109895 8.109694 8.109495 8.109295 8.109095 8.108894 8.108694 8.108495 8.108285 8.108086 8.107899 8.107693 8.107484 8.107275 8.107067 8.106857 8.106647 8.106439 8.10623 8.106022 8.105797 8.1056 8.105431 8.105227 8.105017 8.104805 8.104595 8.104384 8.104174 8.103964 8.103754 8.103542 8.103323 8.103176 8.103106 8.103008 8.102906 8.102804 8.102699 8.102597 8.102495 8.10239 8.102288 8.102186 8.102081 8.102091 8.102216 8.102337 8.102455 8.102571 8.10269 8.102808 8.102927 8.103045 8.103163 8.103281 8.103403
-9999 -9999 -9999 -9999 -9999 -9999 8.109952 8.10973 8.109545 8.109377 8.109209 8.109041 8.108873 8.108706 8.108538 8.10837 8.1082 8.108015 8.10784 8.107675 8.10749 8.107297 8.107102 8.106908 8.106712 8.10652 8.106325 8.106131 8.105936 8.105719 8.105532 8.105378 8.105198 8.105 8.104805 8.104607 8.10441 8.104213 8.104015 8.103819 8.103622 8.103407 8.103268 8.103205 8.10312 8.10302 8.102921 8.102821 8.102721 8.102622 8.102522 8.102423 8.102324 8.102221 8.102232 8.102357 8.102477 8.102595 8.102713 8.102831 8.10295 8.103067 8.103186 8.103304 8.103422 8.103546
-9999 -9999 -9999 -9999 -9999 -9999 8.109356 8.109159 8.108996 8.10886 8.108725 8.108589 8.108452 8.108316 8.108181 8.108046 8.107905 8.107746 8.107594 8.10745 8.107286 8.107109 8.106929 8.106749 8.106571 8.10639 8.106211 8.106032 8.105848 8.105641 8.105469 8.10533 8.105167 8.104985 8.104802 8.104619 8.104435 8.104252 8.104069 8.103886 8.103699 8.103495 8.103362 8.103306 8.103229 8.103133 8.103039 8.102942 8.102844 8.102749 8.102653 8.102556 8.102461 8.102362 8.102374 8.102497 8.102618 8.102737 8.102855 8.102972 8.10309 8.103208 8.103325 8.103443 8.103561 8.103688
-9999 -9999 -9999 -9999 -9999 -9999 -9999 8.108585 8.108448 8.108343 8.108239 8.108135 8.108032 8.107927 8.107824 8.107721 8.10761 8.107478 8.107349 8.107227 8.107082 8.10692 8.106755 8.10659 8.106426 8.10626 8.106098 8.105932 8.105762 8.10557 8.10541 8.105284 8.105137 8.104969 8.104799 8.10463 8.10446 8.104292 8.104121 8.103952 8.103777 8.103583 8.10346 8.103409 8.103338 8.103247 8.103155 8.103062 8.10297 8.102877 8.102783 8.102692 8.102598 8.102502 8.102515 8.10264 8.10276 8.102878 8.102996 8.103113 8.103231 8.103348 8.103466 8.103582 8.103702 8.10383
-9999 -9999 -9999 -9999 -9999 -9999 -9999 8.108006 8.107899 8.107825 8.107754 8.107683 8.107611 8.107539 8.107466 8.107395 8.107317 8.107213 8.107109 8.107006 8.10688 8.106731 8.106583 8.106432 8.106282 8.106133 8.105982 8.105833 8.105678 8.105501 8.105354 8.105242 8.105108 8.104954 8.104797 8.104641 8.104485 8.10433 8.104174 8.104017 8.103857 8.103676 8.10356 8.103515 8.103448 8.103361 8.103271 8.103182 8.103094 8.103004 8.102915 8.102825 8.102736 8.102644 8.102657 8.102781 8.102901 8.103019 8.103138 8.103254 8.103371 8.103489 8.103605 8.103724 8.103843 8.103971
-9999 -9999 -9999 -9999 -9999 -9999 -9999 -9999 8.107347 8.107308 8.107268 8.107229 8.107189 8.107151 8.107111 8.107071 8.107026 8.106953 8.106873 8.106791 8.106678 8.106544 8.106409 8.106274 8.106138 8.106004 8.105869 8.105734 8.105595 8.105434 8.105305 8.105203 8.10508 8.104937 8.104795 8.104652 8.104509 8.104368 8.104225 8.104083 8.103939 8.103771 8.103665 8.103622 8.103559 8.103474 8.10339 8.103302 8.103218 8.10313 8.103045 8.102959 8.102873 8.102785 8.102801 8.102923 8.103043 8.103161 8.103277 8.103395 8.103512 8.10363 8.103745 8.103863 8.103981 8.104109
-9999 -9999 -9999 -9999 -9999 -9999 -9999 -9999 8.106798 8.106791 8.106784 8.106776 8.106768 8.106761 8.106753 8.106747 8.106737 8.106697 8.106644 8.106577 8.106476 8.106356 8.106236 8.106115 8.105995 8.105874 8.105755 8.105635 8.105513 8.105372 8.105255 8.105165 8.10505 8.104921 8.104794 8.104664 8.104536 8.104407 8.104279 8.104149 8.10402 8.10387 8.103774 8.103735 8.10367 8.103588 8.103506 8.103424 8.103341 8.103259 8.103176 8.103094 8.10301 8.102926 8.102945 8.103066 8.103186 8.103302 8.103418 8.103535 8.103653 8.103769 8.103886 8.104004 8.10412 8.104246
-9999 -9999 -9999 -9999 -9999 -9999 -9999 -9999 -9999 8.106273 8.106298 8.106322 8.106348 8.106373 8.106397 8.106421 8.106445 8.106448 8.106421 8.106369 8.106273 8.106168 8.106063 8.105957 8.105852 8.105746 8.10564 8.105535 8.105429 8.10531 8.105211 8.105129 8.105021 8.104906 8.104792 8.104675 8.104561 8.104446 8.10433 8.104216 8.104101 8.103973 8.103888 8.103851 8.103781 8.103703 8.103622 8.103543 8.103465 8.103386 8.103306 8.103228 8.103149 8.103069 8.103088 8.103209 8.103327 8.103443 8.103559 8.103676 8.103793 8.103909 8.104026 8.104143 8.104259 8.104382
-9999 -9999 -9999 -9999 -9999 -9999 -9999 -9999 -9999 8.105765 8.105832 8.105892 8.105947 8.105997 8.106047 8.106098 8.106153 8.106203 8.106209 8.106161 8.10607 8.10598 8.105886 8.105796 8.105705 8.105616 8.105526 8.105435 8.105345 8.105251 8.105169 8.105092 8.104991 8.104889 8.104788 8.104686 8.104586 8.104484 8.104383 8.104282 8.104181 8.104076 8.104008 8.103966 8.103891 8.103815 8.103743 8.103667 8.103594 8.103518 8.103441 8.103363 8.103286 8.10321 8.103233 8.103353 8.103468 8.103586 8.103706 8.103827 8.103944 8.10406 8.104174 8.104286 8.104399 8.104516
-9999 -9999 -9999 -9999 -9999 -9999 -9999 -9999 8.105215 -9999 8.105427 8.105512 8.105587 8.105657 8.105724 8.105793 8.105867 8.105949 8.106009 8.105942 8.105864 8.105785 8.105707 8.105631 8.105555 8.10548 8.105404 8.105331 8.105257 8.105185 8.105131 8.105049 8.104959 8.104871 8.104782 8.104694 8.104608 8.104521 8.104435 8.104347 8.104259 8.104174 8.104134 8.104074 8.104004 8.103935 8.103867 8.103796 8.103727 8.103657 8.103584 8.10351 8.103432 8.103354 8.103376 8.103497 8.103623 8.103749 8.103874 8.103996 8.104116 8.104233 8.104345 8.104454 8.104559 8.104659
-9999 -9999 -9999 -9999 -9999 -9999 -9999 -9999 -9999 -9999 8.105074 8.105173 8.105262 8.105345 8.105427 8.105509 8.105597 8.105694 8.10577 8.105713 8.10565 8.105587 8.105524 8.105463 8.1054 8.105341 8.105281 8.105222 8.105163 8.105104 8.105067 8.104997 8.104921 8.104847 8.104774 8.104701 8.104628 8.104557 8.104486 8.104412 8.10434 8.104267 8.104242 8.104185 8.104122 8.104057 8.103996 8.103933 8.103868 8.103806 8.103738 8.103669 8.103598 8.103523 8.103549 8.103672 8.103802 8.103931 8.104059 8.104183 8.104305 8.104425 8.104541 8.104651 8.104757 8.104857
-9999 -9999 -9999 -9999 -9999 -9999 -9999 -9999 -9999 -9999 8.104773 8.104876 8.104971 8.105063 8.105154 8.105246 8.105342 8.105436 8.105485 8.105476 8.105431 8.105383 8.105335 8.105289 8.105244 8.105198 8.105152 8.105107 8.105062 8.105013 8.104975 8.104937 8.104879 8.104822 8.104763 8.104706 8.104649 8.104592 8.104535 8.104477 8.10442 8.104361 8.104325 8.104301 8.104243 8.104187 8.10413 8.104074 8.104017 8.10396 8.103901 8.103842 8.103782 8.103724 8.103758 8.103884 8.104007 8.104134 8.104261 8.104389 8.104514 8.104636 8.104756 8.104876 8.104994 8.105118
-9999 -9999 -9999 -9999 -9999 -9999 -9999 -9999 -9999 8.104647 -9999 8.104827 8.104918 8.105007 8.105099 8.105186 8.105277 8.105349 8.105389 8.105402 8.105375 8.105342 8.105309 8.105274 8.105242 8.105207 8.105175 8.105141 8.105107 8.105065 8.105034 8.105015 8.104975 8.104931 8.104886 8.104842 8.104799 8.104753 8.10471 8.104666 8.104621 8.104564 8.104532 8.104527 8.104486 8.104437 8.104387 8.104339 8.104288 8.104239 8.104189 8.10414 8.104091 8.104042 8.10408 8.104212 8.104342 8.104468 8.104597 8.104727 8.104854 8.104982 8.105111 8.105238 8.105367 8.105501
-9999 -9999 -9999 -9999 -9999 -9999 -9999 -9999 -9999 -9999 -9999 8.105007 8.105085 8.105163 8.10524 8.105316 8.105392 8.105444 8.105479 8.105499 8.10549 8.105467 8.105444 8.105421 8.105397 8.105373 8.10535 8.105326 8.105303 8.105265 8.105242 8.105236 8.105211 8.105179 8.105145 8.105112 8.105078 8.105045 8.105011 8.104979 8.104944 8.104887 8.10486 8.104869 8.104846 8.104805 8.104762 8.104721 8.10468 8.104639 8.104597 8.104556 8.104514 8.104471 8.104519 8.104653 8.104788 8.104921 8.105054 8.105186 8.105319 8.105453 8.105586 8.105719 8.105852 8.105996
-9999 -9999 -9999 -9999 -9999 -9999 -9999 -9999 -9999 -9999 8.105125 8.10519 8.105253 8.105318 8.105381 8.105445 8.105505 8.105546 8.105577 8.1056 8.105604 8.105593 8.105577 8.105565 8.105553 8.105539 8.105526 8.105514 8.105497 8.105469 8.105455 8.105459 8.105448 8.105425 8.105402 8.105381 8.105358 8.105335 8.105312 8.105291 8.105264 8.105213 8.105194 8.105213 8.105204 8.105173 8.105139 8.105104 8.105072 8.105039 8.105004 8.104972 8.104939 8.104904 8.104957 8.105097 8.105234 8.105372 8.105511 8.105648 8.105785 8.105923 8.106062 8.106199 8.106339 8.106489
-9999 -9999 -9999 -9999 -9999 -9999 -9999 -9999 -9999 -9999 -9999 8.105371 8.105422 8.105474 8.105524 8.105575 8.105621 8.105652 8.10568 8.105707 8.105719 8.105717 8.105713 8.10571 8.105707 8.105703 8.105702 8.1057 8.105694 8.105675 8.105671 8.105682 8.105684 8.105673 8.105661 8.10565 8.105639 8.105627 8.105615 8.105603 8.105585 8.105542 8.105534 8.10556 8.105562 8.105539 8.105515 8.10549 8.105464 8.105438 8.105413 8.105388 8.105362 8.105335 8.105394 8.105537 8.105681 8.105824 8.105968 8.10611 8.106251 8.106395 8.106537 8.106678 8.106823 8.10698
-9999 -9999 -9999 -9999 -9999 -9999 -9999 -9999 -9999 -9999 -9999 -9999 8.105591 8.105628 8.105666 8.105703 8.105739 8.105762 8.105789 8.105815 8.105833 8.105841 8.105848 8.105855 8.105864 8.10587 8.105877 8.105886 8.105888 8.105883 8.105888 8.10591 8.105921 8.105921 8.105921 8.105919 8.105917 8.105917 8.105917 8.105916 8.105909 8.105875 8.105877 8.105912 8.105923 8.105907 8.10589 8.105873 8.105855 8.105839 8.105821 8.105803 8.105785 8.105768 8.105833 8.105982 8.106129 8.106277 8.106422 8.106571 8.106718 8.106865 8.107012 8.107159 8.107307 8.10747
-9999 -9999 -9999 -9999 -9999 -9999 -9999 -9999 -9999 -9999 -9999 -9999 8.10576 8.105783 8.105808 8.105833 8.105857 8.105873 8.105898 8.105927 8.105947 8.105967 8.105984 8.106001 8.106019 8.106037 8.106053 8.106071 8.106087 8.106092 8.10611 8.106139 8.106157 8.106168 8.106178 8.106188 8.106197 8.106208 -9999 8.106228 8.106235 8.106215 8.106224 8.106266 8.106283 8.106276 8.106266 8.106256 8.106247 8.106237 8.106228 8.106218 8.10621 8.106199 8.106271 8.106422 8.106576 8.106728 8.10688 8.107031 8.107183 8.107336 8.107488 8.107639 8.107793 8.107958
-9999 -9999 -9999 -9999 -9999 -9999 -9999 -9999 -9999 -9999 -9999 -9999 8.105927 8.105939 8.105951 8.105963 8.105974 8.105984 8.106005 8.106035 8.106064 8.106091 8.106118 8.106146 8.106174 8.106201 8.106229 8.106257 8.106284 8.106302 8.106329 8.106368 8.106395 8.106416 8.106437 8.106457 8.106478 8.106499 8.10652 8.106541 8.106561 8.106555 8.106575 -9999 8.106644 8.106643 8.106642 8.10664 8.106639 8.106636 8.106636 8.106634 8.106633 8.106632 8.106709 8.106865 8.107023 8.10718 8.107336 8.107492 8.107649 8.107806 8.107963 8.108119 8.108276 8.108444
-9999 -9999 -9999 -9999 -9999 -9999 -9999 -9999 -9999 -9999 -9999 -9999 8.106094 8.106093 8.106092 8.106091 8.106091 8.106092 8.106108 8.10614 8.106177 8.106215 8.106253 8.106292 8.106329 8.106367 8.106405 8.106442 8.106481 8.106514 8.106552 8.106598 8.106632 8.106664 8.106694 8.106726 8.106757 8.106791 8.106821 8.106853 8.106884 8.106899 8.106934 8.106987 -9999 8.107011 8.107018 8.107024 8.10703 8.107037 8.107043 8.10705 8.107057 8.107063 8.107147 8.107308 8.10747 8.107631 8.107794 8.107954 8.108115 8.108276 8.108438 8.1086 8.108761 8.108929
-9999 -9999 -9999 -9999 -9999 -9999 -9999 -9999 -9999 -9999 -9999 -9999 8.106249 8.106239 8.10623 8.10622 8.106207 8.106194 8.106206 8.106245 8.106292 8.10634 8.106388 8.106438 8.106486 -9999 8.106581 8.106629 8.106678 -9999 -9999 -9999 -9999 -9999 -9999 -9999 -9999 -9999 8.107123 8.107165 8.107208 8.107246 8.107296 8.107348 -9999 8.107378 8.107394 8.10741 8.107426 8.107439 8.107452 8.107466 8.107481 8.107494 8.107584 8.107751 8.107917 8.108085 8.108253 8.108421 8.108588 8.108753 8.108917 8.109081 8.109245 8.109413
-9999 -9999 -9999 -9999 -9999 -9999 -9999 -9999 -9999 -9999 -9999 -9999 8.106372 8.106358 8.106345 8.106333 8.106317 8.106295 8.106295 8.106348 8.106409 8.106468 8.106527 8.106586 8.106646 8.106703 -9999 8.106818 8.106874 -9999 -9999 -9999 8.107107 8.107162 8.107216 8.10727 8.107323 8.107376 8.107428 8.107479 8.107532 8.107584 8.107664 8.107701 8.107725 -9999 -9999 8.1078 8.107824 8.107847 8.10787 8.10789 8.107908 8.107927 8.108023 8.108194 8.108372 8.108549 8.108727 8.108904 8.109077 8.109248 8.109417 8.109581 8.109745 8.109903
-9999 -9999 -9999 -9999 -9999 -9999 -9999 -9999 -9999 -9999 -9999 -9999 8.106467 8.106453 8.10644 8.106429 8.106413 8.10639 8.106389 8.106456 8.106525 8.106596 8.106667 8.106736 8.106806 8.106874 8.106943 8.107012 -9999 8.107145 8.10722 8.107285 8.10735 8.107417 8.107481 8.107544 8.107609 8.107672 8.107734 8.107797 8.107859 8.107922 8.108018 8.108057 8.108091 8.108127 8.108161 -9999 8.108229 8.108262 8.108294 8.108324 8.108351 8.108377 8.108479 8.10866 8.108845 8.109032 8.109215 8.109398 8.109579 8.109758 8.109932 8.110106 8.110271 8.110436
-9999 -9999 -9999 -9999 -9999 -9999 -9999 -9999 -9999 -9999 -9999 -9999 8.106536 8.106525 8.106516 8.106506 8.106493 8.106479 8.106502 8.106566 8.106646 8.106726 8.106807 8.106888 8.106968 8.107048 8.107127 8.107207 8.107286 8.107367 8.107447 8.107527 8.107599 8.107674 8.107749 8.107822 8.107897 8.107969 8.108044 8.108117 8.108189 8.108262 8.108343 8.108419 8.108462 8.108505 -9999 -9999 8.108638 8.108681 8.108725 8.108765 8.108807 8.10885 8.108965 8.109148 8.109335 8.109526 8.109716 8.109906 8.110094 8.11028 8.110464 8.110647 8.11083 8.111017
-9999 -9999 -9999 -9999 -9999 -9999 -9999 -9999 -9999 -9999 -9999 -9999 8.106723 8.106719 8.106717 8.106714 8.10671 8.106716 8.106752 8.106817 8.106901 8.106989 8.107075 8.107162 8.10725 8.107337 8.107424 8.107512 8.107598 8.107683 8.107769 8.107857 8.107939 8.108021 8.108101 8.108182 8.108263 8.108345 8.108426 8.108507 8.108588 8.108656 8.108738 8.108833 8.108894 8.108947 -9999 -9999 8.109104 8.109157 8.109209 8.109262 8.109314 8.109366 8.109489 8.109681 8.109875 8.110069 8.110264 8.110458 8.110651 8.110846 8.111042 8.111235 8.111429 8.111628
-9999 -9999 -9999 -9999 -9999 -9999 -9999 -9999 -9999 -9999 -9999 -9999 8.107037 8.107046 8.107054 8.107063 8.107073 8.107096 8.107141 8.107206 8.107288 8.10738 8.107469 8.107559 8.107649 8.107738 8.107829 8.107919 8.108009 8.108095 8.108185 8.108276 8.108364 8.10845 8.108537 8.108622 8.108708 8.108795 8.108881 8.108966 8.109052 8.109116 8.1092 8.109306 8.109384 8.109443 -9999 8.109563 8.109625 8.109684 8.109743 8.109804 8.109863 8.109926 8.110055 8.11025 8.11045 8.11065 8.11085 8.11105 8.11125 8.11145 8.11165 8.111851 8.112051 8.112256
-9999 -9999 -9999 -9999 -9999 -9999 -9999 -9999 -9999 -9999 -9999 -9999 8.107352 8.107372 8.107393 8.107414 8.107437 8.107473 8.107527 8.107595 8.107677 8.10777 8.107862 8.107956 8.108049 8.108141 8.108234 8.108328 8.108419 8.10851 8.108603 8.108698 8.108791 8.108882 8.108973 8.109064 8.109154 8.109245 8.109337 8.109426 8.109515 8.109579 8.109668 8.109781 8.109871 8.10994 -9999 8.110076 8.110144 8.11021 8.110278 8.110346 8.110414 8.110485 8.11062 8.110821 8.111025 8.111231 8.111437 8.111643 8.111848 8.112055 8.112261 8.112467 8.112673 8.112885
-9999 -9999 -9999 -9999 -9999 -9999 -9999 -9999 -9999 -9999 -9999 8.107634 8.107666 8.107698 8.107732 8.107764 8.1078 8.107849 8.10791 8.107983 8.108067 8.108162 8.108257 8.108353 8.108448 8.108544 8.108641 8.108735 8.108831 8.108925 8.10902 8.109119 8.109217 8.109312 8.109407 8.109505 8.109599 8.109695 8.109792 8.109886 8.109978 8.110046 8.11014 8.110262 8.11036 -9999 -9999 8.110588 8.110662 8.110739 8.110813 8.110889 8.110965 8.111044 8.111185 8.111391 8.1116 8.111812 8.112022 8.112234 8.112447 8.112658 8.112869 8.113082 8.113293 8.11351
