Spatial_Analysis/Downscaled_EnvironmentalLayers/RCP4_5/2080/ph_far45.asc
ncols         648
nrows         324
xllcorner     -102.97071042
yllcorner     3.973116569
cellsize      0.083
NODATA_value  -9999
[rows 58 to 86 of 324, columns 132 to 197 of 648]
8.024752 8.024435 8.024117 8.0238 8.023481 8.023161 8.022884 8.022648 8.022413 8.022175 8.021938 8.021701 8.021463 8.021227 8.020988 8.020752 8.020514 8.020271 8.020093 8.019976 8.019855 8.019735 8.019613 8.019494 8.019373 8.019253 8.019132 8.019011 8.018891 8.018773 8.01873 8.018764 8.018799 8.018833 8.018868 8.018903 8.018938 8.018974 8.019009 8.019045 8.019079 8.019112 8.019238 8.019459 8.019678 8.019897 8.020117 8.020336 8.020555 8.020775 8.020994 8.021214 8.021432 8.021648 8.021952 8.022345 8.022736 8.023127 8.023515 8.023905 8.024295 8.024686 8.025076 8.025465 8.025858 8.026257
8.025703 8.02539 8.025076 8.02476 8.024446 8.024128 8.023853 8.023621 8.023386 8.023151 8.022917 8.022682 8.022446 8.022212 8.021976 8.021744 8.021507 8.021268 8.021091 8.020977 8.020861 8.020744 8.020628 8.020511 8.020394 8.020277 8.02016 8.020043 8.019927 8.019813 8.019775 8.019815 8.019857 8.019899 8.01994 8.019983 8.020025 8.020067 8.020109 8.020151 8.020192 8.020233 8.020369 8.020601 8.020832 8.021061 8.021292 8.021523 8.021752 8.021982 8.022211 8.022442 8.022672 8.0229 8.023216 8.023623 8.024025 8.024428 8.024832 8.025234 8.025639 8.026041 8.026444 8.026848 8.027254 8.027667
8.026657 8.026344 8.026033 8.025723 8.02541 8.025095 8.024822 8.024593 8.024361 8.024128 8.023895 8.023663 8.02343 8.023198 8.022965 8.022734 8.022499 8.022264 8.022091 8.02198 8.021868 8.021754 8.021642 8.021528 8.021416 8.021302 8.021189 8.021076 8.020964 8.020853 8.020821 8.020868 8.020916 8.020966 8.021013 8.021064 8.021111 8.02116 8.02121 8.021259 8.021307 8.021357 8.021501 8.021744 8.021983 8.022225 8.022466 8.022708 8.022948 8.02319 8.02343 8.023672 8.023912 8.024152 8.024481 8.024899 8.025316 8.025733 8.026148 8.026566 8.026981 8.027397 8.027814 8.02823 8.028648 8.029076
8.027609 8.0273 8.026992 8.026684 8.026374 8.026062 8.025791 8.025564 8.025333 8.025103 8.024874 8.024643 8.024414 8.024183 8.023953 8.023725 8.023494 8.023259 8.023088 8.022982 8.022873 8.022764 8.022655 8.022545 8.022436 8.022327 8.022218 8.022108 8.021999 8.021892 8.021865 8.021919 8.021976 8.02203 8.022087 8.022142 8.022198 8.022255 8.02231 8.022367 8.022421 8.022478 8.022632 8.022883 8.023136 8.023389 8.023642 8.023892 8.024145 8.024397 8.02465 8.024902 8.025154 8.025404 8.025745 8.026176 8.026606 8.027035 8.027466 8.027895 8.028324 8.028753 8.029183 8.029613 8.030045 8.030482
8.028555 8.028252 8.027947 8.027643 8.027338 8.02703 8.026762 8.026535 8.026306 8.026076 8.025846 8.025616 8.02539 8.025165 8.02494 8.024714 8.024487 8.024257 8.02409 8.023985 8.023878 8.02377 8.023662 8.023556 8.023451 8.023347 8.023245 8.02314 8.023034 8.02293 8.02291 8.022972 8.023035 8.023094 8.023156 8.023218 8.023281 8.023344 8.023409 8.023474 8.023537 8.023599 8.023763 8.024025 8.024289 8.024549 8.024813 8.025074 8.025337 8.025602 8.025867 8.026131 8.026394 8.026657 8.02701 8.027453 8.027895 8.028337 8.02878 8.029222 8.029665 8.030109 8.030552 8.030994 8.031439 8.031887
8.029483 8.029182 8.028886 8.028591 8.028298 8.027998 8.027731 8.027497 8.027262 8.027029 8.0268 8.026572 8.026348 8.026125 8.025907 8.02569 8.025476 8.025253 8.025087 8.024979 8.024867 8.024759 8.024653 8.024549 8.024449 8.024351 8.024254 8.02416 8.024067 8.02397 8.023954 8.024018 8.02408 8.024145 8.024212 8.024281 8.024351 8.024424 8.024498 8.024572 8.024649 8.024719 8.024893 8.025164 8.025433 8.025702 8.025974 8.026247 8.026522 8.026798 8.027075 8.027353 8.027632 8.027908 8.028274 8.028728 8.02918 8.029634 8.030088 8.030544 8.031001 8.03146 8.031917 8.032375 8.032833 8.03329
8.030394 8.030096 8.029802 8.029512 8.029224 8.028934 8.028666 8.028429 8.028194 8.027964 8.027737 8.027512 8.027289 8.02707 8.026854 8.026641 8.026431 8.026219 8.026054 8.025944 8.025835 8.025731 8.025629 8.02553 8.025434 8.025341 8.025249 8.02516 8.025073 8.024984 8.024975 8.025042 8.02511 8.025182 8.025256 8.025332 8.025412 8.025491 8.025573 8.025656 8.025742 8.025826 8.026007 8.026284 8.026564 8.026845 8.027128 8.027411 8.027699 8.027987 8.028275 8.028564 8.028854 8.029146 8.029524 8.029989 8.030455 8.030922 8.031391 8.031862 8.032333 8.032805 8.033278 8.033751 8.034224 8.034697
8.03129 8.030994 8.030701 8.030407 8.030109 8.029809 8.029548 8.029328 8.029104 8.02888 8.028657 8.028435 8.028215 8.027998 8.027781 8.027567 8.027348 8.027126 8.02697 8.026877 8.026783 8.026687 8.026591 8.026498 8.026405 8.026316 8.026228 8.026139 8.026049 8.025957 8.025954 8.026041 8.026124 8.026205 8.026289 8.026375 8.026461 8.026548 8.026638 8.026726 8.026812 8.026898 8.02709 8.027388 8.027683 8.027978 8.028273 8.02857 8.028867 8.029165 8.029465 8.029764 8.030062 8.030359 8.03075 8.031237 8.031721 8.032206 8.03269 8.033175 8.033662 8.034148 8.034636 8.035122 8.035608 8.036098
8.032141 8.031843 8.031546 8.031248 8.030951 8.030649 8.030392 8.030174 8.029955 8.029737 8.02952 8.029302 8.029083 8.028866 8.028648 8.02843 8.028212 8.02799 8.027838 8.027751 8.027664 8.027576 8.027489 8.027402 8.027313 8.027225 8.027139 8.027052 8.026964 8.026878 8.026882 8.026975 8.027067 8.027161 8.027254 8.027348 8.027441 8.027534 8.027627 8.02772 8.027814 8.027909 8.02811 8.028418 8.028725 8.029033 8.029341 8.029649 8.029957 8.030264 8.030573 8.030882 8.031189 8.031498 8.031902 8.032403 8.032904 8.033403 8.033903 8.034405 8.034906 8.035406 8.035906 8.036407 8.036907 8.037419
8.032949 8.032652 8.032354 8.032057 8.031758 8.031456 8.031199 8.030985 8.030767 8.030551 8.030334 8.030116 8.0299 8.029682 8.029467 8.029249 8.029032 8.028812 8.028662 8.02858 8.028496 8.028413 8.02833 8.028246 8.028162 8.028079 8.027996 8.027911 8.027829 8.027748 8.027756 8.027854 8.027954 8.028053 8.028154 8.028254 8.028353 8.028453 8.028551 8.028652 8.028752 8.028854 8.029063 8.029379 8.029697 8.030015 8.030334 8.030652 8.03097 8.031288 8.031607 8.031923 8.032243 8.032562 8.03298 8.033493 8.034006 8.034521 8.035036 8.035551 8.036066 8.036579 8.037094 8.037609 8.038126 8.038654
8.033758 8.033461 8.033163 8.032865 8.032566 8.032264 8.032007 8.031794 8.031578 8.031363 8.031147 8.030931 8.030715 8.0305 8.030284 8.030067 8.029852 8.029633 8.029486 8.029408 8.029329 8.02925 8.02917 8.029091 8.029011 8.028932 8.028852 8.028772 8.028694 8.028618 8.028631 8.028734 8.028841 8.028948 8.029053 8.02916 8.029265 8.029371 8.029478 8.029583 8.02969 8.029799 8.030016 8.030342 8.03067 8.030998 8.031326 8.031654 8.031983 8.03231 8.032639 8.032967 8.033297 8.033628 8.034057 8.034582 8.03511 8.035639 8.036168 8.036696 8.037226 8.037754 8.038282 8.038811 8.039345 8.039886
8.034567 8.034269 8.033971 8.033673 8.033373 8.033072 8.032814 8.032602 8.03239 8.032175 8.03196 8.031746 8.031531 8.031317 8.031102 8.030888 8.030672 8.030455 8.03031 8.030236 8.030161 8.030085 8.03001 8.029936 8.02986 8.029783 8.029709 8.029634 8.029559 8.029487 8.029506 8.029615 8.029727 8.02984 8.029952 8.030064 8.030178 8.03029 8.030403 8.030516 8.030628 8.030744 8.03097 8.031305 8.031643 8.031981 8.032319 8.032658 8.032995 8.033333 8.033672 8.03401 8.03435 8.034693 8.035133 8.035673 8.036214 8.036757 8.0373 8.037844 8.038385 8.038928 8.039471 8.040014 8.040562 8.041119
8.035375 8.035078 8.03478 8.034481 8.034182 8.033879 8.033624 8.033413 8.0332 8.032988 8.032774 8.03256 8.032347 8.032133 8.03192 8.031708 8.031492 8.031277 8.031134 8.031065 8.030994 8.030922 8.03085 8.03078 8.030708 8.030636 8.030565 8.030494 8.030424 8.030355 8.030379 8.030497 8.030615 8.030733 8.030851 8.03097 8.03109 8.031208 8.031328 8.031446 8.031567 8.031689 8.031922 8.032268 8.032616 8.032964 8.033312 8.03366 8.034009 8.034357 8.034704 8.035053 8.035404 8.035757 8.036209 8.036762 8.037317 8.037874 8.038431 8.038988 8.039545 8.040103 8.040659 8.041216 8.041779 8.04235
8.036182 8.035885 8.035587 8.03529 8.03499 8.034687 8.034432 8.034223 8.034012 8.033799 8.033587 8.033375 8.033163 8.032951 8.032738 8.032526 8.032312 8.0321 8.03196 8.031895 8.031826 8.031758 8.031691 8.031624 8.031557 8.03149 8.031422 8.031355 8.031288 8.031224 8.031254 8.031376 8.0315 8.031626 8.031752 8.031877 8.032001 8.032127 8.032252 8.032378 8.032505 8.032633 8.032875 8.033231 8.033588 8.033946 8.034305 8.034662 8.035021 8.035379 8.035738 8.036097 8.036457 8.036821 8.037286 8.037851 8.038422 8.038992 8.039564 8.040134 8.040707 8.041276 8.041847 8.042419 8.042994 8.043578
8.036992 8.036694 8.036395 8.036098 8.035799 8.035496 8.035242 8.035034 8.034822 8.034611 8.0344 8.034189 8.033978 8.033768 8.033556 8.033345 8.033134 8.032922 8.032784 8.032722 8.032658 8.032595 8.032533 8.032469 8.032406 8.032342 8.032278 8.032215 8.032154 8.032092 8.032127 8.032256 8.032389 8.032519 8.032652 8.032783 8.032915 8.033046 8.033176 8.033309 8.033442 8.033577 8.033827 8.034193 8.034561 8.034929 8.035297 8.035666 8.036035 8.036402 8.03677 8.03714 8.037508 8.037884 8.038361 8.03894 8.039525 8.04011 8.040695 8.041281 8.041866 8.042452 8.043036 8.043622 8.044209 8.044806
8.0378 8.037502 8.037203 8.036906 8.036608 8.036305 8.036051 8.035843 8.035634 8.035423 8.035213 8.035004 8.034794 8.034584 8.034374 8.034164 8.033955 8.033743 8.033609 8.03355 8.03349 8.033432 8.033373 8.033314 8.033255 8.033195 8.033135 8.033075 8.033016 8.032959 8.033 8.033135 8.033274 8.033413 8.03355 8.033689 8.033826 8.033964 8.034103 8.034241 8.03438 8.034521 8.034779 8.035155 8.035534 8.035912 8.036291 8.036669 8.037046 8.037426 8.037804 8.038182 8.038562 8.038946 8.039436 8.04003 8.040628 8.041227 8.041827 8.042427 8.043026 8.043625 8.044224 8.044824 8.045424 8.046034
8.03861 8.038311 8.038012 8.037714 8.037416 8.037115 8.036861 8.036653 8.036444 8.036236 8.036027 8.03582 8.03561 8.035402 8.035192 8.034983 8.034775 8.034565 8.034433 8.034379 8.034323 8.034268 8.034213 8.034157 8.034102 8.034046 8.033993 8.033936 8.03388 8.033828 8.033873 8.034017 8.034162 8.034306 8.03445 8.034594 8.034739 8.034882 8.035028 8.035172 8.035316 8.035463 8.035729 8.036118 8.036507 8.036894 8.037281 8.037668 8.038057 8.038446 8.038836 8.039227 8.039615 8.040007 8.040508 8.041119 8.041733 8.042344 8.042955 8.043568 8.04418 8.044795 8.04541 8.046026 8.04664 8.047258
8.039418 8.03912 8.038822 8.038523 8.038223 8.037926 8.03767 8.037463 8.037256 8.03705 8.036844 8.036636 8.036428 8.036221 8.036013 8.035805 8.035596 8.035387 8.035259 8.035208 8.035156 8.035107 8.035055 8.035003 8.034952 8.0349 8.034847 8.034798 8.034746 8.034695 8.034746 8.034897 8.035046 8.035196 8.035345 8.035496 8.035646 8.035797 8.035949 8.0361 8.036254 8.036406 8.036681 8.037079 8.037474 8.03787 8.038265 8.038662 8.039061 8.039459 8.039861 8.040262 8.040665 8.041067 8.041581 8.042204 8.042826 8.043447 8.044067 8.044693 8.045318 8.045946 8.046578 8.047213 8.047851 8.048483
8.04023 8.039932 8.039633 8.039335 8.039036 8.038736 8.038482 8.038277 8.038071 8.037866 8.037661 8.037455 8.037249 8.037042 8.036835 8.036628 8.036421 8.036212 8.036085 8.036039 8.035992 8.035944 8.035898 8.035849 8.035801 8.035753 8.035705 8.035657 8.03561 8.035563 8.035618 8.035774 8.035929 8.036085 8.03624 8.036396 8.036551 8.036709 8.036866 8.037024 8.037183 8.037344 8.037626 8.038031 8.038435 8.038839 8.039244 8.03965 8.040056 8.040464 8.040875 8.041286 8.0417 8.042114 8.042641 8.04327 8.043902 8.044535 8.045168 8.045803 8.046441 8.047081 8.047726 8.048374 8.049026 8.049683
8.04104 8.040743 8.040445 8.040147 8.03985 8.039549 8.039297 8.039093 8.038888 8.038685 8.038479 8.038275 8.038071 8.037865 8.037659 8.037455 8.037249 8.037044 8.036919 8.036874 8.036829 8.036785 8.03674 8.036695 8.03665 8.036606 8.03656 8.036516 8.036472 8.036428 8.036488 8.03665 8.036811 8.036972 8.037132 8.037294 8.037455 8.037617 8.037781 8.037943 8.038105 8.038269 8.038559 8.038973 8.039389 8.039803 8.040216 8.040632 8.041048 8.041464 8.041882 8.042299 8.042716 8.043137 8.043669 8.044316 8.044965 8.04561 8.046255 8.046902 8.047551 8.048201 8.048855 8.049509 8.050161 8.050814
8.041814 8.041517 8.04122 8.040922 8.040625 8.040322 8.040071 8.039868 8.039663 8.039459 8.039255 8.03905 8.038845 8.038641 8.038437 8.038233 8.038028 8.037824 8.0377 8.037657 8.037613 8.037571 8.037529 8.037485 8.037443 8.037399 8.037357 8.037313 8.037271 8.03723 8.037292 8.037457 8.037622 8.037788 8.037954 8.03812 8.038286 8.038452 8.038618 8.038785 8.038951 8.03912 8.039413 8.039835 8.040257 8.040681 8.041103 8.041527 8.041949 8.042372 8.042795 8.043218 8.04364 8.04407 8.044611 8.045261 8.045919 8.046576 8.047232 8.04789 8.048546 8.049202 8.04986 8.050516 8.051174 8.051836
8.042551 8.042253 8.041956 8.041656 8.041357 8.041054 8.040802 8.0406 8.040396 8.04019 8.039986 8.03978 8.039576 8.039371 8.039165 8.038961 8.038755 8.038551 8.038427 8.038385 8.038343 8.038301 8.03826 8.038218 8.038176 8.038134 8.038092 8.03805 8.038008 8.03797 8.038034 8.0382 8.038368 8.038538 8.038708 8.038877 8.039045 8.039214 8.039383 8.039553 8.039722 8.039895 8.040195 8.04062 8.041048 8.041477 8.041904 8.042335 8.042763 8.043191 8.043621 8.044049 8.044479 8.044917 8.045462 8.046118 8.04678 8.047442 8.048105 8.048767 8.04943 8.050093 8.050755 8.051417 8.052082 8.052752
8.043289 8.042989 8.04269 8.042391 8.04209 8.041785 8.041533 8.04133 8.041128 8.040922 8.040716 8.04051 8.040306 8.0401 8.039895 8.03969 8.039484 8.039278 8.039156 8.039114 8.039074 8.039032 8.038992 8.03895 8.038908 8.038868 8.038827 8.038785 8.038746 8.038708 8.038774 8.038942 8.039114 8.039288 8.039459 8.039631 8.039804 8.039976 8.040148 8.040321 8.040494 8.04067 8.040975 8.041406 8.041839 8.042273 8.042707 8.043142 8.043577 8.044012 8.044447 8.044881 8.045319 8.045762 8.046314 8.046974 8.04764 8.048307 8.048977 8.049645 8.050314 8.050982 8.051651 8.052319 8.05299 8.053665
8.044024 8.043726 8.043427 8.043125 8.042823 8.042518 8.042265 8.042063 8.041858 8.041653 8.041447 8.041241 8.041035 8.040831 8.040625 8.040419 8.040213 8.040007 8.039885 8.039845 8.039803 8.039762 8.039722 8.039682 8.039642 8.039602 8.039562 8.03952 8.039482 8.039444 8.039513 8.039684 8.03986 8.040036 8.040211 8.040386 8.040562 8.040737 8.040913 8.041088 8.041265 8.041447 8.041754 8.042191 8.04263 8.04307 8.043509 8.043951 8.044391 8.044832 8.045272 8.045712 8.046156 8.046607 8.047165 8.04783 8.048501 8.049175 8.04985 8.050524 8.051198 8.051871 8.052547 8.05322 8.053897 8.054577
8.044763 8.044462 8.044161 8.043859 8.043556 8.04325 8.042996 8.042795 8.04259 8.042383 8.042177 8.041972 8.041766 8.041559 8.041354 8.041148 8.040941 8.040735 8.040612 8.040573 8.040533 8.040495 8.040455 8.040415 8.040375 8.040335 8.040297 8.040257 8.040218 8.040182 8.040253 8.040428 8.040606 8.040785 8.040964 8.041142 8.04132 8.041499 8.041677 8.041857 8.042036 8.04222 8.042534 8.042976 8.04342 8.043867 8.044312 8.04476 8.045205 8.04565 8.046098 8.046543 8.046995 8.047451 8.048014 8.048685 8.049361 8.050041 8.05072 8.051401 8.052082 8.052761 8.053442 8.054121 8.054804 8.05549
8.0455 8.045198 8.044897 8.044596 8.044291 8.043983 8.04373 8.043528 8.043322 8.043116 8.042909 8.042702 8.042496 8.04229 8.042084 8.041877 8.04167 8.041463 8.041341 8.041302 8.041264 8.041225 8.041185 8.041147 8.041109 8.04107 8.04103 8.040992 8.040955 8.040918 8.040991 8.041171 8.041351 8.041533 8.041716 8.041897 8.042079 8.042261 8.042442 8.042625 8.042809 8.042994 8.043312 8.043759 8.04421 8.044662 8.045115 8.045567 8.04602 8.046471 8.046924 8.047377 8.047832 8.048292 8.048862 8.04954 8.050222 8.050907 8.051594 8.052279 8.052965 8.053652 8.054337 8.055023 8.05571 8.0564
8.046237 8.045934 8.045632 8.045329 8.045026 8.044718 8.044462 8.04426 8.044054 8.043846 8.043639 8.043432 8.043226 8.043018 8.042812 8.042605 8.042399 8.042191 8.042068 8.04203 8.041992 8.041956 8.041918 8.041879 8.041842 8.041803 8.041765 8.041727 8.041691 8.041656 8.041729 8.041912 8.042097 8.042282 8.042467 8.042652 8.042837 8.043022 8.043207 8.043392 8.043578 8.043768 8.04409 8.044544 8.045002 8.04546 8.045918 8.046375 8.046834 8.047293 8.047749 8.048207 8.048668 8.049135 8.049711 8.050394 8.051083 8.051775 8.052466 8.053158 8.053848 8.054541 8.055232 8.055923 8.056616 8.05731
8.046972 8.046671 8.046366 8.046064 8.045759 8.045452 8.045197 8.044992 8.044784 8.044578 8.044371 8.044163 8.043956 8.043749 8.043541 8.043334 8.043127 8.042919 8.042797 8.042759 8.042724 8.042686 8.042649 8.042611 8.042576 8.042538 8.0425 8.042463 8.042426 8.042393 8.042467 8.042654 8.042843 8.043032 8.043219 8.043407 8.043596 8.043785 8.043972 8.044161 8.044349 8.044542 8.044868 8.045328 8.045793 8.046257 8.046721 8.047184 8.047647 8.048111 8.048576 8.04904 8.049504 8.049974 8.050556 8.051248 8.051944 8.052641 8.053339 8.054036 8.054733 8.05543 8.056128 8.056826 8.057523 8.058222
8.047709 8.047407 8.047102 8.046799 8.046495 8.046187 8.04593 8.045724 8.045516 8.045309 8.045101 8.044893 8.044685 8.044477 8.044271 8.044064 8.043856 8.043648 8.043526 8.043489 8.043453 8.043417 8.043381 8.043344 8.043308 8.043272 8.043235 8.0432 8.043163 8.043128 8.043207 8.043396 8.043589 8.043779 8.04397 8.044162 8.044353 8.044546 8.044737 8.044929 8.04512 8.045315 8.045645 8.046114 8.046583 8.047052 8.04752 8.047989 8.048458 8.048927 8.0494 8.049871 8.050341 8.050815 8.051403 8.052101 8.052805 8.053507 8.054206 8.054908 8.055611 8.056316 8.057022 8.057726 8.05843 8.059134
