Spatial_Analysis/Downscaled_EnvironmentalLayers/RCP4_5/2080/salinity_far45.asc
ncols         639
nrows         313
xllcorner     -103
yllcorner     4.021
cellsize      0.083
NODATA_value  -9999
[rows 29 to 57 of 313, columns 520 to 584 of 639]
37.18177 37.18317 37.18459 37.186 37.18858 37.19292 37.19723 37.20155 37.20589 37.21024 37.2146 37.21898 37.22337 37.22778 37.23219 37.23661 37.24039 37.24309 37.24575 37.24841 37.2511 37.25379 37.2565 37.25922 37.26196 37.26471 37.26748 37.27025 37.27295 37.2756 37.27821 37.28082 37.28345 37.28609 37.28875 37.29142 37.29411 37.29681 37.29952 37.30224 37.30481 37.30704 37.30922 37.31142 37.31363 37.31585 37.31808 37.32034 37.3226 37.32489 37.32718 37.32949 37.33183 37.33442 37.33697 37.33953 37.3421 37.34469 37.34729 37.34991 37.35255 37.3552 37.35786 37.36054 37.36314
37.1805 37.18188 37.18327 37.18467 37.18726 37.19164 37.19599 37.20036 37.20475 37.20914 37.21356 37.21799 37.22242 37.22688 37.23135 37.23582 37.23966 37.24239 37.24509 37.2478 37.25052 37.25326 37.25601 37.25878 37.26156 37.26436 37.26716 37.26998 37.27275 37.27546 37.27814 37.28084 37.28355 37.28626 37.289 37.29174 37.29451 37.29729 37.30008 37.30288 37.30554 37.30783 37.31008 37.31234 37.31461 37.31691 37.31922 37.32154 37.32388 37.32623 37.3286 37.33099 37.33339 37.33602 37.3386 37.34119 37.3438 37.34642 37.34906 37.35172 37.35438 37.35707 37.35977 37.36249 37.36514
37.17651 37.17785 37.17918 37.18049 37.18302 37.18734 37.19167 37.19598 37.20028 37.2046 37.20892 37.21326 37.2176 37.22195 37.22629 37.23061 37.23441 37.23723 37.24006 37.24286 37.24567 37.24848 37.2513 37.25414 37.25698 37.25982 37.26266 37.26549 37.26831 37.27112 37.27392 37.27671 37.2795 37.28229 37.28509 37.2879 37.29073 37.29356 37.29638 37.29918 37.30189 37.30431 37.30672 37.30912 37.31151 37.31391 37.31632 37.31874 37.32117 37.32361 37.32603 37.32845 37.33092 37.33361 37.3363 37.33898 37.34164 37.34431 37.347 37.3497 37.3524 37.35511 37.35782 37.3605 37.36317
37.17242 37.17371 37.175 37.1763 37.17878 37.18301 37.18725 37.19149 37.19572 37.19996 37.2042 37.20844 37.21268 37.21692 37.22115 37.22539 37.22915 37.23204 37.23494 37.23783 37.24072 37.24362 37.24651 37.2494 37.2523 37.25519 37.25808 37.26097 37.26386 37.26674 37.26961 37.27248 37.27536 37.27823 37.2811 37.28397 37.28685 37.28972 37.29259 37.29546 37.29823 37.30076 37.30327 37.30579 37.3083 37.31082 37.31332 37.31584 37.31836 37.32087 37.32338 37.3259 37.32845 37.33119 37.33392 37.33665 37.33938 37.34211 37.34484 37.34757 37.3503 37.35304 37.35577 37.3585 37.3612
37.16829 37.16956 37.17083 37.17211 37.17455 37.17868 37.18283 37.18698 37.19112 37.19527 37.19942 37.20357 37.20772 37.21187 37.21601 37.22017 37.2239 37.22686 37.22981 37.23278 37.23574 37.2387 37.24166 37.24462 37.24758 37.25054 37.25351 37.25646 37.25942 37.26236 37.2653 37.26823 37.27118 37.27412 37.27705 37.27999 37.28293 37.28587 37.2888 37.29173 37.29459 37.29721 37.29982 37.30244 37.30505 37.30766 37.31028 37.31289 37.3155 37.31811 37.32073 37.32334 37.32598 37.32876 37.33153 37.33431 37.33708 37.33986 37.34262 37.3454 37.34817 37.35095 37.35372 37.35649 37.35923
37.16415 37.16541 37.16666 37.16792 37.1703 37.17435 37.17841 37.18246 37.18653 37.19059 37.19464 37.19871 37.20276 37.20682 37.21088 37.21495 37.21864 37.22166 37.22469 37.22772 37.23075 37.23378 37.23681 37.23984 37.24287 37.2459 37.24893 37.25195 37.25497 37.25798 37.26099 37.26399 37.26699 37.27 37.273 37.276 37.27901 37.28201 37.28502 37.28801 37.29094 37.29366 37.29638 37.29908 37.3018 37.30451 37.30722 37.30993 37.31264 37.31536 37.31807 37.32078 37.32351 37.32633 37.32915 37.33197 37.33478 37.33759 37.34041 37.34322 37.34604 37.34885 37.35167 37.35448 37.35726
37.16002 37.16126 37.16249 37.16373 37.16606 37.17002 37.17399 37.17796 37.18193 37.1859 37.18987 37.19384 37.19781 37.20178 37.20575 37.20973 37.21339 37.21648 37.21957 37.22267 37.22576 37.22886 37.23196 37.23506 37.23815 37.24125 37.24435 37.24744 37.25052 37.2536 37.25668 37.25975 37.26282 37.26588 37.26895 37.27202 37.27509 37.27816 37.28123 37.28429 37.28728 37.29011 37.29293 37.29574 37.29855 37.30136 37.30417 37.30698 37.30979 37.3126 37.31541 37.31822 37.32104 37.3239 37.32676 37.32962 37.33248 37.33533 37.33819 37.34105 37.3439 37.34676 37.34962 37.35247 37.35529
37.1559 37.15711 37.15832 37.15953 37.16182 37.16569 37.16957 37.17345 37.17733 37.18121 37.18509 37.18897 37.19285 37.19673 37.20061 37.2045 37.20813 37.21129 37.21445 37.21761 37.22078 37.22394 37.2271 37.23027 37.23344 37.2366 37.23977 37.24292 37.24608 37.24922 37.25236 37.2555 37.25863 37.26177 37.2649 37.26804 37.27117 37.2743 37.27744 37.28057 37.28364 37.28656 37.28948 37.29239 37.2953 37.29821 37.30112 37.30403 37.30694 37.30985 37.31276 37.31566 37.31857 37.32148 37.32438 37.32728 37.33017 37.33307 37.33597 37.33887 37.34177 37.34467 37.34757 37.35046 37.35332
37.15177 37.15296 37.15414 37.15534 37.15758 37.16136 37.16514 37.16893 37.17273 37.17652 37.18031 37.1841 37.1879 37.19168 37.19548 37.19928 37.20287 37.2061 37.20932 37.21256 37.21579 37.21902 37.22226 37.22549 37.22872 37.23196 37.23519 37.23841 37.24163 37.24484 37.24805 37.25125 37.25445 37.25765 37.26086 37.26405 37.26725 37.27045 37.27366 37.27685 37.27999 37.28302 37.28603 37.28904 37.29205 37.29506 37.29807 37.30107 37.30408 37.30709 37.3101 37.31311 37.3161 37.31905 37.32199 37.32493 37.32787 37.33081 37.33375 37.33669 37.33963 37.34258 37.34552 37.34846 37.35135
37.14764 37.1488 37.14997 37.15115 37.15334 37.15702 37.16072 37.16442 37.16813 37.17183 37.17553 37.17923 37.18294 37.18664 37.19035 37.19405 37.19762 37.2009 37.2042 37.2075 37.2108 37.2141 37.21741 37.22071 37.22401 37.22731 37.23061 37.23391 37.23719 37.24047 37.24373 37.24701 37.25027 37.25354 37.25681 37.26007 37.26334 37.2666 37.26987 37.27313 37.27635 37.27947 37.28259 37.28569 37.2888 37.29191 37.29501 37.29812 37.30123 37.30434 37.30745 37.31055 37.31363 37.31662 37.31961 37.32259 37.32557 37.32855 37.33154 37.33452 37.3375 37.34048 37.34347 37.34645 37.34938
37.14351 37.14465 37.1458 37.14695 37.14909 37.15269 37.1563 37.15992 37.16352 37.16714 37.17075 37.17437 37.17798 37.18159 37.18521 37.18883 37.19235 37.19571 37.19908 37.20245 37.20582 37.20919 37.21255 37.21592 37.21929 37.22266 37.22603 37.2294 37.23275 37.23609 37.23942 37.24276 37.24609 37.24942 37.25275 37.25608 37.25941 37.26275 37.26608 37.26941 37.27271 37.27592 37.27913 37.28234 37.28555 37.28875 37.29196 37.29517 37.29837 37.30159 37.30479 37.30799 37.31116 37.31419 37.31722 37.32024 37.32327 37.32629 37.32932 37.33234 37.33537 37.33839 37.34142 37.34444 37.34741
37.13936 37.1405 37.14163 37.14275 37.14484 37.14836 37.15188 37.15539 37.15891 37.16242 37.16594 37.16947 37.17301 37.17655 37.18007 37.1836 37.1871 37.19052 37.19396 37.19738 37.20081 37.20423 37.20766 37.21111 37.21456 37.21801 37.22145 37.22489 37.22831 37.23172 37.23511 37.2385 37.24188 37.24527 37.24866 37.25207 37.25548 37.25889 37.26229 37.2657 37.26906 37.27238 37.27568 37.27898 37.28227 37.28556 37.28887 37.29218 37.29549 37.29882 37.30214 37.30544 37.30869 37.31176 37.31483 37.31789 37.32094 37.324 37.32706 37.33013 37.33321 37.33629 37.33937 37.34243 37.34544
37.13514 37.13627 37.13741 37.13855 37.14059 37.144 37.14739 37.15079 37.1542 37.15762 37.16105 37.16449 37.16795 37.17141 37.17489 37.17837 37.18183 37.18532 37.18877 37.19223 37.19571 37.19919 37.20269 37.2062 37.20972 37.21326 37.21682 37.22037 37.22387 37.22732 37.23073 37.23415 37.23758 37.24102 37.24448 37.24795 37.25144 37.25494 37.25845 37.26196 37.26542 37.26882 37.27217 37.27553 37.2789 37.28228 37.28568 37.2891 37.29253 37.29596 37.29942 37.30288 37.30622 37.30933 37.31239 37.31544 37.31852 37.32161 37.32471 37.32783 37.33096 37.3341 37.33726 37.34042 37.34348
37.12916 37.13027 37.1314 37.13253 37.13454 37.13786 37.14116 37.14449 37.14781 37.15115 37.1545 37.15788 37.16125 37.16464 37.16805 37.17147 37.1749 37.17838 37.18184 37.18531 37.18879 37.19229 37.1958 37.19933 37.20286 37.20642 37.20998 37.21357 37.21711 37.22062 37.22409 37.22758 37.23108 37.2346 37.23812 37.24167 37.24523 37.2488 37.25239 37.25599 37.25955 37.26302 37.26646 37.26991 37.27338 37.27686 37.28035 37.28386 37.28738 37.29092 37.29448 37.29804 37.30151 37.3047 37.30783 37.31099 37.31416 37.31735 37.32055 37.32376 37.327 37.33024 37.33349 37.33676 37.33994
37.11973 37.1208 37.12188 37.12294 37.12491 37.12821 37.13152 37.13481 37.1381 37.1414 37.14471 37.14803 37.15135 37.15467 37.158 37.16131 37.16466 37.16807 37.17149 37.1749 37.1783 37.1817 37.18512 37.18855 37.19199 37.19543 37.19887 37.20229 37.20577 37.2094 37.21302 37.21663 37.22023 37.22384 37.22746 37.23109 37.23473 37.23838 37.24202 37.24564 37.24926 37.25286 37.25645 37.26003 37.2636 37.26718 37.27077 37.27437 37.27798 37.28159 37.28521 37.2888 37.29236 37.29578 37.2992 37.3026 37.306 37.3094 37.31282 37.31624 37.31968 37.32312 37.32656 37.32998 37.33332
37.11021 37.11125 37.11229 37.11335 37.11529 37.11853 37.12179 37.12505 37.12831 37.13157 37.13483 37.13809 37.14135 37.14461 37.14787 37.15114 37.15442 37.15774 37.16106 37.16439 37.16771 37.17104 37.17436 37.17768 37.18101 37.18434 37.18766 37.19099 37.19442 37.19815 37.20186 37.20557 37.20928 37.213 37.21671 37.22042 37.22413 37.22784 37.23156 37.23526 37.23897 37.24266 37.24635 37.25004 37.25372 37.25741 37.2611 37.26478 37.26847 37.27216 37.27584 37.27953 37.2832 37.28684 37.29047 37.2941 37.29773 37.30136 37.305 37.30863 37.31226 37.31589 37.31952 37.32315 37.3267
37.10066 37.10168 37.10271 37.10375 37.10566 37.10885 37.11206 37.11527 37.11848 37.12169 37.1249 37.12811 37.13132 37.13454 37.13774 37.14097 37.14418 37.1474 37.15063 37.15385 37.15709 37.16032 37.16354 37.16677 37.17 37.17323 37.17646 37.17968 37.18308 37.18689 37.1907 37.1945 37.19829 37.2021 37.20589 37.20969 37.21349 37.21729 37.22109 37.22488 37.22867 37.23246 37.23625 37.24003 37.2438 37.24758 37.25137 37.25514 37.25892 37.2627 37.26648 37.27025 37.27404 37.27789 37.28174 37.28558 37.28943 37.29327 37.29711 37.30096 37.3048 37.30865 37.31248 37.31633 37.32008
37.09111 37.09212 37.09313 37.09415 37.09603 37.09917 37.10233 37.10549 37.10865 37.11181 37.11497 37.11814 37.1213 37.12446 37.12762 37.13079 37.13395 37.13707 37.14019 37.14333 37.14646 37.14959 37.15272 37.15586 37.15899 37.16212 37.16525 37.16838 37.17174 37.17564 37.17953 37.18342 37.18731 37.19119 37.19508 37.19897 37.20285 37.20674 37.21063 37.21451 37.21838 37.22227 37.22615 37.23002 37.23389 37.23776 37.24163 37.2455 37.24937 37.25324 37.25711 37.26098 37.26488 37.26895 37.27301 37.27707 37.28112 37.28518 37.28923 37.29329 37.29734 37.3014 37.30545 37.30951 37.31347
37.08156 37.08255 37.08355 37.08455 37.0864 37.08949 37.09259 37.09571 37.09882 37.10193 37.10504 37.10816 37.11127 37.11438 37.1175 37.12062 37.12371 37.12673 37.12976 37.1328 37.13584 37.13887 37.14191 37.14494 37.14798 37.15102 37.15405 37.15708 37.1604 37.16439 37.16837 37.17234 37.17632 37.18029 37.18427 37.18824 37.19222 37.19619 37.20016 37.20413 37.2081 37.21207 37.21605 37.22001 37.22397 37.22794 37.2319 37.23586 37.23982 37.24378 37.24775 37.25171 37.25573 37.26001 37.26427 37.26854 37.27281 37.27708 37.28135 37.28562 37.28989 37.29415 37.29842 37.30269 37.30685
37.07201 37.07299 37.07396 37.07494 37.07677 37.07981 37.08286 37.08593 37.08899 37.09205 37.09512 37.09818 37.10124 37.10431 37.10737 37.11044 37.11347 37.11639 37.11933 37.12226 37.12521 37.12814 37.13108 37.13403 37.13697 37.13991 37.14285 37.14578 37.14906 37.15313 37.1572 37.16126 37.16533 37.16939 37.17345 37.17751 37.18158 37.18564 37.1897 37.19376 37.19781 37.20188 37.20594 37.21 37.21405 37.21811 37.22216 37.22622 37.23027 37.23433 37.23838 37.24244 37.24658 37.25106 37.25555 37.26003 37.26451 37.26899 37.27347 37.27795 37.28243 37.28691 37.29139 37.29587 37.30023
37.06246 37.06342 37.06437 37.06534 37.06713 37.07013 37.07313 37.07614 37.07916 37.08217 37.08519 37.0882 37.09121 37.09423 37.09724 37.10027 37.10323 37.10606 37.10889 37.11173 37.11458 37.11742 37.12027 37.12311 37.12595 37.1288 37.13164 37.13448 37.13772 37.14188 37.14604 37.15019 37.15434 37.15849 37.16264 37.16679 37.17094 37.17509 37.17924 37.18338 37.18752 37.19168 37.19584 37.19999 37.20413 37.20828 37.21243 37.21658 37.22073 37.22488 37.22902 37.23316 37.23742 37.24212 37.24682 37.25151 37.2562 37.26089 37.26559 37.27028 37.27497 37.27966 37.28435 37.28904 37.29361
37.05292 37.05385 37.05479 37.05574 37.0575 37.06044 37.0634 37.06636 37.06933 37.0723 37.07525 37.07822 37.08119 37.08415 37.08712 37.0901 37.09298 37.09571 37.09846 37.10121 37.10396 37.1067 37.10945 37.1122 37.11494 37.11769 37.12044 37.12318 37.12638 37.13063 37.13487 37.13911 37.14334 37.14759 37.15182 37.15606 37.1603 37.16454 37.16877 37.17301 37.17724 37.18149 37.18574 37.18998 37.19422 37.19846 37.20269 37.20694 37.21118 37.21542 37.21965 37.2239 37.22827 37.23318 37.23809 37.24299 37.24789 37.2528 37.25771 37.26261 37.26752 37.27242 37.27732 37.28223 37.28699
37.04337 37.04429 37.0452 37.04613 37.04786 37.05075 37.05367 37.05658 37.05949 37.06241 37.06533 37.06824 37.07116 37.07407 37.07699 37.07991 37.08274 37.08537 37.08802 37.09068 37.09333 37.09598 37.09863 37.10128 37.10393 37.10659 37.10924 37.11189 37.11505 37.11938 37.12371 37.12804 37.13236 37.13668 37.14101 37.14534 37.14966 37.15399 37.15831 37.16263 37.16695 37.1713 37.17564 37.17997 37.1843 37.18863 37.19297 37.1973 37.20163 37.20596 37.21029 37.21462 37.21912 37.22424 37.22935 37.23447 37.23959 37.24471 37.24982 37.25494 37.26006 37.26517 37.27029 37.27541 37.28038
37.03381 37.03472 37.03562 37.03652 37.03822 37.04107 37.04393 37.04679 37.04964 37.0525 37.05536 37.05824 37.06112 37.064 37.06686 37.06973 37.07249 37.07504 37.07759 37.08014 37.08268 37.08523 37.08777 37.09034 37.0929 37.09547 37.09803 37.10059 37.10371 37.10814 37.11255 37.11695 37.12135 37.12575 37.13016 37.13457 37.139 37.14343 37.14785 37.15226 37.15667 37.16111 37.16553 37.16995 37.17436 37.17877 37.18319 37.18762 37.19206 37.1965 37.20093 37.20535 37.20996 37.2153 37.22063 37.22595 37.23126 37.23658 37.24191 37.24724 37.25258 37.25792 37.26325 37.26858 37.27375
37.02415 37.02507 37.02599 37.02692 37.02857 37.03137 37.03414 37.03691 37.0397 37.0425 37.04532 37.04815 37.05098 37.05383 37.0567 37.05956 37.06224 37.06469 37.0671 37.06951 37.07195 37.07438 37.07684 37.0793 37.08178 37.08427 37.08678 37.08929 37.09238 37.09687 37.10132 37.10578 37.11024 37.11473 37.11922 37.12373 37.12825 37.13279 37.13733 37.14188 37.14639 37.15091 37.15537 37.15984 37.16433 37.16882 37.17334 37.17786 37.1824 37.18695 37.19151 37.19607 37.20081 37.20635 37.21185 37.21734 37.22285 37.22837 37.2339 37.23945 37.24501 37.25058 37.25617 37.26175 37.26714
37.01377 37.01476 37.01576 37.01677 37.01846 37.02116 37.02385 37.02656 37.02928 37.03202 37.03477 37.03753 37.0403 37.04309 37.04589 37.04871 37.05137 37.05378 37.05618 37.05859 37.06101 37.06345 37.0659 37.06837 37.07084 37.07334 37.07585 37.07837 37.08151 37.08607 37.09061 37.09517 37.09973 37.10431 37.10891 37.11352 37.11814 37.12278 37.12743 37.1321 37.13673 37.14128 37.14581 37.15034 37.1549 37.15946 37.16404 37.16864 37.17325 37.17788 37.18251 37.18717 37.19202 37.19772 37.20338 37.20906 37.21475 37.22046 37.22618 37.23191 37.23766 37.24342 37.24919 37.25498 37.26057
37.00172 37.00296 37.00421 37.00544 37.00723 37.00987 37.01251 37.01514 37.01776 37.0204 37.02304 37.0257 37.02836 37.03103 37.03369 37.03634 37.03901 37.04169 37.04438 37.04705 37.04973 37.05241 37.0551 37.0578 37.06051 37.06323 37.06594 37.06864 37.07196 37.0767 37.08142 37.08614 37.09085 37.09557 37.1003 37.10504 37.10979 37.11454 37.1193 37.12403 37.12873 37.13335 37.13794 37.14253 37.14712 37.15171 37.15631 37.16092 37.16554 37.17017 37.1748 37.17941 37.18427 37.19012 37.19596 37.20178 37.2076 37.21343 37.21927 37.22512 37.23097 37.23684 37.2427 37.24854 37.25423
36.98956 36.99107 36.99257 36.99409 36.99601 36.99854 37.00108 37.00362 37.00616 37.0087 37.01125 37.01379 37.01633 37.01886 37.02141 37.02396 37.02664 37.02956 37.03249 37.03542 37.03835 37.04129 37.04422 37.04715 37.05008 37.05302 37.05595 37.05888 37.0624 37.06728 37.07214 37.07701 37.08187 37.08674 37.09161 37.09647 37.10134 37.1062 37.11107 37.11593 37.12074 37.12537 37.12999 37.13462 37.13924 37.14387 37.14849 37.15311 37.15774 37.16236 37.16699 37.17161 37.17651 37.18248 37.18844 37.1944 37.20036 37.20631 37.21227 37.21824 37.22419 37.23015 37.23611 37.24207 37.24789
36.97737 36.97915 36.98094 36.98274 36.98479 36.98721 36.98964 36.99207 36.99451 36.99694 36.99938 37.00182 37.00425 37.00669 37.00912 37.01157 37.01427 37.01743 37.02059 37.02377 37.02694 37.03011 37.03328 37.03645 37.03962 37.04279 37.04596 37.04912 37.05285 37.05785 37.06285 37.06785 37.07285 37.07785 37.08285 37.08784 37.09285 37.09784 37.10284 37.10783 37.11274 37.11739 37.12203 37.12667 37.13132 37.13596 37.1406 37.14524 37.14989 37.15453 37.15917 37.16382 37.16876 37.17484 37.18092 37.18699 37.19307 37.19915 37.20522 37.2113 37.21737 37.22345 37.22953 37.23561 37.24155
