Spatial_Analysis/Downscaled_EnvironmentalLayers/RCP4_5/2080/salinity_far45.asc
ncols         639
nrows         313
xllcorner     -103
yllcorner     4.021
cellsize      0.083
NODATA_value  -9999
[rows 87 to 115 of 313, columns 520 to 584 of 639]
36.46253 36.46707 36.47162 36.47617 36.48007 36.483 36.48595 36.48889 36.49184 36.49478 36.49773 36.50068 36.50362 36.50657 36.50951 36.51246 36.51658 36.52279 36.52903 36.53526 36.54149 36.54773 36.55396 36.56019 36.56643 36.57267 36.5789 36.58514 36.59248 36.60225 36.61205 36.62185 36.63166 36.64146 36.65126 36.66106 36.67086 36.68067 36.69047 36.70028 36.70984 36.71867 36.7275 36.73634 36.74519 36.75404 36.76288 36.77172 36.78057 36.78941 36.79826 36.80711 36.81604 36.82531 36.83458 36.84386 36.85313 36.8624 36.87168 36.88095 36.89023 36.8995 36.90878 36.91805 36.92757
36.43887 36.44341 36.44795 36.4525 36.45644 36.45951 36.46257 36.46564 36.46871 36.47179 36.47486 36.47792 36.48098 36.48405 36.48711 36.49018 36.49441 36.50071 36.50702 36.51334 36.51966 36.52597 36.53229 36.53859 36.5449 36.55121 36.55753 36.56384 36.57129 36.58129 36.5913 36.60131 36.61133 36.62135 36.63136 36.64137 36.65138 36.66138 36.6714 36.68141 36.69119 36.70026 36.70934 36.71843 36.72752 36.73661 36.7457 36.75479 36.76387 36.77294 36.78203 36.79111 36.80027 36.80963 36.819 36.82837 36.83775 36.84712 36.85649 36.86586 36.87523 36.88459 36.89396 36.90333 36.91296
36.41522 36.41977 36.42429 36.42883 36.43282 36.43601 36.43922 36.44242 36.44563 36.44882 36.45201 36.45521 36.45839 36.46157 36.46474 36.46791 36.47224 36.47863 36.48504 36.49145 36.49786 36.50426 36.51065 36.51704 36.52342 36.5298 36.53617 36.54254 36.5501 36.56032 36.57056 36.58081 36.59105 36.60128 36.61152 36.62173 36.63194 36.64215 36.65235 36.66255 36.67254 36.68186 36.69121 36.70055 36.7099 36.71924 36.72857 36.73789 36.74721 36.75652 36.76582 36.77514 36.78449 36.79395 36.80344 36.81292 36.82241 36.83188 36.84135 36.85081 36.86027 36.86972 36.87917 36.88861 36.89836
36.39196 36.3965 36.40104 36.40557 36.40959 36.41289 36.41619 36.41949 36.42278 36.42607 36.42936 36.43264 36.43591 36.43918 36.44244 36.44569 36.45007 36.45657 36.46307 36.46957 36.47605 36.48252 36.48899 36.49546 36.50192 36.50836 36.5148 36.52123 36.52887 36.53933 36.54978 36.56023 36.57067 36.5811 36.59152 36.60194 36.61234 36.62274 36.63313 36.64351 36.65367 36.66328 36.67289 36.68249 36.69209 36.70167 36.71125 36.72082 36.73038 36.73993 36.74948 36.75902 36.76857 36.77818 36.78781 36.79742 36.80703 36.81663 36.82622 36.83581 36.84539 36.85496 36.86452 36.87409 36.88394
36.37094 36.37551 36.38009 36.38468 36.38868 36.39184 36.39501 36.39818 36.40135 36.40451 36.40768 36.41084 36.41399 36.41714 36.42029 36.42346 36.42781 36.43432 36.44085 36.44738 36.45392 36.46045 36.46698 36.4735 36.48001 36.48652 36.49302 36.49955 36.50729 36.5178 36.52832 36.53885 36.54939 36.55991 36.57043 36.58095 36.59145 36.60196 36.61246 36.62298 36.63333 36.64318 36.65305 36.66292 36.67279 36.68266 36.69253 36.70239 36.71225 36.72209 36.73195 36.7418 36.75167 36.76155 36.77145 36.78135 36.79125 36.80114 36.81104 36.82092 36.8308 36.84068 36.85056 36.86044 36.87059
36.34993 36.35455 36.35918 36.3638 36.36778 36.37082 36.37386 36.3769 36.37994 36.38299 36.38603 36.38907 36.39211 36.39515 36.39819 36.40124 36.40554 36.41211 36.41869 36.42526 36.43184 36.43842 36.445 36.45157 36.45815 36.46473 36.47131 36.47789 36.48572 36.4963 36.50692 36.51754 36.52815 36.53877 36.54939 36.56001 36.57062 36.58124 36.59186 36.60248 36.61299 36.62311 36.63326 36.64341 36.65356 36.66371 36.67386 36.68401 36.69416 36.70431 36.71446 36.72461 36.73478 36.74495 36.75514 36.76532 36.77551 36.7857 36.79589 36.80608 36.81626 36.82645 36.83663 36.84682 36.85723
36.32894 36.3336 36.33826 36.34291 36.34687 36.34979 36.35271 36.35564 36.35856 36.36148 36.36441 36.36733 36.37025 36.37317 36.37609 36.37903 36.38328 36.38989 36.39652 36.40315 36.40979 36.41642 36.42306 36.42968 36.43632 36.44296 36.44959 36.45623 36.46413 36.47482 36.48552 36.49624 36.50696 36.51767 36.52839 36.53911 36.54982 36.56054 36.57125 36.58199 36.59264 36.60305 36.61348 36.62391 36.63436 36.64479 36.65523 36.66567 36.67611 36.68654 36.69699 36.70743 36.71788 36.72836 36.73883 36.74932 36.7598 36.77029 36.78077 36.79126 36.80175 36.81223 36.82272 36.8332 36.84387
36.30795 36.31264 36.31734 36.32203 36.32596 36.32877 36.33157 36.33437 36.33718 36.33998 36.34278 36.34559 36.3484 36.3512 36.354 36.35682 36.36101 36.36768 36.37436 36.38105 36.38773 36.39442 36.40111 36.4078 36.41449 36.42118 36.42788 36.43458 36.44255 36.45333 36.46413 36.47494 36.48576 36.49657 36.50739 36.51821 36.52902 36.53984 36.55066 36.56149 36.57229 36.58298 36.5937 36.60442 36.61515 36.62587 36.6366 36.64733 36.65805 36.66878 36.6795 36.69024 36.70098 36.71175 36.72253 36.73331 36.74409 36.75488 36.76567 36.77645 36.78723 36.79802 36.8088 36.81958 36.83052
36.28696 36.29169 36.29642 36.30115 36.30505 36.30774 36.31042 36.31311 36.31579 36.31848 36.32116 36.32385 36.32653 36.32922 36.33191 36.3346 36.33873 36.34546 36.3522 36.35894 36.36568 36.37243 36.37917 36.38592 36.39267 36.39941 36.40616 36.41292 36.42096 36.43184 36.44274 36.45365 36.46456 36.47548 36.48639 36.49731 36.50822 36.51913 36.53005 36.54099 36.55194 36.56292 36.57392 36.58493 36.59595 36.60696 36.61797 36.62899 36.64 36.65101 36.66203 36.67305 36.68409 36.69515 36.70623 36.71731 36.72839 36.73947 36.75055 36.76163 36.77272 36.7838 36.79488 36.80596 36.81717
36.26596 36.27073 36.2755 36.28027 36.28415 36.28671 36.28928 36.29184 36.29441 36.29698 36.29954 36.30211 36.30468 36.30724 36.30981 36.31239 36.31646 36.32325 36.33004 36.33683 36.34364 36.35043 36.35723 36.36403 36.37083 36.37763 36.38444 36.39127 36.39937 36.41035 36.42134 36.43235 36.44336 36.45438 36.46539 36.4764 36.48742 36.49844 36.50945 36.52048 36.53159 36.54285 36.55414 36.56544 36.57674 36.58804 36.59934 36.61064 36.62194 36.63324 36.64455 36.65586 36.66718 36.67855 36.68992 36.7013 36.71268 36.72406 36.73544 36.74682 36.75821 36.76958 36.78096 36.79234 36.80381
36.24496 36.24977 36.25458 36.25938 36.26324 36.26569 36.26814 36.27058 36.27303 36.27547 36.27792 36.28036 36.28282 36.28526 36.28771 36.29017 36.29419 36.30102 36.30787 36.31473 36.32158 36.32844 36.33529 36.34215 36.34901 36.35586 36.36272 36.36959 36.37778 36.38885 36.39994 36.41105 36.42217 36.43328 36.44439 36.45551 36.46662 36.47773 36.48884 36.49998 36.51123 36.52279 36.53436 36.54594 36.55753 36.56912 36.58071 36.5923 36.60389 36.61548 36.62707 36.63867 36.65028 36.66195 36.67361 36.6853 36.69697 36.70865 36.72033 36.73201 36.74369 36.75537 36.76704 36.77872 36.79046
36.22397 36.22882 36.23366 36.2385 36.24233 36.24466 36.24699 36.24932 36.25164 36.25397 36.2563 36.25863 36.26096 36.26328 36.26561 36.26795 36.27191 36.2788 36.28571 36.29262 36.29953 36.30644 36.31335 36.32027 36.32718 36.33409 36.341 36.34793 36.35618 36.36735 36.37854 36.38976 36.40097 36.41218 36.42339 36.43461 36.44582 36.45703 36.46824 36.47947 36.49087 36.50271 36.51457 36.52645 36.53833 36.55021 36.56208 36.57396 36.58584 36.59771 36.60959 36.62148 36.63338 36.64534 36.65731 36.66929 36.68127 36.69324 36.70522 36.7172 36.72918 36.74115 36.75313 36.7651 36.77711
36.20298 36.20786 36.21274 36.21762 36.22142 36.22364 36.22585 36.22805 36.23026 36.23247 36.23468 36.23689 36.2391 36.24131 36.24352 36.24573 36.24963 36.25658 36.26355 36.27052 36.27748 36.28445 36.29141 36.29838 36.30535 36.31231 36.31928 36.32626 36.33457 36.34585 36.35715 36.36847 36.37977 36.39108 36.40239 36.41371 36.42501 36.43633 36.44764 36.45896 36.4705 36.48264 36.49479 36.50696 36.51912 36.53129 36.54345 36.55562 36.56778 36.57995 36.59211 36.60428 36.61648 36.62873 36.64101 36.65329 36.66556 36.67784 36.69011 36.70238 36.71466 36.72694 36.73921 36.75148 36.76376
36.182 36.1869 36.19183 36.19674 36.20052 36.20261 36.2047 36.20679 36.2089 36.211 36.2131 36.21518 36.21725 36.21933 36.22141 36.22351 36.22735 36.23437 36.24139 36.24841 36.25545 36.26248 36.2695 36.27653 36.28353 36.29054 36.29757 36.30459 36.31297 36.32434 36.33576 36.34716 36.35859 36.37001 36.38142 36.39283 36.40422 36.41563 36.42704 36.43845 36.45014 36.46256 36.47502 36.48746 36.49993 36.51239 36.52485 36.5373 36.54974 36.56218 36.57463 36.58709 36.59958 36.61213 36.62471 36.63728 36.64986 36.66244 36.67501 36.68759 36.70015 36.71272 36.72529 36.73787 36.75041
36.16115 36.16605 36.17094 36.17586 36.17961 36.18159 36.18362 36.18565 36.18767 36.18967 36.19164 36.1936 36.19554 36.19746 36.19936 36.20129 36.20507 36.21215 36.21929 36.22643 36.23354 36.24065 36.24773 36.25479 36.26184 36.26887 36.27588 36.28292 36.29136 36.30285 36.31441 36.32597 36.33752 36.34905 36.36056 36.37206 36.38354 36.39501 36.40647 36.41795 36.42977 36.44249 36.45527 36.46806 36.48083 36.4936 36.50633 36.51907 36.53178 36.54449 36.55719 36.56989 36.58266 36.59553 36.60843 36.62135 36.63425 36.64713 36.66001 36.67287 36.68573 36.69857 36.71141 36.72425 36.73706
36.14045 36.14534 36.15022 36.15507 36.15871 36.16071 36.16268 36.16462 36.16653 36.16843 36.1703 36.17215 36.17398 36.17578 36.17756 36.17931 36.18295 36.19017 36.19737 36.20455 36.21169 36.21882 36.22593 36.23301 36.24007 36.24712 36.25414 36.26114 36.26952 36.28119 36.29286 36.30451 36.31613 36.32772 36.33931 36.35088 36.36242 36.37395 36.38546 36.39695 36.40882 36.42192 36.43501 36.44808 36.46114 36.47417 36.48719 36.5002 36.51319 36.52617 36.53913 36.55207 36.56505 36.57829 36.59152 36.60474 36.61795 36.63113 36.6443 36.65746 36.67061 36.68374 36.69687 36.70997 36.723
36.11978 36.12444 36.12909 36.13379 36.13736 36.13926 36.14119 36.14313 36.14507 36.14699 36.1489 36.15078 36.15265 36.1545 36.15636 36.15825 36.1619 36.1687 36.17553 36.18239 36.18923 36.19606 36.20288 36.20968 36.21646 36.22323 36.23 36.2368 36.24501 36.25634 36.26772 36.27911 36.29049 36.30186 36.31322 36.32457 36.3359 36.34722 36.35854 36.36988 36.38171 36.39488 36.40809 36.42132 36.43454 36.44775 36.46095 36.47413 36.48731 36.50047 36.51364 36.52682 36.54007 36.55352 36.56699 36.58048 36.59397 36.60744 36.62091 36.63437 36.64781 36.66125 36.67468 36.68813 36.7015
36.09927 36.10371 36.10815 36.11258 36.11601 36.11794 36.11988 36.12181 36.12374 36.12568 36.12762 36.12954 36.13147 36.1334 36.13534 36.13727 36.14083 36.14735 36.15386 36.16039 36.1669 36.17343 36.17996 36.18647 36.19299 36.1995 36.20602 36.21255 36.2205 36.23159 36.24271 36.25384 36.26497 36.27611 36.28724 36.29836 36.30949 36.32061 36.33174 36.34288 36.3546 36.36794 36.3813 36.39467 36.40804 36.42141 36.43479 36.44815 36.46152 36.47489 36.48826 36.50163 36.51509 36.52883 36.54258 36.55633 36.57008 36.58384 36.5976 36.61134 36.6251 36.63885 36.6526 36.66635 36.68001
36.07886 36.08303 36.08721 36.09137 36.09465 36.09663 36.09859 36.10056 36.10253 36.10449 36.10646 36.10842 36.11039 36.11235 36.11432 36.11628 36.11977 36.126 36.13223 36.13845 36.14468 36.15091 36.15714 36.16337 36.1696 36.17583 36.18206 36.1883 36.19598 36.20684 36.21774 36.22864 36.23954 36.25044 36.26134 36.27225 36.28315 36.29406 36.30496 36.31588 36.32748 36.34099 36.35452 36.36807 36.38162 36.39516 36.40871 36.42226 36.4358 36.44935 36.46289 36.47645 36.49011 36.50414 36.51817 36.53222 36.54626 36.5603 36.57435 36.58839 36.60244 36.61648 36.63053 36.64457 36.65851
36.05844 36.06236 36.06626 36.07016 36.0733 36.07531 36.07732 36.07932 36.08131 36.08331 36.08531 36.08731 36.08931 36.0913 36.09331 36.0953 36.0987 36.10464 36.11058 36.11652 36.12246 36.1284 36.13433 36.14027 36.14621 36.15215 36.15808 36.16405 36.17146 36.18209 36.19275 36.20343 36.21411 36.22479 36.23546 36.24614 36.25682 36.2675 36.27818 36.28888 36.30037 36.31404 36.32775 36.34147 36.35519 36.36892 36.38264 36.39636 36.41008 36.42381 36.43753 36.45126 36.46513 36.47944 36.49376 36.5081 36.52244 36.53678 36.55111 36.56544 36.57978 36.59412 36.60845 36.62279 36.63702
36.03804 36.04168 36.04532 36.04896 36.05195 36.05399 36.05603 36.05807 36.0601 36.06213 36.06416 36.0662 36.06823 36.07026 36.07229 36.07432 36.07764 36.08329 36.08894 36.09459 36.10023 36.10588 36.11153 36.11718 36.12283 36.12847 36.13412 36.1398 36.14694 36.15734 36.16777 36.17823 36.18868 36.19913 36.20958 36.22004 36.23049 36.24094 36.2514 36.26188 36.27324 36.28709 36.30098 36.31487 36.32877 36.34267 36.35657 36.37046 36.38436 36.39827 36.41216 36.42607 36.44014 36.45475 36.46936 36.48399 36.49861 36.51324 36.52787 36.5425 36.55713 36.57175 36.58638 36.60101 36.61553
36.01762 36.021 36.02438 36.02775 36.0306 36.03268 36.03475 36.03682 36.03888 36.04095 36.04301 36.04508 36.04715 36.04921 36.05128 36.05334 36.05657 36.06193 36.0673 36.07265 36.07801 36.08337 36.08872 36.09408 36.09943 36.10479 36.11016 36.11554 36.12241 36.13259 36.14279 36.15302 36.16325 36.17347 36.1837 36.19393 36.20415 36.21439 36.22462 36.23487 36.24611 36.26014 36.2742 36.28827 36.30235 36.31642 36.3305 36.34457 36.35865 36.37272 36.3868 36.40089 36.41516 36.43005 36.44495 36.45987 36.47479 36.48971 36.50463 36.51955 36.53447 36.54939 36.56431 36.57923 36.59404
35.99721 36.00032 36.00344 36.00654 36.00925 36.01136 36.01347 36.01557 36.01767 36.01977 36.02187 36.02396 36.02607 36.02816 36.03026 36.03235 36.03551 36.04058 36.04565 36.05072 36.05578 36.06085 36.06592 36.07098 36.07605 36.08112 36.08618 36.09128 36.09788 36.10783 36.11781 36.12782 36.13781 36.14782 36.15782 36.16782 36.17783 36.18783 36.19783 36.20786 36.21898 36.23319 36.24742 36.26167 36.27592 36.29018 36.30443 36.31868 36.33293 36.34718 36.36143 36.3757 36.39016 36.40535 36.42054 36.43576 36.45097 36.46618 36.48139 36.4966 36.51181 36.52702 36.54224 36.55745 36.57255
35.9768 35.97965 35.9825 35.98534 35.9879 35.99005 35.99219 35.99432 35.99645 35.99859 36.00072 36.00285 36.00499 36.00711 36.00925 36.01137 36.01444 36.01923 36.02401 36.02878 36.03356 36.03833 36.04311 36.04789 36.05266 36.05743 36.06221 36.06701 36.07334 36.08307 36.09283 36.10261 36.11238 36.12216 36.13194 36.14172 36.1515 36.16127 36.17105 36.18085 36.19185 36.20623 36.22064 36.23507 36.2495 36.26393 36.27835 36.29278 36.30721 36.32164 36.33606 36.35051 36.36517 36.38065 36.39614 36.41164 36.42715 36.44265 36.45815 36.47366 36.48915 36.50466 36.52016 36.53567 36.55106
35.95638 35.95897 35.96156 35.96414 35.96656 35.96874 35.97091 35.97308 35.97524 35.9774 35.97957 35.98174 35.9839 35.98607 35.98824 35.99039 35.99338 35.99788 36.00237 36.00685 36.01134 36.01582 36.02031 36.02479 36.02927 36.03376 36.03824 36.04275 36.0488 36.05831 36.06785 36.0774 36.08695 36.0965 36.10606 36.11561 36.12516 36.13472 36.14427 36.15384 36.16471 36.17928 36.19387 36.20847 36.22307 36.23768 36.25228 36.26689 36.28149 36.29609 36.3107 36.32531 36.34018 36.35595 36.37173 36.38752 36.40332 36.41912 36.43491 36.45071 36.4665 36.4823 36.49809 36.51389 36.52956
35.93598 35.9383 35.94062 35.94294 35.94521 35.94743 35.94963 35.95183 35.95404 35.95625 35.95845 35.96065 35.96283 35.96502 35.96722 35.96942 35.97232 35.97653 35.98072 35.98492 35.98912 35.99333 35.99752 36.00171 36.00589 36.01008 36.01427 36.01847 36.02425 36.03354 36.04287 36.05219 36.06153 36.07087 36.0802 36.08952 36.09883 36.10815 36.11749 36.12682 36.13757 36.15231 36.16709 36.18187 36.19666 36.21145 36.22623 36.24101 36.25578 36.27055 36.28534 36.30012 36.31518 36.33124 36.34733 36.36341 36.37951 36.3956 36.41169 36.42777 36.44385 36.45993 36.47602 36.4921 36.50807
35.91573 35.91773 35.91972 35.92174 35.92387 35.92611 35.92841 35.9307 35.93298 35.93524 35.93747 35.93969 35.94188 35.94406 35.94624 35.94844 35.95127 35.95518 35.95913 35.96309 35.96702 35.97094 35.97485 35.97874 35.98262 35.98648 35.99033 35.99421 35.9997 36.00878 36.01793 36.02707 36.0362 36.04532 36.05443 36.06352 36.0726 36.08167 36.09073 36.0998 36.11042 36.12536 36.14035 36.15534 36.17032 36.1853 36.20026 36.21521 36.23014 36.24507 36.25999 36.27492 36.29018 36.30654 36.32294 36.33936 36.35576 36.37216 36.38855 36.40491 36.42128 36.43763 36.45397 36.47032 36.48658
35.89582 35.89755 35.89925 35.90092 35.90283 35.90524 35.90762 35.90996 35.91227 35.91456 35.91682 35.91906 35.92127 35.92347 35.92565 35.9278 35.93048 35.93421 35.93792 35.9416 35.94526 35.9489 35.95252 35.95612 35.95971 35.96327 35.96682 35.97035 35.97548 35.98444 35.99338 36.0023 36.0112 36.02009 36.02896 36.03781 36.04665 36.05547 36.06428 36.07307 36.08347 36.09866 36.11385 36.12902 36.14417 36.15931 36.17444 36.18955 36.20464 36.21973 36.2348 36.24986 36.26522 36.28194 36.29866 36.31535 36.33204 36.34871 36.36536 36.38201 36.39864 36.41527 36.43187 36.44846 36.46492
35.8798 35.88155 35.88331 35.88511 35.8871 35.88937 35.89167 35.89399 35.89629 35.89857 35.90083 35.90308 35.90531 35.90753 35.90974 35.91199 35.91468 35.91817 35.92168 35.9252 35.92871 35.93221 35.93568 35.93915 35.9426 35.94604 35.94948 35.95295 35.95794 35.9663 35.97472 35.98314 35.99156 35.99997 36.00836 36.01674 36.02511 36.03347 36.04183 36.05021 36.06031 36.07529 36.09031 36.10535 36.12038 36.1354 36.15041 36.16541 36.1804 36.19538 36.21036 36.22535 36.24068 36.25721 36.27376 36.29033 36.3069 36.32346 36.34 36.35654 36.37307 36.38959 36.4061 36.42263 36.43911
