Spatial_Analysis/Downscaled_EnvironmentalLayers/RCP4_5/2080/salinity_far45.asc
ncols         639
nrows         313
xllcorner     -103
yllcorner     4.021
cellsize      0.083
NODATA_value  -9999
[rows 145 to 173 of 313, columns 195 to 259 of 639]
36.06772 36.08521 36.10252 36.11978 36.12405 36.12286 36.12159 36.12026 36.11886 36.11741 36.11618 36.1153 36.11475 36.11452 36.11462 36.11505 36.11572 36.11666 36.11789 36.11932 36.12088 36.12257 36.12438 36.12632 36.12839 36.13061 36.13291 36.13523 36.13728 36.13916 36.14105 36.14297 36.14489 36.14685 36.14883 36.15084 36.1529 36.155 36.15712 36.15921 36.16064 36.16132 36.16144 36.16085 36.15931 36.15728 36.15525 36.15321 36.15116 36.14909 36.14703 36.14489 36.1424 36.13956 36.13668 36.13376 36.13084 36.12791 36.12499 36.12207 36.11915 36.11623 36.11322 36.10993 36.10608
36.06087 36.07605 36.09094 36.10574 36.10924 36.10799 36.10666 36.10527 36.10384 36.10262 36.10176 36.10125 36.10107 36.10119 36.10162 36.10236 36.10343 36.10481 36.10646 36.10825 36.11018 36.11222 36.11438 36.11667 36.11908 36.12161 36.12428 36.127 36.12942 36.13165 36.1339 36.13615 36.13841 36.14068 36.14297 36.14527 36.1476 36.14995 36.15233 36.15473 36.15672 36.15807 36.15897 36.15928 36.15883 36.15734 36.15534 36.15333 36.15131 36.14927 36.14723 36.14515 36.14267 36.1398 36.1369 36.13398 36.13106 36.12814 36.12522 36.1223 36.11937 36.11645 36.11347 36.11018 36.10627
36.05401 36.06685 36.07939 36.09172 36.09445 36.09313 36.09175 36.09031 36.08905 36.08817 36.08765 36.08746 36.08759 36.08802 36.08875 36.08979 36.09126 36.09309 36.09512 36.09728 36.09956 36.10196 36.10447 36.10709 36.10984 36.11269 36.11568 36.11877 36.12156 36.12414 36.12672 36.1293 36.13189 36.13448 36.13707 36.13967 36.14228 36.14489 36.14753 36.15016 36.15241 36.15432 36.15587 36.15694 36.15738 36.15698 36.15543 36.15345 36.15146 36.14945 36.14743 36.1454 36.14293 36.14005 36.13713 36.13421 36.13128 36.12836 36.12544 36.12252 36.11959 36.11668 36.11374 36.11049 36.10653
36.04715 36.05762 36.06781 36.07772 36.07968 36.0783 36.07686 36.07552 36.07458 36.074 36.07377 36.07386 36.07427 36.07497 36.076 36.07735 36.07923 36.08147 36.08386 36.08638 36.08902 36.09176 36.09462 36.09758 36.10065 36.10384 36.10715 36.11058 36.11371 36.11662 36.11954 36.12245 36.12535 36.12826 36.13116 36.13405 36.13694 36.13983 36.14272 36.14561 36.14809 36.15026 36.15232 36.15404 36.15523 36.15573 36.15527 36.15358 36.15161 36.14964 36.14764 36.14564 36.14319 36.14027 36.13735 36.13443 36.1315 36.12858 36.12565 36.12273 36.11982 36.11689 36.11397 36.11086 36.10687
36.04033 36.04842 36.05622 36.06373 36.06492 36.06349 36.06206 36.06101 36.06033 36.06002 36.06005 36.0604 36.06106 36.06206 36.06339 36.06506 36.06731 36.06992 36.07267 36.07554 36.07853 36.08162 36.08482 36.08812 36.09153 36.09505 36.09867 36.10241 36.10588 36.10912 36.11236 36.11559 36.1188 36.12202 36.12521 36.1284 36.13158 36.13475 36.13791 36.14106 36.14378 36.14618 36.14856 36.15072 36.15256 36.15383 36.1543 36.15363 36.15178 36.14983 36.14787 36.14588 36.14342 36.1405 36.13757 36.13463 36.13168 36.12874 36.12579 36.12286 36.11995 36.11706 36.11418 36.11126 36.10732
36.03354 36.03923 36.04463 36.04974 36.05019 36.0487 36.04749 36.04668 36.04626 36.04619 36.04646 36.04704 36.04799 36.04928 36.05091 36.05285 36.05546 36.05843 36.06153 36.06475 36.06809 36.07153 36.07508 36.07872 36.08245 36.0863 36.09024 36.09429 36.09808 36.10163 36.10519 36.10873 36.11226 36.11577 36.11927 36.12275 36.12621 36.12967 36.13309 36.1365 36.13949 36.14213 36.14475 36.14727 36.14951 36.15142 36.15271 36.15303 36.15194 36.15002 36.14809 36.14614 36.14365 36.14072 36.13776 36.13479 36.13181 36.12884 36.12587 36.12291 36.11997 36.11707 36.1142 36.11139 36.10766
36.02222 36.02777 36.03303 36.038 36.03832 36.03683 36.03577 36.03511 36.03482 36.03489 36.03528 36.03607 36.0372 36.03869 36.0405 36.04262 36.04521 36.04807 36.05106 36.05416 36.05738 36.0607 36.06411 36.06762 36.07122 36.07492 36.07872 36.08261 36.08651 36.09039 36.09425 36.0981 36.10193 36.10574 36.10954 36.11331 36.11707 36.1208 36.1245 36.12818 36.13173 36.13515 36.13856 36.14192 36.14505 36.14788 36.15037 36.1521 36.15265 36.1516 36.15023 36.14886 36.14669 36.14385 36.141 36.13813 36.13525 36.13238 36.12951 36.12666 36.12382 36.121 36.1182 36.11537 36.11131
36.01043 36.01608 36.02144 36.02653 36.02682 36.02544 36.02449 36.02394 36.02376 36.02393 36.02451 36.02546 36.02677 36.02843 36.03039 36.03266 36.03519 36.03788 36.0407 36.04364 36.04668 36.04982 36.05305 36.05637 36.05979 36.06329 36.06688 36.07057 36.07456 36.07874 36.08291 36.08706 36.09119 36.09529 36.09939 36.10345 36.10749 36.1115 36.11549 36.11944 36.12358 36.12786 36.1321 36.13632 36.14039 36.14417 36.14764 36.1507 36.15281 36.15334 36.15261 36.15187 36.15007 36.1473 36.14455 36.14178 36.13902 36.13626 36.1335 36.13074 36.12799 36.12524 36.12248 36.11952 36.11525
35.9987 36.00444 36.00989 36.01507 36.01545 36.01417 36.01332 36.01286 36.01278 36.0131 36.01384 36.01496 36.01643 36.01823 36.02035 36.02276 36.02521 36.02774 36.03039 36.03315 36.03602 36.03898 36.04203 36.04517 36.04839 36.05169 36.05508 36.05857 36.06265 36.06712 36.07159 36.07603 36.08046 36.08486 36.08924 36.09359 36.09792 36.10221 36.10648 36.1107 36.11544 36.12057 36.12567 36.13073 36.1357 36.14041 36.14482 36.1489 36.15246 36.15469 36.15498 36.15488 36.15343 36.15076 36.14809 36.14542 36.14275 36.14009 36.13741 36.13475 36.13208 36.12941 36.12673 36.12367 36.11927
35.98702 35.99284 35.99837 36.00365 36.00418 36.00299 36.00222 36.00184 36.00188 36.00237 36.00327 36.00454 36.00616 36.0081 36.01036 36.01291 36.01529 36.01764 36.02013 36.02272 36.02541 36.02819 36.03107 36.03403 36.03708 36.04021 36.04341 36.0467 36.05087 36.05563 36.06038 36.0651 36.06979 36.07447 36.07912 36.08375 36.08836 36.09293 36.09748 36.10198 36.10732 36.11331 36.11926 36.12517 36.13102 36.13665 36.14199 36.14701 36.15168 36.15552 36.15735 36.15789 36.1568 36.15421 36.15163 36.14905 36.14647 36.1439 36.14132 36.13874 36.13616 36.13358 36.13094 36.12787 36.12337
35.9754 35.98129 35.98689 35.99233 35.993 35.99188 35.99118 35.99089 35.99108 35.99172 35.99276 35.99418 35.99594 35.99803 36.00042 36.00309 36.0054 36.00759 36.00991 36.01234 36.01489 36.01754 36.02026 36.02307 36.02594 36.02889 36.03191 36.035 36.03926 36.04431 36.04933 36.05433 36.05929 36.06422 36.06913 36.074 36.07884 36.08367 36.08849 36.09327 36.09922 36.10607 36.11288 36.11964 36.12635 36.13289 36.13915 36.14511 36.15072 36.1559 36.15955 36.16089 36.16017 36.15766 36.15518 36.15269 36.1502 36.14771 36.14522 36.14273 36.14024 36.13776 36.13515 36.13214 36.12754
35.96382 35.96978 35.97545 35.98109 35.98188 35.98082 35.98018 35.98001 35.98035 35.98114 35.98232 35.98388 35.98578 35.988 35.99052 35.99332 35.99556 35.99762 35.99982 36.00214 36.00455 36.00705 36.00962 36.01227 36.01497 36.01774 36.02057 36.02346 36.02782 36.03315 36.03846 36.04372 36.04895 36.05414 36.05929 36.0644 36.06948 36.07454 36.07956 36.08458 36.09113 36.09885 36.10652 36.11414 36.12172 36.12916 36.13634 36.14322 36.14977 36.15594 36.16127 36.1639 36.16353 36.16112 36.15872 36.15632 36.15393 36.15152 36.14912 36.14673 36.14433 36.14193 36.13939 36.13646 36.13177
35.9523 35.95831 35.96405 35.96993 35.97081 35.96979 35.96923 35.96921 35.96968 35.97061 35.97193 35.97363 35.97566 35.97801 35.98067 35.98362 35.98587 35.98782 35.98991 35.99209 35.99437 35.99673 35.99914 36.00162 36.00416 36.00674 36.00938 36.01208 36.01654 36.02215 36.02773 36.03327 36.03876 36.04421 36.04961 36.05497 36.06029 36.06557 36.07081 36.07603 36.08311 36.09165 36.10019 36.10868 36.11712 36.12545 36.13354 36.14135 36.14883 36.15595 36.16257 36.16691 36.16689 36.16457 36.16227 36.15995 36.15765 36.15534 36.15303 36.15072 36.14841 36.1461 36.14367 36.14084 36.13606
35.94083 35.94689 35.95273 35.95881 35.95977 35.95878 35.95834 35.95845 35.95906 35.96012 35.96158 35.96341 35.96558 35.96807 35.97091 35.97408 35.97633 35.97818 35.98015 35.98221 35.98434 35.98655 35.9888 35.99112 35.99348 35.99589 35.99834 36.00085 36.00541 36.0113 36.01716 36.02296 36.02872 36.03443 36.04008 36.04569 36.05125 36.05676 36.06223 36.06765 36.07526 36.08458 36.0939 36.10325 36.11255 36.12177 36.13077 36.1395 36.14791 36.15597 36.16359 36.16983 36.17026 36.16803 36.16581 36.16359 36.16137 36.15915 36.15693 36.15472 36.1525 36.15027 36.14798 36.14528 36.14042
35.92941 35.93551 35.94145 35.94773 35.94875 35.94781 35.94749 35.94774 35.94849 35.94968 35.95127 35.95324 35.95556 35.95827 35.96132 35.96469 35.96696 35.9687 35.97054 35.97247 35.97446 35.97651 35.97861 35.98076 35.98295 35.98518 35.98745 35.98976 35.99442 36.0006 36.00673 36.01281 36.01883 36.0248 36.0307 36.03656 36.04236 36.0481 36.05379 36.05944 36.06758 36.07768 36.08777 36.09787 36.10801 36.11812 36.12801 36.13766 36.14701 36.15601 36.16459 36.17241 36.17362 36.17148 36.16935 36.16722 36.1651 36.16296 36.16084 36.15871 36.15658 36.15445 36.1523 36.14977 36.14483
35.91803 35.92416 35.93022 35.93668 35.93774 35.93688 35.93668 35.93705 35.93793 35.93926 35.941 35.94313 35.94569 35.94862 35.95189 35.95546 35.95773 35.95936 35.96108 35.96287 35.96472 35.96662 35.96856 35.97054 35.97256 35.97461 35.9767 35.97882 35.98359 35.99004 35.99644 36.00279 36.00908 36.0153 36.02147 36.02758 36.03362 36.0396 36.04552 36.05138 36.06006 36.07096 36.08181 36.09267 36.10356 36.1145 36.12529 36.13584 36.14611 36.15607 36.16562 36.17459 36.17698 36.17494 36.1729 36.17086 36.16882 36.16677 36.16473 36.1627 36.16066 36.15862 36.15658 36.15432 36.14932
35.90669 35.91285 35.91901 35.92562 35.92672 35.92597 35.92588 35.92639 35.92741 35.92888 35.93079 35.93317 35.93596 35.93911 35.94259 35.94636 35.94865 35.95017 35.95176 35.95341 35.95512 35.95687 35.95864 35.96046 35.9623 35.96418 35.96608 35.96801 35.97289 35.97962 35.9863 35.99292 35.99947 36.00596 36.01237 36.01873 36.02502 36.03124 36.0374 36.04349 36.05272 36.0644 36.07604 36.08766 36.09929 36.11095 36.12258 36.13404 36.14524 36.15612 36.16664 36.17666 36.18034 36.17839 36.17642 36.17444 36.17247 36.17051 36.16856 36.16662 36.16469 36.16277 36.16084 36.15887 36.15388
35.89537 35.90156 35.90781 35.91456 35.91572 35.91507 35.9151 35.91574 35.9169 35.91855 35.92072 35.92335 35.92638 35.92975 35.93344 35.93742 35.93971 35.94112 35.94259 35.9441 35.94567 35.94726 35.94888 35.95053 35.9522 35.95389 35.95561 35.95735 35.96233 35.96935 35.97629 35.98318 35.99 35.99675 36.00343 36.01004 36.01657 36.02304 36.02943 36.03575 36.04553 36.05801 36.07044 36.08284 36.09522 36.1076 36.11994 36.13226 36.14436 36.15618 36.16764 36.17866 36.18369 36.18176 36.17984 36.17794 36.17606 36.17419 36.17233 36.17048 36.16865 36.16682 36.165 36.16321 36.15835
35.88448 35.89113 35.89791 35.90524 35.90672 -9999 35.90667 35.90762 35.90911 35.91118 35.91379 35.91684 35.92027 35.92403 35.9281 35.93248 35.93432 35.93479 35.93532 35.93589 35.93648 35.93709 35.93773 35.93838 35.93905 35.93974 35.94044 35.94118 35.94565 35.95249 35.95926 35.96597 35.97261 35.97918 35.98568 35.9921 35.99844 36.0047 36.01089 36.01701 36.02737 36.04106 36.05468 36.06825 36.08179 36.09531 36.10874 36.12215 36.13555 36.14868 36.16148 36.17381 36.1803 36.17879 36.17726 36.17572 36.17419 36.17268 36.17117 36.16967 36.16819 36.16671 36.16523 36.16373 36.15886
35.87366 35.88086 35.88821 -9999 35.89808 35.89799 35.89866 35.89995 35.90189 35.90446 35.90754 35.91103 35.91489 35.91911 35.92364 35.92847 35.92973 35.92912 35.92855 35.92801 35.92748 35.92697 35.92647 35.92599 35.92551 35.92505 35.9246 35.92417 35.92802 35.93459 35.9411 35.94754 35.95392 35.96023 35.96647 35.97262 35.97869 35.9847 35.9906 35.99643 36.00739 36.02236 36.03726 36.05209 36.06687 36.08158 36.09619 36.11074 36.12533 36.13984 36.154 36.16743 36.17566 36.17462 36.17352 36.17241 36.1713 36.17019 36.16908 36.16798 36.16688 36.16578 36.16467 36.16339 36.15863
35.86285 35.87059 35.87848 35.8871 35.88941 35.88964 35.89064 35.89234 35.8948 35.89787 35.90141 35.90538 35.90975 35.91445 35.91945 35.9247 35.92537 35.92366 35.92198 35.92032 35.91867 35.91703 35.91539 35.91376 35.91214 35.91052 35.90892 35.90731 35.91053 35.91684 35.92308 35.92926 35.93537 35.94142 35.94739 35.95328 35.95909 35.96482 35.97045 35.97601 35.98756 36.00382 36.02 36.03609 36.05213 36.06805 36.08383 36.09952 36.1152 36.13097 36.14645 36.16108 36.17071 36.17045 36.16975 36.16904 36.16833 36.16763 36.16692 36.16622 36.16551 36.1648 36.16409 36.16305 36.15848
35.85202 35.86031 35.8687 35.87799 35.88071 35.88126 35.88263 35.88485 35.88784 35.8914 35.89549 35.90001 35.90488 35.91006 35.91554 35.92116 35.92122 35.91838 35.9156 35.91282 35.91004 35.90726 35.90449 35.90171 35.89894 35.89617 35.8934 35.8906 35.89319 35.89923 35.9052 35.91112 35.91696 35.92274 35.92844 35.93407 35.93962 35.94507 35.95044 35.95571 35.96788 35.98543 36.0029 36.02027 36.03756 36.0547 36.07166 36.0885 36.10526 36.12207 36.13878 36.15496 36.16581 36.16628 36.16597 36.16567 36.16536 36.16506 36.16475 36.16445 36.16414 36.16383 36.16347 36.16275 36.15841
35.84116 35.84998 35.8589 35.86884 35.87198 35.87286 35.87468 35.87749 35.88102 35.88519 35.88987 35.89491 35.90028 35.90598 35.91187 35.91785 35.91729 35.91332 35.9094 35.90549 35.90158 35.89767 35.89375 35.88982 35.8859 35.88198 35.87803 35.87403 35.87598 35.88176 35.88747 35.89312 35.89869 35.90419 35.90963 35.91499 35.92027 35.92546 35.93056 35.93557 35.94834 35.96719 35.98595 36.0046 36.02315 36.04151 36.05968 36.07767 36.09552 36.11331 36.13123 36.14907 36.16101 36.16211 36.1622 36.1623 36.16239 36.16249 36.16258 36.16268 36.16277 36.16286 36.16286 36.16252 36.1584
35.83025 35.83964 35.8491 35.85965 35.8632 35.86444 35.86685 35.87025 35.87448 35.8793 -9999 35.89011 35.89602 35.90219 35.90845 35.91478 35.91358 35.90847 35.9034 35.89835 35.89331 35.88825 35.88318 35.87811 35.87303 35.86795 35.86279 35.85759 35.85891 35.86443 35.86987 35.87525 35.88056 35.8858 35.89096 35.89605 35.90106 35.90599 35.91083 35.91557 35.92895 35.94911 35.96916 35.98911 36.00891 36.0285 36.04788 36.06705 36.08599 36.1048 36.12392 36.14344 36.15635 36.15794 36.15843 36.15892 36.15942 36.15991 36.16041 36.1609 36.1614 36.16189 36.16228 36.16234 36.15845
35.81926 35.82931 35.8393 35.85041 35.85436 35.85605 35.85913 35.86332 35.86828 35.87371 35.87952 -9999 -9999 -9999 35.90528 35.91193 35.9101 35.90384 35.89761 35.8914 35.8852 -9999 -9999 -9999 35.86032 35.85404 35.84769 35.84128 35.84198 35.84722 35.85241 35.85752 35.86256 35.86753 35.87244 35.87725 35.882 35.88667 35.89124 35.89571 35.90971 35.93118 35.95253 35.97377 35.99481 36.01564 36.03625 36.05659 36.07668 36.09671 36.11699 36.13806 36.15183 36.15377 36.15466 36.15555 36.15645 36.15734 36.15824 36.15913 36.16003 36.16092 36.16172 36.1622 36.15855
35.80827 35.81897 35.82956 35.8411 35.84546 35.84776 35.85169 -9999 -9999 -9999 -9999 -9999 -9999 -9999 -9999 -9999 -9999 -9999 -9999 -9999 -9999 -9999 -9999 -9999 -9999 -9999 35.83271 35.8251 -9999 35.83015 35.83507 35.83992 35.84471 35.84941 35.85405 35.8586 35.86308 35.86748 35.8718 35.876 35.89063 35.9134 35.93607 35.95858 35.98088 36.00295 36.02478 36.04633 36.06771 36.08905 36.11055 36.13291 36.14745 36.14959 36.15089 36.15218 36.15347 36.15477 36.15606 36.15736 36.15866 36.15995 36.16118 36.16211 36.15869
-9999 -9999 -9999 -9999 -9999 -9999 -9999 -9999 -9999 -9999 -9999 -9999 -9999 -9999 -9999 -9999 -9999 -9999 -9999 -9999 -9999 -9999 -9999 -9999 -9999 -9999 -9999 -9999 -9999 -9999 -9999 -9999 35.82698 35.83143 35.83581 35.84011 35.84431 35.84845 35.85249 35.85645 35.8717 35.89579 35.91976 35.94355 35.9671 35.99043 36.01349 36.03637 36.0591 36.08177 36.1046 36.12788 36.14319 36.14542 36.14711 36.14881 36.15051 36.1522 36.15389 36.15559 36.15728 36.15898 36.16066 36.16206 36.15888
-9999 -9999 -9999 -9999 -9999 -9999 -9999 -9999 -9999 -9999 -9999 -9999 -9999 -9999 -9999 -9999 -9999 -9999 -9999 -9999 -9999 -9999 -9999 -9999 -9999 -9999 -9999 -9999 -9999 -9999 -9999 -9999 -9999 35.81359 35.81771 35.82175 35.82571 35.82958 35.83337 35.83706 35.85295 35.87836 35.90362 35.92867 35.95349 35.97808 36.00249 36.02672 36.05081 36.07486 36.09904 36.1232 36.139 36.14125 36.14334 36.14544 36.14754 36.14965 36.15174 36.15383 36.15591 36.15801 36.1601 36.16203 36.1591
-9999 -9999 -9999 -9999 -9999 -9999 -9999 -9999 -9999 -9999 -9999 -9999 -9999 -9999 -9999 -9999 -9999 -9999 -9999 -9999 -9999 -9999 -9999 -9999 -9999 -9999 -9999 -9999 -9999 -9999 -9999 -9999 -9999 -9999 35.79977 35.80355 35.80726 35.81087 35.81441 35.81784 35.83436 35.8611 35.88763 35.91396 35.9401 35.96604 35.99179 36.01739 36.04287 36.06831 36.09385 36.11893 36.13458 36.13707 36.13966 36.14228 36.14484 36.14734 36.14981 36.15224 36.15466 36.15709 36.15953 36.16201 36.15936
