Spatial_Analysis/Downscaled_EnvironmentalLayers/RCP4_5/2080/salinity_far45.asc
ncols         639
nrows         313
xllcorner     -103
yllcorner     4.021
cellsize      0.083
NODATA_value  -9999
[rows 232 to 260 of 313, columns 0 to 64 of 639]
33.37195 33.37183 33.37172 33.3716 33.37148 33.37135 33.3712 33.37101 33.37081 33.37061 33.37041 33.3702 33.37 33.36979 33.36959 33.36939 33.36919 33.36897 33.36854 33.36785 33.36713 33.36641 33.3657 33.36497 33.36426 33.36354 33.36282 33.36209 33.36137 33.36065 33.3595 33.3577 33.35588 33.35406 33.35223 33.35041 33.34859 33.34676 33.34494 33.34312 33.34129 33.33947 33.33839 33.33878 33.33919 33.3396 33.34 33.3404 33.34081 33.34121 33.34162 33.34203 33.34243 33.34284 33.3433 33.34379 33.34431 33.34485 33.34538 33.34591 33.34644 33.34697 33.34751 33.34804 33.34857
33.36929 33.36917 33.36905 33.36891 33.36879 33.36868 33.36852 33.36829 33.36807 33.36786 33.36766 33.36744 33.36721 33.36697 33.36671 33.36645 33.36619 33.36596 33.36553 33.36486 33.36417 33.36351 33.36285 33.36218 33.3615 33.36079 33.36008 33.35935 33.35863 33.35794 33.3568 33.35495 33.35308 33.35125 33.34942 33.34758 33.34571 33.34383 33.34193 33.34002 33.33811 33.33624 33.33511 33.33545 33.3358 33.3362 33.3366 33.33698 33.33734 33.33768 33.33799 33.33829 33.33858 33.33894 33.33929 33.33962 33.33998 33.3404 33.34082 33.34122 33.34159 33.34193 33.34225 33.34254 33.34285
33.36672 33.36662 33.3665 33.36636 33.36619 33.36602 33.36584 33.36564 33.36546 33.36525 33.36504 33.3648 33.36454 33.36426 33.36396 33.36365 33.36331 33.36296 33.36251 33.36192 33.36135 33.36076 33.36015 33.35952 33.35887 33.35819 33.35749 33.35677 33.35603 33.35526 33.35411 33.35226 33.35046 33.34863 33.34678 33.3449 33.343 33.34108 33.33912 33.33714 33.33511 33.33305 33.33183 33.3322 33.33264 33.33305 33.33342 33.33376 33.33408 33.33436 33.3346 33.33481 33.33497 33.3351 33.33529 33.33556 33.33592 33.33624 33.33652 33.33677 33.33697 33.33714 33.33727 33.33735 33.33739
33.36297 33.36288 33.36278 33.36266 33.36252 33.36239 33.36222 33.36196 33.36174 33.36152 33.36127 33.36101 33.36073 33.36043 33.36012 33.35978 33.35943 33.35908 33.35866 33.35806 33.35751 33.35695 33.35636 33.35576 33.35514 33.3545 33.35383 33.35315 33.35244 33.35174 33.35064 33.34878 33.34698 33.34517 33.34334 33.34149 33.33961 33.33772 33.33579 33.33384 33.33185 33.32986 33.32867 33.32892 33.32927 33.3296 33.32991 33.33019 33.33043 33.33065 33.33083 33.33098 33.33109 33.33119 33.33138 33.33153 33.3318 33.33205 33.33228 33.33247 33.33261 33.33273 33.33281 33.33284 33.33285
33.35831 33.35825 33.35817 33.3581 33.35803 33.35797 33.3578 33.35751 33.35721 33.35692 33.35664 33.35636 33.35606 33.35575 33.35543 33.35511 33.3548 33.3545 33.35408 33.3535 33.3529 33.35232 33.35175 33.35117 33.35058 33.34997 33.34936 33.34874 33.34814 33.34754 33.34649 33.34469 33.34289 33.34111 33.33933 33.33754 33.33575 33.33393 33.3321 33.33027 33.32846 33.32665 33.3255 33.32565 33.32581 33.32599 33.32618 33.32637 33.32653 33.32668 33.32681 33.32693 33.32708 33.32724 33.3274 33.32755 33.32772 33.32792 33.32813 33.32834 33.32852 33.32868 33.32882 33.32895 33.3291
33.35377 33.35373 33.35369 33.35365 33.3536 33.35356 33.35338 33.35308 33.35277 33.35246 33.35214 33.35182 33.35151 33.35119 33.35088 33.35056 33.35025 33.34991 33.34949 33.34896 33.3484 33.34784 33.34728 33.34672 33.34615 33.34559 33.34503 33.34447 33.34391 33.34334 33.34233 33.34063 33.33892 33.3372 33.33548 33.33376 33.33204 33.33032 33.32861 33.32688 33.32516 33.32344 33.32232 33.32241 33.32249 33.32258 33.32267 33.32276 33.32284 33.32293 33.32302 33.32311 33.32319 33.32329 33.32342 33.3236 33.32381 33.32402 33.32424 33.32446 33.32467 33.32488 33.32509 33.32531 33.32552
33.34927 33.34924 33.34922 33.3492 33.34917 33.34914 33.34897 33.34866 33.34833 33.348 33.34767 33.34734 33.347 33.34668 33.34634 33.34602 33.34568 33.34533 33.34492 33.34442 33.3439 33.34337 33.34285 33.34232 33.34179 33.34126 33.34074 33.34021 33.33968 33.33913 33.33819 33.33657 33.33495 33.33332 33.33168 33.33005 33.32841 33.32678 33.32514 33.32351 33.32188 33.32024 33.31915 33.31917 33.31918 33.3192 33.31921 33.31923 33.31925 33.31926 33.31928 33.31929 33.31931 33.31934 33.31944 33.31966 33.3199 33.32016 33.32041 33.32067 33.32092 33.32117 33.32143 33.32169 33.32194
33.34476 33.34476 33.34475 33.34475 33.34474 33.34473 33.34456 33.34423 33.34389 33.34354 33.3432 33.34285 33.34251 33.34216 33.34182 33.34147 33.34112 33.34076 33.34035 33.33988 33.3394 33.33891 33.33841 33.33792 33.33743 33.33693 33.33644 33.33595 33.33545 33.33494 33.33404 33.33252 33.33097 33.32943 33.32788 33.32633 33.32479 33.32323 33.32168 33.32013 33.31859 33.31704 33.31598 33.31593 33.31587 33.31581 33.31576 33.3157 33.31565 33.31559 33.31554 33.31548 33.31543 33.3154 33.31544 33.31571 33.31599 33.31629 33.31659 33.31688 33.31717 33.31747 33.31776 33.31806 33.31836
33.34026 33.34027 33.34029 33.3403 33.34031 33.34031 33.34015 33.3398 33.33945 33.33909 33.33873 33.33837 33.33801 33.33764 33.33728 33.33693 33.33656 33.33618 33.33577 33.33535 33.33489 33.33444 33.33398 33.33352 33.33306 33.3326 33.33215 33.33168 33.33122 33.33075 33.3299 33.32846 33.32701 33.32555 33.32408 33.32261 33.32116 33.31969 33.31822 33.31676 33.31529 33.31383 33.31281 33.31268 33.31256 33.31243 33.31231 33.31218 33.31205 33.31192 33.3118 33.31167 33.31155 33.31144 33.31145 33.31176 33.31209 33.31242 33.31276 33.31309 33.31343 33.31377 33.3141 33.31443 33.31478
33.33576 33.33579 33.33582 33.33585 33.33588 33.3359 33.33574 33.33538 33.33501 33.33463 33.33426 33.33389 33.33351 33.33313 33.33276 33.33238 33.332 33.3316 33.3312 33.33081 33.33039 33.32997 33.32955 33.32912 33.3287 33.32827 33.32785 33.32742 33.32699 33.32655 33.32576 33.32441 33.32304 33.32166 33.32028 33.3189 33.31752 33.31614 33.31476 33.31338 33.312 33.31062 33.30963 33.30944 33.30925 33.30905 33.30885 33.30865 33.30846 33.30826 33.30806 33.30787 33.30767 33.30748 33.30746 33.30781 33.30818 33.30855 33.30893 33.3093 33.30968 33.31006 33.31044 33.31081 33.31119
33.33126 33.33131 33.33136 33.33141 33.33146 33.33149 33.33133 33.33096 33.33057 33.33018 33.32979 33.3294 33.32901 33.32862 33.32822 33.32784 33.32744 33.32703 33.32664 33.32627 33.32589 33.3255 33.32511 33.32472 33.32433 33.32394 33.32355 33.32316 33.32277 33.32236 33.32162 33.32035 33.31907 33.31777 33.31648 33.31518 33.31389 33.3126 33.31131 33.31001 33.30871 33.30742 33.30646 33.30619 33.30593 33.30566 33.30539 33.30513 33.30486 33.30459 33.30432 33.30405 33.30378 33.30352 33.30346 33.30386 33.30426 33.30468 33.3051 33.30552 33.30593 33.30635 33.30677 33.30719 33.30761
33.32675 33.32682 33.32689 33.32696 33.32702 33.32708 33.32693 33.32653 33.32613 33.32572 33.32531 33.32491 33.3245 33.3241 33.32369 33.32329 33.32288 33.32246 33.32208 33.32174 33.3214 33.32103 33.32067 33.32032 33.31997 33.31961 33.31925 33.31889 33.31854 33.31816 33.31749 33.3163 33.31509 33.31389 33.31268 33.31147 33.31026 33.30905 33.30784 33.30663 33.30542 33.30421 33.30329 33.30296 33.30261 33.30228 33.30194 33.3016 33.30126 33.30092 33.30058 33.30024 33.2999 33.29957 33.29946 33.2999 33.30036 33.30082 33.30128 33.30173 33.30219 33.30265 33.3031 33.30356 33.30402
33.32225 33.32234 33.32242 33.32251 33.32259 33.32267 33.32252 33.32211 33.32169 33.32127 33.32084 33.32042 33.32001 33.31958 33.31916 33.31874 33.31832 33.31789 33.31752 33.31721 33.31689 33.31657 33.31625 33.31593 33.3156 33.31528 33.31495 33.31464 33.31431 33.31398 33.31335 33.31224 33.31113 33.31 33.30888 33.30775 33.30663 33.3055 33.30438 33.30326 33.30213 33.30101 33.30012 33.29971 33.2993 33.29889 33.29848 33.29807 33.29766 33.29725 33.29684 33.29643 33.29602 33.29561 33.29546 33.29595 33.29645 33.29695 33.29745 33.29794 33.29844 33.29894 33.29944 33.29994 33.30043
33.31774 33.31784 33.31794 33.31805 33.31816 33.31826 33.31811 33.31768 33.31725 33.3168 33.31635 33.31591 33.31547 33.31503 33.31461 33.31419 33.31376 33.31332 33.31295 33.31268 33.31239 33.31208 33.31177 33.31147 33.31117 33.31089 33.31062 33.31035 33.31008 33.3098 33.30922 33.30819 33.30715 33.30608 33.30501 33.30396 33.30291 33.30188 33.30086 33.29986 33.29884 33.2978 33.29695 33.29647 33.29599 33.29547 33.29495 33.29444 33.29395 33.29348 33.29303 33.29259 33.29213 33.29166 33.29147 33.292 33.29254 33.29304 33.29353 33.29405 33.29458 33.29513 33.2957 33.29628 33.29686
33.31321 33.31333 33.31345 33.31357 33.31371 33.31385 33.31371 33.31324 33.31276 33.31227 33.31181 33.31134 33.31088 33.31042 33.30999 33.30956 33.30915 33.30874 33.30839 33.30811 33.3078 33.30749 33.3072 33.30692 33.30665 33.3064 33.30616 33.30595 33.30576 33.30558 33.30509 33.30408 33.30304 33.30202 33.30101 33.30003 33.29906 33.29811 33.29719 33.29629 33.29542 33.29457 33.29378 33.29317 33.29251 33.29186 33.29124 33.29065 33.29008 33.28954 33.28903 33.28855 33.28809 33.28766 33.28747 33.28799 33.28844 33.28892 33.28943 33.28997 33.29053 33.29113 33.29176 33.29241 33.29309
33.30945 33.30958 33.3097 33.30984 33.30999 33.31013 33.30999 33.30952 33.30904 33.30856 33.30808 33.30761 33.30715 33.30669 33.30625 33.30582 33.3054 33.30498 33.30465 33.30443 33.30418 33.30393 33.30369 33.30347 33.30326 33.30306 33.30288 33.30272 33.30258 33.30244 33.302 33.3011 33.30016 33.29922 33.2983 33.29739 33.29651 33.29565 33.29481 33.29399 33.2932 33.29241 33.29165 33.29103 33.29034 33.28967 33.28902 33.28839 33.2878 33.28721 33.28667 33.28614 33.28566 33.28517 33.28492 33.28547 33.28593 33.28641 33.28692 33.28746 33.28802 33.28862 33.28923 33.28988 33.29056
33.30642 33.30655 33.30669 33.30682 33.30696 33.30709 33.30694 33.3065 33.30605 33.3056 33.30515 33.30469 33.30423 33.30379 33.30336 33.30292 33.30248 33.30202 33.30172 33.3016 33.30148 33.30134 33.3012 33.30106 33.30093 33.30081 33.3007 33.3006 33.30048 33.30035 33.29997 33.29919 33.29841 33.29761 33.29679 33.29599 33.2952 33.29441 33.29365 33.29289 33.29211 33.29132 33.2906 33.29002 33.28943 33.28882 33.2882 33.28759 33.287 33.28642 33.28585 33.28531 33.28473 33.28414 33.28387 33.28439 33.28493 33.28544 33.28593 33.28644 33.28696 33.2875 33.28806 33.28862 33.28917
33.30338 33.30351 33.30365 33.30378 33.30391 33.30404 33.30391 33.30347 33.30303 33.30259 33.30215 33.30171 33.30127 33.30083 33.30039 33.29995 33.29951 33.29907 33.29879 33.29876 33.29871 33.29866 33.29861 33.29856 33.29851 33.29846 33.29841 33.29836 33.29831 33.29825 33.29795 33.29726 33.29656 33.29586 33.29515 33.29445 33.29374 33.29304 33.29234 33.29163 33.29093 33.29022 33.28955 33.28897 33.28839 33.2878 33.28721 33.28662 33.28604 33.28545 33.28486 33.28427 33.28368 33.2831 33.28281 33.28329 33.28378 33.28426 33.28474 33.28523 33.28571 33.2862 33.28668 33.28716 33.28764
33.30032 33.30046 33.3006 33.30073 33.30087 33.301 33.30087 33.30044 33.30001 33.29957 33.29914 33.29871 33.29828 33.29784 33.29742 33.29699 33.29655 33.2961 33.29587 33.29591 33.29594 33.29597 33.29599 33.29602 33.29604 33.29607 33.29609 33.29612 33.29614 33.29616 33.29593 33.29533 33.29471 33.29409 33.29347 33.29285 33.29222 33.29161 33.29099 33.29037 33.28975 33.28912 33.28851 33.28793 33.28735 33.28675 33.28617 33.28558 33.28499 33.2844 33.28382 33.28323 33.28264 33.28205 33.28176 33.28219 33.28263 33.28306 33.2835 33.28394 33.28437 33.28481 33.28525 33.28569 33.28613
33.29727 33.29741 33.29755 33.29768 33.29782 33.29795 33.29782 33.29741 33.29699 33.29656 33.29613 33.29571 33.29529 33.29486 33.29444 33.29401 33.29359 33.29315 33.29295 33.29306 33.29317 33.29327 33.29337 33.29347 33.29358 33.29367 33.29377 33.29387 33.29397 33.29406 33.29391 33.2934 33.29286 33.29233 33.29179 33.29125 33.29071 33.29018 33.28964 33.2891 33.28856 33.28802 33.28746 33.28688 33.2863 33.28571 33.28513 33.28454 33.28395 33.28336 33.28277 33.28218 33.2816 33.28101 33.2807 33.28109 33.28148 33.28187 33.28226 33.28265 33.28304 33.28344 33.28382 33.28422 33.28461
33.29422 33.29436 33.29449 33.29464 33.29478 33.29491 33.29479 33.29438 33.29396 33.29354 33.29313 33.29271 33.29229 33.29188 33.29146 33.29104 33.29062 33.2902 33.29003 33.29022 33.29041 33.29058 33.29076 33.29093 33.29111 33.29128 33.29145 33.29163 33.2918 33.29197 33.2919 33.29146 33.29101 33.29056 33.2901 33.28965 33.2892 33.28874 33.28829 33.28783 33.28738 33.28692 33.28642 33.28584 33.28526 33.28467 33.28408 33.28349 33.28291 33.28232 33.28173 33.28114 33.28056 33.27997 33.27965 33.27999 33.28033 33.28067 33.28102 33.28136 33.28171 33.28205 33.28239 33.28274 33.28309
33.29116 33.29131 33.29145 33.2916 33.29173 33.29187 33.29175 33.29135 33.29094 33.29053 33.29012 33.28971 33.2893 33.28889 33.28848 33.28807 33.28766 33.28724 33.28711 33.28738 33.28764 33.28788 33.28814 33.28839 33.28864 33.28888 33.28914 33.28939 33.28963 33.28987 33.28989 33.28953 33.28917 33.2888 33.28843 33.28806 33.28768 33.28731 33.28694 33.28657 33.28619 33.28582 33.28537 33.2848 33.28421 33.28363 33.28304 33.28245 33.28186 33.28128 33.28069 33.2801 33.27951 33.27892 33.27859 33.27888 33.27918 33.27948 33.27978 33.28008 33.28037 33.28067 33.28096 33.28127 33.28157
33.28811 33.28826 33.2884 33.28855 33.28869 33.28883 33.28872 33.28831 33.28792 33.28752 33.28711 33.28671 33.28631 33.28591 33.28551 33.28511 33.2847 33.28429 33.2842 33.28454 33.28487 33.28519 33.28552 33.28585 33.28617 33.2865 33.28682 33.28714 33.28747 33.28778 33.28787 33.2876 33.28732 33.28703 33.28674 33.28645 33.28617 33.28588 33.28559 33.2853 33.28502 33.28472 33.28433 33.28376 33.28317 33.28258 33.28199 33.28141 33.28082 33.28023 33.27964 33.27905 33.27847 33.27788 33.27753 33.27778 33.27803 33.27828 33.27853 33.27878 33.27903 33.27929 33.27954 33.27979 33.28004
33.28506 33.28521 33.28535 33.2855 33.28564 33.28579 33.28568 33.28529 33.28489 33.2845 33.28411 33.28371 33.28332 33.28292 33.28253 33.28214 33.28174 33.28133 33.28128 33.28169 33.2821 33.2825 33.2829 33.28329 33.2837 33.2841 33.2845 33.2849 33.2853 33.28569 33.28586 33.28567 33.28547 33.28526 33.28506 33.28485 33.28465 33.28445 33.28424 33.28404 33.28383 33.28362 33.28329 33.28271 33.28212 33.28154 33.28095 33.28036 33.27977 33.27919 33.2786 33.27801 33.27743 33.27684 33.27647 33.27668 33.27689 33.27709 33.27729 33.2775 33.2777 33.27791 33.27811 33.27832 33.27853
33.28201 33.28215 33.2823 33.28245 33.2826 33.28275 33.28264 33.28226 33.28187 33.28148 33.2811 33.28071 33.28033 33.27993 33.27955 33.27916 33.27878 33.27839 33.27837 33.27885 33.27933 33.27981 33.28028 33.28075 33.28123 33.28171 33.28218 33.28266 33.28313 33.2836 33.28385 33.28374 33.28362 33.2835 33.28337 33.28326 33.28313 33.28302 33.28289 33.28277 33.28265 33.28253 33.28225 33.28167 33.28109 33.28049 33.2799 33.27932 33.27873 33.27814 33.27756 33.27697 33.27639 33.27579 33.27542 33.27557 33.27573 33.27589 33.27605 33.27621 33.27637 33.27652 33.27669 33.27684 33.277
33.27899 33.27914 33.27927 33.27941 33.27956 33.27971 33.2796 33.27922 33.27885 33.27848 33.2781 33.27773 33.27734 33.27696 33.27658 33.2762 33.27581 33.27544 33.27546 33.27601 33.27656 33.27711 33.27765 33.2782 33.27875 33.2793 33.27986 33.28041 33.28096 33.28152 33.28184 33.28181 33.28177 33.28172 33.28167 33.28162 33.28158 33.28154 33.28152 33.2815 33.28147 33.28143 33.28121 33.28063 33.28004 33.27943 33.27882 33.27821 33.27762 33.27703 33.27647 33.27591 33.27533 33.27475 33.27436 33.27448 33.27459 33.27467 33.27474 33.27483 33.27493 33.27505 33.27519 33.27534 33.27549
33.27604 33.27618 33.27631 33.27643 33.27655 33.27666 33.27657 33.27621 33.27586 33.2755 33.27513 33.27476 33.27438 33.274 33.27362 33.27324 33.27286 33.27248 33.27254 33.27317 33.27378 33.2744 33.27501 33.27563 33.27625 33.27687 33.27749 33.27813 33.27877 33.27942 33.27983 33.27986 33.27987 33.27989 33.2799 33.27993 33.27996 33.28001 33.28006 33.28013 33.28022 33.28032 33.28017 33.27956 33.2789 33.27825 33.27761 33.277 33.27639 33.2758 33.27524 33.2747 33.27418 33.27369 33.2733 33.27333 33.27328 33.27326 33.27326 33.27328 33.27333 33.2734 33.2735 33.27362 33.2738
33.27452 33.27465 33.27477 33.27488 33.27499 33.27511 33.27501 33.27463 33.27426 33.27389 33.2735 33.27311 33.27272 33.27233 33.27193 33.27153 33.27114 33.27075 33.27081 33.27144 33.27207 33.2727 33.27332 33.27395 33.27458 33.27522 33.27585 33.27649 33.27715 33.27781 33.27824 33.27831 33.27836 33.27842 33.27847 33.27853 33.27861 33.27869 33.27879 33.27889 33.27902 33.27916 33.27901 33.27839 33.27771 33.27704 33.27639 33.27575 33.27512 33.27451 33.27393 33.27336 33.27283 33.2723 33.27189 33.27189 33.27182 33.27177 33.27174 33.27172 33.27174 33.27178 33.27184 33.27195 33.27208
33.27465 33.27477 33.27489 33.275 33.27512 33.27525 33.27511 33.27468 33.27426 33.27384 33.27342 33.27299 33.27257 33.27214 33.27171 33.27128 33.27085 33.27043 33.27043 33.27102 33.2716 33.27217 33.27274 33.27331 33.27388 33.27446 33.27504 33.27562 33.2762 33.27678 33.27716 33.27724 33.27731 33.27738 33.27744 33.2775 33.27757 33.27765 33.27773 33.27781 33.27789 33.27797 33.2778 33.27715 33.27649 33.27583 33.27515 33.27448 33.27382 33.27317 33.27253 33.27191 33.27127 33.27061 33.27015 33.27018 33.2702 33.2702 33.27018 33.27018 33.2702 33.27023 33.27028 33.27034 33.27038
