Spatial_Analysis/Downscaled_EnvironmentalLayers/RCP4_5/2080/speed_far45.asc
ncols         639
nrows         313
xllcorner     -103
yllcorner     4.021
cellsize      0.083
NODATA_value  -9999
[rows 116 to 144 of 313, columns 325 to 389 of 639]
-9999 -9999 -9999 -9999 -9999 -9999 -9999 -9999 -9999 -9999 -9999 -9999 -9999 -9999 -9999 -9999 -9999 -9999 -9999 4.938492 5.352644 5.768435 6.184515 6.601734 7.018404 7.433723 7.847991 8.263182 8.679628 9.094863 9.482862 9.534175 9.586342 9.638725 9.691448 9.745727 9.799188 9.850911 9.901426 9.953027 10.00541 10.05828 10.11033 9.987137 9.869323 9.753061 9.637009 9.5221 9.406516 9.289728 9.17226 9.05549 8.939229 8.822681 8.702606 9.564161 10.43973 11.31396 12.18829 13.06361 13.93872 14.81277 15.68579 16.5593 17.43353
-9999 -9999 -9999 -9999 -9999 -9999 -9999 -9999 -9999 -9999 -9999 -9999 -9999 -9999 -9999 -9999 -9999 -9999 -9999 -9999 -9999 -9999 -9999 6.887368 7.310414 7.73346 8.156507 8.579955 9.0026 9.425833 9.816614 9.820869 9.825534 9.830479 9.835426 9.840374 9.845323 9.85027 9.855218 9.860165 9.865112 9.871305 9.875827 9.72819 9.583571 9.441183 9.298832 9.15648 9.014129 8.871778 8.729425 8.587074 8.444722 8.302 8.158225 9.038025 9.935677 10.83254 11.72938 12.62622 13.52306 14.4199 15.31674 16.21358 17.11041
-9999 -9999 -9999 -9999 -9999 -9999 -9999 -9999 -9999 -9999 -9999 -9999 -9999 -9999 -9999 -9999 -9999 -9999 -9999 -9999 -9999 -9999 -9999 7.174717 7.605019 8.03532 8.465614 8.895924 9.326228 9.756627 10.15008 10.10735 10.06473 10.02223 9.979745 9.937257 9.894769 9.852281 9.809793 9.767304 9.724832 9.683539 9.639854 9.468122 9.297941 9.129305 8.960864 8.792422 8.623981 8.45554 8.287098 8.118656 7.950219 7.782491 7.615822 8.513539 9.431821 10.35112 11.27058 12.19003 13.10948 14.02894 14.94839 15.86785 16.7873
-9999 -9999 -9999 -9999 -9999 -9999 -9999 -9999 -9999 -9999 -9999 -9999 -9999 -9999 -9999 -9999 -9999 -9999 -9999 -9999 -9999 -9999 7.024509 7.462067 7.899624 8.336525 8.774738 9.212295 9.649845 10.0873 10.48338 10.39368 10.30389 10.21399 10.12406 10.03414 9.944215 9.85429 -9999 9.674442 9.584547 9.495119 9.402985 9.207282 9.012081 8.817428 8.622896 8.428365 8.233833 8.039303 7.84477 7.650239 7.455814 7.263732 7.074413 7.989949 8.928376 9.869705 10.81177 11.75384 12.69591 13.63798 14.58005 15.52212 16.46398
-9999 -9999 -9999 -9999 -9999 -9999 -9999 -9999 -9999 -9999 8.032448 -9999 -9999 -9999 6.730009 6.404399 6.078749 5.752772 5.524151 5.969692 6.414914 6.859792 7.304604 7.749416 8.192806 8.639042 9.083854 9.528666 9.973448 10.41793 10.81663 10.67998 10.54303 10.40574 10.26838 10.13102 9.99366 9.8563 9.718941 9.581581 -9999 9.306395 9.165729 8.946097 8.726053 8.50555 8.284929 8.064308 7.843686 7.623065 7.402444 7.181822 6.961448 6.745044 6.533089 7.466436 8.424988 9.388288 10.35297 11.31766 12.28234 13.24702 14.21171 15.17639 16.14067
11.60567 11.24403 10.90452 10.58462 -9999 -9999 -9999 -9999 -9999 -9999 -9999 -9999 7.684602 7.349722 7.014843 6.679965 6.344943 6.008379 5.7708 6.226349 6.680313 7.13263 7.584698 8.034901 8.488834 8.940902 9.392969 9.845037 10.29707 10.7486 11.14994 10.96633 10.78219 10.59749 -9999 -9999 10.04311 -9999 -9999 -9999 9.303856 9.11775 8.928574 8.685003 8.440075 8.193672 7.946961 7.70025 7.453539 7.206828 6.960116 6.713405 6.4669 6.22572 5.990961 6.94219 7.921186 8.906873 9.894171 10.88147 -9999 -9999 13.84336 14.83066 15.8177
11.99335 11.63785 11.29898 10.97526 10.66606 10.38718 10.11284 9.728519 9.365426 9.020417 8.67627 8.332121 7.987974 7.643826 7.299678 6.955531 6.611319 6.264599 6.018196 6.48365 6.945964 7.405469 7.862845 8.324116 8.783439 9.242762 9.702085 10.16141 10.62072 11.07942 11.48342 11.25282 -9999 -9999 -9999 -9999 -9999 -9999 -9999 -9999 -9999 -9999 8.692011 8.424435 8.154337 7.881794 7.608994 7.336192 7.063392 6.79059 6.517789 6.244988 -9999 -9999 -9999 -9999 -9999 8.425455 -9999 -9999 -9999 -9999 -9999 14.48493 15.49484
12.35413 12.00923 11.67585 11.35323 11.04066 10.75091 10.46816 10.07251 9.705013 9.351597 8.99818 8.644763 8.291348 7.937929 7.584514 7.231096 6.87768 6.521908 6.267046 6.74212 7.21173 7.676406 8.144887 8.611465 9.078044 9.544622 10.0112 10.47778 10.94436 11.41045 11.8172 -9999 -9999 -9999 -9999 -9999 -9999 -9999 -9999 -9999 -9999 -9999 -9999 -9999 -9999 -9999 7.271026 6.972135 6.673244 6.374353 6.075462 5.776571 -9999 -9999 -9999 -9999 -9999 -9999 -9999 -9999 -9999 -9999 -9999 -9999 -9999
12.67576 12.3481 12.03131 11.71929 11.40838 11.10816 10.81705 10.41321 10.04546 9.682776 9.315289 8.945959 8.580278 8.219797 7.863633 7.506628 7.143976 6.780439 6.518145 7.002043 7.475479 7.951147 8.419866 8.886221 9.356732 9.83298 10.31385 10.79404 11.26798 11.74168 12.15141 -9999 -9999 -9999 -9999 -9999 -9999 -9999 -9999 -9999 -9999 -9999 -9999 -9999 -9999 -9999 -9999 -9999 -9999 -9999 -9999 -9999 -9999 -9999 -9999 -9999 -9999 -9999 -9999 -9999 -9999 -9999 -9999 -9999 -9999
12.89482 12.58962 12.29821 12.01892 11.74785 11.46638 11.15765 10.75786 10.36641 9.962017 9.563286 9.173596 8.794063 8.425343 8.067959 7.721975 7.385058 7.038319 6.772434 7.260037 7.721439 8.164904 8.615974 9.078295 9.552504 10.03866 10.53667 11.04601 11.56392 12.0727 12.48621 12.11358 11.71975 11.30837 10.9043 10.51132 10.12997 -9999 -9999 -9999 -9999 -9999 -9999 -9999 -9999 -9999 -9999 -9999 -9999 -9999 -9999 -9999 -9999 -9999 -9999 -9999 -9999 -9999 -9999 -9999 -9999 -9999 -9999 -9999 -9999
13.01954 12.73872 12.47043 12.21412 11.96965 11.7373 11.47156 11.02207 10.58001 10.15126 9.7349 9.330467 8.937965 8.557827 8.190941 7.83872 7.503198 7.187172 7.00232 7.419843 7.83674 8.272152 8.723907 9.190533 9.671153 10.16544 10.67355 11.1962 11.73466 12.29086 12.7943 12.30526 11.81254 11.3386 10.88106 10.43829 10.00925 9.593447 9.19086 -9999 -9999 -9999 -9999 -9999 -9999 -9999 -9999 -9999 -9999 -9999 -9999 -9999 -9999 -9999 -9999 -9999 -9999 -9999 -9999 -9999 -9999 -9999 -9999 -9999 -9999
12.54222 12.30628 12.08049 11.86292 11.64866 11.41707 11.16376 10.80028 10.45559 10.09415 9.736422 9.386909 9.047047 8.717562 8.398869 8.090647 7.789286 7.470824 7.233275 7.674802 8.093078 8.490884 8.893763 9.306858 9.731246 10.1671 10.61425 11.07181 11.53584 11.98479 12.35118 11.9697 11.5749 11.15884 10.74745 10.34609 9.955768 9.576545 9.208147 8.849663 -9999 -9999 -9999 -9999 -9999 -9999 -9999 -9999 -9999 -9999 -9999 -9999 -9999 -9999 -9999 -9999 -9999 -9999 -9999 -9999 -9999 -9999 -9999 -9999 -9999
11.98405 11.79321 11.60499 11.41362 11.22021 11.03254 10.84365 10.51813 10.22831 9.944777 9.659439 9.371108 9.085226 8.803514 8.524824 8.243595 7.958621 7.674977 7.466547 7.854212 8.229902 8.603138 8.974546 9.342396 9.712971 10.08814 10.46661 10.84255 11.21578 11.58878 11.90403 11.56173 11.21716 10.87206 10.5254 10.17507 9.827221 9.48381 9.143683 -9999 -9999 -9999 -9999 -9999 -9999 -9999 -9999 -9999 -9999 -9999 -9999 -9999 -9999 -9999 -9999 -9999 -9999 -9999 -9999 -9999 -9999 -9999 -9999 -9999 -9999
11.34783 11.20557 11.06331 10.92105 10.77879 10.65102 10.51562 10.2386 9.98911 9.754828 9.520547 9.286264 9.051983 8.817701 8.583419 8.348055 8.114855 7.875952 7.701711 8.032661 8.354003 8.669478 8.984949 9.30042 9.615891 9.931363 10.24683 10.56231 10.87778 11.1925 11.45731 11.15369 10.84835 10.54189 10.23541 9.92894 9.622468 9.315994 9.009521 -9999 -9999 -9999 -9999 -9999 -9999 -9999 -9999 -9999 -9999 -9999 -9999 -9999 -9999 -9999 -9999 -9999 -9999 -9999 -9999 -9999 -9999 -9999 -9999 -9999 -9999
10.70182 10.6107 10.51959 10.42848 10.33827 10.26622 10.18139 9.955642 9.750988 9.564879 9.379848 9.194813 9.009779 8.824746 8.63924 8.454679 8.26942 8.077593 7.938498 8.211992 8.477552 8.735817 8.993525 9.251232 9.50894 9.766648 10.02436 10.28206 10.53975 10.79637 11.01095 10.74586 10.47943 10.21172 9.943875 9.676033 9.408192 9.140349 8.872507 -9999 -9999 -9999 -9999 -9999 -9999 -9999 -9999 -9999 -9999 -9999 -9999 -9999 -9999 -9999 -9999 -9999 -9999 -9999 -9999 -9999 -9999 -9999 -9999 -9999 -9999
10.0558 10.01584 9.975876 9.935914 9.898093 9.87779 9.842374 9.669004 9.513102 9.374931 9.239145 9.103362 8.967576 8.832345 8.696005 8.56022 8.423738 8.28025 8.17671 8.392429 8.601017 8.802156 9.002101 9.202044 9.401989 9.601933 9.801877 10.00182 10.20168 10.40043 10.56487 10.33827 10.11053 9.881548 9.652337 9.423126 9.193914 8.964705 8.735492 -9999 -9999 -9999 -9999 -9999 -9999 -9999 -9999 -9999 -9999 -9999 -9999 -9999 -9999 -9999 -9999 -9999 -9999 -9999 -9999 -9999 -9999 -9999 -9999 -9999 -9999
9.409784 9.420971 9.432158 9.443345 9.456916 9.486325 9.499703 9.379301 9.274142 9.184982 9.098446 9.011909 8.927266 8.838836 8.752298 8.665761 8.578349 8.48396 8.416215 8.573973 8.724904 8.868495 9.010675 9.152857 9.295038 9.437219 9.5794 9.721581 9.863654 10.00468 10.11902 9.930884 9.741704 9.551379 9.360799 9.170218 8.979638 8.789058 8.598478 -9999 -9999 -9999 -9999 -9999 -9999 -9999 -9999 -9999 -9999 -9999 -9999 -9999 -9999 -9999 -9999 -9999 -9999 -9999 -9999 -9999 -9999 -9999 -9999 -9999 -9999
8.763769 8.826105 8.888441 8.950776 9.01475 9.092589 9.154373 9.087308 9.03415 8.995035 8.957746 8.92328 8.883168 8.845881 8.808592 8.771302 8.733367 8.688684 8.656927 8.756572 8.849299 8.934835 9.019253 9.10367 9.188087 9.272504 9.356921 9.441339 9.525684 9.609086 9.67336 9.523659 9.372964 -9999 -9999 -9999 8.765362 8.613412 8.461464 8.309514 8.15737 -9999 -9999 -9999 -9999 -9999 -9999 -9999 -9999 -9999 -9999 -9999 -9999 -9999 -9999 -9999 -9999 -9999 -9999 -9999 -9999 -9999 -9999 -9999 -9999
8.117754 8.231237 8.344724 8.458208 8.572185 8.697397 8.807271 8.793843 8.793722 8.805087 8.820178 8.829006 8.840965 8.852924 8.864884 8.876843 8.888626 8.894352 8.898808 8.940166 8.974051 9.001174 9.027828 9.054482 9.081135 9.107789 9.134444 9.161097 9.187737 9.213603 9.227843 9.11656 9.004273 8.891039 -9999 -9999 -9999 -9999 8.32445 8.211131 8.097792 -9999 -9999 -9999 -9999 -9999 -9999 -9999 -9999 -9999 -9999 -9999 -9999 -9999 -9999 -9999 -9999 -9999 -9999 -9999 -9999 -9999 -9999 -9999 -9999
7.471738 7.636372 7.801006 7.96564 8.130274 8.301641 8.459239 8.499795 8.55393 8.61831 8.676346 8.737554 8.798761 8.859968 8.921178 8.982386 9.043593 9.100828 9.141859 9.124647 9.098623 9.067513 9.036404 9.005295 8.974184 8.943074 8.911965 8.880855 8.849747 8.818188 8.782437 8.709545 8.635556 8.56087 8.486183 8.411496 8.336809 -9999 -9999 8.112747 8.03806 7.961883 -9999 -9999 -9999 -9999 -9999 -9999 -9999 -9999 -9999 -9999 -9999 -9999 -9999 -9999 -9999 -9999 -9999 -9999 -9999 -9999 -9999 -9999 -9999
6.832197 7.046398 7.259072 7.473071 7.688854 7.906491 8.111134 8.20632 8.317871 8.42519 8.536798 8.649075 8.760195 8.869867 8.978589 9.087927 9.198382 9.307672 9.386129 9.309688 9.222726 9.133853 9.045612 8.957822 8.869346 8.780025 8.690161 8.600615 8.511741 8.422761 8.337111 8.302552 8.266756 8.230701 8.194857 8.159133 8.123118 8.08686 8.05054 8.014365 7.978308 7.941952 7.905388 7.986757 8.06347 -9999 -9999 -9999 -9999 -9999 -9999 -9999 -9999 -9999 -9999 -9999 -9999 -9999 -9999 -9999 -9999 -9999 -9999 -9999 -9999
6.232163 6.493607 6.750292 7.0034 7.255195 7.514368 7.763872 7.918921 8.081594 8.251947 8.419526 8.583443 8.74382 8.900986 9.055325 9.207364 9.35824 9.512877 9.631713 -9999 -9999 -9999 -9999 -9999 8.777411 8.629098 8.479226 8.328183 8.176655 8.027099 7.891832 7.895382 7.899323 7.904426 7.908391 7.911157 7.913017 7.914328 7.915454 7.916769 7.918622 7.921131 7.925743 8.050547 -9999 -9999 -9999 -9999 -9999 -9999 -9999 -9999 -9999 -9999 -9999 -9999 -9999 -9999 -9999 -9999 -9999 -9999 -9999 -9999 -9999
5.669765 5.977575 6.279684 6.576818 6.869547 7.158314 7.419597 7.657588 7.887684 8.110775 8.328062 8.540442 8.748589 8.953004 9.154046 9.351959 9.546876 9.738825 9.879637 -9999 -9999 -9999 -9999 -9999 -9999 -9999 -9999 -9999 7.856847 -9999 -9999 -9999 7.542649 7.586265 7.627707 7.667564 7.706338 7.74447 7.782382 7.820498 7.859262 -9999 -9999 -9999 -9999 -9999 -9999 -9999 -9999 -9999 -9999 -9999 -9999 -9999 -9999 -9999 -9999 -9999 -9999 -9999 -9999 -9999 -9999 -9999 -9999
5.67507 5.942765 6.20575 6.465229 6.723557 6.988815 7.25461 7.471232 7.698366 7.93042 8.159855 8.385693 8.608028 8.827175 9.043526 9.257619 9.470644 9.687658 9.855345 -9999 -9999 -9999 -9999 -9999 -9999 -9999 -9999 -9999 -9999 -9999 -9999 -9999 -9999 -9999 -9999 -9999 -9999 -9999 -9999 -9999 -9999 -9999 -9999 -9999 -9999 -9999 -9999 -9999 -9999 -9999 -9999 -9999 -9999 -9999 -9999 -9999 -9999 -9999 -9999 -9999 -9999 -9999 -9999 -9999 9.932363
5.748671 5.970471 6.190858 6.412678 6.635327 6.8601 7.088125 7.314145 7.545774 7.778309 8.011794 8.246044 8.479221 8.711013 8.941919 9.173518 9.406054 9.637496 9.813416 -9999 -9999 -9999 -9999 -9999 -9999 -9999 -9999 -9999 -9999 -9999 -9999 -9999 -9999 -9999 -9999 -9999 -9999 -9999 -9999 -9999 -9999 -9999 -9999 -9999 -9999 -9999 -9999 -9999 -9999 -9999 -9999 -9999 -9999 -9999 -9999 -9999 -9999 -9999 -9999 -9999 -9999 -9999 -9999 10.2113 10.15534
5.86138 6.034897 6.208414 6.381459 6.555449 6.730942 6.919871 7.15732 7.398671 7.642099 7.885528 8.128955 8.372382 8.61581 8.859237 9.102665 9.346092 9.586145 9.773186 9.638827 9.497145 9.351152 9.205161 -9999 -9999 -9999 -9999 -9999 -9999 -9999 -9999 8.096409 -9999 -9999 -9999 -9999 -9999 -9999 -9999 -9999 -9999 -9999 -9999 -9999 -9999 -9999 -9999 -9999 -9999 -9999 -9999 -9999 -9999 -9999 -9999 -9999 -9999 -9999 -9999 10.73691 10.66456 -9999 10.51985 10.44749 10.37514
5.979978 6.103714 6.227263 6.351185 6.47502 6.601045 6.750339 6.999727 7.251691 7.505891 7.760211 8.014531 8.268851 8.523171 8.777492 9.031812 9.285985 9.535381 9.73435 9.620885 9.501571 9.376932 9.251913 9.126893 -9999 -9999 -9999 8.626814 8.501782 8.376084 8.263103 8.30944 8.35492 8.399589 8.444182 8.488776 8.53337 -9999 -9999 -9999 8.71174 8.755615 8.803976 9.028652 9.25236 9.475116 9.697764 9.920413 10.14306 10.36571 -9999 -9999 -9999 -9999 -9999 -9999 -9999 -9999 -9999 -9999 10.94995 10.86119 10.77244 10.68369 10.59494
6.098576 6.172809 6.246484 6.320437 6.394598 6.470477 6.579932 6.841455 7.104698 7.369682 7.634894 7.900107 8.165319 8.430533 8.695745 8.960958 9.225687 9.485443 9.696675 9.603844 9.505926 9.402713 9.298666 9.194618 9.09057 -9999 -9999 8.778429 8.674322 8.569426 8.475687 8.522557 8.568599 8.613757 8.658751 8.703745 8.748738 8.793732 8.838726 8.88372 8.928684 8.973125 9.022828 9.260575 9.497753 9.734316 9.970744 10.20717 10.4436 10.68003 10.91646 -9999 -9999 -9999 -9999 -9999 -9999 -9999 -9999 -9999 11.23534 11.13018 11.02503 10.91988 10.8148
6.218047 6.241346 6.26552 6.289691 6.31403 6.339477 6.409008 6.682747 6.957551 7.233474 7.509578 7.785684 8.06179 8.337893 8.613998 8.890104 9.165606 9.436301 9.659977 9.587638 9.510594 9.428493 9.345419 9.262343 9.179268 9.096194 9.013118 8.930044 8.846883 8.762869 8.688401 8.735787 8.782322 8.827925 8.873318 8.918713 8.964106 9.009501 9.054893 9.100288 9.145663 9.1908 9.241891 9.492685 9.743237 9.993516 10.24372 10.49393 10.74414 10.99435 11.24456 11.49477 -9999 -9999 -9999 -9999 -9999 -9999 -9999 11.64227 11.52072 11.39918 11.27763 11.15608 11.03468
