Spatial_Analysis/Downscaled_EnvironmentalLayers/RCP4_5/2080/speed_far45.asc
ncols         639
nrows         313
xllcorner     -103
yllcorner     4.021
cellsize      0.083
NODATA_value  -9999
[rows 174 to 202 of 313, columns 260 to 324 of 639]
23.37627 23.99124 24.59724 25.19615 25.78954 26.37872 26.96481 27.54884 28.13181 28.71471 29.29869 28.96941 27.35256 25.7343 24.11447 22.49327 20.87086 19.24735 17.62279 15.99722 14.37064 12.74298 11.11421 10.03742 9.92205 9.806946 9.691321 9.574893 9.45738 9.338478 9.217843 9.095063 8.969635 8.84094 8.708264 8.611102 8.626397 8.639911 8.650577 8.658559 8.663949 8.666755 8.666886 8.664161 8.65828 8.648826 8.635295 8.669163 8.863026 9.05522 9.243255 9.427724 9.609111 9.787765 9.963932 10.13777 10.30935 10.47868 10.64573 10.79226 10.88243 10.97492 11.06615 11.1556 11.24276
23.30473 23.89536 24.48389 25.06735 25.64615 26.22122 26.79353 27.36408 27.93393 28.50454 29.0794 28.783 27.25632 25.73097 24.20562 22.67935 21.15207 19.62382 18.09464 16.56457 15.03372 13.50237 11.97238 10.96069 10.83919 10.72173 10.60515 10.48818 10.37034 10.25127 10.13065 10.00816 9.883549 9.757028 9.633457 9.548882 9.545419 9.551402 9.558341 9.563647 9.566842 9.567755 9.566277 9.5623 9.555811 9.547323 9.541409 9.588801 9.764264 9.948389 10.13332 10.31601 10.49616 10.67391 10.84943 11.02292 11.19462 11.36516 11.53787 11.69417 11.77583 11.86499 11.95685 12.04798 12.13729
23.37246 23.90462 24.4374 24.97221 25.50603 26.03809 26.56872 27.09879 27.6298 28.16197 28.69291 28.42415 27.03321 25.63848 24.24377 22.84965 21.45539 20.06068 18.66549 17.26996 15.87463 14.4798 13.08558 12.16007 12.03929 11.92084 11.80261 11.68522 11.56785 11.44993 11.33121 11.21174 11.09238 10.97493 10.857 10.77578 10.76287 10.75615 10.74998 10.74528 10.74048 10.73467 10.72761 10.71955 10.71169 10.70531 10.69943 10.7403 10.90182 11.06611 11.23075 11.3969 11.56288 11.72781 11.89158 12.05452 12.21766 12.38212 12.54742 12.69664 12.77518 12.8595 12.9445 13.03125 13.1183
23.4403 23.92831 24.41504 24.90177 25.3885 25.87523 26.36196 26.84869 27.33541 27.82211 28.30608 28.06591 26.80952 25.54923 24.28793 23.02664 21.76534 20.50404 19.24274 17.98144 16.72014 15.45885 14.19913 13.3592 13.24004 13.12328 13.00724 12.8912 12.77516 12.65912 12.54308 12.42704 12.31174 12.19496 12.08218 12.00122 11.98159 11.96743 11.9551 11.94278 11.93045 11.91813 11.9058 11.89347 11.88115 11.86882 11.85745 11.89044 12.03967 12.19065 12.34228 12.49392 12.64556 12.7972 12.94884 13.10047 13.25211 13.40375 13.55932 13.70156 13.77677 13.85997 13.94655 14.03312 14.1197
23.50563 23.95199 24.39328 24.83457 25.27586 25.71716 26.15845 26.59974 27.04103 27.48191 27.91964 27.70827 26.58582 25.45999 24.33223 23.20446 22.0767 20.94894 19.82118 18.69342 17.56565 16.4381 15.31253 14.55807 14.44082 14.32573 14.212 14.09827 13.98454 13.87081 13.75708 13.64385 13.52962 13.41622 13.30666 13.22548 13.19997 13.17872 13.16041 13.14211 13.12382 13.10552 13.08723 13.06893 13.05064 13.03239 13.01484 13.03966 13.17703 13.3152 13.45396 13.59273 13.7315 13.87028 14.00905 14.14782 14.2866 14.42575 14.57251 14.70768 14.77966 14.86064 14.94869 15.03695 15.12521
23.56965 23.9755 24.37152 24.76738 25.16323 25.55908 25.95494 26.35079 26.74664 27.14171 27.53364 27.35116 26.36242 25.37067 24.37651 23.38229 22.38806 21.39384 20.39961 19.40539 18.41116 17.4174 16.42572 15.75665 15.64144 15.52825 15.41676 15.30534 15.19392 15.0825 14.9712 14.85966 14.74825 14.63751 14.53039 14.44883 14.41774 14.39017 14.36571 14.34145 14.31718 14.29292 14.26865 14.24439 14.22012 14.19588 14.17176 14.18831 14.31396 14.43974 14.56564 14.69154 14.81745 14.94336 15.06927 15.19518 15.32108 15.44837 15.58592 15.71391 15.78279 15.86189 15.95084 16.04078 16.13071
23.63399 23.99883 24.34977 24.70018 25.0506 25.40101 25.75143 26.10184 26.45226 26.80172 27.14811 26.99456 26.1394 25.28136 24.4208 23.56012 22.69943 21.83874 20.97805 20.11736 19.25667 18.39657 17.53863 16.95493 16.84183 16.73075 16.62151 16.51241 16.4033 16.2938 16.18509 16.07598 15.96687 15.85854 15.7535 15.67145 15.63495 15.60152 15.57102 15.54078 15.51055 15.48031 15.45008 15.41984 15.38961 15.35927 15.32846 15.3367 15.45068 15.56422 15.67731 15.79035 15.9034 16.01644 16.12949 16.24253 16.35557 16.47082 16.59856 16.71922 16.78519 16.86303 16.95299 17.04461 17.13622
23.70032 24.0226 24.32801 24.63299 24.93796 25.24294 25.54792 25.85289 26.15787 26.46199 26.76302 26.63844 25.91676 25.19215 24.4651 23.73794 23.01079 22.28364 21.55649 20.82934 20.10218 19.37558 18.65123 18.15287 18.04195 17.93317 17.82627 17.71947 17.61188 17.50588 17.39909 17.29229 17.1855 17.07933 16.97612 16.89353 16.85171 16.81272 16.77632 16.74012 16.70391 16.66771 16.6315 16.59529 16.55909 16.52269 16.48521 16.48514 16.58745 16.68871 16.78899 16.88917 16.98934 17.08952 17.1897 17.28988 17.39006 17.49249 17.60951 17.72256 17.78592 17.86349 17.95514 18.04844 18.14173
23.77018 24.04671 24.30625 24.56579 24.82533 25.08487 25.34441 25.60395 25.86349 26.12249 26.37838 26.28281 25.69449 25.10299 24.50938 23.91577 23.32215 22.72854 22.13493 21.54131 20.94769 20.35442 19.76349 19.35043 19.24177 19.13553 19.03102 18.9256 18.82206 18.71757 18.61309 18.5086 18.40412 18.29995 18.19839 18.11522 18.06817 18.02385 17.98163 17.93945 17.89728 17.8551 17.81293 17.77075 17.72858 17.68624 17.64225 17.63392 17.72449 17.8133 17.90066 17.98798 18.07529 18.16261 18.24992 18.33723 18.42455 18.51312 18.61783 18.72284 18.78411 18.86308 18.95728 19.05226 19.14724
23.8446 24.0704 24.2845 24.4986 24.7127 24.9268 25.1409 25.355 25.5691 25.78307 25.99417 25.92768 25.47254 25.01375 24.55367 24.0936 23.63352 23.17344 22.71336 22.25328 21.79321 21.33319 20.87537 20.54754 20.44129 20.33796 20.23484 20.13361 20.03144 19.92926 19.82709 19.72492 19.62274 19.52061 19.42046 19.33666 19.28447 19.23508 19.18693 19.13879 19.09064 19.0425 18.99435 18.94621 18.89806 18.8499 18.79985 18.78337 18.86205 18.93789 19.01234 19.08679 19.16124 19.23569 19.31013 19.38459 19.45903 19.53351 19.62272 19.71879 19.77901 19.86278 19.95943 20.05609 20.15275
23.92249 24.09408 24.26274 24.43165 24.60097 24.76966 24.9378 25.10605 25.27472 25.44338 25.61035 25.57308 25.25071 24.92451 24.59797 24.27145 23.94501 23.61852 23.29191 22.96526 22.63872 22.31218 21.98688 21.74413 21.64062 21.53951 21.44054 21.34074 21.24115 21.14141 21.04137 20.94124 20.84137 20.74151 20.64252 20.55799 20.50082 20.44635 20.39224 20.33828 20.28519 20.23168 20.17699 20.12172 20.06755 20.01343 19.95818 19.93386 20.0002 20.06243 20.12401 20.18594 20.24996 20.31284 20.37309 20.43213 20.49352 20.55511 20.62397 20.70896 20.77062 20.86324 20.96158 21.06022 21.16099
23.99454 24.12222 24.25285 24.38039 24.50449 24.62582 24.74533 24.86404 24.98306 25.10373 25.22659 25.21905 25.02826 24.83553 24.64327 24.45109 24.25879 24.06621 23.87322 23.67973 23.48568 23.29141 23.09832 22.94011 22.83957 22.74368 22.64831 22.55283 22.45679 22.35995 22.26213 22.16322 22.06326 21.96294 21.86493 21.77935 21.71771 21.65974 21.60673 21.55467 21.50153 21.44584 21.38632 21.32192 21.25221 21.17971 21.11684 21.08579 21.13825 21.1931 21.26146 21.32914 21.39164 21.44693 21.49366 21.53094 21.55898 21.58293 21.62546 21.69153 21.76369 21.87131 21.99536 22.1141 22.22348
24.08966 24.18432 24.27061 24.35038 24.42525 24.49659 24.56566 24.63361 24.70162 24.7709 24.84288 24.86496 24.8067 24.74882 24.69103 24.63319 24.57514 24.51674 24.45784 24.39825 24.33778 24.27618 24.21321 24.13501 24.0451 23.9547 23.86367 23.77187 23.6792 23.58549 23.49057 23.39421 23.29614 23.196 23.09344 23.00103 22.94565 22.89499 22.8453 22.79504 22.74286 22.68736 22.6271 22.56045 22.48549 22.39998 22.30149 22.23955 22.31427 22.39515 22.46935 22.53602 22.59436 22.64334 22.68166 22.70762 22.71904 22.71318 22.6871 22.66436 22.81994 22.98012 23.11942 23.24129 23.34883
23.92261 24.02966 24.13368 24.23275 24.32758 24.41923 24.50882 24.59743 24.68622 24.77645 24.86977 24.92549 24.92573 24.92646 24.92747 24.92849 24.92934 24.92987 24.92994 24.92941 24.92815 24.92617 24.92532 24.89323 24.80956 24.72985 24.65052 24.57072 24.49019 24.40873 24.32617 24.24233 24.15708 24.07053 23.985 23.91046 23.85421 23.80714 23.76326 23.71951 23.67421 23.62596 23.57337 23.51508 23.44985 23.37758 23.30769 23.2778 23.31492 23.3716 23.43302 23.49001 23.54009 23.58181 23.61384 23.63484 23.64372 23.64129 23.64354 23.68669 23.75708 23.8779 23.99958 24.10931 24.20699
23.6955 23.82962 23.96411 24.10019 24.2351 24.36841 24.50061 24.63249 24.76514 24.89877 25.03325 25.12575 25.15779 25.19254 25.22741 25.26251 25.29763 25.33259 25.3673 25.40176 25.4362 25.47147 25.50674 25.50474 25.4345 25.36801 25.30181 25.23626 25.17065 25.10459 25.03793 24.97072 24.9035 24.8371 24.77224 24.71628 24.66956 24.63036 24.59197 24.55595 24.52019 24.48304 24.44352 24.40147 24.35884 24.31978 24.27972 24.25763 24.29786 24.33033 24.36332 24.40241 24.44132 24.47634 24.50604 24.53079 24.55472 24.58599 24.62117 24.67285 24.71677 24.7867 24.85989 24.93994 25.01848
23.46139 23.64369 23.81606 23.98844 24.16081 24.33319 24.50556 24.67794 24.85031 25.02273 25.19958 25.32978 25.39141 25.45951 25.52922 25.59893 25.66864 25.73835 25.80806 25.87778 25.9478 26.0172 26.08942 26.11589 26.06051 26.0091 25.95881 25.90852 25.85822 25.80793 25.75764 25.70735 25.65705 25.60676 25.56245 25.52452 25.48781 25.46147 25.43844 25.41541 25.39238 25.36936 25.34633 25.3233 25.30027 25.27724 25.24997 25.23761 25.27963 25.31354 25.34452 25.3755 25.40648 25.43746 25.46844 25.49943 25.53041 25.56139 25.60054 25.64787 25.67945 25.72828 25.78408 25.83988 25.89568
23.22761 23.45775 23.66886 23.87996 24.09107 24.30218 24.51328 24.72439 24.93549 25.14762 25.36793 25.53595 25.62679 25.72649 25.8311 25.93571 26.04033 26.14494 26.24956 26.35427 26.45879 26.56373 26.67193 26.72662 26.68661 26.65019 26.61597 26.58175 26.54753 26.51331 26.47909 26.44487 26.41064 26.37724 26.35396 26.33386 26.30753 26.29261 26.28534 26.27811 26.27088 26.26364 26.25641 26.24918 26.24195 26.23431 26.22015 26.21802 26.26112 26.29667 26.32675 26.35675 26.38676 26.41677 26.44677 26.47678 26.50678 26.53714 26.57522 26.61512 26.63796 26.67004 26.7093 26.74873 26.78816
22.99817 23.27146 23.52165 23.77149 24.02133 24.27116 24.521 24.77084 25.02068 25.27325 25.53696 25.74282 25.86289 25.99369 26.13298 26.2725 26.41202 26.55153 26.69085 26.83057 26.97009 27.11034 27.25407 27.33689 27.31247 27.2914 27.27314 27.25499 27.23684 27.21869 27.20053 27.18239 27.16424 27.14846 27.14555 27.14313 27.12745 27.12432 27.13224 27.14081 27.14937 27.15793 27.16649 27.17505 27.18362 27.191 27.19082 27.19914 27.24301 27.27942 27.30898 27.33801 27.36704 27.39607 27.4251 27.45413 27.48316 27.51268 27.54598 27.5774 27.59272 27.61181 27.63452 27.65758 27.68064
22.77317 23.08504 23.37445 23.66302 23.95158 24.24015 24.52872 24.81729 25.10585 25.3987 25.70542 25.94904 26.09853 26.26104 26.43486 26.60928 26.7837 26.95761 27.13254 27.30696 27.48138 27.65678 27.83576 27.94667 27.93795 27.93259 27.9303 27.92822 27.92614 27.92406 27.92199 27.91991 27.91783 27.91936 27.93613 27.95123 27.94648 27.95602 27.97915 28.0035 28.02786 28.05222 28.07657 28.10093 28.12529 28.14795 28.16233 28.18126 28.22567 28.26228 28.29121 28.31926 28.34732 28.37537 28.40343 28.43148 28.45954 28.48746 28.51463 28.53717 28.54542 28.55294 28.55974 28.56644 28.57313
22.55179 22.8994 23.22724 23.55454 23.88184 24.20914 24.53644 24.86374 25.19104 25.52309 25.87203 26.15325 26.3326 26.52797 26.73674 26.94607 27.15471 27.36471 27.57404 27.78336 27.99269 28.20294 28.41695 28.55588 28.56298 28.57365 28.58746 28.60145 28.61545 28.62944 28.64343 28.65743 28.67142 28.6892 28.72466 28.75702 28.76363 28.78708 28.82605 28.8662 28.90635 28.9465 28.98665 29.02681 29.06696 29.10546 29.135 29.16468 29.20942 29.24556 29.27343 29.30051 29.32759 29.35468 29.38176 29.40883 29.43591 29.46216 29.48311 29.49677 29.49797 29.49402 29.48496 29.47529 29.46562
22.33296 22.71399 23.08004 23.44607 23.8121 24.17813 24.54416 24.91019 25.27622 25.64584 26.03552 26.35406 26.56406 26.79447 27.03862 27.28221 27.52707 27.7713 28.01553 28.25976 28.50398 28.74881 28.99756 29.16446 29.18751 29.2146 29.24462 29.27469 29.30475 29.33482 29.36488 29.39495 29.42501 29.4576 29.51009 29.55933 29.578 29.6174 29.67295 29.72889 29.78484 29.84079 29.89674 29.95268 30.00863 30.0636 30.1091 30.14976 30.19452 30.22924 30.25566 30.28177 30.30787 30.33398 30.36008 30.38618 30.41229 30.43761 30.4534 30.45846 30.45227 30.43573 30.41018 30.38414 30.3581
22.11535 22.52807 22.93283 23.33759 23.74235 24.14712 24.55188 24.95664 25.3614 25.76722 26.19464 26.54991 26.79218 27.06137 27.33997 27.61963 27.89876 28.17789 28.45702 28.73615 29.01529 29.29454 29.57753 29.77228 29.81153 29.85565 29.90178 29.94792 29.99406 30.04019 30.08633 30.13247 30.1786 30.22516 30.29146 30.3568 30.38887 30.44811 30.51985 30.59159 30.66333 30.73507 30.80682 30.87856 30.9503 31.02195 31.08492 31.13694 31.18117 31.21276 31.23789 31.26302 31.28815 31.31328 31.33841 31.36354 31.38867 31.41375 31.42738 31.42468 31.41013 31.37781 31.3354 31.293 31.25059
21.89698 22.34213 22.78563 23.22923 23.67355 24.1175 24.56033 25.00309 25.44658 25.89008 26.34843 26.73905 27.01747 27.32793 27.64238 27.95664 28.27232 28.58688 28.89966 29.21255 29.52658 29.84062 30.15686 30.37922 30.4352 30.49674 30.55895 30.62128 30.68472 30.74738 30.80869 30.86999 30.9322 30.99441 31.06824 31.14785 31.19657 31.27921 31.36675 31.45428 31.54145 31.62843 31.71617 31.80444 31.89198 31.97951 32.06245 32.12672 32.16915 32.19597 32.22012 32.24415 32.26527 32.28753 32.31363 32.34087 32.36504 32.3892 32.40638 32.39813 32.37264 32.3194 32.26062 32.20175 32.13898
21.67397 22.15784 22.64621 23.13664 23.62681 24.11457 24.59795 25.07528 25.546 26.01492 26.4985 26.91955 27.24609 27.60278 27.97029 28.33416 28.6913 29.04129 29.38444 29.72146 30.05408 30.38811 30.73599 30.98512 31.05955 31.14293 31.23533 31.325 31.40946 31.48848 31.56238 31.63183 31.69814 31.76531 31.84319 31.9306 32.00698 32.11177 32.21608 32.31478 32.40977 32.50426 32.60166 32.70517 32.81699 32.93445 33.04014 33.11978 33.15599 33.17171 33.16453 33.15657 33.1562 33.16748 33.19319 33.23522 33.29319 33.35691 33.38768 33.38198 33.33612 33.25012 33.12863 33.01177 32.91075
21.45478 21.98874 22.52707 23.06708 23.60631 24.14239 24.67288 25.19514 25.70617 26.20254 26.68129 27.09443 27.52631 27.95405 28.36875 28.77181 29.16456 29.54796 29.92264 30.28894 30.64693 30.99648 31.33806 31.59026 31.71973 31.8481 31.96598 32.0746 32.17515 32.26856 32.35546 32.43631 32.51131 32.58061 32.64467 32.70448 32.83915 32.96336 33.07254 33.17191 33.26626 33.35999 33.45742 33.56299 33.68155 33.81852 33.97941 34.11665 34.08599 34.03519 33.99263 33.96096 33.94236 33.93922 33.95443 33.99147 34.0547 34.14937 34.28033 34.38004 34.19981 33.99068 33.81255 33.66315 33.53977
21.66961 22.20176 22.73841 23.27686 23.81472 24.34971 24.87954 25.40193 25.91475 26.41746 26.92749 27.37484 27.74932 28.16025 28.56791 28.96678 29.35662 29.73792 30.11117 30.47687 30.83564 31.18947 31.55139 31.82961 31.93779 32.06812 32.19618 32.31731 32.43141 32.53897 32.64054 32.73663 32.82784 32.91568 33.00861 33.10897 33.20948 33.33049 33.44255 33.54631 33.64552 33.74416 33.8462 33.95566 34.07642 34.21104 34.34934 34.43629 34.44445 34.40492 34.35853 34.31889 34.29034 34.27588 34.27834 34.30065 34.34545 34.41257 34.47791 34.46026 34.367 34.18487 34.00037 33.83602 33.69404
22.07156 22.58516 23.09961 23.61646 24.13369 24.64941 25.1622 25.67162 26.18023 26.69583 27.21591 27.66555 27.99702 28.35872 28.72366 29.09361 29.46128 29.82448 30.1831 30.53839 30.89417 31.25591 31.61944 31.89304 32.00666 32.12618 32.24773 32.37329 32.49721 32.61774 32.73486 32.84949 32.96437 33.08363 33.20838 33.32883 33.40482 33.50821 33.61293 33.71667 33.81831 33.91958 34.0228 34.12966 34.23901 34.34422 34.44681 34.51335 34.50697 34.48728 34.46392 34.4297 34.39626 34.36977 34.35299 34.34578 34.3417 34.3238 34.29945 34.23947 34.1433 34.01183 33.87386 33.72021 33.56969
22.47284 22.9758 23.47732 23.97884 24.48036 24.98187 25.48339 25.98491 26.48813 26.98806 27.50849 27.9464 28.25536 28.59238 28.93597 29.27957 29.62316 29.96676 30.31036 30.65395 30.99755 31.34115 31.68853 31.95565 32.07983 32.21016 32.34215 32.47413 32.60612 32.7381 32.87008 33.00206 33.13405 33.26603 33.40907 33.53608 33.60509 33.69396 33.78886 33.88375 33.97865 34.07355 34.16846 34.26335 34.35825 34.45315 34.54293 34.59526 34.5649 34.52435 34.48032 34.43628 34.39224 34.3482 34.30415 34.26012 34.21608 34.17204 34.11531 34.02896 33.91119 33.76545 33.60893 33.45242 33.29591
22.87493 23.36645 23.85593 24.34542 24.83491 25.3244 25.81388 26.30429 26.79286 27.28462 27.79544 28.21932 28.51224 28.82603 29.15107 29.47611 29.80115 30.1262 30.45124 30.77629 31.10133 31.42684 31.75721 32.01746 32.1531 32.29414 32.43843 32.58272 32.727 32.87129 33.01557 33.15985 33.30414 33.44915 33.60371 33.73436 33.80159 33.87972 33.96499 34.05029 34.13559 34.22089 34.30618 34.39148 34.47678 34.56176 34.64115 34.6807 34.62432 34.56138 34.49379 34.42614 34.35849 34.29085 34.22321 34.15556 34.08792 34.01961 33.93505 33.82614 33.68232 33.51875 33.34014 33.16122 32.9823
