Spatial_Analysis/Downscaled_EnvironmentalLayers/RCP4_5/2080/speed_far45.asc
ncols         639
nrows         313
xllcorner     -103
yllcorner     4.021
cellsize      0.083
NODATA_value  -9999
[rows 145 to 173 of 313, columns 455 to 519 of 639]
8.802143 8.629753 8.457363 8.284972 8.112582 7.940191 7.767801 7.596146 7.426069 7.239678 7.044895 6.851672 6.659323 6.466973 6.274623 6.082274 5.889925 5.697576 5.505226 5.315226 5.130847 5.017129 4.952739 4.893836 4.838331 4.782829 4.727327 4.671824 4.616323 4.56082 4.505318 4.449314 4.391964 4.430272 4.547236 4.662901 4.777687 4.892468 5.007248 5.122029 5.23681 5.351591 5.466372 5.58092 5.69477 5.806745 5.91686 6.026306 6.135261 6.244209 6.353158 6.462106 6.571055 6.680003 6.788952 6.898327 7.009161 7.016205 6.897 6.779189 6.662466 6.54577 6.429073 6.312376 6.19568
9.020984 8.839579 8.658175 8.476771 8.295367 8.113962 7.932559 7.751816 7.573242 7.386139 7.195182 7.006408 6.818453 6.630498 6.442544 6.254589 6.066634 5.87868 5.690725 5.503784 5.320609 5.191755 5.100709 5.01348 4.927855 4.842231 4.756607 4.670982 4.585358 4.499734 4.414109 4.328521 4.243088 4.261074 4.364319 4.467723 4.571199 4.674676 4.778153 4.88163 4.985106 5.088583 5.19206 5.295277 5.397213 5.515521 5.650237 5.783638 5.916352 6.049067 6.181781 6.314495 6.447209 6.579923 6.712637 6.845729 6.980983 6.997589 6.869719 6.74409 6.619757 6.495424 6.37109 6.246757 6.122424
9.239823 9.049405 8.858988 8.66857 -9999 -9999 8.097315 -9999 7.71982 7.53199 7.34515 7.161143 6.977584 6.794024 6.610464 6.426904 6.243344 6.059784 5.876225 5.692815 5.511034 5.36706 5.249204 5.133126 5.01738 4.901633 4.785886 4.67014 4.554394 4.438647 4.3229 4.207274 4.093311 4.090928 4.180779 4.272539 4.364712 4.456885 4.549058 4.641231 4.733403 4.825576 4.917749 5.009828 5.100155 5.224841 5.383959 5.540963 5.697444 5.853924 6.010404 6.166884 6.323364 6.479844 6.636324 6.792905 6.952112 6.978199 6.841934 6.709017 6.577047 6.445078 6.313107 6.181138 6.049167
9.458574 9.257985 9.057738 8.858459 8.659936 8.46143 8.262073 8.062641 7.865583 7.676998 7.49505 7.315879 7.136704 6.957419 6.778302 6.599298 6.420198 6.240914 6.061724 5.882559 5.703047 5.544021 5.398637 5.252772 5.106933 4.962207 4.817736 4.672328 4.525495 4.377855 4.231691 4.085823 3.941989 3.919083 3.996547 4.077356 4.158253 4.241117 4.323968 4.405064 4.484337 -9999 4.643438 4.724307 4.803813 4.934998 5.117964 5.29829 5.478541 5.660425 5.842544 6.023201 6.202127 6.38024 6.56001 6.740256 6.922308 6.957663 6.813736 6.673944 6.534338 6.396203 6.258308 6.119021 5.978217
9.662251 9.449936 9.240591 9.033746 8.828836 8.625237 8.42215 8.217989 8.01052 7.821051 7.645259 7.468873 7.293336 7.119015 6.945508 6.772296 6.598841 6.424619 6.249201 6.07276 5.897369 5.723596 5.548557 5.377444 5.208751 5.040028 4.869905 4.697261 4.521053 4.340363 4.15479 3.966737 3.788905 3.744832 3.812842 3.894501 3.977718 4.056808 4.131008 4.200411 4.265316 -9999 4.38378 4.441124 4.508093 4.646265 4.851661 5.065047 5.2809 5.494011 5.703338 5.908566 6.109561 6.306309 6.499216 6.69076 6.891854 6.9356 6.786117 6.64798 6.512242 6.373118 6.229885 6.082662 5.931758
9.843641 9.623785 9.407703 9.194597 8.983793 8.774692 8.566738 8.359386 8.152052 7.962869 7.787381 7.615496 7.446194 7.278633 7.112086 6.945889 6.779405 6.611972 6.442877 6.271289 6.096212 5.90784 5.713948 5.521661 5.329704 5.136941 4.94228 4.744605 4.542702 4.335189 4.120425 3.896383 3.660512 3.583426 3.678167 3.762761 3.838838 3.907642 3.970075 4.026768 4.07813 4.124375 4.165531 4.201431 4.2317 4.365736 4.622917 4.873609 5.118517 5.358146 5.592773 5.822486 6.047183 6.266582 6.480186 6.687246 6.886705 6.921047 6.797643 6.665303 6.525505 6.379417 6.227904 6.071595 5.910932
9.814309 9.618439 9.42565 9.235427 9.04719 8.860318 8.674047 8.486942 8.296271 8.131736 7.98647 7.840596 7.695816 7.552326 7.409678 7.267332 7.124736 6.98135 6.836701 6.690822 6.545745 6.368749 6.165003 5.965111 5.767339 5.569427 5.370046 5.168075 4.962448 4.752183 4.536704 4.317781 4.108669 4.027335 4.052729 4.092839 4.133064 4.168721 4.199282 4.224916 4.245936 4.262743 4.276077 4.288422 4.310331 4.441469 4.676528 4.921192 5.16714 5.409989 5.648885 5.88357 6.113912 6.339862 6.561697 6.781437 7.010255 7.067204 6.912279 6.770359 6.629424 6.484695 6.335673 6.18255 6.025653
9.741244 9.576647 9.412663 9.249801 9.087815 8.92598 8.763153 8.600083 8.440556 8.304504 8.184606 8.068897 7.953144 7.837286 7.721662 7.606169 7.490566 7.374718 7.258936 7.143228 7.023351 6.859474 6.66289 6.460371 6.258011 6.057075 5.856222 5.654272 5.450678 -9999 5.042605 4.840067 4.638972 4.541695 4.530552 4.521871 4.513507 4.50767 4.501316 4.492899 4.482387 4.470882 4.461277 4.452621 4.442676 4.557442 4.796999 5.03393 5.270987 5.510252 5.749334 5.986688 6.222058 6.456261 6.692085 6.928965 7.167736 7.229398 7.074746 6.924702 6.774924 6.627237 6.479342 6.32979 6.178502
9.651572 9.517414 9.383255 9.249098 9.114939 8.980782 8.846623 8.713024 8.584917 8.477199 8.383266 8.29508 8.207718 8.120355 8.032991 7.94563 7.858266 7.770904 7.683541 7.595596 7.500441 7.350056 7.159894 6.961782 6.762321 6.56286 6.3634 6.163939 5.964478 5.765017 5.565557 -9999 5.167129 5.053175 5.009384 4.966105 4.922927 4.879749 4.836571 4.793393 4.750216 4.707037 4.663859 4.620603 4.575584 4.674541 4.917547 5.15839 5.398735 5.639079 5.879425 6.11977 6.360115 6.60046 6.840805 7.081246 7.324888 7.390256 7.23827 7.090457 6.94374 6.797024 6.650309 6.503592 6.356876
9.561573 9.456326 9.35108 9.245833 9.140587 9.035339 8.930094 8.826552 8.728864 8.649445 8.582406 8.521264 8.462247 8.403231 8.344213 8.285196 8.226179 8.167162 8.108145 8.04705 7.977837 7.841042 7.656244 7.463194 7.26681 7.070426 6.874043 6.677659 6.481276 6.284891 6.088508 5.891776 5.693483 5.562693 5.487317 5.410339 5.33264 5.25494 5.17724 5.099541 5.021841 4.944141 4.866442 4.788489 4.709221 4.792497 5.038354 5.282848 5.526659 5.77047 6.014281 6.258091 6.501903 6.745714 6.989525 7.233837 7.481198 7.550036 7.401528 7.256212 7.112675 6.969138 6.825601 6.682063 6.538527
9.471574 9.395238 9.318903 9.242569 9.166234 9.089899 9.013564 8.93993 8.872206 8.821066 8.781333 8.747448 8.716777 8.686106 8.655435 8.624763 8.594092 8.563421 8.532749 8.498594 8.455926 8.332766 8.152845 7.964603 7.771299 7.577992 7.384686 7.191379 6.998073 6.804766 6.61146 6.416894 6.218884 6.071209 5.964554 5.854563 5.742352 5.630131 5.517909 5.405688 -9999 -9999 -9999 4.956566 4.843375 4.911018 5.159512 5.407301 5.654583 5.901861 6.149137 6.396415 6.643691 6.890968 7.138245 7.38625 7.6368 7.709015 7.564293 7.422011 7.28161 7.141251 7.000894 6.860536 6.720177
9.381575 9.33415 9.286728 9.239305 9.191881 9.144458 9.097034 9.052847 9.014782 8.991913 8.979763 8.973637 8.971306 8.96898 8.966656 8.964331 8.962005 8.95968 8.957354 8.950723 8.935038 8.825544 8.650145 8.465976 8.275788 8.085558 7.895329 7.705099 7.51487 7.32464 7.13441 6.941934 6.744187 6.579627 6.441707 6.298748 6.152064 6.005322 5.858578 5.711836 5.565093 -9999 -9999 5.124795 4.977806 5.029833 5.280882 5.531762 5.782509 6.033251 6.283994 6.534736 6.78548 7.036222 7.286963 7.538403 7.791891 7.867441 7.726652 7.58779 7.450544 7.313365 7.176186 7.039007 6.901827
9.291575 9.273064 9.254553 9.23604 9.217528 9.199017 9.180506 9.165136 9.156429 9.161818 9.177526 9.199814 9.225835 9.251856 9.277877 9.303897 9.329918 9.355938 9.381958 9.40374 9.415502 9.319714 9.148453 8.967422 8.780277 8.593124 8.405972 8.21882 8.031667 7.844515 7.657362 7.467451 7.270244 7.088828 6.919441 6.743011 6.561777 6.380512 6.199247 6.017982 5.836718 5.655453 5.474189 5.293047 5.112271 5.148686 5.402282 5.656229 5.910433 6.164642 6.41885 6.673058 6.927267 7.181475 7.435684 7.690372 7.946674 8.025537 7.888755 7.753511 7.619479 7.485479 7.351478 7.217478 7.083477
9.201576 9.211976 9.222376 9.232776 9.243176 9.253575 9.263975 9.276727 9.296958 9.330587 9.374536 9.425999 9.480364 9.534731 9.589097 9.643464 9.69783 9.752196 9.806562 9.857787 9.897677 9.815646 9.64797 9.468841 9.284766 9.10069 8.916615 8.73254 8.548464 8.364389 8.180313 7.993909 7.797911 7.599715 7.39837 7.187276 6.971489 6.755703 6.539917 6.32413 6.108344 5.892557 5.676771 5.461184 5.246534 5.267323 5.523523 5.780684 6.038359 6.296032 6.553706 6.811381 7.069055 7.32673 7.584403 7.84229 8.101349 8.183514 8.050772 7.919236 7.788414 7.657593 7.526771 7.395949 7.265128
9.111577 9.150888 9.190201 9.229511 9.268823 9.308134 9.347446 9.387756 9.436163 9.498006 9.570885 9.652182 9.734894 9.817606 9.900318 9.98303 10.06574 10.14846 10.23117 10.31265 10.38195 10.31377 10.14864 9.970253 9.789253 9.608256 9.427258 9.24626 9.065261 8.884264 8.703264 8.52136 8.328068 8.113258 7.878867 7.63151 -9999 7.130894 6.880586 6.630278 6.37997 6.129662 5.879354 5.629133 5.380352 5.385477 5.644451 5.905142 6.166283 6.427423 6.688563 6.949703 7.210843 7.471983 7.733124 7.994292 8.256117 8.341586 8.212877 8.084991 7.957348 7.829706 7.702063 7.574421 7.446778
9.021584 9.090013 9.158073 9.225928 9.294107 9.36268 9.430916 9.49914 9.573857 9.663846 9.767345 9.878365 9.989417 10.09849 10.20704 10.31752 10.43064 10.54458 10.65577 10.76683 10.86863 10.81454 10.64942 10.47166 10.29374 10.11276 9.931355 9.753107 9.578174 9.4039 9.226216 9.048295 8.861502 8.630507 8.360232 8.075744 7.790915 -9999 7.219577 6.935444 6.651519 6.366802 6.081936 5.797106 5.513502 5.502861 5.765081 6.029602 6.294207 6.56061 6.827965 7.093354 7.356067 7.617623 7.881843 8.146449 8.41118 8.499977 8.375225 8.250747 8.126284 8.003479 7.881264 7.756986 7.630788
8.937267 9.032861 9.126408 9.219368 9.313248 9.409491 9.509171 9.611125 9.710282 9.828157 9.964887 10.09334 10.21722 10.34221 10.47091 10.60524 10.74688 10.89721 11.05633 11.21765 11.35721 11.3181 11.14766 10.95087 10.74992 10.55637 10.3721 10.19723 10.03143 9.874001 9.723125 9.571581 9.397831 9.152311 8.839298 8.507469 8.177525 7.856296 7.542064 7.231729 6.921931 6.609327 6.290972 5.966473 5.646009 5.619192 5.885989 6.165747 6.451494 6.734664 7.012866 7.284844 7.549665 7.806663 8.056097 8.302765 8.566696 8.658936 8.537787 8.430548 8.327812 8.217962 8.100332 7.976068 7.84673
8.862103 8.979953 9.095216 9.209767 9.32543 9.444094 9.567827 9.699018 9.840441 9.98631 10.12401 10.26147 10.40064 10.5432 10.6908 10.84524 11.00852 11.18301 11.37158 11.57777 11.80582 11.79635 11.55473 11.33108 11.12327 10.92927 10.74765 10.57748 10.41825 10.26987 10.13263 10.00725 9.894729 9.657418 9.255477 8.879498 8.523175 8.180804 7.847521 7.518982 7.19109 6.859736 6.520546 6.168586 5.798115 -9999 6.054957 6.361793 6.662653 6.957184 7.24486 7.524924 7.796362 8.057831 8.307568 8.543283 8.762127 8.827495 8.767801 8.687967 8.591288 8.481283 8.360802 8.2322 8.097488
8.736061 8.854101 8.969937 9.085148 9.201335 9.320074 9.442736 9.569239 9.692453 9.838353 10.00526 10.16058 10.31325 10.46771 10.62627 10.79082 10.96313 11.14488 11.33699 11.53597 11.71454 11.71075 11.57495 11.40998 11.24692 11.09318 10.94964 10.81611 10.69219 10.57738 10.4705 10.36674 10.2419 10.00779 9.678568 9.330139 8.988989 8.658117 8.334863 8.015755 7.697218 7.375679 7.04777 6.711725 6.377407 -9999 6.586652 6.852149 7.119983 7.384116 7.64272 7.894692 8.139071 8.374992 8.602108 8.823061 9.059135 9.144235 9.02975 8.933448 8.835239 8.728062 8.612303 8.48947 8.361256
8.608418 8.718765 8.82836 8.937662 9.047423 9.158031 9.268412 9.378448 9.494706 9.637541 9.801038 9.971926 10.14186 10.30848 10.47555 10.64539 10.81893 10.99511 11.16814 11.33903 11.50648 11.52504 11.44022 11.35044 11.25916 11.16259 11.06784 10.97768 10.89213 10.80903 10.72194 10.63216 10.5389 10.33662 10.04298 9.743263 9.44291 9.140772 8.840607 8.542332 8.24434 7.945097 -9999 7.34528 7.041365 -9999 -9999 7.446514 7.66464 7.886656 8.10828 8.326966 8.541956 8.754258 8.968929 9.186417 9.397547 9.464863 9.362615 9.244225 9.125992 9.01157 8.895872 8.777068 8.655626
8.487909 8.587595 8.687283 8.786968 8.886654 8.986343 9.086029 9.186573 9.296292 9.435706 9.595805 9.765532 9.936543 10.10755 10.27857 10.44958 10.62059 10.7916 10.96261 11.13357 11.30375 11.34583 11.30095 11.25522 11.20935 11.16348 11.1176 11.07173 11.02586 10.97999 10.93412 10.88824 10.8422 10.67399 10.40506 10.13595 9.866798 9.597651 9.328503 9.059355 8.790207 -9999 -9999 -9999 -9999 -9999 -9999 -9999 8.247919 8.435509 8.623097 8.810687 8.998276 9.185865 9.373454 9.560564 9.72867 9.778519 9.691291 9.578852 9.460119 9.341387 9.222654 9.103922 8.985191
8.36763 8.456964 8.546301 8.635637 8.724975 8.81431 8.903646 8.995547 9.096529 9.232439 9.391207 9.559136 9.730271 9.901407 10.07254 10.24368 10.41481 10.58595 10.75708 10.92921 11.10534 11.1712 11.16356 11.16 11.15804 11.15608 11.15412 11.15217 11.15021 11.14825 11.14629 11.14561 11.15083 11.01716 10.76985 10.52863 10.29008 10.05153 9.812986 9.574438 9.33589 9.097342 -9999 -9999 8.353754 8.316759 8.506076 8.674148 8.831838 8.989528 9.147219 9.304909 9.462599 9.62029 9.77798 9.931234 10.05633 10.08889 10.01603 9.913478 9.794815 9.676151 9.557489 9.438827 9.320164
8.24735 8.326336 8.405322 8.484306 8.563293 8.642279 8.721264 8.804085 8.895416 9.02779 9.186054 9.352741 9.524 9.695259 9.866518 10.03778 10.20904 10.38029 10.55155 10.72619 10.90921 10.99893 11.02776 11.06478 11.10674 11.14869 11.19065 11.2326 11.27456 11.31651 11.35847 11.40458 11.46225 11.36325 11.13669 10.92134 10.71336 10.50541 10.29747 10.08952 9.881574 9.673626 -9999 -9999 9.00754 8.971522 9.142064 9.287769 9.415755 9.543547 9.671338 9.79913 9.926922 10.05471 10.18251 10.3005 10.38379 10.39926 10.34009 10.24756 10.12951 10.01092 9.892323 9.77373 9.655136
8.12707 8.195706 8.26434 8.332977 8.401611 8.470247 8.538881 8.611847 8.693008 8.821827 8.980057 9.146353 9.317728 9.489111 9.660493 9.831875 10.00326 10.17464 10.34602 10.52339 10.71334 10.82692 10.89217 10.96962 11.05543 11.1413 11.22717 11.31304 11.3989 11.48477 11.57064 11.66375 11.77387 11.70954 11.50373 11.31418 11.13665 10.9593 10.78195 10.6046 10.42726 10.24991 -9999 -9999 9.663187 9.628289 9.779411 9.901147 9.999672 10.09757 10.19546 10.29335 10.39124 10.48914 10.58703 10.67104 10.71406 10.7127 10.66632 10.5814 10.46421 10.34568 10.22716 10.10863 9.990109
8.006791 8.065077 8.12336 8.181645 8.239929 8.298215 8.3565 8.418759 8.489346 8.614591 8.77316 8.939951 9.111458 9.282963 9.45447 9.625975 9.797481 9.968987 10.14049 10.31943 10.51571 10.6531 10.75528 10.87436 11.00412 11.1339 11.26369 11.39347 11.52325 11.65303 11.78282 11.92144 12.08314 12.05338 11.86896 11.70678 11.55993 11.41318 11.26643 11.11969 10.97294 10.82619 10.67945 10.51999 10.32323 10.2897 10.42028 -9999 -9999 10.65158 10.71958 10.78757 10.85557 10.92356 10.99156 11.04498 11.0501 11.03234 10.99735 10.91634 10.7989 10.68045 10.56199 10.44354 10.32508
7.886513 7.934446 7.98238 8.030314 8.078248 8.126183 8.174117 8.224887 8.284432 8.406088 8.565419 8.733557 8.905186 9.076816 9.248446 9.420074 9.591703 9.763332 9.934962 10.11315 10.31429 10.47538 10.61568 10.77912 10.95282 11.12651 11.30021 11.47391 11.6476 11.8213 11.99499 12.17621 12.38747 12.39206 12.2305 12.09936 11.98321 11.86706 11.75092 11.63477 11.51862 11.40248 11.28633 11.1605 10.99026 10.95854 11.06657 11.12941 11.16751 11.2056 11.2437 11.28179 11.31989 11.35799 11.39608 11.42362 11.39494 11.36149 11.33549 11.25197 11.1336 11.01521 10.89683 10.77844 10.66006
7.766232 7.803816 7.841399 7.878983 7.916567 7.954151 7.991735 8.030505 8.078262 8.196301 8.357072 8.527162 8.698915 8.870667 9.042419 9.214172 9.385925 9.557679 9.729432 9.90422 10.10698 10.29151 10.47258 10.6839 10.90151 11.11912 11.33673 11.55434 11.77195 11.98956 12.20717 12.42787 12.68422 12.72266 12.58722 12.49204 12.40649 12.32095 12.2354 12.14985 12.06431 11.97876 11.89321 11.80439 11.66689 11.63787 11.7193 11.74323 11.75143 11.75962 11.76782 11.77602 11.78421 11.79241 11.80061 11.80584 11.75158 11.70385 11.68206 11.58661 11.46829 11.34998 11.23166 11.11335 10.99503
7.645954 7.674049 7.702633 7.730186 7.756213 7.782119 7.809352 7.836586 7.870851 7.98521 8.148961 8.320767 8.492642 8.666468 8.841117 9.013318 9.182705 9.352029 9.523901 9.695778 9.891756 10.09911 10.32775 10.58868 10.8502 11.11289 11.37563 11.63672 11.89699 12.15782 12.41934 12.68087 12.97098 13.04201 12.94104 12.88472 12.82978 12.77287 12.71371 12.65711 12.60518 12.55493 12.5001 12.44515 12.35524 12.33112 12.37586 12.35705 12.33534 12.31026 12.28261 12.26014 12.2431 12.22664 12.20513 12.18343 12.12218 12.06361 12.03427 11.92124 11.80299 11.68398 11.56491 11.44734 11.33003
7.539671 7.565623 7.589933 7.610925 7.627068 7.637113 7.640926 7.6443 7.662584 7.773039 7.942461 8.130814 8.324586 8.513919 8.696269 8.87053 9.036039 9.192579 9.341452 9.491516 9.668646 9.896456 10.18803 10.50809 10.82857 11.14005 11.44338 11.74122 12.03657 12.33255 12.63209 12.93681 13.24858 13.34747 13.30175 13.26553 13.21625 13.16412 13.11559 13.07615 13.05085 13.04399 13.05709 13.07758 13.05245 -9999 -9999 12.93577 12.83281 12.74611 12.67945 12.63151 12.59967 12.58061 12.56935 12.55367 12.50153 12.44499 12.37404 12.24345 12.11078 11.98941 11.87763 11.77126 11.66562
