Spatial_Analysis/Downscaled_EnvironmentalLayers/RCP4_5/2080/speed_far45.asc
ncols         639
nrows         313
xllcorner     -103
yllcorner     4.021
cellsize      0.083
NODATA_value  -9999
[rows 0 to 28 of 313, columns 260 to 324 of 639]
-9999 13.88474 15.58361 17.27846 18.96706 20.6476 22.32421 24.0125 25.72456 27.4771 29.21663 31.44561 34.32837 37.16752 40.00491 42.84019 45.67289 48.5022 51.32666 54.14351 56.95479 59.76396 62.56394 62.53837 57.65622 52.76492 47.86611 42.96683 38.06755 33.16828 28.269 23.36972 18.47044 13.57387 8.689255 5.299501 5.084022 4.879842 4.686255 4.493553 4.300852 4.10815 3.915449 3.722747 3.530044 3.342003 3.177803 3.065183 3.052593 3.062673 3.09484 3.129322 3.163806 3.19829 3.232773 3.267257 3.301741 3.327489 3.300893 3.217672 3.063957 2.85998 2.605336 2.344195 2.083063
-9999 -9999 15.86298 17.54441 19.21821 20.89639 22.58852 24.32267 26.05524 27.75411 29.37834 31.48716 34.3264 37.16375 39.99889 42.83134 45.66038 48.4847 51.3018 54.11311 56.92439 59.73479 62.53986 62.52317 57.65355 52.77835 47.89911 43.01976 38.14041 33.26107 28.38172 23.50237 18.62303 13.74592 8.883676 5.519826 5.333549 5.162287 5.003407 4.844994 4.686579 4.528166 4.369752 4.211339 4.052926 3.894875 3.739723 3.61692 3.576023 3.538099 3.502759 3.467554 3.432355 3.397149 3.361946 3.326747 3.29154 3.252817 3.17965 3.064005 2.891266 2.682536 2.441003 2.197127 1.953249
-9999 -9999 16.11376 17.78732 19.46637 21.17674 22.90282 24.58891 26.20009 27.79007 29.37895 31.48675 34.32441 37.1596 39.99185 42.82045 45.64407 48.46014 51.27143 54.08271 56.89399 59.7052 62.51511 62.50722 57.65017 52.79152 47.9321 43.07269 38.21327 33.35386 28.49445 23.63503 18.77562 13.9169 9.07466 5.736145 5.580069 5.444684 5.32056 5.196433 5.072308 4.948183 4.824056 4.699931 4.575805 4.45123 4.3106 4.179053 4.107805 4.015562 3.910674 3.805784 3.700898 3.596009 3.491123 3.38623 3.281344 3.176206 3.055646 2.907335 2.715855 2.50323 2.276669 2.050052 1.823438
-9999 -9999 16.3529 18.04023 19.75881 21.42584 23.02107 24.61111 26.20114 27.79118 29.38007 31.4869 34.32263 37.15484 39.98273 42.80475 45.61846 48.42978 51.24102 54.0523 56.86359 59.67487 62.48783 62.48831 57.64468 52.80458 47.9651 43.12562 38.28613 33.4467 28.60717 23.76769 18.92821 14.08873 9.26123 5.946723 5.823184 5.727548 5.637712 5.547873 5.458036 5.368116 5.278362 5.188523 5.098687 5.008851 4.898651 4.762811 4.654877 4.493167 4.318594 4.144018 3.969445 3.794793 3.620296 3.44572 3.271143 3.09657 2.921628 2.738695 2.530747 2.321692 2.112336 1.902984 1.693626
-9999 -9999 -9999 18.2525 19.8432 21.43385 23.02415 24.61384 26.20287 27.79223 29.38186 31.48801 34.32084 37.14785 39.97229 42.79477 45.61701 48.43531 51.2467 54.04928 56.84409 59.64447 62.4567 62.464 57.6372 52.81883 48.01538 43.21 38.39607 33.57404 28.74616 23.91541 19.08538 14.26125 9.444233 6.149523 6.065999 6.010171 5.945645 5.872599 5.797895 5.728178 5.669467 5.626336 5.598645 5.566018 5.505861 5.380967 5.214516 4.969985 4.698992 4.430532 4.178311 3.940632 3.712078 3.486133 3.256075 3.016683 2.773274 2.548059 2.332554 2.140162 1.953843 1.769853 1.584175
-9999 -9999 -9999 18.25872 19.8514 21.44378 23.03538 24.62566 26.21405 27.80007 29.38421 31.49039 34.32132 37.15832 39.99946 42.84031 45.67759 48.50806 51.32829 54.13453 56.92276 59.68928 62.43769 62.43187 57.6654 52.92252 48.15733 43.37173 38.57 33.75624 28.93422 24.10749 19.27961 14.45436 9.636675 6.342561 6.311161 6.265267 6.201892 6.129958 6.057737 5.993137 5.944105 5.919026 5.926936 5.976832 6.067945 6.048177 5.708607 5.289604 4.915793 4.58317 4.281903 4.002442 3.73587 3.47362 3.207033 2.927019 2.624589 2.323606 2.140812 1.987288 1.832272 1.673804 1.51106
-9999 -9999 -9999 -9999 19.98403 21.56532 23.13534 24.6938 26.24068 27.77807 29.30697 31.38658 34.25265 37.13448 40.02059 42.90648 45.78885 48.66449 51.53004 54.38188 57.21621 60.03003 62.83116 62.86362 58.08419 53.33575 48.5677 43.77999 38.97646 34.16106 29.3375 24.50931 19.68005 14.85355 10.03507 6.739352 6.694064 6.637693 6.564053 6.481857 6.399324 6.324298 6.264649 6.228606 6.224827 6.26115 6.330406 6.272631 5.932172 5.492111 5.091204 4.72992 4.399367 4.090314 3.793999 3.501933 3.205541 2.895889 2.564749 2.248713 2.078083 1.945538 1.812375 1.675991 1.535438
-9999 -9999 -9999 -9999 20.27852 21.83254 23.35372 24.84312 26.30173 27.73049 29.13049 31.16236 34.11354 37.06553 40.02346 42.98564 45.94723 48.90485 51.85588 54.79885 57.73569 60.68056 63.63194 63.72579 58.9037 54.07848 49.26554 44.45335 39.63368 34.80647 29.97375 25.13841 20.30408 15.47576 10.65299 7.34341 7.232054 7.142967 7.04747 6.943437 6.837543 6.736266 6.645358 6.56885 6.505278 6.431637 6.335352 6.157024 5.917786 5.587235 5.235775 4.881245 4.540799 4.213876 3.895551 3.579587 3.259546 2.930795 2.602121 2.33773 2.148777 2.022022 1.901089 1.783292 1.664177
-9999 -9999 -9999 -9999 -9999 22.12267 23.58779 25.00052 26.36367 27.67984 28.95543 30.94517 33.98295 37.02755 40.07332 43.11909 46.16486 49.21063 52.2564 55.30218 58.34795 61.39372 64.43069 64.57252 59.74476 54.90007 50.05196 45.20386 40.35575 35.50764 30.65953 25.81143 20.96332 16.11522 11.2743 7.933288 7.770984 7.624211 7.481051 7.337893 7.194736 7.051575 6.908415 6.765257 6.622097 6.478943 6.305347 6.080507 5.850577 5.546632 5.22298 4.899327 4.575678 4.252029 3.928377 3.604725 3.281076 2.957428 2.656421 2.418423 2.239594 2.123011 2.025231 1.927454 1.829677
-9999 -9999 -9999 -9999 -9999 22.43365 23.83393 25.16252 26.4249 27.6269 28.78206 30.73247 33.85534 36.98965 40.12931 43.26896 46.40862 49.54827 52.68792 55.82758 58.96723 62.10534 65.22111 65.40968 60.57893 55.72176 50.85088 45.97999 41.1091 36.23822 31.36733 26.49644 21.62556 16.75492 11.88919 8.513111 8.306292 8.10545 7.908049 7.710648 7.513249 7.315848 7.118447 6.921044 6.723643 6.52496 6.290052 6.032451 5.792128 5.505971 5.190778 4.875531 4.560287 4.24504 3.929795 3.61455 3.299303 2.984949 2.7105 2.491354 2.331445 2.224272 2.153433 2.08287 2.012308
-9999 -9999 -9999 -9999 -9999 -9999 24.09347 25.32949 26.48538 27.57216 28.60835 30.5218 33.72952 36.95194 40.1853 43.41883 46.65237 49.8859 53.11944 56.35297 59.58651 62.81378 66.00748 66.2426 61.40928 56.54271 51.64979 46.75613 41.86246 36.96879 32.07513 27.18146 22.2878 17.39394 12.4989 9.08667 8.837252 8.586649 8.335049 8.083406 7.831762 7.58012 7.328478 7.076836 6.825192 6.570164 6.289708 6.0037 5.746786 5.464076 5.158576 4.851737 4.544895 4.238053 3.931211 3.62437 3.31753 3.015704 2.759751 2.556796 2.418904 2.328384 2.281636 2.238289 2.19494
-9999 -9999 -9999 -9999 -9999 -9999 24.36795 25.50187 26.54505 27.51422 28.43221 30.31095 33.60367 36.91464 40.24129 43.5687 46.89612 50.22354 53.55096 56.87837 60.20578 63.52177 66.7943 67.07616 62.23986 57.36271 52.44871 47.53226 42.61581 37.69937 32.78292 27.86648 22.95003 18.03184 13.10606 9.657315 9.365915 9.067354 8.762047 8.456161 8.150278 7.844393 7.538507 7.232625 6.926737 6.618588 6.29904 5.986318 5.710404 5.423678 5.126377 4.82794 4.529504 4.231068 3.93263 3.634193 3.335757 3.045438 2.80291 2.614733 2.500499 2.432026 2.409837 2.393706 2.377571
-9999 -9999 -9999 -9999 -9999 -9999 -9999 25.68013 26.60388 27.45157 28.25156 30.09775 33.476 36.87692 40.29728 43.71858 47.13988 50.56117 53.98247 57.40377 60.82507 64.23233 67.58599 67.91508 63.07471 58.18387 53.24762 48.3084 43.36917 38.42995 33.49072 28.5515 23.61227 18.66985 13.71342 10.22819 9.894765 9.548116 9.189047 8.828918 8.46879 8.108665 7.748535 7.388412 7.028283 6.668717 6.311985 5.97306 5.677429 5.384489 5.094177 4.804144 4.514112 4.224081 3.934047 3.644014 3.353983 3.072202 2.839344 2.66487 2.575539 2.533103 2.538043 2.549122 2.560203
-9999 -9999 -9999 -9999 -9999 -9999 -9999 -9999 26.66181 27.38296 28.06433 29.87998 33.34477 36.83841 40.35327 43.86845 47.38363 50.89881 54.41399 57.92916 61.44434 64.94777 68.38695 68.76426 63.91768 59.00721 54.04654 49.08453 44.12253 39.16052 34.19852 29.23651 24.27451 19.30933 14.32375 10.80241 10.42632 10.02972 9.616044 9.201674 8.787306 8.372936 7.95857 7.544201 7.129832 6.717656 6.3224 5.956913 5.642069 5.344462 5.061976 4.780348 4.498721 4.217093 3.935463 3.653838 3.37221 3.095811 2.86856 2.706634 2.643542 2.631463 2.666243 2.704539 2.742835
-9999 -9999 -9999 -9999 -9999 -9999 -9999 -9999 26.71878 27.30809 27.86846 29.65524 33.20858 36.8002 40.40926 44.01832 47.62738 51.23644 54.8455 58.45457 62.06362 65.6681 69.20152 69.62896 64.77203 59.83024 54.84545 49.86066 44.87589 39.8911 34.90631 29.92153 24.93674 19.95078 14.93979 11.38323 10.9629 10.51165 10.04304 9.574431 9.105823 8.637211 8.168598 7.699989 7.231377 6.763679 6.324214 5.930676 5.598735 5.30302 5.029777 4.756552 4.483328 4.210106 3.936882 3.663661 3.390437 3.118088 2.890237 2.739129 2.704294 2.729175 2.794446 2.859957 2.925467
-9999 -9999 -9999 -9999 -9999 -9999 -9999 26.25587 -9999 27.22999 27.66212 29.4208 33.0673 36.76231 40.46525 44.16819 47.87114 51.57408 55.27702 58.97996 62.6829 66.38584 70.03333 70.5152 65.63846 60.65193 55.64436 50.6368 45.62924 40.62167 35.61411 30.60655 25.59898 20.59142 15.56388 11.9743 11.50587 10.9929 10.47004 9.947184 9.424333 8.901481 8.37863 7.855778 7.332922 6.810071 6.312074 5.886489 5.543145 5.262394 4.997575 4.732756 4.467939 4.20312 3.9383 3.673481 3.408663 3.143844 2.904881 2.76107 2.758584 2.829923 2.922648 3.015373 3.108099
-9999 -9999 -9999 -9999 -9999 -9999 -9999 26.44678 -9999 -9999 27.44564 29.17363 32.9276 36.7237 40.50482 44.28313 48.06732 51.86022 55.66285 59.47477 63.29217 67.09901 70.88042 71.42995 66.50394 61.47305 56.4208 51.36195 46.31026 41.27121 36.24755 31.23973 26.24277 21.23088 16.19551 12.57981 12.05102 11.47381 10.87528 10.27793 9.694446 9.123389 8.559864 7.997944 7.431695 6.857375 6.285913 5.815321 5.479141 5.221808 4.971712 4.725091 4.476858 4.224673 3.967105 3.703499 3.435082 3.170476 2.91761 2.770683 2.812686 2.930912 3.056111 3.179191 3.296357
-9999 -9999 -9999 -9999 -9999 -9999 -9999 -9999 -9999 -9999 -9999 28.91233 32.76837 36.60368 40.4479 44.30423 48.17335 52.0558 55.95241 59.86433 63.79297 67.73911 71.69441 72.3786 67.31471 62.18227 57.05733 51.94656 46.85279 41.77851 36.72659 31.70043 26.70389 21.74002 16.79797 13.20413 12.54244 11.81996 11.13661 10.48983 9.870872 9.271052 8.682153 8.096222 7.505195 6.900653 6.275039 5.706755 5.436995 5.213745 4.990559 4.764317 4.53336 4.29619 4.051206 3.796626 3.530467 3.250948 2.960415 2.765597 2.89724 3.073315 3.229278 3.368129 3.495763
-9999 -9999 -9999 -9999 -9999 -9999 -9999 -9999 -9999 27.5214 -9999 29.30843 33.20314 37.07845 40.96294 44.85963 48.76915 52.69202 56.62907 60.58147 64.55064 68.53749 72.53424 73.22206 68.06889 62.84662 57.63223 52.43213 47.24908 42.08557 36.94445 31.82914 26.74358 21.69093 16.6613 13.00856 12.35069 11.63587 10.96091 10.32271 9.712419 9.121293 8.541109 7.963899 7.38159 6.785737 6.16865 5.608699 5.36503 5.169681 4.974267 4.775764 4.572531 4.363069 4.145781 3.918876 3.680356 3.42838 3.165001 2.990865 3.118138 3.285337 3.432087 3.561644 3.679955
-9999 -9999 -9999 -9999 -9999 -9999 -9999 -9999 -9999 28.91373 -9999 30.65019 34.48875 38.38952 42.27493 46.15784 50.04673 53.94444 57.85196 61.76888 65.6915 69.60385 73.48474 73.99513 68.8245 63.50872 58.17094 52.82696 47.49035 42.1665 36.85817 31.56586 26.28479 20.98938 15.67151 11.87558 11.3597 10.81509 10.24855 9.683888 9.133356 8.595385 8.065012 7.536269 7.003181 6.461912 5.925097 5.508877 5.229903 5.059028 4.895863 4.736039 4.574547 4.409058 4.238141 4.061117 3.879153 3.700713 3.533079 3.437353 3.477166 3.565811 3.660994 3.753764 3.840517
-9999 -9999 -9999 -9999 -9999 -9999 -9999 -9999 -9999 -9999 -9999 31.99597 35.76051 39.61781 43.48998 47.36216 51.23434 55.10652 58.97869 62.85087 66.72305 70.59523 74.3718 74.76945 69.50876 64.0569 58.56906 53.08122 47.59338 42.10553 36.61769 31.12985 25.642 20.15416 14.66269 10.77588 10.32047 9.856887 9.391521 8.926158 8.460787 7.99542 7.530056 7.06469 6.599321 6.133957 5.713469 5.391623 5.129433 4.981588 4.862412 4.743239 4.624063 4.504889 4.385713 4.266539 4.147364 4.028189 3.918999 3.851656 3.855713 3.888653 3.929838 3.971023 4.012209
-9999 -9999 -9999 -9999 -9999 -9999 -9999 -9999 -9999 31.60745 -9999 33.33899 37.04502 40.84518 44.68786 48.53054 52.37321 56.21589 60.05857 63.90125 67.74393 71.57686 75.25526 75.55434 70.17192 64.60431 58.94364 53.28297 47.6223 41.96163 36.30096 30.64029 24.97962 19.31943 13.6697 9.69866 9.291945 8.89819 8.511666 8.125145 7.73862 7.352099 6.965574 6.57905 6.192525 5.808355 5.499596 5.258384 5.03271 4.904235 4.835626 4.76706 4.698494 4.62993 4.561363 4.492797 4.424232 4.355772 4.292946 4.243955 4.223941 4.211527 4.204222 4.196945 4.189668
-9999 -9999 -9999 -9999 -9999 -9999 -9999 -9999 -9999 -9999 -9999 34.6753 38.32856 42.07354 45.88573 49.69891 53.51209 57.32527 61.13844 64.95162 68.7648 72.54583 76.14977 76.35542 70.83992 65.14813 59.31821 53.48472 47.65122 41.81773 35.98423 30.15073 24.31724 18.48814 12.68758 8.634134 8.272935 7.940445 7.631816 7.324132 7.016455 6.708772 6.401091 6.09341 5.785728 5.488826 5.275693 5.11042 4.927958 4.83098 4.80884 4.790883 4.772926 4.754968 4.737012 4.719056 4.701099 4.682374 4.656357 4.622797 4.582105 4.533831 4.478606 4.422867 4.367127
-9999 -9999 -9999 -9999 -9999 -9999 -9999 -9999 -9999 -9999 -9999 36.00119 39.60515 43.30383 47.08361 50.86729 54.65096 58.43464 62.21832 66.002 69.78568 73.51961 77.06306 77.17833 71.52312 65.68858 59.69279 53.68647 47.68015 41.67382 35.6675 29.66117 23.65485 17.65898 11.709 7.573488 7.257205 6.98424 6.751961 6.523124 6.294286 6.065446 5.836609 5.607769 5.378932 5.166891 5.040157 4.948414 4.812585 4.757777 4.782052 4.814704 4.847356 4.880009 4.912661 4.945314 4.977966 5.007024 5.014719 4.995714 4.935361 4.854518 4.752991 4.648788 4.544586
-9999 -9999 -9999 -9999 -9999 -9999 -9999 -9999 -9999 -9999 -9999 -9999 40.87059 44.53168 48.28149 52.03566 55.78984 59.54401 63.29819 67.05237 70.80655 74.50664 78.00161 78.02914 72.22845 66.23492 60.06737 53.88822 47.70907 41.52992 35.35077 29.17162 22.99247 16.82786 10.72645 6.508393 6.237883 6.026936 5.872109 5.722113 5.572115 5.422121 5.272125 5.122131 4.972134 4.839269 4.792457 4.772534 4.68577 4.680594 4.755264 4.838526 4.921788 5.00505 5.088311 5.171572 5.254835 5.332084 5.374029 5.369733 5.289542 5.175557 5.027375 4.87471 4.722045
-9999 -9999 -9999 -9999 -9999 -9999 -9999 -9999 -9999 -9999 -9999 38.60558 -9999 45.75618 49.47936 53.20404 56.92872 60.65339 64.37807 68.10275 71.82742 75.51044 78.97181 78.91489 72.96156 66.7889 60.44194 54.08997 47.73799 41.38601 35.03404 28.68206 22.33008 15.99099 9.732463 5.430458 5.208147 5.066333 4.992257 4.921103 4.849948 4.778796 4.707644 4.636489 4.565339 4.505739 4.532274 4.582421 4.5472 4.599224 4.728478 4.862348 4.996219 5.130089 5.26396 5.397831 5.531702 5.660226 5.740314 5.751835 5.650518 5.499258 5.30176 5.100632 4.899504
-9999 -9999 -9999 -9999 -9999 -9999 -9999 -9999 -9999 -9999 -9999 -9999 -9999 46.98206 50.67724 54.37241 58.06759 61.76276 65.45795 69.15312 72.8483 76.52756 79.97993 79.84392 73.72628 67.34132 60.81652 54.29172 47.76691 41.2421 34.7173 28.1925 21.6677 15.1477 8.719652 4.330719 4.161833 4.104709 4.112401 4.12009 4.127781 4.13547 4.14316 4.150851 4.15854 4.16915 4.259466 4.377194 4.397059 4.517344 4.70169 4.88617 5.07065 5.25513 5.439609 5.624089 5.808569 5.991757 6.119401 6.14938 6.023871 5.825321 5.576144 5.326554 5.076963
-9999 -9999 -9999 -9999 -9999 -9999 -9999 -9999 -9999 -9999 -9999 -9999 -9999 48.20943 51.87511 55.54079 59.20647 62.87214 66.53782 70.2035 73.86917 77.53485 81.03027 80.82636 74.51982 67.88873 61.1911 54.49347 47.79583 41.0982 34.40058 27.70294 21.00531 14.30768 7.681874 3.199111 3.095779 3.146013 3.232546 3.319081 3.405612 3.492147 3.578678 3.665211 3.751744 3.838277 3.974958 4.155376 4.237299 4.439815 4.674904 4.909993 5.145082 5.38017 5.615259 5.850348 6.085436 6.320526 6.515849 6.570594 6.41356 6.148581 5.850528 5.552475 5.254422
-9999 -9999 -9999 -9999 -9999 -9999 -9999 -9999 -9999 -9999 -9999 -9999 -9999 -9999 53.0809 56.72198 60.35621 63.98611 67.61565 71.24878 74.88757 78.52623 82.11337 81.87437 75.30589 68.43611 61.56309 54.69498 47.83237 40.971 34.10578 27.23239 20.35008 13.47247 6.621465 2.023873 2.023362 2.187319 2.368458 2.554533 2.732027 2.898762 3.055696 3.20536 3.352736 3.510322 3.685706 3.914788 4.078889 4.362418 4.652058 4.940107 5.223144 5.503345 5.784055 6.068508 6.35833 6.648002 6.926209 7.025146 6.813951 6.471427 6.119686 5.767324 5.420083
