Spatial_Analysis/Downscaled_EnvironmentalLayers/RCP4_5/2080/sst_far45.asc
ncols         639
nrows         313
xllcorner     -103
yllcorner     4.021
cellsize      0.083
NODATA_value  -9999
[rows 261 to 289 of 313, columns 65 to 129 of 639]
29.19668 29.19473 29.19176 29.1888 29.18584 29.18288 29.17992 29.17696 29.174 29.17104 29.16808 29.16512 29.16215 29.15907 29.15551 29.15193 29.14835 29.14477 29.14118 29.1376 29.13402 29.13043 29.12685 29.12327 29.11968 29.11585 29.11061 29.10534 29.10008 29.09481 29.08955 29.08428 29.07902 29.07375 29.06849 29.06322 29.05794 29.05234 29.04414 29.03587 29.02758 29.01929 29.011 29.0027 28.99441 28.98612 28.97783 28.96954 28.96122 28.95274 28.94213 28.93144 28.92071 28.90998 28.89925 28.88852 28.87779 28.86706 28.85633 28.8456 28.83486 28.82406 28.81275 28.80137 28.78995
29.18414 29.18212 29.17908 29.17605 29.17302 29.17 29.16697 29.16394 29.16091 29.15789 29.15486 29.15183 29.14879 29.14565 29.14211 29.13855 29.13498 29.1314 29.12783 29.12426 29.12069 29.11711 29.11354 29.10997 29.10639 29.10259 29.09748 29.09236 29.08723 29.0821 29.07697 29.07184 29.06671 29.06158 29.05645 29.05132 29.04616 29.04072 29.03283 29.02489 29.0169 29.00892 29.00094 28.99296 28.98498 28.977 28.96902 28.96104 28.95302 28.94485 28.93476 28.9246 28.91439 28.90418 28.89397 28.88375 28.87354 28.86333 28.85312 28.8429 28.83266 28.82236 28.81198 28.80155 28.79106
29.1716 29.16951 29.1664 29.16331 29.16021 29.15711 29.15402 29.15093 29.14783 29.14474 29.14164 29.13854 29.13543 29.13223 29.1287 29.12516 29.1216 29.11804 29.11448 29.11092 29.10736 29.1038 29.10023 29.09667 29.0931 29.08933 29.08435 29.07937 29.07438 29.06939 29.06439 29.0594 29.05441 29.04941 29.04442 29.03943 29.0344 29.02911 29.02152 29.01389 29.00623 28.99856 28.99089 28.98322 28.97555 28.96788 28.96021 28.95254 28.94482 28.93698 28.92739 28.91776 28.90807 28.89838 28.88868 28.87898 28.86929 28.85959 28.8499 28.8402 28.83046 28.82068 28.81122 28.80173 28.79218
29.15905 29.15689 29.15372 29.15056 29.1474 29.14423 29.14107 29.13791 29.13475 29.13159 29.12842 29.12526 29.12207 29.11881 29.1153 29.11178 29.10823 29.10468 29.10113 29.09758 29.09403 29.09048 29.08693 29.08338 29.07981 29.07607 29.07123 29.06639 29.06153 29.05667 29.05182 29.04696 29.0421 29.03725 29.03239 29.02753 29.02264 29.0175 29.01022 29.0029 28.99555 28.98819 28.98083 28.97347 28.96612 28.95876 28.9514 28.94404 28.93663 28.92911 28.92004 28.91092 28.90175 28.89257 28.88339 28.87421 28.86503 28.85586 28.84668 28.83749 28.82827 28.819 28.81047 28.80191 28.79329
29.1465 29.14427 29.14104 29.13781 29.13458 29.13135 29.12812 29.12489 29.12166 29.11843 29.1152 29.11197 29.10872 29.1054 29.10191 29.0984 29.09486 29.09132 29.08778 29.08424 29.0807 29.07716 29.07362 29.07008 29.06653 29.06281 29.05811 29.05341 29.04869 29.04396 29.03924 29.03452 29.0298 29.02508 29.02036 29.01563 29.01088 29.00591 28.99892 28.99191 28.98487 28.97783 28.97078 28.96373 28.95668 28.94964 28.94259 28.93554 28.92845 28.92126 28.91269 28.90409 28.89543 28.88677 28.87811 28.86944 28.86078 28.85212 28.84346 28.83479 28.82608 28.81733 28.80973 28.80209 28.7944
29.13395 29.13165 29.12836 29.12506 29.12177 29.11847 29.11517 29.11188 29.10858 29.10528 29.10198 29.09868 29.09536 29.09199 29.08851 29.08501 29.08148 29.07796 29.07443 29.0709 29.06737 29.06384 29.06031 29.05679 29.05325 29.04956 29.04499 29.04042 29.03584 29.03125 29.02667 29.02208 29.0175 29.01291 29.00833 29.00374 28.99913 28.99431 28.98763 28.98093 28.9742 28.96746 28.96072 28.95399 28.94725 28.94052 28.93378 28.92704 28.92027 28.91341 28.90535 28.89725 28.88911 28.88097 28.87282 28.86468 28.85653 28.84838 28.84023 28.83209 28.8239 28.81567 28.80899 28.80228 28.79552
29.12141 29.11903 29.11568 29.11232 29.10895 29.10559 29.10222 29.09886 29.09549 29.09213 29.08876 29.0854 29.08201 29.07859 29.07513 29.07163 29.06811 29.06459 29.06108 29.05756 29.05404 29.05053 29.04701 29.04349 29.03996 29.0363 29.03188 29.02744 29.02299 29.01854 29.01409 29.00964 29.00519 29.00075 28.9963 28.99185 28.98738 28.98272 28.97635 28.96994 28.96352 28.95709 28.95067 28.94424 28.93782 28.9314 28.92497 28.91855 28.9121 28.90556 28.89801 28.89042 28.88279 28.87517 28.86753 28.85991 28.85228 28.84465 28.83702 28.82939 28.82173 28.81402 28.80827 28.80247 28.79663
29.10886 29.10642 29.103 29.09957 29.09614 29.09271 29.08927 29.08584 29.08241 29.07898 29.07554 29.07211 29.06867 29.06519 29.06174 29.05825 29.05474 29.05123 29.04773 29.04422 29.04071 29.03721 29.0337 29.03019 29.02668 29.02305 29.01876 29.01445 29.01014 29.00583 29.00151 28.9972 28.99289 28.98858 28.98426 28.97995 28.97563 28.97113 28.96506 28.95895 28.95284 28.94673 28.94061 28.9345 28.92839 28.92228 28.91616 28.91005 28.90393 28.89772 28.89068 28.88359 28.87647 28.86936 28.86225 28.85514 28.84802 28.84091 28.8338 28.82668 28.81956 28.81238 28.80754 28.80266 28.79774
29.09632 29.09381 29.09032 29.08683 29.08335 29.0799 29.07643 29.07294 29.06943 29.0659 29.06236 29.05883 29.05532 29.0518 29.04836 29.04486 29.0414 29.03795 29.03448 29.031 29.0275 29.02397 29.02043 29.0169 29.0134 29.0098 29.00564 29.00147 28.99732 28.99319 28.98904 28.98488 28.98069 28.97648 28.97226 28.96805 28.96388 28.95954 28.95377 28.94797 28.94218 28.93642 28.93065 28.92485 28.91904 28.91322 28.90738 28.90155 28.89575 28.88988 28.88334 28.87675 28.87017 28.8636 28.85702 28.85043 28.84382 28.83721 28.8306 28.82398 28.81738 28.81074 28.80682 28.80284 28.79886
29.08381 29.08121 29.07769 29.07426 29.0708 29.06732 29.0638 29.06025 29.05667 29.05305 29.0494 29.04572 29.04201 29.03842 29.035 29.03166 29.0283 29.0249 29.02147 29.018 29.0145 29.01097 29.0074 29.00379 29.00016 28.99656 28.99256 28.98866 28.98474 28.98079 28.9768 28.97277 28.96871 28.96462 28.9605 28.95635 28.95217 28.94795 28.94249 28.93713 28.93174 28.92632 28.92086 28.91538 28.90987 28.90433 28.89877 28.89319 28.8876 28.88204 28.876 28.87001 28.864 28.85796 28.85191 28.84583 28.83973 28.83362 28.8275 28.82136 28.81522 28.80911 28.80609 28.80308 28.80007
29.0725 29.06985 29.06632 29.06287 29.0594 29.05589 29.05235 29.04878 29.04517 29.04154 29.03786 29.03415 29.03041 29.02684 29.02344 29.02015 29.01684 29.01348 29.0101 29.00667 29.00322 28.99973 28.9962 28.99264 28.98905 28.9855 28.98167 28.97795 28.97419 28.97041 28.96658 28.96272 28.95883 28.9549 28.95094 28.94695 28.94294 28.93889 28.93378 28.92876 28.92372 28.91864 28.91352 28.90838 28.90321 28.89802 28.8928 28.88756 28.88231 28.8771 28.87155 28.86605 28.86054 28.85499 28.84943 28.84385 28.83824 28.83263 28.827 28.82136 28.81571 28.81009 28.80779 28.80552 28.80323
29.06271 29.06008 29.05655 29.05301 29.04949 29.04599 29.04247 29.03893 29.03538 29.03179 29.0282 29.02461 29.02106 29.01756 29.01423 29.01089 29.00757 29.00427 29.00096 28.99762 28.99426 28.99088 28.98748 28.9841 28.98075 28.97735 28.9737 28.97003 28.9664 28.96278 28.95914 28.95549 28.95181 28.94811 28.9444 28.94069 28.93703 28.93325 28.92851 28.92375 28.91901 28.9143 28.90956 28.90481 28.90004 28.89526 28.89046 28.88567 28.88091 28.87612 28.87103 28.86592 28.86081 28.85572 28.85062 28.84551 28.84038 28.83525 28.8301 28.82497 28.81985 28.81469 28.81286 28.81098 28.8091
29.05295 29.05032 29.04683 29.04333 29.03983 29.03632 29.03281 29.0293 29.02579 29.02229 29.01878 29.01527 29.01174 29.00827 29.00506 29.00182 28.99856 28.9953 28.99205 28.98879 28.98553 28.98227 28.97902 28.97576 28.9725 28.9692 28.96576 28.96231 28.95885 28.95539 28.95193 28.94847 28.94501 28.94155 28.93809 28.93463 28.93117 28.92761 28.92326 28.9189 28.91453 28.91015 28.90578 28.90141 28.89704 28.89267 28.8883 28.88393 28.87955 28.87515 28.87053 28.86589 28.86123 28.85658 28.85193 28.84728 28.84263 28.83798 28.83332 28.82867 28.82401 28.81931 28.81792 28.8165 28.81507
29.04319 29.04056 29.03712 29.03366 29.0302 29.02673 29.02326 29.01979 29.01632 29.01286 29.00939 29.00592 29.00242 28.99899 28.99588 28.99275 28.98958 28.98641 28.98325 28.98008 28.97692 28.97375 28.97059 28.96742 28.96424 28.96104 28.95782 28.95459 28.95134 28.94808 28.94483 28.94158 28.93833 28.93507 28.93182 28.92857 28.92531 28.92198 28.91802 28.91404 28.91006 28.90608 28.9021 28.89812 28.89413 28.89015 28.88617 28.88219 28.8782 28.87419 28.87003 28.86585 28.86167 28.85748 28.8533 28.84912 28.84493 28.84075 28.83656 28.83238 28.82817 28.82394 28.82299 28.82203 28.82104
29.03343 29.0308 29.0274 29.02399 29.02056 29.01714 29.01371 29.01028 29.00686 29.00343 29 28.99658 28.99311 28.98973 28.98671 28.98368 28.9806 28.97753 28.97445 28.97138 28.9683 28.96523 28.96216 28.95908 28.95599 28.95289 28.94989 28.94686 28.94382 28.94077 28.93773 28.93469 28.93164 28.9286 28.92555 28.92251 28.91945 28.91635 28.91277 28.90919 28.9056 28.902 28.89841 28.89482 28.89122 28.88763 28.88404 28.88045 28.87685 28.87323 28.86953 28.86582 28.86211 28.85839 28.85467 28.85095 28.84723 28.84352 28.8398 28.83608 28.83234 28.82858 28.82806 28.82755 28.82701
29.02368 29.02104 29.01768 29.01431 29.01093 29.00755 29.00416 29.00077 28.99739 28.994 28.99062 28.98722 28.9838 28.98046 28.97754 28.9746 28.97162 28.96864 28.96566 28.96268 28.95969 28.95671 28.95372 28.95074 28.94773 28.94474 28.94195 28.93914 28.9363 28.93347 28.93063 28.92779 28.92496 28.92212 28.91928 28.91644 28.9136 28.91072 28.90753 28.90434 28.90113 28.89793 28.89473 28.89152 28.88832 28.88511 28.88191 28.8787 28.8755 28.87228 28.86904 28.86579 28.86254 28.85929 28.85604 28.85279 28.84953 28.84628 28.84303 28.83978 28.83651 28.83323 28.83315 28.83307 28.83298
29.01392 29.01128 29.00797 29.00464 29.0013 28.99795 28.99461 28.99127 28.98792 28.98458 28.98123 28.97788 28.97449 28.97119 28.96838 28.96553 28.96265 28.95975 28.95686 28.95397 28.95108 28.94819 28.94529 28.9424 28.93948 28.9366 28.93402 28.93142 28.92879 28.92616 28.92353 28.9209 28.91827 28.91564 28.91301 28.91038 28.90775 28.90509 28.90229 28.89948 28.89667 28.89385 28.89104 28.88823 28.88541 28.8826 28.87978 28.87696 28.87415 28.87133 28.86855 28.86576 28.86298 28.8602 28.85741 28.85463 28.85184 28.84905 28.84627 28.84348 28.84068 28.83788 28.83823 28.8386 28.83895
29.00417 29.00153 28.99826 28.99497 28.99167 28.98837 28.98506 28.98176 28.97845 28.97515 28.97184 28.96854 28.96519 28.96193 28.95922 28.95646 28.95367 28.95087 28.94807 28.94527 28.94247 28.93966 28.93686 28.93406 28.93124 28.92846 28.92609 28.92369 28.92127 28.91885 28.91643 28.91401 28.91159 28.90917 28.90674 28.90432 28.90189 28.89946 28.89705 28.89463 28.89221 28.88978 28.88735 28.88493 28.8825 28.88008 28.87765 28.87522 28.8728 28.87038 28.86806 28.86574 28.86342 28.8611 28.85878 28.85646 28.85414 28.85183 28.8495 28.84719 28.84486 28.84253 28.84332 28.84412 28.84492
28.99442 28.99178 28.98855 28.9853 28.98204 28.97877 28.97551 28.97225 28.96898 28.96572 28.96246 28.95919 28.95589 28.95269 28.95007 28.9474 28.94469 28.94198 28.93927 28.93656 28.93385 28.93114 28.92843 28.92572 28.92299 28.92032 28.91816 28.91597 28.91376 28.91154 28.90933 28.90712 28.9049 28.90269 28.90047 28.89826 28.89604 28.89383 28.89181 28.88978 28.88774 28.88571 28.88367 28.88163 28.87959 28.87756 28.87552 28.87348 28.87145 28.86943 28.86757 28.86571 28.86385 28.862 28.86015 28.8583 28.85645 28.85459 28.85274 28.85089 28.84903 28.84718 28.84841 28.84965 28.85089
28.98468 28.98204 28.97884 28.97563 28.97241 28.96918 28.96596 28.96274 28.95952 28.9563 28.95307 28.94985 28.94661 28.94345 28.94092 28.93833 28.93571 28.93309 28.93048 28.92786 28.92524 28.92262 28.92 28.91739 28.91476 28.91219 28.91024 28.90825 28.90624 28.90423 28.90223 28.90022 28.89822 28.89621 28.89421 28.8922 28.89019 28.88821 28.88657 28.88493 28.88328 28.88163 28.87998 28.87834 28.87669 28.87504 28.87339 28.87174 28.8701 28.86847 28.86707 28.86567 28.86429 28.86291 28.86152 28.86013 28.85875 28.85736 28.85598 28.85459 28.85321 28.85182 28.85349 28.85517 28.85686
28.97493 28.97229 28.96914 28.96595 28.96279 28.95963 28.95647 28.95329 28.9501 28.9469 28.9437 28.94051 28.93732 28.93422 28.93178 28.92926 28.92674 28.92424 28.92173 28.91921 28.91668 28.91413 28.91159 28.90905 28.90652 28.90407 28.90232 28.90053 28.89874 28.89697 28.89519 28.8934 28.8916 28.88978 28.88795 28.88614 28.88434 28.88258 28.88133 28.88008 28.87883 28.87761 28.87637 28.87513 28.87386 28.87258 28.87128 28.87 28.86874 28.86751 28.86656 28.86564 28.86474 28.86386 28.86297 28.86207 28.86114 28.8602 28.85924 28.8583 28.85738 28.85647 28.85856 28.86069 28.86284
28.96519 28.96256 28.95945 28.95639 28.95332 28.95022 28.94711 28.94397 28.94081 28.93764 28.93445 28.93124 28.92803 28.92501 28.92264 28.92027 28.91789 28.9155 28.91309 28.91066 28.90822 28.90576 28.90329 28.90079 28.89829 28.89596 28.89441 28.89289 28.89137 28.88983 28.88828 28.8867 28.88511 28.8835 28.88186 28.8802 28.87851 28.87696 28.87611 28.87534 28.87456 28.87376 28.87294 28.87209 28.87122 28.87031 28.86938 28.86841 28.86743 28.86654 28.86608 28.86574 28.8654 28.86503 28.86463 28.8642 28.86374 28.86325 28.86272 28.86217 28.86159 28.8611 28.86365 28.86634 28.86902
28.95462 28.95204 28.94903 28.94607 28.94308 28.94007 28.93704 28.93399 28.93092 28.92783 28.92472 28.92159 28.91846 28.91557 28.91334 28.91115 28.90895 28.90673 28.90449 28.90224 28.89997 28.89768 28.89538 28.89305 28.89071 28.88855 28.88718 28.88586 28.88452 28.88317 28.8818 28.88041 28.879 28.87757 28.87611 28.87462 28.87311 28.87173 28.87119 28.87072 28.87024 28.86973 28.8692 28.86864 28.86806 28.86745 28.8668 28.86613 28.86542 28.86479 28.86472 28.86479 28.86482 28.86483 28.86481 28.86475 28.86467 28.86455 28.8644 28.86422 28.86401 28.86385 28.86675 28.86979 28.87281
28.94244 28.94006 28.93719 28.93429 28.93143 28.92857 28.92569 28.9228 28.9199 28.91699 28.91407 28.91115 28.90826 28.90554 28.90364 28.90169 28.89976 28.89783 28.8959 28.89395 28.89199 28.89002 28.88805 28.88608 28.88412 28.88224 28.88102 28.87974 28.87848 28.87724 28.87598 28.87472 28.87343 28.87214 28.87083 28.86952 28.86824 28.86703 28.86658 28.86612 28.86569 28.86526 28.86483 28.86438 28.86391 28.86343 28.86292 28.86242 28.86196 28.86154 28.86164 28.86178 28.86195 28.86214 28.86231 28.86247 28.8626 28.86272 28.86281 28.86291 28.86305 28.86321 28.8662 28.86923 28.8723
28.93028 28.92808 28.92538 28.92266 28.91993 28.9172 28.91447 28.91174 28.90901 28.90628 28.90355 28.90082 28.89807 28.89552 28.89395 28.89233 28.89069 28.88905 28.88741 28.88577 28.88413 28.88249 28.88085 28.87921 28.87756 28.87595 28.87486 28.87373 28.87259 28.87144 28.8703 28.86915 28.86801 28.86686 28.86572 28.86457 28.86342 28.86234 28.86201 28.86167 28.86133 28.86098 28.86063 28.86029 28.85995 28.8596 28.85925 28.85891 28.85857 28.85829 28.8586 28.85894 28.8593 28.85966 28.86002 28.86038 28.86074 28.8611 28.86145 28.86182 28.86218 28.86256 28.86568 28.86884 28.87201
28.91812 28.9161 28.91357 28.91102 28.90845 28.90589 28.90332 28.90075 28.89818 28.89562 28.89305 28.89048 28.88787 28.88551 28.88426 28.88297 28.88164 28.88031 28.87898 28.87765 28.87632 28.875 28.87367 28.87234 28.87099 28.86967 28.86871 28.86772 28.86671 28.8657 28.86469 28.86367 28.86266 28.86165 28.86063 28.85962 28.8586 28.85765 28.85744 28.85722 28.85699 28.85676 28.85654 28.85631 28.85608 28.85586 28.85563 28.8554 28.85519 28.85503 28.85556 28.85611 28.85669 28.85726 28.85784 28.85842 28.85899 28.85957 28.86015 28.86072 28.86131 28.86191 28.86516 28.86844 28.87174
28.90596 28.90413 28.90176 28.89938 28.89698 28.89458 28.89217 28.88976 28.88736 28.88496 28.88255 28.88014 28.87769 28.87551 28.87457 28.87361 28.87259 28.87158 28.87056 28.86954 28.86852 28.8675 28.86649 28.86547 28.86443 28.86339 28.86257 28.86171 28.86084 28.85995 28.85907 28.85819 28.85731 28.85643 28.85555 28.85467 28.85378 28.85295 28.85287 28.85277 28.85266 28.85255 28.85244 28.85233 28.85222 28.85211 28.852 28.85189 28.8518 28.85178 28.85251 28.85328 28.85407 28.85486 28.85566 28.85645 28.85724 28.85804 28.85883 28.85963 28.86044 28.86126 28.86464 28.86805 28.87148
28.8938 28.89215 28.88996 28.88774 28.8855 28.88326 28.88102 28.87878 28.87654 28.8743 28.87206 28.86981 28.86751 28.86552 28.86489 28.86425 28.86354 28.86284 28.86213 28.86143 28.86072 28.86001 28.85931 28.8586 28.85786 28.85712 28.85643 28.8557 28.85496 28.85421 28.85346 28.85272 28.85197 28.85122 28.85047 28.84972 28.84896 28.84827 28.8483 28.84832 28.84833 28.84834 28.84834 28.84835 28.84836 28.84837 28.84838 28.84838 28.84842 28.84851 28.84947 28.85044 28.85145 28.85246 28.85347 28.85448 28.8555 28.85651 28.85752 28.85854 28.85956 28.86061 28.86412 28.86766 28.87121
28.88165 28.88019 28.87816 28.8761 28.87403 28.87195 28.86987 28.8678 28.86572 28.86364 28.86156 28.85947 28.85734 28.85554 28.85522 28.85489 28.8545 28.8541 28.85371 28.85331 28.85292 28.85252 28.85213 28.85173 28.85131 28.85086 28.85028 28.8497 28.84908 28.84847 28.84785 28.84724 28.84662 28.846 28.84539 28.84477 28.84414 28.84358 28.84373 28.84387 28.844 28.84412 28.84425 28.84437 28.8445 28.84462 28.84475 28.84487 28.84503 28.84525 28.84642 28.84761 28.84883 28.85006 28.85129 28.85252 28.85375 28.85498 28.85621 28.85744 28.85869 28.85996 28.86359 28.86726 28.87095
