Spatial_Analysis/Downscaled_EnvironmentalLayers/RCP4_5/2080/sst_far45.asc
ncols         639
nrows         313
xllcorner     -103
yllcorner     4.021
cellsize      0.083
NODATA_value  -9999
[rows 116 to 144 of 313, columns 260 to 324 of 639]
29.41022 29.41307 29.41593 29.41877 29.42159 29.42444 29.42733 29.43024 29.43311 29.43597 29.43895 29.44209 29.44527 29.44874 29.45224 29.45571 29.45914 29.46261 29.46615 29.46972 29.47322 29.47672 29.48011 29.482 29.48158 29.48085 29.4801 29.47932 29.4785 29.47774 29.47703 29.47635 29.47561 29.47486 29.4739 29.47173 29.46785 29.46327 29.45863 29.45395 29.44925 29.44459 29.43997 29.43538 29.43073 29.42609 29.42164 29.41956 29.42262 29.42696 29.43201 -9999 -9999 -9999 -9999 -9999 -9999 -9999 -9999 -9999 -9999 -9999 -9999 -9999 -9999
29.40665 29.40936 29.41214 29.41492 29.4177 29.42048 29.42326 29.42604 29.42883 29.43162 29.43463 29.43785 29.44119 29.44484 29.44858 29.45233 29.45607 29.45982 29.46356 29.46731 29.47105 29.47479 29.47836 29.48069 29.48106 29.48119 29.48124 29.48129 29.48133 29.48138 29.48143 29.48147 29.48152 29.48156 29.48116 29.47952 29.47594 29.47173 29.46725 29.46276 29.45828 29.4538 29.44932 29.44484 29.44036 29.43588 29.43185 29.43022 29.43413 29.43929 -9999 -9999 -9999 -9999 -9999 -9999 -9999 -9999 -9999 -9999 -9999 -9999 -9999 -9999 -9999
29.40307 29.40565 29.40835 29.41105 29.41375 29.41645 29.41914 29.42184 29.42454 29.42728 29.43029 29.43357 29.43711 29.44093 29.44493 29.44892 29.45291 29.45691 29.4609 29.46489 29.46888 29.47286 29.47667 29.47945 29.48058 29.48153 29.48238 29.48322 29.48406 29.4849 29.48575 29.48659 29.48743 29.48821 29.48847 29.48738 29.48405 29.48017 29.47586 29.47155 29.46724 29.46292 29.45861 29.4543 29.44998 29.44572 29.44199 29.44069 -9999 -9999 -9999 -9999 -9999 -9999 -9999 -9999 -9999 -9999 -9999 -9999 -9999 -9999 -9999 -9999 -9999
29.39947 29.40194 29.40455 29.40717 29.40979 29.41241 29.41503 29.41764 29.42026 29.42295 29.42592 29.42926 29.43302 29.43703 29.44127 29.44551 29.44975 29.45399 29.45823 29.46248 29.46672 29.47093 29.47502 29.47826 29.48012 29.48187 29.48351 29.48515 29.48679 29.48843 29.49007 29.4917 29.49335 29.49487 29.49584 29.49532 29.49222 29.48859 29.48448 29.48034 29.47619 29.47204 29.4679 29.46375 29.45961 29.45556 29.45205 -9999 -9999 -9999 -9999 -9999 -9999 -9999 -9999 -9999 -9999 -9999 -9999 -9999 -9999 -9999 -9999 -9999 -9999
29.39584 29.39823 29.40076 29.4033 29.40583 29.40837 29.41091 29.41344 29.41598 29.4186 29.42151 29.42491 29.42889 29.43313 29.43761 29.4421 29.44659 29.45108 29.45557 29.46006 29.46455 29.46902 29.4734 29.4771 29.47969 29.48221 29.48465 29.48709 29.48952 29.49195 29.49439 29.49682 29.49926 29.50156 29.50329 29.50335 29.50046 29.49703 29.4931 29.48912 29.48515 29.48117 29.47719 29.47321 29.46923 29.46537 -9999 -9999 -9999 -9999 -9999 -9999 -9999 -9999 -9999 -9999 -9999 -9999 -9999 -9999 -9999 -9999 -9999 -9999 -9999
29.39219 29.39452 29.39697 29.39942 29.40188 29.40433 29.40679 29.40924 29.4117 29.41423 29.41706 29.42052 29.42473 29.42922 29.43395 29.43869 29.44343 29.44817 29.45291 29.45765 29.46238 29.46711 29.47178 29.47595 29.47928 29.48255 29.48578 29.48901 29.49225 29.49548 29.49871 29.50194 29.50517 29.50829 29.51081 29.51147 29.50877 29.5055 29.50172 29.49791 29.4941 29.49029 29.48648 29.48267 29.47886 -9999 -9999 -9999 -9999 -9999 -9999 -9999 -9999 -9999 -9999 29.53127 29.54203 29.55378 29.56648 29.56401 29.50896 29.45942 29.41454 29.37385 29.3368
29.38853 29.3908 29.39317 29.39555 29.39792 29.4003 29.40267 29.40504 29.40742 29.40983 29.41257 29.41607 29.42052 29.42531 29.4303 29.43528 29.44027 29.44526 29.45024 29.45523 29.46022 29.4652 29.47017 29.47479 29.47886 29.48289 29.48692 29.49095 29.49497 29.499 29.50303 29.50706 29.51108 29.51505 29.51843 29.51969 29.51716 29.51398 29.51034 29.5067 29.50305 29.49941 29.49577 29.49212 29.48848 -9999 29.48178 29.481 29.48567 29.49118 29.49742 29.50399 29.51091 29.51823 29.52599 29.53422 29.54298 29.55232 29.56207 29.56049 29.51986 29.48204 29.44673 29.41388 29.38324
29.38485 29.38709 29.38938 29.39167 29.39396 29.39626 29.39855 29.40084 29.40313 29.40543 29.40802 29.41156 29.41628 29.4214 29.42664 29.43188 29.43711 29.44234 29.44758 29.45282 29.45805 29.46328 29.46853 29.47362 29.47842 29.48323 29.48805 29.49288 29.4977 29.50253 29.50735 29.51217 29.517 29.52182 29.52615 29.52803 29.52563 29.52243 29.51896 29.51548 29.51201 29.50853 29.50506 29.50158 29.49811 29.49463 29.49154 29.49069 29.49483 29.49982 29.50526 29.5109 29.51676 29.52284 29.52917 29.53576 29.54264 29.54982 29.55715 29.55622 29.52732 29.49956 29.47303 29.4478 29.42377
29.38117 29.38338 29.3856 29.38786 29.39012 29.39234 29.39452 29.39667 29.39885 29.40106 29.40341 29.40698 29.41203 29.4175 29.42299 29.42853 29.43406 29.43956 29.44501 29.45043 29.45588 29.46137 29.46687 29.47241 29.47796 29.48357 29.4892 29.49486 29.50052 29.50614 29.51174 29.51731 29.52291 29.52853 29.53394 29.5365 29.53413 29.53089 29.52758 29.52428 29.52099 29.51769 29.51437 29.51105 29.50773 29.50442 29.50126 29.50023 29.50369 29.50796 29.5124 29.51693 29.52156 29.5263 29.53117 29.53617 29.54129 29.54654 29.55185 29.55146 29.53222 29.51318 29.49468 29.47671 29.45926
29.37755 29.37993 29.38234 29.38468 29.38692 29.38908 29.39114 29.39311 29.39498 29.39682 29.39882 29.40232 29.40787 29.41385 29.41988 29.42583 29.43169 29.43746 29.44312 29.44869 29.45417 29.45959 29.46518 29.47114 29.4775 29.48414 29.4908 29.49737 29.50384 29.51023 29.51655 29.52283 29.52907 29.53531 29.54165 29.54514 29.54248 29.53942 29.53637 29.53329 29.53017 29.52702 29.52384 29.52065 29.51744 29.51424 29.51108 29.5096 29.51238 29.51561 29.51884 29.52207 29.52532 29.52862 29.53197 29.5354 29.53893 29.54256 29.54619 29.54637 29.53512 29.52363 29.51224 29.50105 29.49006
29.37488 29.37743 29.37985 29.38215 29.38433 29.38642 29.38839 29.39025 29.39199 29.3936 29.39506 29.39803 29.40469 29.41121 29.41758 29.42383 29.42996 29.43599 29.44189 29.44769 29.45336 29.45889 29.46426 29.4701 29.47797 29.48563 29.4931 29.50043 29.50764 29.51476 29.5218 29.52878 29.53571 29.54261 29.54949 29.55383 29.5511 29.5483 29.54543 29.5425 29.53952 29.53651 29.53347 29.5304 29.52733 29.52424 29.52115 29.51896 29.52092 29.52279 29.52461 29.52639 29.52816 29.52994 29.53174 29.5336 29.53553 29.53757 29.53975 29.54087 29.5359 29.531 29.52619 29.52146 29.51681
29.36977 29.37189 29.37407 29.3762 29.37825 29.3802 29.38207 29.38385 29.38555 29.38722 29.3891 29.39264 29.39848 29.40473 29.41107 29.41735 29.42355 29.42965 29.43566 29.44158 29.44742 29.45322 29.45922 29.4657 29.47286 29.48026 29.48772 29.49511 29.50241 29.50964 29.5168 29.52391 29.531 29.53809 29.54529 29.54911 29.54603 29.54244 29.53889 29.5353 29.53168 29.52804 29.52436 29.52068 29.51698 29.51329 29.50963 29.50732 29.50809 29.5093 29.51049 29.51165 29.51279 29.51395 29.51513 29.51635 29.51763 29.51895 29.52022 29.52024 29.51652 29.51245 29.50828 29.50414 29.50006
29.36543 29.36724 -9999 -9999 29.37276 29.37458 29.37637 29.37814 29.37995 29.38176 29.38377 29.3874 29.39305 29.39918 29.40535 29.41154 29.41775 29.42393 29.43007 29.43619 29.44235 29.44851 29.45473 29.46132 29.46845 29.47572 29.483 29.4903 29.49762 29.5049 29.51217 29.51942 29.52669 29.53397 29.541 29.54435 29.54105 29.53683 29.53252 29.52822 29.52393 29.51962 29.51531 29.51099 29.50668 29.50237 29.49821 29.49542 29.49525 29.49568 29.49619 29.4967 29.4972 29.4977 29.49821 29.49873 29.49924 29.49975 29.50019 29.49966 29.49655 29.49312 29.48964 29.48614 29.48263
29.36111 29.36277 29.36447 29.36617 29.36787 29.36957 29.37127 29.37297 29.37467 29.37638 29.37847 29.38211 29.38771 29.39381 29.40007 29.40633 29.41259 29.41885 29.42511 29.43137 29.43763 29.44389 29.45024 29.45692 29.46407 29.47134 29.47866 29.48598 29.4933 29.50062 29.50794 29.51526 29.52258 29.5299 29.53666 29.53974 29.53592 29.53127 29.5263 29.52132 29.51635 29.51138 29.5064 29.50142 29.49645 29.49148 29.48681 29.48339 29.48248 29.48207 29.48187 29.48167 29.48148 29.48128 29.48108 29.48089 29.48069 29.48049 29.48016 29.47918 29.47656 29.47371 29.47073 29.46776 29.46478
29.35679 29.35831 29.35989 29.36147 29.36306 29.36464 29.36622 29.36781 29.36939 29.37104 29.37312 29.37675 29.38238 29.38845 29.3948 29.40115 29.4075 29.41385 29.4202 29.42655 29.4329 29.43927 29.44573 29.45249 29.45967 29.46696 29.47431 29.48167 29.48903 29.49639 29.50375 29.51111 29.51847 29.52576 29.5324 29.53526 29.53083 29.52571 29.52007 29.51443 29.50879 29.50315 29.4975 29.49186 29.48622 29.48061 29.47534 29.47124 29.46966 29.46845 29.46754 29.46664 29.46574 29.46484 29.46394 29.46304 29.46213 29.46122 29.46017 29.45877 29.45661 29.45429 29.45183 29.44937 29.4469
29.35246 29.35384 29.35531 29.35677 29.35824 29.35971 29.36118 29.36264 29.36411 29.3657 29.36772 29.37133 29.377 29.38309 29.38952 29.39596 29.40241 29.40885 29.41529 29.42174 29.42818 29.43465 29.44121 29.44804 29.45526 29.46258 29.46997 29.47737 29.48477 29.49217 29.49957 29.50696 29.51436 29.52163 29.52823 29.53089 29.52581 29.52011 29.51385 29.50754 29.50123 29.49492 29.48861 29.4823 29.47599 29.46973 29.4638 29.45901 29.45678 29.45485 29.45322 29.45161 29.45 29.4484 29.44679 29.44519 29.44358 29.44196 29.44021 29.43841 29.4367 29.43488 29.43293 29.43098 29.42902
29.34811 29.34937 29.35072 29.35208 29.35343 29.35478 29.35613 29.35748 29.35883 29.36032 29.36226 29.36585 29.37158 29.37773 29.38425 29.39078 29.39732 29.40385 29.41039 29.41693 29.42346 29.43002 29.43667 29.44357 29.45084 29.45819 29.46563 29.47307 29.4805 29.48794 29.49538 29.50281 29.51025 29.51753 29.52416 29.52662 29.52089 29.51455 29.50762 29.50064 29.49367 29.48669 29.47971 29.47273 29.46576 29.45884 29.4522 29.44672 29.44384 29.44123 29.43889 29.43658 29.43427 29.43196 29.42965 29.42734 29.42503 29.4227 29.42029 29.41809 29.41682 29.41547 29.41403 29.41258 29.41114
29.34374 29.34491 29.34614 29.34737 29.34861 29.34985 29.35108 29.35232 29.35355 29.35491 29.35673 29.36029 29.3661 29.37235 29.37897 29.3856 29.39223 29.39886 29.40548 29.41211 29.41874 29.42539 29.43212 29.43909 29.44641 29.45381 29.46128 29.46876 29.47623 29.48371 29.49119 29.49866 29.50614 29.51348 29.52018 29.52247 29.51605 29.509 29.50139 29.49375 29.4861 29.47846 29.47082 29.46317 29.45552 29.44792 29.44057 29.43437 29.43087 29.4276 29.42457 29.42155 29.41854 29.41552 29.41251 29.40949 29.40648 29.40345 29.40038 29.39778 29.39694 29.39606 29.39513 29.39419 29.39326
29.33937 29.34044 29.34156 29.34268 29.3438 29.34492 29.34604 29.34715 29.34827 29.34946 29.35114 29.35466 29.36056 29.36698 29.37369 29.38041 29.38713 29.39386 29.40058 29.4073 29.41402 29.42075 29.42756 29.4346 29.44197 29.44943 29.45694 29.46445 29.47197 29.47948 29.487 29.49451 29.50203 29.50948 29.5163 29.51842 29.51129 29.50347 29.49517 29.48686 29.47854 29.47023 29.46192 29.45361 29.4453 29.437 29.42891 29.422 29.41787 29.41397 29.41024 29.40652 29.4028 29.39908 29.39536 29.39164 29.38792 29.3842 29.38046 29.37746 29.37707 29.37666 29.37623 29.3758 29.37537
29.335 29.33597 29.33697 29.33798 29.33898 29.33998 29.34099 29.34199 29.34299 29.34401 29.34546 29.34893 29.35497 29.36161 29.36842 29.37523 29.38205 29.38886 29.39567 29.40248 29.4093 29.41611 29.42299 29.4301 29.43752 29.44504 29.4526 29.46015 29.4677 29.47525 29.48281 29.49036 29.49792 29.50546 29.5125 29.51447 29.5066 29.49792 29.48894 29.47996 29.47098 29.462 29.45302 29.44404 29.43506 29.42608 29.41724 29.40961 29.40487 29.40034 29.39592 29.39149 29.38707 29.38264 29.37822 29.37379 29.36937 29.36494 29.36053 29.35712 29.35718 29.35724 29.35732 29.35741 29.35749
29.33062 29.3315 29.33239 29.33331 29.33422 29.33512 29.33599 29.33685 29.33772 29.3386 29.33972 29.34311 29.34936 29.35624 29.36314 29.37009 29.37704 29.38396 29.39084 29.39769 29.40457 29.41148 29.41841 29.42558 29.43307 29.44066 29.44825 29.45588 29.46352 29.47113 29.47869 29.48623 29.4938 29.5014 29.50877 29.51064 29.50194 29.49236 29.48272 29.47311 29.46351 29.45388 29.44421 29.43451 29.42483 29.41518 29.40558 29.39723 29.39187 29.38672 29.38159 29.37651 29.37146 29.36637 29.36121 29.35599 29.35081 29.34568 29.34057 29.33675 29.33725 29.33783 29.33843 29.33909 29.33979
29.32627 29.32716 29.32809 29.329 29.32988 29.33071 29.33146 29.33215 29.33275 29.33329 29.33398 29.33717 29.34387 29.35108 29.35835 29.36555 29.37267 29.3797 29.38664 29.39348 29.40024 29.40696 29.41385 29.42106 29.42865 29.43649 29.44439 29.45222 29.45996 29.46762 29.47518 29.48266 29.49007 29.49743 29.50495 29.50695 29.49712 29.48698 29.47694 29.46684 29.45666 29.44639 29.43604 29.42558 29.41503 29.40443 29.39397 29.38487 29.37893 29.37333 29.36787 29.36238 29.35679 29.35108 29.34523 29.33921 29.33302 29.3267 29.32059 29.31631 29.31732 29.31876 29.32045 29.32203 29.32343
29.32234 29.3233 29.32422 29.32511 29.32594 29.32671 29.3274 29.328 29.32849 29.32884 29.32901 29.33151 29.33925 29.34685 29.35431 29.36166 29.3689 29.37604 29.38307 29.38999 29.39678 29.40344 29.40995 29.41673 29.42509 29.43328 29.44132 29.44922 29.45702 29.4647 29.47228 29.47976 29.48713 29.49439 29.50152 29.50332 29.49298 29.48252 29.47193 29.46123 29.45043 29.43952 -9999 -9999 29.40612 29.39472 29.38315 29.37266 29.36695 29.36114 29.35523 29.3492 29.34305 29.33674 29.33028 29.32361 29.31671 29.30953 29.30202 29.2959 29.29895 29.3017 29.30418 29.30641 29.30841
29.31287 29.31374 29.31465 29.31555 29.31641 29.31722 29.31796 29.31863 29.31921 29.31975 29.32044 29.32364 29.33035 29.33756 29.34485 29.35207 29.35921 29.36626 29.37322 29.38009 29.38687 29.39362 29.40054 29.40772 29.41519 29.42288 29.43064 29.43834 29.44595 29.45347 29.46091 29.46825 29.47553 29.48277 29.49017 29.49187 29.48146 29.47073 -9999 -9999 -9999 -9999 -9999 -9999 -9999 -9999 -9999 -9999 -9999 -9999 -9999 29.33634 29.32977 29.32308 29.31624 29.30925 29.30208 29.29479 29.28773 29.28277 29.28405 29.28578 29.28776 29.28964 29.29136
29.30345 29.30431 29.30517 29.30605 29.30694 29.30782 29.30866 29.30948 29.31033 29.31119 29.31229 29.31568 29.32195 29.32886 29.33579 29.34277 29.34975 29.3567 29.36361 29.3705 29.37742 29.38436 29.39131 29.39839 29.40566 29.41298 29.42029 29.42764 29.43501 29.44233 29.44962 29.45689 29.46419 29.47151 29.47861 29.47996 29.47007 -9999 -9999 -9999 -9999 -9999 -9999 -9999 -9999 -9999 -9999 -9999 -9999 -9999 -9999 -9999 -9999 -9999 -9999 29.29608 29.28896 29.28188 29.27484 29.26968 29.27064 29.27179 29.27295 29.27418 29.27546
29.29408 29.29499 29.29596 29.29692 29.29788 29.29885 29.29981 29.30077 29.30174 29.30271 29.30414 29.3076 29.31367 29.32034 29.3272 29.33405 29.34091 29.34777 29.35462 29.36148 29.36834 29.37519 29.38206 29.38903 29.39613 29.40326 29.41039 29.41753 29.42467 29.4318 29.43893 29.44607 29.45321 29.46034 29.46701 29.4682 29.45855 -9999 -9999 -9999 -9999 -9999 -9999 -9999 -9999 -9999 -9999 -9999 -9999 -9999 -9999 -9999 -9999 -9999 -9999 -9999 -9999 29.26921 29.26196 29.25656 29.25726 29.25811 29.25903 29.25996 29.26089
29.28471 29.28568 29.28674 29.28781 29.28888 29.28994 29.29101 29.29208 29.29314 29.29428 29.29591 29.29943 29.30537 29.31183 29.31861 29.32538 29.33216 29.33893 29.3457 29.35248 29.35925 29.36603 29.3728 29.37964 29.38659 29.39355 29.4005 29.40746 29.41441 29.42136 29.42831 29.43527 29.44222 29.44912 29.45548 29.45657 29.44707 29.437 29.4265 29.416 29.40549 -9999 -9999 -9999 -9999 -9999 -9999 -9999 -9999 -9999 -9999 -9999 -9999 -9999 -9999 -9999 -9999 -9999 -9999 -9999 29.24386 29.24443 29.24511 29.24579 29.24648
29.27533 29.27636 29.27753 29.2787 29.27987 29.28104 29.28221 29.28338 29.28455 29.28584 29.28761 29.29116 29.29702 29.30333 29.31001 29.31671 29.3234 29.33009 29.33678 29.34348 29.35017 29.35686 29.36353 29.37025 29.37705 29.38384 29.39061 29.39738 29.40415 29.41092 29.4177 29.42447 29.43124 29.43791 29.44405 29.44505 29.43567 29.42578 29.41544 29.40507 29.3947 -9999 -9999 -9999 -9999 -9999 -9999 -9999 -9999 -9999 -9999 -9999 -9999 -9999 -9999 -9999 -9999 -9999 -9999 -9999 -9999 -9999 29.23119 29.23163 29.23207
29.26594 29.26705 29.26832 29.26959 29.27086 29.27214 29.27341 29.27468 29.27596 29.27737 29.27924 29.28282 29.28861 29.29483 29.30142 29.30803 29.31464 29.32125 29.32787 29.33447 29.34109 29.34769 29.35426 29.36085 29.3675 29.37412 29.38071 29.38731 29.39389 29.40049 29.40708 29.41367 29.42026 29.42673 29.4327 29.43362 29.42434 29.41459 29.40438 29.39414 29.3839 29.37365 29.36341 -9999 -9999 -9999 -9999 -9999 -9999 -9999 -9999 -9999 -9999 -9999 -9999 -9999 -9999 -9999 -9999 -9999 -9999 -9999 29.21726 29.21746 29.21766
