Spatial_Analysis/Downscaled_EnvironmentalLayers/RCP4_5/2080/sst_far45.asc
ncols         639
nrows         313
xllcorner     -103
yllcorner     4.021
cellsize      0.083
NODATA_value  -9999
[rows 0 to 28 of 313, columns 455 to 519 of 639]
26.28543 26.2829 26.28038 26.27785 26.27532 26.2728 26.27027 26.26771 26.26509 26.26288 26.26088 26.25881 26.25671 26.25461 26.25255 26.2504 26.24829 26.24619 26.24408 26.24194 26.23972 26.23776 26.23597 26.23411 26.23219 26.23026 26.22834 26.22642 26.22449 26.22257 26.22065 26.21869 26.21667 26.21491 26.21334 26.21171 26.21002 26.20834 26.20665 26.20497 26.20328 26.2016 26.19991 26.19822 26.1965 26.19423 26.19141 26.18856 26.1857 26.18284 26.17998 26.17711 26.17425 26.17139 26.16852 26.16566 26.1628 26.16039 26.15853 26.15667 26.15481 26.15295 26.15109 26.14923 26.14737
26.2817 26.27914 26.27657 26.27401 26.27144 26.26888 26.26631 26.26372 26.26106 26.25882 26.25677 26.25466 26.25252 26.25043 26.24823 26.24609 26.24395 26.24181 26.23966 26.23749 26.23524 26.23325 26.23142 26.22951 26.22756 26.2256 26.22365 26.22169 26.21974 26.21778 26.21583 26.21385 26.2118 26.21 26.2084 26.20673 26.20502 26.20331 26.2016 26.19988 26.19817 26.19646 26.19475 26.19303 26.19129 26.189 26.18616 26.18329 26.18042 26.17754 26.17467 26.17179 26.16891 26.16604 26.16316 26.16029 26.15741 26.15499 26.15312 26.15125 26.14938 26.14751 26.14565 26.14378 26.14191
26.27798 26.27537 26.27277 26.27016 26.26756 26.26496 26.26235 26.25974 26.25704 26.25476 26.25267 26.25051 26.24838 26.24615 26.24397 26.24179 26.2396 26.23742 26.23524 26.23305 26.23077 26.22875 26.22688 26.22492 26.22293 26.22094 26.21895 26.21696 26.21498 26.21299 26.211 26.20901 26.20694 26.20511 26.20347 26.20176 26.20002 26.19828 26.19654 26.1948 26.19306 26.19132 26.18958 26.18784 26.18608 26.18377 26.18091 26.17802 26.17514 26.17225 26.16936 26.16647 26.16358 26.16069 26.1578 26.15492 26.15203 26.1496 26.14771 26.14584 26.14396 26.14208 26.1402 26.13833 26.13645
26.27425 26.27161 26.26897 26.26632 26.26368 26.26104 26.25839 26.25575 26.25304 26.25072 26.24857 26.2464 26.24414 26.24192 26.2397 26.23748 26.23526 26.23304 26.23083 26.22861 26.22631 26.22426 26.22233 26.22032 26.2183 26.21628 26.21426 26.21224 26.21022 26.2082 26.20618 26.20416 26.20208 26.20023 26.19855 26.19679 26.19502 26.19325 26.19148 26.18972 26.18795 26.18618 26.18441 26.18265 26.18087 26.17854 26.17566 26.17275 26.16985 26.16695 26.16405 26.16115 26.15825 26.15535 26.15244 26.14954 26.14664 26.1442 26.14231 26.14042 26.13853 26.13665 26.13476 26.13288 26.13099
26.27044 26.2677 26.26499 26.2623 26.25965 26.25702 26.25441 26.25175 26.24904 26.24668 26.2445 26.24218 26.23986 26.23754 26.23524 26.23298 26.23075 26.22856 26.22638 26.22415 26.22186 26.21978 26.21777 26.21571 26.21358 26.21146 26.20936 26.20731 26.20529 26.2033 26.20133 26.19931 26.19724 26.19536 26.19361 26.1918 26.18993 26.18806 26.18622 26.18442 26.18266 26.18093 26.17921 26.17745 26.17566 26.1733 26.1704 26.16747 26.16448 26.1615 26.15853 26.15561 26.15272 26.14987 26.14704 26.14417 26.14125 26.1388 26.1369 26.135 26.13302 26.13105 26.1291 26.1272 26.12533
26.26631 26.26349 26.26072 26.25799 26.25531 26.25268 26.25009 26.24756 26.24503 26.24268 26.24017 26.23767 26.23522 26.23282 26.23047 26.22816 26.22591 26.22371 26.22157 26.21948 26.21739 26.2153 26.21304 26.21073 26.20848 26.20628 26.20413 26.20204 26.2 26.19801 26.19608 26.19421 26.19236 26.19049 26.18849 26.18644 26.18444 26.1825 26.18062 26.17879 26.17701 26.17529 26.17362 26.17201 26.17042 26.16807 26.16498 26.16182 26.15871 26.15566 26.15266 26.14972 26.14683 26.144 26.14123 26.13852 26.13584 26.1334 26.13134 26.12918 26.12708 26.12504 26.12307 26.12114 26.11928
26.27805 26.27498 26.27195 26.26897 26.26603 26.26314 26.2603 26.2575 26.25467 26.25214 26.24963 26.24706 26.24454 26.24206 26.23963 26.23725 26.23492 26.23264 26.23041 26.22823 26.22603 26.22394 26.2218 26.21959 26.21741 26.2153 26.21323 26.21122 26.20926 26.20735 26.2055 26.2037 26.20189 26.20014 26.19838 26.19652 26.19472 26.19297 26.19127 26.18963 26.18804 26.1865 26.18502 26.18359 26.18216 26.17993 26.17696 26.17389 26.17086 26.16789 26.16497 26.1621 26.15929 26.15654 26.15384 26.1512 26.14857 26.14613 26.14407 26.14188 26.13975 26.13767 26.13565 26.13368 26.13177
26.30729 26.30377 26.30027 26.29679 26.29335 26.28994 26.28652 26.28306 26.27956 26.27677 26.27431 26.27181 26.26925 26.26669 26.26416 26.26166 26.2592 26.25676 26.25432 26.25184 26.24931 26.24728 26.24553 26.24372 26.24185 26.23998 26.23814 26.23634 26.23456 26.23282 26.23109 26.2293 26.22748 26.22603 26.22487 26.22366 26.22239 26.22111 26.21986 26.21865 26.21747 26.21632 26.21518 26.214 26.21279 26.21085 26.20818 26.20551 26.20277 26.20004 26.19732 26.19464 26.192 26.18938 26.18678 26.18414 26.18147 26.17909 26.17705 26.17502 26.17294 26.17083 26.16876 26.16672 26.16472
26.33622 26.33226 26.32829 26.32433 26.32037 26.3164 26.31244 26.30848 26.30445 26.3014 26.29885 26.29624 26.29361 26.29099 26.28838 26.28576 26.28314 26.28052 26.2779 26.27528 26.27258 26.27062 26.2691 26.26751 26.26591 26.26431 26.26271 26.26111 26.25951 26.25791 26.25631 26.25471 26.25306 26.25193 26.25123 26.25045 26.24967 26.24889 26.2481 26.24732 26.24654 26.24576 26.24498 26.24419 26.2434 26.24177 26.23928 26.23679 26.2343 26.23181 26.22931 26.22682 26.22433 26.22183 26.21934 26.21685 26.21436 26.21204 26.20992 26.20781 26.20571 26.2036 26.20149 26.19939 26.19728
26.36508 26.36062 26.35617 26.35172 26.34726 26.3428 26.33835 26.33388 26.32934 26.32603 26.32338 26.32066 26.31791 26.31517 26.31243 26.30968 26.30694 26.3042 26.30145 26.2987 26.29587 26.29397 26.29267 26.2913 26.2899 26.28851 26.28711 26.28571 26.28432 26.28292 26.28152 26.28012 26.27865 26.27784 26.27757 26.27724 26.27688 26.27653 26.27617 26.27582 26.27546 26.2751 26.27475 26.27439 26.27403 26.27269 26.27039 26.26807 26.26576 26.26344 26.26113 26.25882 26.2565 26.25418 26.25187 26.24956 26.24725 26.245 26.24279 26.2406 26.23842 26.23623 26.23404 26.23186 26.22967
26.39394 26.38899 26.38405 26.3791 26.37415 26.3692 26.36425 26.35928 26.35424 26.35068 26.34791 26.34508 26.34221 26.33935 26.33648 26.33361 26.33075 26.32788 26.32501 26.32212 26.31917 26.31733 26.31624 26.31509 26.31389 26.3127 26.3115 26.31031 26.30912 26.30792 26.30673 26.30552 26.30425 26.30377 26.30393 26.30403 26.3041 26.30417 26.30424 26.30431 26.30438 26.30445 26.30452 26.30459 26.30465 26.30362 26.30149 26.29935 26.29722 26.29508 26.29295 26.29081 26.28867 26.28654 26.2844 26.28227 26.28014 26.27795 26.27567 26.27339 26.27112 26.26886 26.26659 26.26432 26.26206
26.42281 26.41736 26.41192 26.40648 26.40104 26.3956 26.39016 26.38469 26.37916 26.37534 26.37245 26.3695 26.36651 26.36352 26.36053 26.35754 26.35455 26.35156 26.34857 26.34556 26.34247 26.34071 26.33982 26.33887 26.33788 26.33689 26.3359 26.33491 26.33392 26.33293 26.33194 26.33093 26.32986 26.3297 26.33029 26.33082 26.33132 26.33181 26.33231 26.3328 26.3333 26.33379 26.33429 26.33478 26.33527 26.33454 26.33259 26.33064 26.32868 26.32672 26.32476 26.32281 26.32084 26.31889 26.31693 26.31498 26.31303 26.3109 26.30853 26.30618 26.30383 26.30149 26.29914 26.29679 26.29445
26.45167 26.44573 26.4398 26.43387 26.42793 26.422 26.41607 26.4101 26.40408 26.40001 26.39699 26.39392 26.3908 26.38769 26.38458 26.38147 26.37836 26.37524 26.37213 26.36899 26.36579 26.3641 26.36341 26.36267 26.36188 26.36109 26.3603 26.35951 26.35872 26.35793 26.35715 26.35634 26.35548 26.35565 26.35665 26.35761 26.35853 26.35945 26.36037 26.36129 26.36222 26.36314 26.36406 26.36498 26.3659 26.36547 26.3637 26.36192 26.36014 26.35836 26.35658 26.3548 26.35302 26.35124 26.34946 26.34769 26.34592 26.34385 26.3414 26.33897 26.33654 26.33411 26.33169 26.32926 26.32683
26.48053 26.4741 26.46768 26.46125 26.45483 26.4484 26.44197 26.43552 26.42901 26.42468 26.42154 26.41833 26.4151 26.41186 26.40863 26.4054 26.40216 26.39893 26.39569 26.39244 26.38911 26.38749 26.387 26.38645 26.38587 26.38528 26.3847 26.38411 26.38353 26.38294 26.38235 26.38176 26.38111 26.3816 26.38302 26.3844 26.38574 26.38709 26.38844 26.38979 26.39114 26.39248 26.39383 26.39518 26.39652 26.3964 26.3948 26.3932 26.3916 26.39 26.3884 26.3868 26.38519 26.38359 26.38199 26.38039 26.37881 26.3768 26.37427 26.37175 26.36925 26.36674 26.36423 26.36173 26.35922
26.50939 26.50247 26.49555 26.48864 26.48172 26.4748 26.46788 26.46095 26.45395 26.44937 26.44609 26.44276 26.4394 26.43604 26.43268 26.42932 26.42597 26.42261 26.41925 26.41588 26.41245 26.4109 26.4106 26.41024 26.40986 26.40947 26.40909 26.40871 26.40833 26.40795 26.40757 26.40718 26.40674 26.40755 26.4094 26.41118 26.41296 26.41473 26.41651 26.41828 26.42006 26.42183 26.4236 26.42538 26.42715 26.42732 26.4259 26.42448 26.42306 26.42163 26.42021 26.41879 26.41737 26.41594 26.41452 26.4131 26.41169 26.40974 26.40714 26.40454 26.40196 26.39937 26.39678 26.3942 26.39161
26.53825 26.53084 26.52343 26.51602 26.50861 26.5012 26.49379 26.48637 26.4789 26.47407 26.47065 26.46718 26.46369 26.46021 26.45673 26.45325 26.44977 26.44629 26.44281 26.43933 26.43579 26.43431 26.4342 26.43403 26.43385 26.43367 26.43349 26.43331 26.43313 26.43295 26.43277 26.43259 26.43237 26.43352 26.43577 26.43797 26.44017 26.44237 26.44457 26.44677 26.44897 26.45117 26.45337 26.45557 26.45777 26.45825 26.45701 26.45576 26.45452 26.45327 26.45203 26.45078 26.44954 26.4483 26.44705 26.44581 26.44457 26.44269 26.44 26.43733 26.43467 26.432 26.42933 26.42667 26.424
26.56699 26.55899 26.55104 26.54314 26.53528 26.52747 26.51967 26.51179 26.50386 26.49877 26.4952 26.49158 26.48788 26.4842 26.48055 26.47694 26.47338 26.46986 26.46634 26.46276 26.45914 26.45773 26.45779 26.45781 26.45775 26.4577 26.45769 26.45771 26.45777 26.45786 26.45796 26.458 26.45801 26.45948 26.46214 26.46476 26.46732 26.46988 26.47247 26.4751 26.47775 26.48043 26.48312 26.48577 26.4884 26.48918 26.48811 26.48704 26.48592 26.4848 26.4837 26.48263 26.48158 26.48057 26.47956 26.47851 26.47745 26.47563 26.47286 26.47012 26.46732 26.46453 26.46175 26.459 26.45628
26.59517 26.58663 26.57816 26.56977 26.56146 26.55322 26.54505 26.53695 26.52881 26.52347 26.51952 26.51551 26.51158 26.50772 26.50393 26.50022 26.49656 26.49297 26.48944 26.48597 26.48247 26.48115 26.4812 26.48119 26.48124 26.48135 26.48153 26.48176 26.48204 26.48238 26.48277 26.48321 26.48364 26.48545 26.48836 26.49121 26.49411 26.49706 26.50006 26.50311 26.50621 26.50935 26.51254 26.51578 26.51901 26.5201 26.5191 26.51803 26.517 26.51603 26.51509 26.5142 26.51335 26.51254 26.51177 26.51105 26.51032 26.50856 26.50564 26.50266 26.49971 26.4968 26.49393 26.49111 26.48832
26.62296 26.61423 26.60557 26.59699 26.58849 26.58006 26.57169 26.5634 26.55508 26.54969 26.54576 26.54177 26.53786 26.53403 26.53027 26.52658 26.52294 26.51938 26.51587 26.51243 26.50896 26.5077 26.50783 26.5079 26.50804 26.50824 26.5085 26.50882 26.50919 26.50961 26.51009 26.51061 26.51114 26.51308 26.51616 26.51919 26.52226 26.52539 26.52857 26.53179 26.53506 26.53838 26.54175 26.54516 26.54857 26.54979 26.54886 26.54786 26.54691 26.54601 26.54515 26.54433 26.54356 26.54282 26.54213 26.54148 26.54084 26.53905 26.53598 26.53285 26.52976 26.52671 26.5237 26.52073 26.5178
26.65042 26.64194 26.63351 26.62514 26.61681 26.60852 26.60025 26.5919 26.58349 26.57831 26.57486 26.57135 26.56778 26.56421 26.56067 26.55719 26.55375 26.55034 26.54695 26.54349 26.53999 26.53875 26.53902 26.53925 26.53941 26.53958 26.53978 26.54001 26.54029 26.54059 26.54091 26.54117 26.5414 26.5432 26.54629 26.54935 26.55235 26.55535 26.55838 26.56145 26.56454 26.56766 26.57079 26.57388 26.57695 26.57804 26.57716 26.57628 26.57534 26.57441 26.5735 26.57261 26.57176 26.57093 26.57011 26.56926 26.56839 26.56645 26.56324 26.56003 26.55679 26.55354 26.55031 26.54711 26.54393
26.67731 26.66914 26.66097 26.6528 26.64463 26.63646 26.62829 26.62012 26.6119 26.60693 26.60372 26.60045 26.59719 26.59392 26.59065 26.58739 26.58412 26.58085 26.57758 26.57431 26.571 26.56981 26.57003 26.5702 26.57036 26.57053 26.57069 26.57085 26.57102 26.57118 26.57135 26.57151 26.57165 26.57333 26.57627 26.57918 26.58208 26.58499 26.58789 26.5908 26.5937 26.5966 26.5995 26.60241 26.60531 26.60629 26.60534 26.6044 26.60346 26.60251 26.60157 26.60063 26.59969 26.59874 26.5978 26.59686 26.59593 26.59386 26.5904 26.58697 26.58354 26.58011 26.57668 26.57326 26.56983
26.70407 26.69611 26.68815 26.68019 26.67223 26.66427 26.65631 26.64834 26.64032 26.63556 26.63257 26.62954 26.62649 26.62344 26.62039 26.61734 26.61429 26.61124 26.60819 26.60513 26.60202 26.60087 26.60103 26.60113 26.60122 26.60131 26.6014 26.6015 26.60159 26.60168 26.60177 26.60185 26.6019 26.60346 26.60625 26.609 26.61174 26.61448 26.61723 26.61997 26.62271 26.62545 26.62819 26.63093 26.63368 26.63454 26.63353 26.63252 26.63151 26.6305 26.62949 26.62849 26.62748 26.62647 26.62546 26.62445 26.62347 26.62127 26.61757 26.6139 26.61024 26.60658 26.60292 26.59927 26.59561
26.73083 26.72308 26.71533 26.70758 26.69983 26.69208 26.68433 26.67656 26.66874 26.6642 26.66143 26.65862 26.65579 26.65296 26.65012 26.64729 26.64446 26.64163 26.63879 26.63594 26.63305 26.63194 26.63203 26.63207 26.63209 26.6321 26.63212 26.63213 26.63215 26.63217 26.63218 26.63219 26.63216 26.6336 26.63623 26.63882 26.6414 26.64398 26.64656 26.64914 26.65172 26.6543 26.65688 26.65946 26.66204 26.6628 26.66172 26.66064 26.65956 26.65849 26.65742 26.65634 26.65527 26.6542 26.65312 26.65205 26.65102 26.64867 26.64474 26.64083 26.63694 26.63305 26.62916 26.62527 26.62139
26.7576 26.75005 26.74251 26.73497 26.72743 26.71989 26.71235 26.70478 26.69718 26.69284 26.6903 26.68771 26.68509 26.68248 26.67986 26.67725 26.67463 26.67202 26.6694 26.66676 26.66408 26.66302 26.66303 26.663 26.66295 26.66289 26.66283 26.66277 26.66272 26.66266 26.6626 26.66253 26.66243 26.66374 26.66621 26.66865 26.67106 26.67348 26.6759 26.67832 26.68073 26.68315 26.68557 26.68798 26.69041 26.69105 26.6899 26.68876 26.68762 26.68648 26.68534 26.6842 26.68306 26.68192 26.68078 26.67966 26.67855 26.67607 26.6719 26.66776 26.66364 26.65952 26.6554 26.65129 26.64717
26.78436 26.77703 26.76969 26.76236 26.75503 26.7477 26.74036 26.73301 26.72562 26.72149 26.71916 26.71679 26.71439 26.71199 26.70959 26.7072 26.7048 26.7024 26.7 26.69759 26.69513 26.69411 26.69404 26.69394 26.69381 26.69368 26.69354 26.69341 26.69328 26.69315 26.69302 26.69287 26.6927 26.69389 26.69619 26.69847 26.70072 26.70298 26.70523 26.70749 26.70974 26.712 26.71425 26.71651 26.71877 26.7193 26.71808 26.71688 26.71567 26.71447 26.71326 26.71206 26.71085 26.70965 26.70844 26.70725 26.70609 26.70347 26.69906 26.69468 26.69034 26.68599 26.68164 26.6773 26.67295
26.81112 26.804 26.79687 26.78975 26.78263 26.77551 26.76838 26.76124 26.75406 26.75015 26.74803 26.74587 26.74369 26.74151 26.73933 26.73715 26.73497 26.73279 26.73061 26.72841 26.72618 26.7252 26.72506 26.72487 26.72467 26.72446 26.72425 26.72405 26.72385 26.72364 26.72343 26.72322 26.72297 26.72404 26.72618 26.72829 26.73038 26.73248 26.73457 26.73666 26.73876 26.74085 26.74294 26.74504 26.74714 26.74755 26.74627 26.745 26.74372 26.74245 26.74118 26.73992 26.73865 26.73738 26.7361 26.73485 26.73362 26.73086 26.72622 26.72161 26.71704 26.71246 26.70788 26.7033 26.69873
26.83788 26.83097 26.82405 26.81714 26.81023 26.80331 26.7964 26.78948 26.78251 26.77882 26.77691 26.77496 26.77299 26.77103 26.76907 26.76711 26.76514 26.76318 26.76122 26.75925 26.75723 26.75629 26.75607 26.75581 26.75553 26.75525 26.75497 26.75469 26.75441 26.75413 26.75385 26.75357 26.75325 26.75419 26.75617 26.75811 26.76004 26.76197 26.76391 26.76584 26.76777 26.7697 26.77163 26.77356 26.7755 26.77579 26.77445 26.77311 26.77178 26.77044 26.76911 26.76777 26.76644 26.7651 26.76377 26.76244 26.76114 26.75824 26.75337 26.74855 26.74374 26.73893 26.73412 26.72932 26.72451
26.86465 26.85794 26.85124 26.84453 26.83783 26.83112 26.82442 26.81771 26.81097 26.80749 26.80578 26.80404 26.80229 26.80055 26.79881 26.79706 26.79531 26.79357 26.79182 26.79008 26.78829 26.7874 26.78709 26.78674 26.78639 26.78603 26.78568 26.78533 26.78498 26.78462 26.78427 26.78391 26.78353 26.78436 26.78616 26.78794 26.7897 26.79147 26.79324 26.79501 26.79678 26.79855 26.80032 26.80209 26.80386 26.80404 26.80263 26.80123 26.79983 26.79843 26.79703 26.79563 26.79423 26.79283 26.79143 26.79003 26.78866 26.78561 26.78052 26.77548 26.77044 26.7654 26.76036 26.75533 26.75029
26.89132 26.88476 26.87823 26.87173 26.86528 26.85885 26.85242 26.84594 26.83943 26.83616 26.83465 26.83312 26.83153 26.82994 26.82839 26.82686 26.82536 26.82389 26.82242 26.8209 26.81936 26.81851 26.81811 26.81767 26.8172 26.81672 26.81627 26.81584 26.81544 26.81505 26.81467 26.81426 26.81382 26.81452 26.81615 26.81775 26.81932 26.82089 26.82247 26.82408 26.8257 26.82735 26.82899 26.83061 26.83222 26.83229 26.83082 26.82935 26.82786 26.82636 26.82488 26.82341 26.82196 26.82052 26.81908 26.81763 26.81617 26.81298 26.80767 26.8024 26.79712 26.79183 26.78655 26.78128 26.77602
