Spatial_Analysis/Downscaled_EnvironmentalLayers/RCP4_5/2080/sst_far45.asc
ncols         639
nrows         313
xllcorner     -103
yllcorner     4.021
cellsize      0.083
NODATA_value  -9999
[rows 0 to 28 of 313, columns 520 to 584 of 639]
26.1455 26.14365 26.14179 26.13996 26.13886 26.13881 26.13879 26.13879 26.13878 26.13878 26.13878 26.13877 26.13877 26.13877 26.13877 26.13879 26.13837 26.13714 26.13593 26.13473 26.13353 26.13233 26.13113 26.12993 26.12873 26.12753 26.12634 26.1252 26.12386 26.12206 26.12029 26.11857 26.11684 26.11512 26.11339 26.11167 26.10995 26.10822 26.1065 26.10481 26.10377 26.10453 26.10532 26.10614 26.10696 26.10778 26.1086 26.10942 26.11024 26.11106 26.11189 26.11274 26.11311 26.11165 26.11022 26.10881 26.1074 26.10599 26.10458 26.10317 26.10176 26.10036 26.09895 26.09754 26.09578
26.14004 26.13817 26.1363 26.13447 26.13336 26.13331 26.13329 26.13328 26.13328 26.13327 26.13327 26.13326 26.13326 26.13326 26.13326 26.13327 26.13284 26.13161 26.1304 26.12919 26.12799 26.12678 26.12557 26.12437 26.12316 26.12195 26.12075 26.1196 26.11826 26.11645 26.11468 26.11295 26.11122 26.10949 26.10776 26.10603 26.1043 26.10257 26.10084 26.09915 26.0981 26.09887 26.09966 26.10048 26.1013 26.10212 26.10294 26.10376 26.10458 26.1054 26.10622 26.10707 26.10744 26.10599 26.10455 26.10314 26.10173 26.10032 26.09891 26.0975 26.09609 26.09468 26.09327 26.09186 26.0901
26.13457 26.13269 26.13082 26.12897 26.12785 26.1278 26.12778 26.12778 26.12777 26.12777 26.12776 26.12775 26.12775 26.12774 26.12774 26.12775 26.12732 26.12608 26.12486 26.12365 26.12244 26.12123 26.12001 26.1188 26.11759 26.11637 26.11517 26.11399 26.11264 26.11083 26.10907 26.10733 26.1056 26.10386 26.10213 26.10039 26.09866 26.09692 26.09518 26.09348 26.09243 26.09319 26.09399 26.09481 26.09563 26.09645 26.09727 26.09809 26.09892 26.09974 26.10056 26.1014 26.10177 26.10032 26.09888 26.09747 26.09606 26.09465 26.09324 26.09183 26.09041 26.089 26.08759 26.08618 26.08441
26.1291 26.12722 26.12533 26.12346 26.12234 26.12229 26.12228 26.12227 26.12226 26.12226 26.12225 26.12224 26.12224 26.12223 26.12222 26.12222 26.12179 26.12055 26.11933 26.11811 26.11689 26.11567 26.11445 26.11323 26.11201 26.1108 26.10958 26.10838 26.10702 26.10521 26.10346 26.10172 26.09998 26.09824 26.09649 26.09475 26.09301 26.09127 26.08953 26.0878 26.08675 26.08751 26.08832 26.08915 26.08997 26.09079 26.09161 26.09243 26.09325 26.09408 26.0949 26.09573 26.0961 26.09464 26.09322 26.09181 26.09039 26.08898 26.08756 26.08615 26.08474 26.08333 26.08191 26.0805 26.07873
26.1235 26.12169 26.11984 26.11795 26.11682 26.11678 26.11677 26.11668 26.11658 26.11652 26.1165 26.11652 26.11658 26.11666 26.11671 26.1167 26.11626 26.11502 26.11379 26.11249 26.11118 26.10989 26.10866 26.10746 26.1063 26.10516 26.10399 26.10277 26.10139 26.0996 26.09785 26.09603 26.09421 26.09241 26.09065 26.08893 26.08724 26.08557 26.08387 26.08213 26.08106 26.08184 26.08266 26.08342 26.08418 26.08496 26.08577 26.08661 26.08747 26.08837 26.08924 26.09006 26.09042 26.08897 26.08755 26.08609 26.08461 26.08315 26.08172 26.08032 26.07895 26.0776 26.07623 26.07482 26.07305
26.11747 26.11573 26.11406 26.11242 26.11129 26.11112 26.11085 26.11063 26.11048 26.11039 26.11035 26.11038 26.11048 26.11063 26.11086 26.11113 26.11073 26.10935 26.10785 26.10641 26.10504 26.10373 26.10248 26.1013 26.10017 26.0991 26.09809 26.09711 26.09575 26.09387 26.09188 26.08995 26.08807 26.08625 26.08449 26.08278 26.08112 26.07951 26.07794 26.07641 26.07536 26.07609 26.0767 26.07736 26.07807 26.07883 26.07963 26.08048 26.08138 26.08232 26.08331 26.08433 26.08473 26.08323 26.08162 26.08004 26.07851 26.07703 26.07558 26.07419 26.07284 26.07154 26.07028 26.06906 26.06737
26.12992 26.12814 26.12641 26.1247 26.12349 26.12326 26.12291 26.12259 26.12234 26.12216 26.12203 26.12196 26.12195 26.12201 26.12214 26.12228 26.12182 26.12056 26.11915 26.1178 26.11651 26.11528 26.11411 26.11301 26.11196 26.11096 26.11003 26.10911 26.1078 26.10604 26.10415 26.10229 26.1005 26.09877 26.09709 26.09546 26.09388 26.09234 26.09086 26.08938 26.08837 26.08911 26.08973 26.09038 26.09108 26.09183 26.09262 26.09346 26.09434 26.09527 26.09624 26.09724 26.09759 26.09602 26.09432 26.09266 26.09103 26.08946 26.08792 26.08644 26.08499 26.08359 26.08223 26.08091 26.07911
26.16276 26.16081 26.15881 26.15679 26.15545 26.15511 26.1548 26.15443 26.15404 26.15368 26.15336 26.15308 26.15284 26.15261 26.15233 26.15203 26.15148 26.15049 26.14951 26.14847 26.14741 26.14638 26.14539 26.14444 26.14351 26.14261 26.14167 26.1407 26.13957 26.13802 26.13652 26.13498 26.13341 26.13188 26.13037 26.1289 26.12745 26.12603 26.12457 26.12307 26.12218 26.12292 26.12371 26.12445 26.12518 26.12592 26.12669 26.12749 26.12832 26.12917 26.12999 26.13077 26.13104 26.12931 26.1276 26.12586 26.12409 26.12234 26.12062 26.11893 26.11726 26.11562 26.11395 26.11224 26.11022
26.19517 26.19307 26.19096 26.18888 26.18742 26.18686 26.18634 26.18583 26.18532 26.18481 26.1843 26.18379 26.18328 26.18277 26.18226 26.18176 26.18115 26.18032 26.1795 26.1787 26.17789 26.17708 26.17628 26.17547 26.17466 26.17386 26.17305 26.17227 26.17133 26.16993 26.1686 26.16728 26.16596 26.16464 26.16332 26.162 26.16068 26.15936 26.15804 26.15674 26.15598 26.15668 26.15743 26.15819 26.15895 26.15971 26.16047 26.16123 26.16199 26.16275 26.16351 26.16427 26.16449 26.16255 26.16064 26.15874 26.15684 26.15494 26.15303 26.15113 26.14923 26.14733 26.14543 26.14352 26.14134
26.22748 26.22529 26.22311 26.22096 26.21938 26.21861 26.21787 26.21716 26.21645 26.21574 26.21503 26.21432 26.21361 26.2129 26.21219 26.2115 26.21083 26.21015 26.2095 26.20886 26.20823 26.2076 26.20696 26.20633 26.20569 26.20506 26.20443 26.20384 26.20308 26.20185 26.20067 26.19953 26.19838 26.19724 26.19609 26.19495 26.19381 26.19266 26.19152 26.1904 26.18976 26.19044 26.19116 26.19189 26.19263 26.19336 26.19409 26.19483 26.19556 26.19629 26.19703 26.19777 26.19793 26.1958 26.19369 26.19159 26.18949 26.1874 26.1853 26.1832 26.1811 26.179 26.17691 26.17481 26.17246
26.25979 26.25752 26.25526 26.25305 26.25133 26.25035 26.24941 26.2485 26.24759 26.24667 26.24576 26.24485 26.24393 26.24302 26.24211 26.24124 26.2405 26.23998 26.23949 26.23903 26.23857 26.23811 26.23765 26.23719 26.23673 26.23627 26.23581 26.23541 26.23483 26.23376 26.23275 26.23178 26.23081 26.22984 26.22887 26.2279 26.22693 26.22597 26.225 26.22405 26.22354 26.2242 26.22489 26.2256 26.2263 26.22701 26.22772 26.22843 26.22913 26.22984 26.23055 26.23127 26.23136 26.22904 26.22673 26.22444 26.22215 26.21985 26.21756 26.21527 26.21297 26.21068 26.20839 26.20609 26.20358
26.2921 26.28975 26.28742 26.28512 26.28328 26.2821 26.28095 26.27983 26.27872 26.2776 26.27649 26.27538 26.27426 26.27314 26.27204 26.27097 26.27016 26.26981 26.26949 26.2692 26.26891 26.26863 26.26834 26.26805 26.26776 26.26748 26.2672 26.26698 26.26656 26.26567 26.26482 26.26402 26.26323 26.26244 26.26165 26.26085 26.26006 26.25927 26.25848 26.25771 26.25731 26.25796 26.25861 26.25929 26.25998 26.26066 26.26134 26.26202 26.2627 26.26339 26.26407 26.26477 26.2648 26.26228 26.25978 26.25729 26.2548 26.25231 26.24982 26.24733 26.24484 26.24236 26.23987 26.23738 26.2347
26.32441 26.32198 26.31957 26.31719 26.31522 26.31383 26.31248 26.31116 26.30985 26.30853 26.30722 26.3059 26.30459 26.30327 26.30196 26.3007 26.29982 26.29964 26.29949 26.29937 26.29926 26.29914 26.29902 26.29891 26.2988 26.29868 26.29858 26.29853 26.29829 26.29757 26.2969 26.29628 26.29566 26.29504 26.29442 26.2938 26.29319 26.29257 26.29195 26.29136 26.29108 26.2917 26.29234 26.293 26.29365 26.29431 26.29496 26.29562 26.29628 26.29693 26.29759 26.29826 26.29823 26.29552 26.29282 26.29013 26.28745 26.28477 26.28208 26.2794 26.27672 26.27403 26.27135 26.26867 26.26581
26.35672 26.35421 26.35171 26.34926 26.34716 26.34557 26.34402 26.3425 26.34098 26.33946 26.33795 26.33643 26.33491 26.3334 26.33189 26.33042 26.32948 26.32946 26.32948 26.32954 26.3296 26.32965 26.32971 26.32977 26.32983 26.32989 26.32995 26.33007 26.33001 26.32946 26.32897 26.32853 26.32808 26.32764 26.3272 26.32676 26.32631 26.32587 26.32543 26.325 26.32485 26.32545 26.32607 26.3267 26.32733 26.32796 26.32859 26.32922 26.32985 26.33048 26.33111 26.33175 26.33165 26.32875 26.32586 26.32298 26.3201 26.31722 26.31435 26.31147 26.30859 26.30571 26.30283 26.29995 26.29693
26.38902 26.38644 26.38386 26.38132 26.37909 26.3773 26.37555 26.37383 26.37212 26.3704 26.36868 26.36696 26.36524 26.36352 26.36181 26.36013 26.35913 26.35928 26.35948 26.35971 26.35994 26.36017 26.3604 26.36063 26.36086 26.36109 26.36132 26.36161 26.36172 26.36135 26.36104 26.36077 26.36051 26.36024 26.35997 26.35971 26.35944 26.35917 26.35891 26.35865 26.35862 26.3592 26.35979 26.3604 26.361 26.36161 26.36221 26.36282 26.36342 26.36403 26.36463 26.36524 26.36508 26.36199 26.35891 26.35583 26.35276 26.34968 26.34661 26.34353 26.34046 26.33738 26.33431 26.33123 26.32805
26.42134 26.41867 26.416 26.41337 26.41101 26.40902 26.40709 26.40517 26.40325 26.40133 26.39941 26.39749 26.39557 26.39365 26.39173 26.38984 26.38876 26.38908 26.38947 26.38988 26.39028 26.39068 26.39109 26.39149 26.3919 26.3923 26.3927 26.39314 26.39342 26.39323 26.39312 26.39302 26.39293 26.39284 26.39275 26.39266 26.39257 26.39247 26.39238 26.39229 26.39238 26.39295 26.39352 26.3941 26.39468 26.39526 26.39584 26.39642 26.39699 26.39758 26.39815 26.39874 26.39851 26.39522 26.39195 26.38868 26.38541 26.38214 26.37887 26.3756 26.37233 26.36906 26.36579 26.36252 26.35917
26.45357 26.45087 26.44815 26.44541 26.44292 26.44075 26.43862 26.43647 26.43431 26.43216 26.43003 26.42793 26.42584 26.42375 26.42165 26.41954 26.41838 26.41889 26.41947 26.42002 26.42056 26.42112 26.42169 26.42228 26.42288 26.42348 26.42408 26.42466 26.4251 26.42511 26.42519 26.42525 26.4253 26.42536 26.42544 26.42553 26.42564 26.42575 26.42586 26.42594 26.42615 26.4267 26.42725 26.42777 26.42829 26.42882 26.42936 26.42993 26.43051 26.4311 26.43167 26.43222 26.43193 26.42846 26.425 26.4215 26.418 26.41451 26.41103 26.40757 26.40413 26.40071 26.39727 26.3938 26.39028
26.48556 26.48284 26.48014 26.47746 26.47482 26.47242 26.46996 26.46754 26.46515 26.4628 26.46047 26.45818 26.45591 26.45367 26.45145 26.44924 26.44798 26.44867 26.44931 26.44998 26.45068 26.4514 26.45214 26.45291 26.4537 26.45451 26.45535 26.45619 26.45677 26.45697 26.45713 26.45731 26.4575 26.45773 26.45797 26.45824 26.45854 26.45885 26.45921 26.45957 26.45992 26.46041 26.46082 26.46126 26.46172 26.46221 26.46272 26.46326 26.46383 26.46442 26.46505 26.46569 26.46536 26.46166 26.45789 26.45412 26.45039 26.44669 26.44301 26.43936 26.43574 26.43215 26.42859 26.42505 26.4214
26.5149 26.51204 26.5092 26.50638 26.50362 26.50114 26.49861 26.49612 26.49366 26.49123 26.48884 26.48647 26.48413 26.48182 26.47953 26.47724 26.47598 26.47679 26.47755 26.47834 26.47916 26.48 26.48086 26.48175 26.48266 26.4836 26.48455 26.48552 26.4862 26.48644 26.48664 26.48686 26.4871 26.48736 26.48764 26.48795 26.48829 26.48865 26.48904 26.48945 26.48982 26.49024 26.4906 26.49097 26.49137 26.4918 26.49225 26.49273 26.49324 26.49378 26.49434 26.49493 26.49453 26.49072 26.48682 26.48295 26.4791 26.47528 26.47149 26.46773 26.464 26.46029 26.45662 26.45297 26.44921
26.54077 26.53763 26.53445 26.53126 26.52842 26.52607 26.52377 26.52144 26.5191 26.51678 26.51448 26.51219 26.50993 26.50767 26.50539 26.5031 26.50195 26.5028 26.50372 26.50462 26.5055 26.5064 26.50732 26.50825 26.5092 26.51015 26.51109 26.51202 26.51272 26.51281 26.51297 26.51311 26.51324 26.51337 26.51353 26.5137 26.51389 26.51408 26.51427 26.51443 26.51464 26.51501 26.51537 26.5157 26.51603 26.51636 26.51672 26.51709 26.51748 26.51788 26.51827 26.51863 26.51812 26.51435 26.51057 26.50676 26.50294 26.49914 26.49535 26.49158 26.48783 26.4841 26.48035 26.47657 26.47276
26.5664 26.56297 26.55954 26.55615 26.55322 26.55095 26.54873 26.54653 26.54433 26.54213 26.53993 26.53773 26.53553 26.53333 26.53113 26.52897 26.52791 26.52878 26.52974 26.53071 26.53169 26.53266 26.53363 26.5346 26.53557 26.53654 26.53752 26.53852 26.53924 26.53916 26.53916 26.53919 26.53921 26.53924 26.53926 26.53928 26.53931 26.53933 26.53936 26.53938 26.53946 26.53972 26.53998 26.54024 26.5405 26.54076 26.54102 26.54128 26.54153 26.54179 26.54205 26.54231 26.54171 26.53794 26.53416 26.53037 26.52659 26.52281 26.51903 26.51525 26.51147 26.50769 26.50391 26.50013 26.4963
26.59195 26.58829 26.58464 26.58104 26.57802 26.57582 26.57369 26.57159 26.56948 26.56738 26.56528 26.56317 26.56107 26.55897 26.55687 26.55483 26.55387 26.55477 26.55576 26.55678 26.5578 26.55882 26.55985 26.56087 26.5619 26.56292 26.56394 26.56503 26.56573 26.56551 26.56536 26.56524 26.56513 26.56501 26.5649 26.56479 26.56467 26.56456 26.56445 26.56433 26.56428 26.56444 26.5646 26.56475 26.56491 26.56506 26.56521 26.56536 26.56552 26.56567 26.56583 26.56598 26.5653 26.56152 26.55774 26.55396 26.55018 26.54639 26.54261 26.53883 26.53504 26.53126 26.52748 26.52369 26.51984
26.6175 26.61361 26.60974 26.60592 26.6028 26.60069 26.59865 26.59664 26.59463 26.59263 26.59062 26.58862 26.58661 26.58461 26.58261 26.58069 26.57981 26.58076 26.58178 26.58285 26.58392 26.58499 26.58607 26.58714 26.58821 26.58929 26.59037 26.59151 26.59221 26.59185 26.59155 26.5913 26.59105 26.59079 26.59054 26.59029 26.59004 26.58979 26.58954 26.58928 26.5891 26.58916 26.58921 26.58926 26.58931 26.58936 26.58941 26.58946 26.58951 26.58956 26.58961 26.58965 26.58888 26.58511 26.58133 26.57754 26.57376 26.56997 26.56618 26.5624 26.55861 26.55483 26.55104 26.54725 26.54338
26.64305 26.63893 26.63483 26.63079 26.62758 26.62556 26.6236 26.62169 26.61979 26.61788 26.61597 26.61406 26.61215 26.61025 26.60835 26.60653 26.60573 26.60673 26.60779 26.60891 26.61004 26.61116 26.61229 26.61341 26.61454 26.61566 26.6168 26.61799 26.61869 26.61819 26.61775 26.61735 26.61696 26.61658 26.61618 26.6158 26.61541 26.61502 26.61463 26.61423 26.61392 26.61388 26.61383 26.61377 26.61372 26.61366 26.61361 26.61355 26.6135 26.61344 26.61338 26.61332 26.61247 26.6087 26.60491 26.60113 26.59734 26.59355 26.58976 26.58597 26.58218 26.57839 26.57461 26.57082 26.56692
26.6686 26.66425 26.65992 26.65565 26.65234 26.65042 26.64856 26.64675 26.64494 26.64313 26.64132 26.63951 26.6377 26.63589 26.63409 26.63237 26.63165 26.6327 26.63381 26.63498 26.63616 26.63733 26.63851 26.63968 26.64086 26.64203 26.64322 26.64447 26.64515 26.64452 26.64394 26.64341 26.64288 26.64235 26.64182 26.6413 26.64077 26.64024 26.63972 26.63918 26.63874 26.6386 26.63844 26.63828 26.63812 26.63796 26.6378 26.63764 26.63748 26.63732 26.63716 26.63699 26.63605 26.63228 26.6285 26.62471 26.62092 26.61713 26.61334 26.60954 26.60575 26.60196 26.59817 26.59438 26.59047
26.69415 26.68957 26.68501 26.68051 26.6771 26.67528 26.67351 26.6718 26.67009 26.66838 26.66666 26.66495 26.66324 26.66152 26.65983 26.6582 26.65756 26.65866 26.65982 26.66105 26.66227 26.6635 26.66473 26.66595 26.66718 26.66841 26.66965 26.67093 26.67161 26.67084 26.67013 26.66946 26.6688 26.66813 26.66747 26.6668 26.66614 26.66547 26.66481 26.66413 26.66356 26.66331 26.66306 26.66279 26.66253 26.66227 26.662 26.66174 26.66147 26.66121 26.66094 26.66067 26.65964 26.65587 26.65209 26.64829 26.6445 26.64071 26.63691 26.63312 26.62932 26.62553 26.62173 26.61794 26.61401
26.7197 26.71489 26.71009 26.70535 26.70185 26.70012 26.69847 26.69686 26.69524 26.69363 26.69201 26.6904 26.68878 26.68716 26.68555 26.68402 26.68345 26.6846 26.68583 26.68711 26.68839 26.68967 26.69095 26.69222 26.6935 26.69478 26.69606 26.69739 26.69806 26.69716 26.69632 26.69552 26.69472 26.69391 26.69311 26.69231 26.6915 26.6907 26.6899 26.68908 26.68839 26.68804 26.68768 26.68731 26.68694 26.68657 26.6862 26.68583 26.68546 26.68509 26.68472 26.68434 26.68324 26.67946 26.67568 26.67188 26.66808 26.66428 26.66049 26.65669 26.65289 26.6491 26.6453 26.6415 26.63755
26.74525 26.74022 26.73518 26.73019 26.72658 26.72496 26.72343 26.72191 26.72039 26.71888 26.71736 26.71584 26.71432 26.7128 26.71128 26.70982 26.70934 26.71054 26.71185 26.71318 26.71451 26.71584 26.71717 26.7185 26.71982 26.72115 26.72248 26.72384 26.7245 26.72347 26.72252 26.72157 26.72063 26.71969 26.71875 26.71781 26.71687 26.71593 26.71499 26.71404 26.71321 26.71276 26.71229 26.71182 26.71134 26.71087 26.7104 26.70992 26.70945 26.70897 26.7085 26.70802 26.70683 26.70306 26.69926 26.69546 26.69166 26.68786 26.68406 26.68026 26.67646 26.67266 26.66886 26.66506 26.66109
26.77077 26.76553 26.76027 26.75501 26.7513 26.7498 26.74839 26.74695 26.74552 26.74408 26.74266 26.74125 26.73984 26.73844 26.73702 26.73562 26.7352 26.73649 26.73787 26.73924 26.7406 26.74197 26.74335 26.74473 26.74612 26.74752 26.74891 26.75029 26.75093 26.74979 26.74871 26.74762 26.74652 26.74542 26.74434 26.74327 26.7422 26.74115 26.74008 26.739 26.73804 26.73748 26.73691 26.73631 26.73571 26.73512 26.73453 26.73396 26.7334 26.73284 26.73228 26.7317 26.73043 26.72665 26.72285 26.71903 26.71521 26.71139 26.70758 26.70378 26.7 26.69622 26.69242 26.68862 26.68463
