Spatial_Analysis/Maxent_Inputs/Inputs/RCP4_5_Future/currentspeed_future45.asc
NCOLS 638 
NROWS 314 
XLLCORNER -102.97071042 
YLLCORNER 3.973116569 
CELLSIZE 0.083 
NODATA_value -9999 
[rows 154 to 175 of 314, columns 300 to 349 of 638]
6.87501555715284 7.09006822044044 7.30512062819301 7.5201724293801 7.73517621283036 7.94899368062157 8.1354661732496 8.20991930218207 8.16266463208176 8.11181148178424 8.05935250402164 8.00687159903415 7.95439073075228 7.90191046112242 7.84943013890873 7.79694850015595 7.74445533149501 7.69160295249212 7.62424010471845 7.48408728051228 7.25673600494387 7.02825101430266 6.79919993506695 6.57013515414328 6.34107013040154 6.11200465697256 5.88293850572033 5.65387384351465 5.42478827621887 5.19493837430271 4.99553257677597 5.00866682601101 5.30360500692082 5.59580746328305 5.8866077443186 6.17736239188521 6.46811806855749 6.75887450278962 7.04962934457287 7.34038390905037 7.63113030521022 7.92135395119163 8.20068381997275 8.39797829366194 8.47751772473023 8.55494459442737 8.63124997664069 8.70751172221928 8.78377419087003 8.86003545752322
7.3080182527669 7.47511283870585 7.64220714961479 7.80930124681787 7.97627072118278 8.14200347047831 8.2818183172108 8.31456090677528 8.23085296100507 8.14432798354738 8.05611705089723 7.96781610080687 7.87951486170243 7.79121250381927 7.7029105396131 7.61460951187721 7.52625324075639 7.43730160744671 7.33757996764916 7.18669340195608 6.97463163342659 6.76115115237019 6.54676947180707 6.33231758018791 6.11786572103636 5.90341284561917 5.68896022359006 5.47450800846912 5.25998121512177 5.04445827710052 4.85745436761883 4.87139077534694 5.15166042644263 5.4293456524294 5.70534153555585 5.9811819358981 6.25702221536972 6.53286305907008 6.80870374969072 7.08454366559957 7.36035245002129 7.63560339625485 7.90120879294342 8.09398939953471 8.18201369568483 8.26845680580093 8.35383822394378 8.43910729194147 8.52437639233572 8.6096457062512
7.74102069481111 7.86015738147266 7.97929355782086 8.09842999192115 8.21742045229082 8.33536051659166 8.42891992821069 8.41997335916097 8.29947162252344 8.17687407108157 8.05288236369135 7.92876062422437 7.80463811124832 7.6805148549513 7.5563920892909 7.4322708191292 7.30804665909089 7.18301235963967 7.05098852844448 6.88937334283033 6.69255720458889 6.49403843213988 6.29433853601247 6.09449946902491 5.89466062124837 5.69482095332643 5.49498219066855 5.29514308058467 5.09518350517646 4.89412102810319 4.71977623439735 4.734547343529 4.99996709380256 5.26290612118115 5.52407537641465 5.78500048630824 6.04592586370001 6.30685195524185 6.56777816341345 6.82870363142909 7.08958675814093 7.3500075806855 7.60214956749815 7.79045904291247 7.88679811222401 7.98202190639837 8.07642664065745 8.17070291772882 8.26497913537964 8.35925568108748
8.174023160647 8.24520190905267 8.31638068878476 8.38755939725914 8.45863514132607 8.52898263602156 8.5764583533771 8.52583097117084 8.36838328872652 8.20949774754813 8.04964822027217 7.88970519301392 7.72976103925385 7.56981777126863 7.4098744536676 7.24993131623178 7.08987003102385 6.92885253799318 6.76461713477564 6.59228207476911 6.41064071569741 6.22697213998166 6.04190603484878 5.856680294136 5.67145498950799 5.48622888846184 5.30100365717686 5.11577796177457 4.93043471181931 4.7440025805765 4.58248853328272 4.59811583178516 4.84856297501764 5.09655979546904 5.3428089087615 5.58881946495407 5.83483005791384 6.08084041779872 6.32685167845401 6.57286307086719 6.81884577382564 7.06453444467196 7.30332229654105 7.48717752247552 7.59176203483167 7.69564766050343 7.7990150023761 7.90229866211108 8.00558254947446 8.10886589001011
8.60702589942468 8.63024652725369 8.65346795358906 8.67668879506239 8.69986840985028 8.72268052662592 8.72412060666891 8.63181425812309 8.43738008733028 8.24214504667549 8.04641380935771 7.85064960846808 7.65488526076632 7.45912110088475 7.26335672191812 7.06759223518224 6.87174299250611 6.67490829791255 6.47861767518667 6.29557631596636 6.12898664697471 5.95998275108025 5.78947428871925 5.61886221101131 5.4482496900655 5.27763644934135 5.10702402971249 4.93641171893252 4.76573101453198 4.59409395469952 4.44557671563173 4.46208047184934 4.6974371676202 4.93030305074997 5.16154246478268 5.39263848245531 5.62373471168404 5.8548302525224 6.08592631335578 6.3170223958926 6.54810946694041 6.77908385394784 7.00453725614033 7.1839404826579 7.29675920675766 7.40928526185251 7.52160313216391 7.63389403647547 7.74618541667713 7.8584755131179
9.0400285119496 9.01529116494681 8.99055470478902 8.96581794264828 8.9410737934852 8.9162643298169 8.87159066825782 8.73760131942283 8.50624882876585 8.27476077323503 8.04317928408923 7.81159393007556 7.58000889013482 7.3484233721542 7.11683816388252 6.88525270956329 6.65364219849901 6.42117992696422 6.19313925964395 5.99941894971309 5.84764216914254 5.69301414022099 5.53704260637515 5.38104350656602 5.22504403459212 5.06904408786927 4.9130448617487 4.75704616113119 4.60102957903211 4.44430355811271 4.30902251556287 4.32643307232852 4.54653232994767 4.76405842055725 4.98027644808676 5.19645721518335 5.41263854556165 5.62881940549347 5.84500064733901 6.06118157422611 6.27736146112032 6.49356391170604 6.70560516220614 6.88054587980083 7.00164841510284 7.12289178564587 7.24419211741163 7.36549011315851 7.48678838956365 7.60808568305917
9.47453692936246 9.40194264349169 9.32858199299608 9.25512597735043 9.18225222137401 9.1096357827719 9.01856176590648 8.84287320648548 8.57483937643244 8.30735093986372 8.04014157523231 7.77357952987582 7.50726699843053 7.24000507621457 6.97167114890009 6.70319290452071 6.43550737279616 6.16758143399055 5.90829673365822 5.70396009063709 5.56659206530777 5.4259970093617 5.28483284410535 5.14448536167115 5.00455450352348 4.86344992943047 4.72091775669384 4.57810419702523 4.43629471436561 4.29453649389902 4.17277826636442 4.19115458043781 4.39575196026425 4.59774480254295 4.79926344182617 5.00180162614594 5.20495211897874 5.40663695024411 5.60650064943265 5.80594100549746 6.00660686463822 6.20793201787982 6.40635078804511 6.57678470485205 6.70632638803756 6.83647597662263 6.96703114689063 7.09870974873707 7.23116408996503 7.36200207060079
9.92520465504073 9.80553760771704 9.68291021319038 9.55764223394375 9.43059930563574 9.30443046222864 9.16485890611112 8.94739070915736 8.64466188628878 8.34716117890008 8.05241047410336 7.75637127071686 7.45776047036148 7.15535286142584 6.84888764506114 6.53904585466013 6.22714712387234 5.91631246769566 5.62390357339524 5.40919000475994 5.28716860742854 5.16755953303731 5.05164531465835 4.93437516293971 4.81402796114425 4.6888681827473 4.55837609182885 4.4232776602064 4.28518808647743 4.14818849063109 4.03659016954571 4.05612759684443 4.24681601065319 4.44206643031926 4.64248916267654 4.8410039644356 5.03546647015657 5.223752868862 5.40532231101189 5.58118269121088 5.75341987850817 5.92699822338134 6.10672910392475 6.2724925623187 6.41285515872861 6.56174949962193 6.71719407771759 6.87025460559316 7.01855729683742 7.15983177665044
10.4025093281633 10.2369947573201 10.0667932293611 9.89128868610445 9.71012243094917 9.52460400062614 9.32155734021331 9.05853422802014 8.74042908239875 8.42264212487088 8.10266322252703 7.77754718869182 7.44665630875374 7.10969058698891 6.76633703828062 6.41625972962048 6.05941047710443 5.69774881822653 5.3539689965455 5.12396701406584 5.03878532874704 4.95373331559789 4.86664212718334 4.77347004301574 4.67315055017967 4.56507991864659 4.44864840340838 4.32321330834055 4.18847209093104 4.0467213864047 3.92070747345859 3.93255853431299 4.13818945589777 4.3449310838742 4.5485719006586 4.74380463798458 4.92947895649365 5.10512869913875 5.27028936913232 5.4244441030672 5.56745313565902 5.70216859795435 5.83291023342087 5.9803777810597 6.16601483017762 6.35509688225368 6.53998042699472 6.7145214807178 6.87769619783345 7.02936844762873
10.5426521086981 10.3608685853216 10.1743867322066 9.98257421303151 9.78504136308935 9.5836342302571 9.36873255992796 9.10092292183288 8.78287415753881 8.46905705022206 8.15321502979248 7.83216697063497 7.50531552347048 7.17236856063569 6.83301229834211 6.48690047131476 6.13394491823364 5.77652065468416 5.44029983316767 5.22131929682868 5.14694818435795 5.07664234159866 5.00473234961231 4.92665170928257 4.84138328240412 4.74833733896757 4.64690557847381 4.53642791112878 4.41655260010453 4.28997199747073 4.18082868661828 4.19740363653973 4.38470504600554 4.57810719414956 4.76929295986865 4.95194246381117 5.12498044323655 5.28795892503489 5.44041497590025 5.58181679133954 5.71196479445189 5.8340042363553 5.95674548422174 6.09935892153644 6.27479935207355 6.45956022962485 6.64153809919228 6.81301235983842 6.97305419552222 7.12155293011612
10.3780123537242 10.2070041959657 10.032984686062 9.8563638318603 9.67850239448472 9.50134687684175 9.31539083550137 9.07777738927102 8.78319780696187 8.494835720219 8.20798766861963 7.92066577967583 7.63077508765327 7.33701735545569 7.03913058275141 6.73789013441727 6.43514126326725 6.13311589531675 5.85106748540102 5.66325461493346 5.5872266339688 5.51367569980216 5.44215446352887 5.37026535084921 5.29534667644526 5.21552595501945 5.13028248311984 5.04042320770406 4.94829611154774 4.8568907511225 4.78382357537514 4.8099041130182 4.96384381147176 5.12214592724302 5.28333275119964 5.44385449918204 5.60045625833619 5.75076438688849 5.89423924269606 6.03196020683739 6.16692818068767 6.30290901950336 6.44413830593336 6.58475185190132 6.7176207794144 6.85935488128112 7.00498173249825 7.14957506507719 7.28965716418675 7.42257250307986
10.1936429222518 10.0383658786886 9.8822547462729 9.72584890611024 9.56999708869934 9.41494003046193 9.25177077928402 9.04627556911179 8.79410783595645 8.54439220604875 8.29574111408595 8.04802610435996 7.80006856586723 7.55105437851237 7.3008850780885 7.05018333444246 6.80014881052438 6.55044712865315 6.31386603326137 6.15612052784464 6.09405040142049 6.02872627772826 5.96321994967217 5.89892948852116 5.83444262326656 5.76862970645686 5.70129173532988 5.6331549676279 5.56581673840524 5.4992112787109 5.44380067949605 5.47287129826126 5.61489636546321 5.753707583368 5.89236062949419 6.03256839032609 6.17260195794507 6.31095249211141 6.44737082154481 6.58273538784358 6.71904537939896 6.85701395667411 6.9944098133245 7.12239755954735 7.23623980398569 7.3510135587184 7.46684846808534 7.58442276320162 7.70189582656057 7.81747501898855
10.0243106409307 9.8855003583475 9.74676883724943 9.6080937403077 9.46923427695637 9.33116170960725 9.18822945449073 9.01458650321218 8.80716921943557 8.60226862132806 8.39849499181543 8.1947345633562 7.99097518899989 7.78721575534612 7.58345609292564 7.37969645746756 7.17590895363464 6.97125524331767 6.77708578300871 6.64966462350155 6.60317575597188 6.55377258486763 6.5030007395324 6.45220315220199 6.40140431022004 6.35060578629623 6.29980820655922 6.24900917143654 6.19818680021013 6.14642083127033 6.103651084675 6.13590787071873 6.26857908348733 6.39783077762508 6.52534640119654 6.65280855633943 6.78027112371386 6.90773343092788 7.03519723560865 7.16266011275069 7.29012373251399 7.41772237370498 7.54440430014688 7.65960782955457 7.75787358507754 7.85671602925118 7.95584812877023 8.05498898231159 8.15413008505885 8.25327157946301
9.85723743944993 9.73507227615165 9.61295692317383 9.49071131121605 9.36850938252927 9.24751447781127 9.12438187393411 8.98256933409846 8.82014103910223 8.66021443253205 8.50178815662585 8.34344418467821 8.18510088827803 8.02675678153719 7.86841328332699 7.71006969879533 7.55163951689847 7.39219374026644 7.24093525506173 7.14390329736343 7.11258382316147 7.07877441772236 7.04341447632837 7.00794873128044 6.97248203135833 6.93701537567371 6.90154869523798 6.86608229407602 6.83051711287232 6.79359607113093 6.76374662030247 6.79925452793072 6.92232219137385 7.0418556086681 7.15908665467274 7.27611135151599 7.39313606132525 7.51016077006436 7.62718565352222 7.74421023404631 7.86123734779119 7.97834388587521 8.09410758450466 8.19647773166781 8.27932616291902 8.3624121369401 8.44565136551407 8.52890251633791 8.61215237023787 8.69540293619966
9.69015543391422 9.58457258680978 9.47900344604879 9.3733320808885 9.26789898639107 9.16372350526427 9.06017466357206 8.9501811693336 8.83292220976499 8.71816756045563 8.60508171404596 8.49215384062046 8.37922583771281 8.2662984043573 8.1533712084378 8.04044338677788 7.9273924417155 7.81334414009321 7.70531080449858 7.63869714566839 7.62230438145375 7.60379571327104 7.58382741809643 7.56369353350015 7.54355979673409 7.52342532214935 7.50328972334516 7.48315466712493 7.46284300358473 7.44089469963282 7.42424787918205 7.46304237163511 7.57630548518799 7.68588013496821 7.7928261088252 7.89941304739357 8.00600014677053 8.11258695478662 8.21917410592917 8.32576030345608 8.43234287347498 8.53889412109392 8.64363810313691 8.73315884536206 8.80065635586835 8.86808262172647 8.9354538698213 9.00281490779005 9.07017444177828 9.13753417421828
9.52297663933969 9.43406949311725 9.34506926122829 9.25605776285142 9.16723050294354 9.07969636151449 8.99557724420036 8.91739437779046 8.84543986909206 8.77605056863028 8.70837502124297 8.64086336708057 8.57335119488544 8.50583996788284 8.43832857900152 8.3708172613779 8.30319763800948 8.23471768532768 8.17007097033334 8.13389084729499 8.13229852537542 8.12889721151007 8.12424108256078 8.11943885692048 8.11463638732091 8.10983449069041 8.10503107836818 8.1002274931569 8.09523481643322 8.08848838946658 8.08527977738847 8.12739100716716 8.23068177370024 8.33003094401223 8.42656700317278 8.52271521145052 8.61886412102594 8.71501323551771 8.81116225520626 8.9073103491944 9.0034450571897 9.09942598880344 9.19312998030738 9.26979954948852 9.32195910863213 9.37374478750963 9.42525754575248 9.47672738556364 9.52819671177048 9.57966593014655
9.3559360577457 9.28360463462053 9.21119462773787 9.13878431216723 9.0664996347762 8.99541227716527 8.93055978018278 8.88417981170147 8.85767328725656 8.83385579801419 8.8116679962065 8.78957253738667 8.76747728360628 8.74538104817767 8.72328495273021 8.70118992778094 8.67903416283776 8.65623080541021 8.63507064331593 8.62933351091625 8.64246419770519 8.65405065448336 8.66465509235719 8.67518419539791 8.68571344070213 8.69624305734717 8.70677154325237 8.7173005944044 8.72770728872218 8.73644585034087 8.74696278447212 8.79242620608418 8.88554211982068 8.97433951426477 9.0603087627859 9.14601837347132 9.23172902415251 9.31743962319119 9.40314953814195 9.48885961497143 9.57455697433064 9.66000991362643 9.74272217567705 9.80654718693838 9.84333862060195 9.879434715211 9.91506235431762 9.9506415248969 9.98621893847887 10.0217982277762
9.18894070214417 9.13313037408147 9.07732052064461 9.02151118941695 8.96574206285157 8.91093028600971 8.86509147942999 8.85050166085838 8.86965926332385 8.89166157156154 8.91496162057902 8.93828203145021 8.9616021295743 8.98492184129385 9.00824277855646 9.03156301489068 9.05486674248019 9.07776739037928 9.10016769402466 9.12487932632093 9.15267546495301 9.17919163712014 9.20506919809139 9.23093044755968 9.25679101964507 9.28265140377769 9.30851271589882 9.33437359844896 9.36020108951141 9.38468712187795 9.40940808053628 9.45828245516676 9.5408882952348 9.6187004187607 9.69404760302278 9.76931943196835 9.84459063908485 9.9198650030193 9.99513924823576 10.0704116706482 10.1456783687307 10.2206863514132 10.2925512180512 10.3435541162614 10.3648842769498 10.3851564926932 10.4048658834281 10.4245551226462 10.4442412753004 10.4639307086707
9.02252694229636 8.98334524796039 8.9438091626692 8.90427925854528 8.86502856739826 8.82639355140902 8.79916644771539 8.81633946928483 8.88147014856757 8.94951792224754 9.01829924624236 9.08727178212102 9.15634987285303 9.22510852597687 9.29354218528646 9.3619830547918 9.43067209107866 9.49922942922989 9.56521011237887 9.62037503233037 9.6628194627624 9.70429013233244 9.74552566785976 9.78700018239353 9.82868424923571 9.87000577027389 9.91081267875058 9.951540268875 9.9926405121168 10.0330653903483 10.0726715390876 10.1250897271104 10.1966263223889 10.2629538960115 10.3278545436142 10.393161375611 10.4588371704351 10.5238840275119 10.5880798614884 10.6521420869154 10.7167974468451 10.7814598228279 10.8427314205857 10.8809691925624 10.8866381311676 10.8908691801251 10.8947274617685 10.8989953535536 10.9036317366362 10.9076048740162
8.86493245956145 8.84254044188683 8.8186196450445 8.7934583430773 8.7675818083497 8.74251838308293 8.73297093868257 8.78180380016733 8.89392095534509 9.01007014617499 9.12745455493786 9.24408446585524 9.35956744308562 9.47359600424116 9.58625758938028 9.69795423496333 9.80923461126846 9.92113352774251 10.0300207645042 10.1156494781315 10.1732158640942 10.2318903456948 10.2921864992153 10.3523929478459 10.4117636339059 10.4694455672921 10.5249865365381 10.578481091527 10.6304556842409 10.6826374165155 10.7363807720904 10.7927674193968 10.8530971760527 10.9117948486349 10.9731144568998 11.0337186706454 11.0924436128032 11.1481033333165 11.2002817134556 11.2494169495976 11.2965270438588 11.3443833052643 11.3932051345863 11.418883349052 11.4093529773465 11.4017860730144 11.3973455754783 11.3913179593669 11.3826788167731 11.3706673884757
8.72243850147532 8.71706262500862 8.70917647433688 8.69866831814909 8.68558094145405 8.67078323113279 8.67165586791057 8.75008334276195 8.91754533970923 9.08558846139824 9.25211451789699 9.4160254855941 9.57733119859287 9.73621571049304 9.89287043174951 10.0474837589722 10.200357137528 10.3523829912956 10.4982403409243 10.6129839229335 10.6926005556748 10.7738980883395 10.8555693169289 10.9359159166312 11.0140974778328 11.0894474711337 11.161314867281 11.2290478823966 11.2921910317065 11.3515794704189 11.4086512416606 11.4661273234339 11.5276312473597 11.5893307785086 11.6501484025635 11.7071572280716 11.7594749667823 11.8066132346173 11.8481159681785 11.883508320935 11.9125922972496 11.936926191454 11.957022673602 11.9635033613583 11.9552350657208 11.9475104717186 11.9364966463016 11.9192815370177 11.8958090716174 11.8665810794809
9.18544067978451 9.18626828455969 9.18453591351044 9.18010606030917 9.17293407966397 9.16395250045884 9.17274481337026 9.26437601177213 9.44913800168722 9.6362199979968 9.82147571624679 10.0039412386667 10.1837176758462 10.3610250456236 10.536057758896 10.7089933451981 10.8800706673048 11.0502000793456 11.2141110742605 11.3426672164374 11.4298010786136 11.5207314451939 11.611910335185 11.7016171335642 11.7890819841058 11.8736607150958 11.9546847420976 12.0314668810237 12.1034137954514 12.1712450202091 12.2372240686377 12.298140799919 12.3522502516408 12.40907186635 12.4648479128692 12.51647650297 12.5632551480809 12.604745270389 12.6404897917688 12.6699614225593 12.6927840326183 12.7102515186048 12.7251191325906 12.7253699313198 12.7033536703443 12.684494717246 12.6623032630941 12.6334217453668 12.5980747731418 12.5568505304481
