Spatial_Analysis/Maxent_Inputs/Inputs/RCP4_5_Future/currentspeed_future45.asc
NCOLS 638 
NROWS 314 
XLLCORNER -102.97071042 
YLLCORNER 3.973116569 
CELLSIZE 0.083 
NODATA_value -9999 
[rows 22 to 43 of 314, columns 50 to 99 of 638]
-9999 -9999 -9999 -9999 -9999 -9999 -9999 -9999 -9999 -9999 -9999 -9999 -9999 -9999 -9999 -9999 -9999 -9999 -9999 -9999 5.20309860971359 5.26646423339844 -9999 5.46204805374146 -9999 5.85060404737694 5.82682353785894 5.98749233380825 6.04087707928497 6.04381157527233 6.04665717141199 6.04941277588105 6.0520786917421 6.05465539703504 6.0571456691832 6.05955707853559 6.06189165566113 6.06414749327274 6.06632224059929 6.0602758257389 5.9886204900899 5.82408799065179 5.65947029006223 5.49477505199094 5.33000130592018 5.16514689807802 5.00021692205783 4.83521648437445 4.67014067452536 4.50498134640624
-9999 -9999 -9999 -9999 -9999 -9999 -9999 -9999 -9999 -9999 -9999 -9999 -9999 -9999 -9999 -9999 -9999 -9999 -9999 5.04793752784129 5.1176841226931 5.21769589145879 5.24605309063187 5.41076021409506 5.34994555728475 5.48139184840633 5.64435430217541 5.7340225040207 5.78803562162442 5.79606519151378 5.80400584212487 5.81185721192446 5.81961985438664 5.8272931320598 5.8348776034156 5.84237992777897 5.84980641775628 5.85715673466179 5.86442890969964 5.86382621705227 5.80038341752748 5.64798278026343 5.49549531756987 5.34291991851339 5.19025296685132 5.03749227679191 4.88463902854852 4.73169469646259 4.57865286205638 4.42550501294588
-9999 -9999 -9999 -9999 -9999 -9999 -9999 -9999 -9999 -9999 -9999 -9999 -9999 -9999 -9999 -9999 -9999 -9999 -9999 -9999 4.89107928059176 4.9170234552188 5.07699147960204 5.05122741281165 5.20889341590283 5.30094698077435 5.39295420226467 5.47972416989119 5.53433934836686 5.5474678364449 5.56051738379483 5.5734782835411 5.58635136766629 5.59913549144359 5.61183080264168 5.62444006165878 5.63697085035811 5.64942822018644 5.66181058210896 5.66666488223436 5.61144799185456 5.47119345270986 5.33085608420374 5.19043353024453 5.04992263212873 4.90931910053329 4.76861758893534 4.62781131808346 4.48689152613093 4.34584701167608
-9999 -9999 -9999 -9999 -9999 -9999 -9999 -9999 -9999 -9999 -9999 -9999 -9999 -9999 -9999 -9999 -9999 -9999 -9999 -9999 4.67959481801412 4.67434769395406 4.85686518067021 4.87616259631022 4.96457743427931 5.0529719894239 5.1413459672863 5.22507023296523 5.28012860781032 5.29819620633359 5.3162205367535 5.33419399988661 5.35211783221816 5.36999109304933 5.38780417165226 5.40553708917285 5.42318671174854 5.44076218269083 5.4582658789179 5.46858855009376 5.42160973355018 5.29351404746017 5.16533924424783 5.03708285233578 4.90874131180218 4.78030955754206 4.65178221505861 4.52315138537092 4.39440605192575 4.26552938885261
-9999 -9999 -9999 -9999 -9999 -9999 -9999 -9999 -9999 -9999 -9999 -9999 -9999 -9999 -9999 -9999 -9999 4.03461359722987 4.1179420138991 4.20124759832681 4.36623608153629 4.51761961053378 4.48669277619315 4.63585472714168 4.72060031507998 4.80532388117609 4.89002513844263 4.97063474667381 5.02603839291073 5.04892204932665 5.07178194912358 5.09461827569907 5.11743137963753 5.14022142718455 5.16298133653966 5.18569577149797 5.20835959577841 5.23098051306279 5.25356646372084 5.2693506762141 5.23061861687538 5.11469154611764 4.99868927969544 4.88260916383661 4.76644712280079 4.65019822539065 4.533855593252 4.41740924108988 4.30084484258508 4.18414022983793
-9999 -9999 -9999 -9999 -9999 -9999 -9999 -9999 -9999 -9999 -9999 -9999 -9999 -9999 -9999 -9999 -9999 3.98979006799869 3.99017844497441 4.11768732031772 4.20296428397696 4.1704145866439 4.31482478120226 4.39592799671512 4.47700798535293 4.55806406638027 4.63909629795346 4.71659493719002 4.77234649150717 4.80004245649042 4.82771367669556 4.85535968388745 4.88298083403546 4.91057771294869 4.93815026247086 4.96569741887608 4.99321912268227 5.02071782812533 5.04820087076621 5.06925321501665 5.03858903600881 4.93468452142656 4.83074325728951 4.7267616522879 4.62273529192837 4.51865561433971 4.41450051697853 4.31024136767762 4.20585664452363 4.10131509305993
-9999 -9999 -9999 -9999 -9999 -9999 -9999 -9999 -9999 -9999 -9999 -9999 -9999 -9999 -9999 -9999 -9999 -9999 3.85099977414831 3.82521139423344 3.98566237956365 4.00152172249999 4.07899056076178 4.15643405754626 4.23385293042042 4.31124633892278 4.38861455593073 4.46300675507868 4.51911094370127 4.55162391766529 4.58411053509198 4.61657045292878 4.6490034639836 4.6814105359177 4.71379181668727 4.74614606771882 4.77847319408606 4.81077283336737 4.843047421069 4.86922941915211 4.84647458715028 4.75442335535881 4.66236217820657 4.57028673283272 4.47819216473833 4.38606814152166 4.29389320058712 4.20163838488653 4.10927201375715 4.01675789533749
-9999 -9999 -9999 -9999 -9999 -9999 -9999 -9999 -9999 -9999 -9999 -9999 -9999 -9999 -9999 -9999 -9999 -9999 3.53354416037978 3.67149622238947 3.6339475875157 3.76982293950975 3.8436421859036 3.91743370233191 3.99119813839305 4.06493529490462 4.13864577179053 4.20993730890514 4.26640060144378 4.30373714796897 4.34104513381319 4.3783250489766 4.41557574221574 4.45279830414792 4.48999370585134 4.52716074988652 4.5642984792238 4.60140674508587 4.63848492597038 4.66980251979294 4.65494003993627 4.5746981474588 4.49444694504547 4.41418126197181 4.33389436233173 4.25357541188994 4.17320817805534 4.09276603470019 4.0122015326804 3.93149206265105
-9999 -9999 -9999 -9999 -9999 -9999 -9999 -9999 -9999 -9999 -9999 -9999 -9999 -9999 -9999 -9999 -9999 -9999 3.38429820614505 3.3578299587201 3.48701077462795 3.56140064146231 3.6357600080537 3.71008897356791 3.78438848519293 3.85865894756258 3.93290005751581 4.00519595741287 4.06560526245762 4.11068395093777 4.15573205817548 4.20074962745457 4.2457363629915 4.29069310638893 4.33562034188331 4.38051819819723 4.42538441707468 4.4702193697978 4.51502190733735 4.55397621880991 4.54608379860237 4.47187707272759 4.39766028162999 4.32342920744118 4.24917417343395 4.17488051029524 4.10052406208729 4.02605920569538 3.95143110335929 3.87665903411306
-9999 -9999 -9999 -9999 -9999 -9999 -9999 -9999 -9999 -9999 -9999 -9999 -9999 -9999 -9999 -9999 -9999 -9999 3.21586510371692 3.23771630895565 3.32259166545908 3.40743459019802 3.4922440613108 3.57702098238527 3.66176572447912 3.74647902882463 3.83116067153002 3.91417242397178 3.98701351855071 4.04673895811735 4.10643190700468 4.16609206094738 4.22571945665108 4.28531462802957 4.34487868526332 4.40441104373643 4.46391055119975 4.52337627992044 4.58280740671494 4.63530060622385 4.63218842234156 4.55035355561133 4.46849605380127 4.38662166897591 4.30471949052151 4.22276811005769 4.14072737497053 4.05852356889061 3.97612688220091 3.89362245602356
-9999 -9999 -9999 -9999 -9999 -9999 -9999 -9999 -9999 -9999 -9999 -9999 -9999 -9999 2.63296342102269 2.64038262326855 2.69360619466321 2.76282596588135 3.05338590829076 3.08073277120537 3.18108748326687 3.28141104970617 3.38169872334182 3.48195120870093 3.5821684648095 3.68235109997327 3.78250035014246 3.8811547163302 3.9707340502526 4.04861229249584 4.12645578330497 4.20426497860588 4.28203890959612 4.35977854805189 4.4374856505794 4.51515916630514 4.59279865623213 4.67040278047279 4.74797018185872 4.81700156116956 4.81757401140006 4.72121612543461 4.62481729069691 4.5283836717451 4.43191191574155 4.3353712534301 4.23868666826387 4.14177832795528 4.04469359341958 3.94753112457994
-9999 -9999 -9999 -9999 -9999 -9999 -9999 -9999 -9999 -9999 -9999 -9999 -9999 -9999 2.63296342102269 2.64038262326855 2.65445836512146 2.66638267640589 2.76024393878849 2.92450857896636 3.04034462621907 3.15615873039712 3.27194487728873 3.38769576541609 3.50340841923645 3.61908376312583 3.73472292472253 3.84904171067457 3.95538149022526 4.05143492640478 4.14745118273211 4.24343068063739 4.33937307042172 4.43528008565916 4.53115315597569 4.6269914366689 4.72279426099036 4.818560997882 4.91428989757147 4.99988491992058 5.00416868639407 4.89332052057478 4.78242116003368 4.67146225925796 4.56043071502861 4.44928014326634 4.33790081550189 4.22626307323982 4.11450771171777 4.00267313326099
-9999 -9999 -9999 -9999 -9999 -9999 -9999 -9999 -9999 -9999 -9999 -9999 -9999 -9999 -9999 -9999 -9999 2.5779299009852 2.6378469814657 2.76918932609258 2.90051412586482 3.03182252860894 3.16311279246331 3.29437851159117 3.42561450622515 3.55681419998485 3.68797434216972 3.81798921321084 3.94112004539726 4.05537909314615 4.1695989096929 4.28378012615998 4.39792284291445 4.51202860671593 4.62609991319489 4.74013568451536 4.85413560571894 4.96809884393754 5.08202413275261 5.184219344955 5.19225192385838 5.06695177489944 4.94159463715553 4.81615952466127 4.69059839809044 4.56479640725083 4.43866149409888 4.31231992860321 4.18588840181718 4.05936087959247
-9999 -9999 -9999 -9999 -9999 -9999 -9999 -9999 -9999 -9999 -9999 -9999 -9999 -9999 -9999 -9999 -9999 2.42494568213825 2.46807139353219 2.6149254176619 2.7617626818698 2.90858333540527 3.05538908504284 3.20217940658213 3.34895094074038 3.49569885625617 3.64241874953295 3.78817442132429 3.92814116964356 4.06065018964335 4.19311852796531 4.32554673646737 4.45793531457852 4.59028634962801 4.72260224117595 4.85488281329795 4.9871285492863 5.11933882466774 5.25151210735813 5.37036163440678 5.38219809257305 5.24250175221506 5.10274172634442 4.96287965812605 4.82279872297854 4.6823153296996 4.54145156525703 4.40043261760112 4.25930155469823 4.11804981757055
-9999 -9999 -9999 -9999 -9999 -9999 -9999 -9999 -9999 -9999 -9999 -9999 -9999 -9999 -9999 1.80574768036558 1.89041545408357 2.12064659326733 2.36427522231585 2.46188800126281 2.62426922742524 2.78663480358591 2.94898690139337 3.11132672173765 3.27365326721929 3.43596653717252 3.59826602428953 3.75979497449479 3.91664932197695 4.06747190309422 4.21825366989456 4.36899395945554 4.51969371659093 4.67035675055725 4.82098554932716 4.97158073522408 5.12214375939284 5.27267398539329 5.42317172686092 5.55875498207517 5.57447685166681 5.42046707438304 5.26638338145149 5.11213991139254 4.95750324997574 4.80233316518808 4.64687139724171 4.49122074565855 4.33538492123031 4.17939677531574
-9999 -9999 -9999 -9999 -9999 -9999 -9999 -9999 -9999 -9999 -9999 -9999 -9999 -9999 -9999 1.76437751197909 1.77635508957796 1.89662775391053 2.2552827397096 2.31030019001588 2.48826572388387 2.66621975645945 2.84416263386457 3.02209664219701 3.2000227583257 3.37794122988022 3.5558527730312 3.73318526917002 3.90695996292669 4.07614056695314 4.24530392176138 4.41444550511954 4.58355501650222 4.75262951025731 4.92167283683691 5.09068702003473 5.2596732564663 5.42863147367405 5.59756348946235 5.74999054182666 5.7697089234008 5.6014924444208 5.43316879792673 5.26450834195481 5.09522401472469 4.92545574942007 4.75542765047844 4.58513563975204 4.41459821878359 4.24384571953487
-9999 -9999 -9999 -9999 -9999 -9999 -9999 -9999 -9999 -9999 -9999 -9999 -9999 -9999 -9999 1.52101820858526 1.5792835836789 1.70963702423766 2.09951986347298 2.16011835766008 2.3537211716818 2.5473169977169 2.74090492455523 2.93448660808695 3.12806467851269 3.32164038842366 3.51521425180689 3.70839177652912 3.89911731450874 4.08667814641164 4.27424240022089 4.46180714302565 4.64936572330024 4.83691703696816 5.02445703745684 5.21197282323427 5.39945885639073 5.58691688328449 5.77435005528416 5.94368269373712 5.96745259184305 5.78506862964322 5.60243148657475 5.41914232993013 5.23511913032469 5.05070151335196 4.86594188843771 4.68086213560253 4.49545824092426 4.30969774123317
-9999 -9999 -9999 -9999 -9999 -9999 -9999 -9999 -9999 -9999 -9999 -9999 -9999 -9999 -9999 -9999 1.45814339344845 1.52317443273589 1.94440421541273 2.01054279186117 2.21983478512733 2.42912425162156 2.6384086180813 2.84768761403281 3.0569643782461 3.26624187917051 3.47552130301407 3.68458530203983 3.89229958814029 4.09827106738579 4.30425126120666 4.5102413853332 4.71624431249955 4.92226400636777 5.12829788816438 5.33433638250898 5.54037732919547 5.74641854306072 5.95244662663344 6.13877168173372 6.16666937747371 5.97013398547782 5.77298211208618 5.57479901120591 5.37598740590212 5.17671676875112 4.97698212175108 4.77673244420393 4.57586210797522 4.37437410082311
-9999 -9999 -9999 -9999 -9999 -9999 -9999 -9999 -9999 -9999 -9999 -9999 -9999 -9999 -9999 -9999 1.34087585828497 1.3366539199775 1.78926867255077 1.86094378815152 2.08594499326194 2.31095545931274 2.53597371395151 2.76099836465401 2.9860304738098 3.21107256026948 3.43612202278121 3.66113496029998 3.8858981375254 4.1103391061422 4.33479289142961 4.55926257391047 4.78375185816895 5.00826551466772 5.23280766895044 5.45738109882777 5.6819897010094 5.90663424280895 6.13130538956922 6.33471987343198 6.36687581045923 6.15608167568075 5.94405953386771 5.73093233717421 5.51707833806952 5.30237859166807 5.08688610643941 4.8708446893536 4.65419781244075 4.43689212987963
-9999 -9999 -9999 -9999 -9999 -9999 -9999 -9999 -9999 -9999 -9999 -9999 -9999 -9999 -9999 -9999 1.15406784883242 1.20411353461977 1.45514323150338 1.76915555697189 1.95179218344253 2.19253630017783 2.4333039457862 2.67409386188595 2.91490606433068 3.15574303349632 3.39660463712848 3.63762659846922 3.87951543297204 4.12251883398127 4.3655557833512 4.60863008394478 4.85174382675812 5.09489253343347 5.33807028597132 5.58128255392063 5.82453603002969 6.06783958961283 6.31120042428179 6.53175292595934 6.5679337747638 6.34201465543479 6.11402828914063 5.88489619267727 5.65529492352895 5.42511461133046 5.1944287510868 4.9633358985205 4.7314107702115 4.49842099639846
-9999 -9999 -9999 -9999 -9999 -9999 -9999 -9999 -9999 -9999 -9999 -9999 -9999 -9999 -9999 -9999 1.03191068890858 1.11799630878642 1.28316694072353 1.78944176907104 1.87702147504485 2.13008985570223 2.38319196653801 2.63632798439783 2.88949937849427 3.14270904867304 3.39596084728559 3.64934270656607 3.90329418067035 4.15797068626982 4.41270191940418 4.66749011709235 4.92233434983047 5.17722360695118 5.43213380568079 5.68700551912619 5.94170937383323 6.19624193605792 6.45078806941205 6.68138296066517 6.71793366110713 6.47865678941817 6.23804869995899 5.99692237910731 5.75571804275217 5.51442637662169 5.27307149854551 5.03156623417387 4.78959374191644 4.54702391503456
-9999 -9999 -9999 -9999 -9999 -9999 -9999 -9999 -9999 -9999 -9999 -9999 -9999 -9999 -9999 -9999 1.09840133283721 1.19779904544104 1.35840425071694 1.86615840422986 1.96522330325716 2.22105362108935 2.47688501751909 2.73270829805172 2.98852644854969 3.24435899827212 3.50021196088108 3.75548964032058 4.00709641709316 4.25396112730457 4.50085075898134 4.74776582579077 4.99470488431033 5.24166282020851 5.48862402229007 5.73554297371692 5.98232569045496 6.22897419654012 6.47562551991047 6.69831740855521 6.72957401059811 6.48961658495732 6.24829197055175 6.00694509237964 5.76559795310285 5.5242509820955 5.28290415138652 5.04155701210977 4.80021001521963 4.55886320824078
