Spatial_Analysis/Maxent_Inputs/Inputs/RCP4_5_Future/currentspeed_future45.asc
NCOLS 638 
NROWS 314 
XLLCORNER -102.97071042 
YLLCORNER 3.973116569 
CELLSIZE 0.083 
NODATA_value -9999 
[rows 198 to 219 of 314, columns 250 to 299 of 638]
13.6463847571977 14.5077584537004 15.3777737697076 16.2538933173032 17.1335151602113 18.0140051879771 18.8925882061126 19.7663856370819 20.5783577176399 21.216178159181 21.7284663535048 22.2427952431631 22.7606364480304 23.2794723691599 23.7969443669278 24.3107886324064 24.8187682081195 25.3187453257126 25.8094667111189 26.2928248314834 26.7509259628744 27.15711715272 27.5480869613443 27.9447268379531 28.3365480599654 28.7199237673358 29.0946363940596 29.4611044444194 29.8198229861659 30.1713864833164 30.51713475345 30.8605638837279 31.1718694109465 31.3717011863954 31.4789965022627 31.5875429893441 31.6923501728397 31.790531964588 31.8820082978084 31.9672394574969 32.0467440228065 32.121110627052 32.1914016585121 32.2603320965513 32.3307967647857 32.4158780507946 32.5279988767607 32.6408609380886 32.7451456844482 32.842656103865
13.81047295863 14.6517425426638 15.5022713557884 16.3592298189162 17.219882991567 18.0815368927634 18.9413939975488 19.7963782980916 20.5951299785201 21.2370107304419 21.7667759259557 22.3012605498152 22.8392384513823 23.3781116337221 23.9154970740114 24.4490630344665 24.9764288991319 25.4951388490988 26.0029538874385 26.5018413977353 26.9760811568389 27.3969199183189 27.8024874681249 28.2179171012145 28.6250282112011 29.0222939027655 29.4102308453424 29.7894782895862 30.160544662884 30.5238471637086 30.8800216485901 31.232497849306 31.5554272615972 31.7696972743795 31.8912297761792 32.018701802486 32.1396614291302 32.2528636408692 32.3588336032722 32.4582146454934 32.5515592232015 32.6393334459104 32.7221479035954 32.8023974634646 32.8839911770415 32.9784026677978 33.0959771656487 33.2142751717455 33.3219624011154 33.422188475888
14.2921549790937 15.1199616478758 15.9535116169848 16.7916260176578 17.6323114854062 18.4732323324089 19.3121940518176 20.1475250864868 20.9296738690454 21.5616851727282 22.0855100477201 22.6078034028898 23.1324038829489 23.6583819440499 24.1836044205143 24.7061106993824 25.2243130155103 25.7376261574244 26.2479307769529 26.7600824808754 27.2522120857071 27.6659460150542 28.0272096878624 28.4099097235971 28.7926314805619 29.1730056676087 29.5478706904282 29.9165938409563 30.2795979741634 30.6383575448642 30.995879141801 31.3558446507309 31.6878881814356 31.9054862777641 32.0213124233914 32.1454797320811 32.2695665892911 32.391869920836 32.509968838779 32.6234220570995 32.7326375848466 32.8387457844265 32.9439993783059 33.0518437362492 33.1633655481178 33.2662863124811 33.3612887711313 33.4710682952077 33.5774557114153 33.6800970930767
14.8212197233934 15.6419648773592 16.4641814561739 17.2878276425775 18.1122554004938 18.9365720049836 19.7600170953551 20.5812419468217 21.34977600322 21.9696871624138 22.4821378889232 22.9894332809056 23.4967825009723 24.0048455675229 24.5127848343712 25.0198720033117 25.5256567518951 26.0307435345257 26.536618252075 27.0480202755023 27.5409856485569 27.9399634515109 28.2686735235345 28.6179568081614 28.9713294704678 29.3257355286039 29.6788482856608 30.0300571279471 30.3795122783354 30.7281275041497 31.0777710400369 31.4300830178096 31.7545291900591 31.9714052105007 32.0932500080803 32.2196473335353 32.3478177387576 32.4768383327167 32.6049060900645 32.7315312650729 32.8568528098892 32.9815319676353 33.1069341468805 33.2366040059047 33.3680006034868 33.47378930615 33.5538862365818 33.6503251549298 33.7492328356884 33.8475555616929
15.3262537742937 16.1391585191958 16.9520616648218 17.7649672553096 18.5778698213769 19.3907694303624 20.2035514661469 21.01454220032 21.7723505396713 22.3801022460336 22.879967479363 23.3756975866619 23.8702741734338 24.3648539322104 24.8594319433635 25.3540075378765 25.8487710025923 26.3437603079423 26.8386869211459 27.3408445488787 27.8257103964014 28.209612152627 28.5177568319343 28.8446469356179 29.1775363686015 29.5104273125225 29.8433189718013 30.1762158104111 30.5091090841584 30.8420024012087 31.174990252892 31.5097080413629 31.8210164538572 32.037463120145 32.1702717473549 32.3076905290702 32.4467757523895 32.5858567463944 32.7249369207339 32.8640155585847 33.0030930401215 33.142171789845 33.281401893229 33.4244954580883 33.5669203555987 33.6744596952285 33.7476269017423 33.8326538614546 33.922003554825 34.0113626470223
15.8290907915877 16.6321272143717 17.4351632251827 18.2381983900269 19.0412350693623 19.844272417741 20.647126485736 21.4487018872048 22.1972400822574 22.7925715418618 23.2785037944941 23.7620901770102 24.2446447975321 24.7271923584289 25.2097383868599 25.6922498612687 26.1749038648989 26.6576354573454 27.1410418406651 27.6327685219753 28.1046903413786 28.4740092122588 28.7651994479113 29.071857082327 29.3860850395337 29.7004276824905 30.0147672395064 30.3291085059115 30.6434485851366 30.9577895667685 31.2724132630639 31.5893153598053 31.8868760995079 32.1029324065207 32.2471894848557 32.3960732367245 32.5474014515645 32.6987815560436 32.8501639387312 33.0015462874917 33.1529257272576 33.3043081099453 33.4559662129579 33.6104711732616 33.7598765562551 33.8691203955103 33.9388560255493 34.015081733039 34.0947527571093 34.174513053388
16.3319240349281 17.1250944620129 17.9182622734754 18.7114314662891 19.5046009863909 20.29777331246 21.0908868605936 21.8836870177724 22.6235512998005 23.2063785373388 23.6776990969599 24.1484918298059 24.6190133461806 25.0895318632276 25.5597353568242 26.0299666482716 26.5010389040991 26.9716081311293 27.4434398276165 27.9224562817898 28.3793464515474 28.7342680185001 29.0106406056107 29.2991176041986 29.5946344658305 29.8904257699464 30.1862142645646 30.4820024354253 30.7777889885215 31.0735732107687 31.3698001748325 31.6686232464084 31.9520308786571 32.1677142829331 32.3237922385648 32.4844949163939 32.6480260632645 32.8117083760917 32.9753929164714 33.1390759284313 33.3027612282216 33.466443049448 33.6302070954315 33.794610869564 33.9490844625304 34.0600159808219 34.128035021251 34.1973774483857 34.2675033323689 34.3376608529882
16.8347582901845 17.6180609975923 18.4013607005811 19.1846648273015 19.9679680905995 20.7512702757982 21.534734310005 22.3190085236295 23.0503639450949 23.6206619196813 24.0771535100994 24.5349094898679 24.9933779462385 25.4513711233807 25.9092169101959 26.3684263195108 26.8273375607999 27.2858271418241 27.7453618935479 28.2103469251738 28.6512728690009 28.9918820444806 29.2545628132115 29.5261965876444 29.8031849929858 30.0804197275697 30.3576582598987 30.6348942249654 30.9121270610574 31.1893605186093 31.4670655795097 31.7474584898736 32.0164461515006 32.2317619589091 32.3999564488213 32.5728405479856 32.7486476971309 32.9246337208678 33.1006190803838 33.2766057075943 33.4525960041945 33.6285793695482 33.8042568188967 33.977959024677 34.1369872421013 34.249600536124 34.3164081574899 34.3795191607392 34.4402537522068 34.5008085230022
17.3375950701655 18.1110296645463 18.884463309183 19.6578993274297 20.4313351948081 21.2047690771272 21.9785065893539 22.754045128275 23.4767650582857 24.0345496156794 24.4763828865216 24.9213026028833 25.3672275693733 25.8128885103867 26.2600003499145 26.7071284261215 27.1535880745453 27.6000477229691 28.0470652566794 28.497435389572 28.9220352864354 29.2483679064133 29.4977976475397 29.7531410842779 30.0117332756136 30.2704170556495 30.5291002101797 30.7877828855308 31.0464657550531 31.3051491034819 31.5641979917587 31.8257758048028 32.080077746495 32.2950350093135 32.4756313844919 32.6610778994129 32.849274017493 33.0375596696327 33.2258476515987 33.414139491811 33.6024286569112 33.7907143090509 33.9784875428277 34.1620219773163 34.3260168431373 34.4403136076406 34.5055067839054 34.5618396642437 34.6130051820436 34.6639550711216
17.8404287644632 18.6039983360535 19.3675643473347 20.1311323001377 20.8947019752593 21.6582681763932 22.4220715276097 23.1882486120956 23.9018354099959 24.4471782993179 24.8749732876326 25.3072179821355 25.7408737468348 26.1758470268896 26.6109771201783 27.045407120775 27.4798371213716 27.9142671219682 28.3488571899261 28.7848244581317 29.1931946848542 29.5052394146737 29.7412929287657 29.980161101803 30.2202820933797 30.4604136243188 30.7005423933434 30.9406717402674 31.1808029864333 31.4209348834099 31.6612336306806 31.9036392494252 32.1428786201356 32.3574925907494 32.5508857674233 32.7493230769502 32.9498987846146 33.1504867746887 33.3510777684318 33.5516694613075 33.7522590142209 33.9528463567802 34.1531327256601 34.3480361675207 34.5186152105567 34.6346100936872 34.696630370008 34.7443361805577 34.7857566463 34.8271021715891
18.3432531222572 19.0968169881157 19.8502617670688 20.6040146401258 21.3579720016227 22.1117674999314 22.8655369848591 23.6215114580733 24.324654218153 24.8577549617975 25.2723119630061 25.6930061289372 26.1158420798163 26.5386518470123 26.9605748133073 27.3829926623916 27.8058676080108 28.2284875995821 28.6509006246303 29.0733384530426 29.4663179787968 29.7640006442355 29.985785431092 30.2072569895926 30.4288268822907 30.6500565565142 30.8708819016747 31.0924934106759 31.3147955188932 31.5367227134597 31.7583318489162 31.9813456952297 32.2048164399346 32.419117513523 32.6258452362406 32.8376269308896 33.0505169495619 33.2630516246511 33.4751248847618 33.687998733118 33.9016735957673 34.1149824353986 34.3278168020366 34.5360385096031 34.7171401265396 34.8348757254416 34.8905363942797 34.9267537507606 34.9585047094685 34.990045637534
18.8375723158076 19.5778466869252 20.3199237910869 21.0642212187664 21.8105779089938 22.5584159131962 23.306634536596 24.0540269837592 24.74456392083 25.2656370207016 25.6686596214393 26.0751139279411 26.4786438181648 26.8818997072182 27.2871224155332 27.6959852276806 28.1092874657042 28.5268082209174 28.946758471667 29.3629902424054 29.7428044817411 30.0258545816089 30.2297394398848 30.425212979132 30.6151183076121 30.807435300659 31.0043823988759 31.2074784017986 31.4167434384495 31.6308452495834 31.847012104498 32.0587091213338 32.2660591464979 32.4801149547087 32.6995682918827 32.9166098210926 33.1274993043513 33.3408333915175 33.5591557930573 33.7841263079147 34.0158517463482 34.2529077228632 34.4924339733813 34.724976195695 34.9227703602637 35.0423932209648 35.0845412888228 35.1019663547838 35.1139439555125 35.1298782243988
19.3066757538334 20.0334782533434 20.764444303077 21.4995046607139 22.2385413528257 22.8986660377622 23.5755499253702 24.4744021356128 25.1606331188787 25.666728687365 26.0478595812621 26.4269019950534 26.8042826704521 27.1842751544935 27.5691318798567 27.9607209983604 28.3608295687411 28.7710529612696 29.1916603947039 29.6195648434507 30.0135601024974 30.2802537915545 30.4326413510346 30.5805810875082 30.732433526837 30.8939479141296 31.0665118277001 31.2505468602655 31.4463022285796 31.6538067229489 31.8716724037454 32.0950252155707 32.3167116516885 32.5293611996258 32.7302642518831 32.9277922280114 33.1293503735138 33.3413659470938 33.5654428817626 33.8020133961563 34.0513139682926 34.3133701129958 34.5867952340863 34.8661341311567 35.1179147805832 35.2470284136968 35.237661426203 35.2199905130513 35.2121122249111 35.2174906039634
19.8823685535879 20.5836740181532 21.2895503236184 21.9998118419778 22.7143531309071 23.5016099051482 24.2815264839722 24.8808657977771 25.5418940379057 26.0196695604424 26.3707034993428 26.7147554475088 27.0594971052791 27.4077221564178 27.7613272384992 28.1221427873925 28.4921207134705 28.8733457213243 29.2676707982399 29.6726839472441 30.0408466840854 30.2764798253941 30.3950667080347 30.5015931453572 30.6175647651298 30.745524217433 30.8856837086071 31.0381352773296 31.203173911635 31.381283746679 31.5726815225719 31.7732819019298 31.9721710375005 32.1708202440474 32.3710157133242 32.558570895187 32.7561718641477 32.9668934604698 33.1909637121942 33.428433584936 33.6795661475989 33.9448496137762 34.2245214818764 34.5147361088907 34.7755222496029 34.9072432178945 34.8987449266476 34.8757167684701 34.8690649867201 34.8784955524489
20.6007055046037 21.2605278524219 21.9232520655284 22.5891746747841 23.2581480156088 23.9294696598807 24.6015333676981 25.273061087565 25.8839114581916 26.3164208207998 26.6252900383436 26.9331464535007 27.2389160583604 27.5446885815796 27.8537258671405 28.1680154524298 28.4888548297764 28.8162928392992 29.1476992492708 29.478044018852 29.7717751390371 29.9603577195592 30.0619607123042 30.1489042118793 30.23510304034 30.3240760774025 30.4205404400571 30.5259262827968 30.6403632889749 30.7624534843747 30.8878457650341 31.0113657665479 31.1424597823649 31.3152118723909 31.528200736713 31.733629694741 31.9382126776483 32.1455524629109 32.3609527022337 32.5860544626102 32.8210193406356 33.0644192976117 33.3116151093889 33.5554504346005 33.7687786059196 33.8992152527404 33.9482799752651 33.9690165433572 33.9919534248021 34.0200800038376
21.3417079982368 21.955634514154 22.5703249401687 23.1860421275492 23.8027063463064 24.4198472030037 25.0364297424288 25.6536234967132 26.2135233899527 26.5931802782045 26.8472836709092 27.1065555586782 27.3649485007474 27.6223795926374 27.8806067774465 28.1405148842143 28.4024724412793 28.6659350490921 28.928603985919 29.1870786727014 29.413144263506 29.5489054160222 29.6108246390585 29.6640355953953 29.7137824207268 29.7621593216703 29.8124034158032 29.8654879684622 29.9214250980253 29.9791007790494 30.0354690609112 30.0900393603656 30.1657485245628 30.3081825406609 30.5104467323383 30.7172357945263 30.9221771432777 31.1254263298839 31.3306241423903 31.5389041343195 31.7503066152287 31.9636964297597 32.1758113470732 32.3796529159171 32.5582955644218 32.692460013628 32.7835005537787 32.8469397666571 32.9042815636507 32.9608241374068
22.0679181702231 22.63376004074 23.1996011987026 23.7654453344989 24.3312876320697 24.8971285052593 25.4630833556441 26.0307978909286 26.540222383232 26.8664762511719 27.0643859124625 27.2664621734025 27.4696397369198 27.6728165921636 27.8759951051787 28.0791710499088 28.2823491356354 28.4855253178015 28.6884881229198 28.8880248163781 29.0551459136164 29.1369447762341 29.1487694111358 29.1520792497936 29.1526769419761 29.1532745037844 29.1538778489012 29.1544756446149 29.1550715841055 29.1556716061143 29.1563829421323 29.159219824674 29.1889067693613 29.2995996451772 29.4829456215223 29.6720660806374 29.8632089216509 30.0543497176111 30.2454888084628 30.4366297079542 30.6277692734317 30.81891224835 31.0096983021738 31.1918620392891 31.3509548549257 31.4897759199097 31.6085594118163 31.7013241439078 31.7843614380198 31.867389177368
22.7924898016337 23.3086488258916 23.8248083723586 24.3409690579184 24.8571326347442 25.3732957415205 25.8895922862222 26.4069280859167 26.864179104204 27.1373418101451 27.280657921168 27.4259272479434 27.5720136251295 27.7181014297351 27.8641949313277 28.0102863352267 28.1563786025483 28.3024703947517 28.4479643408193 28.5891104914651 28.6986130607687 28.7262827375192 28.6869381326423 28.6392679948562 28.587523979213 28.5357157739813 28.483910227379 28.4321027347015 28.380294054844 28.3284879860325 28.2770273316329 28.2283972455118 28.2112946910665 28.2902972086644 28.4553428259347 28.626194319282 28.8000710380978 28.9740165423957 29.1479625635996 29.32191191298 29.4958565148711 29.6698034430351 29.8426545305973 30.0050604075604 30.1492602994798 30.2927924495421 30.4353664386412 30.5547840361158 30.6615537551182 30.7679264190881
23.517058196258 23.9835374211906 24.4500169698805 24.9164958065086 25.3829764553072 25.8494586150433 26.3158846966618 26.7821046234666 27.186497443231 27.4066731112938 27.4961676306545 27.585375280807 27.6743898431656 27.7633911608648 27.8523956118193 27.9413997780006 28.0304056482678 28.1194136595315 28.2075392809564 28.2908738645137 28.3435410716572 28.3170089224196 28.2257308441979 28.1263920005379 28.022366921275 27.9181551975538 27.8139416565937 27.7097313521853 27.6055194300124 27.5013051769904 27.3976389501636 27.2972228269755 27.2328089566647 27.2801406426836 27.4273534192782 27.580373829584 27.7369333874275 27.8936860205294 28.0504404012549 28.2071937038809 28.3639431004312 28.5206957335332 28.6758372172747 28.8202897061798 28.9524835776688 29.1007530873766 29.2646187620155 29.4081248126215 29.5387477335415 29.6684648515417
24.2416266944135 24.6584262063422 25.0752255674025 25.4920240824961 25.9088235944249 26.3256229554853 26.7420894402579 27.1569475108112 27.5083162114643 27.6755275868586 27.711416432675 27.7448030426669 27.7767654400145 27.808681461518 27.8405994255661 27.8725154470696 27.9044348349838 27.9363534675333 27.9673526796656 27.9935459183186 27.9898509336259 27.9090725330234 27.7652880178309 27.6136079042988 27.4572097297012 27.3005921953796 27.1439740350715 26.9873579246159 26.8307409514878 26.674121945213 26.5180986224696 26.3654567735224 26.2533957958834 26.2690647406778 26.3988138820333 26.5344652814201 26.6737975489275 26.8133579158106 26.9529165775851 27.0924759089066 27.232030730175 27.3715898665753 27.5095911529244 27.6378506140577 27.7595346212276 27.9125577004514 28.096253520569 28.2619410587089 28.415940572849 28.5690026628081
24.9662016912351 25.3333186857078 25.7004334528626 26.0675526432568 26.4346703497914 26.8017851169463 27.1684177248791 27.5322372742989 27.8307697887595 27.9449889721259 27.9270183287181 27.9042797856901 27.8791405576843 27.8539698593987 27.8287989669419 27.8036305984827 27.7784639783969 27.7532952216333 27.7274115494375 27.6971138692522 27.6374680834237 27.5024110513225 27.3056223925924 27.1009728145577 26.8920547218849 26.6830311392807 26.4740090245953 26.2649847299293 26.0559630035483 25.8469370911177 25.6383814728202 25.4330375515411 25.2729980049811 25.2570175293583 25.3696630535581 25.4884182012929 25.6106589533126 25.7330247405952 25.8553883912 25.9777541394984 26.1001195420302 26.2224872751534 26.3438009678614 26.457171045914 26.5693135855852 26.7271005400009 26.9296811760391 27.1162265174462 27.2931338392105 27.4695407069573
25.6907746429806 26.0082096072796 26.3256419164798 26.643081527775 26.9605170142832 27.2779493234834 27.5950277731377 27.908647507367 28.1549993803881 28.2161318000018 28.14347781604 28.0637629053976 27.981512175546 27.8992586412653 27.8170000357379 27.7347465913091 27.6524946793462 27.5702390086222 27.4876337585867 27.4014080126372 27.2863414997906 27.0969603570639 26.8465632713887 26.588315282776 26.3269018454432 26.0654736434909 25.8040444024235 25.5426117296485 25.2811840028145 25.019754092223 24.758545339079 24.5000406740084 24.2915513018848 24.2439403423153 24.3399769463846 24.4423721234058 24.547520780433 24.6526922772069 24.75786124468 24.8630337334781 24.96820859564 25.0733821812507 25.1781515126349 25.2773044440374 25.3807434558918 25.5432959230148 25.7639527358627 25.9704665121775 26.1703265446132 26.3700808870343
