Spatial_Analysis/Maxent_Inputs/Inputs/RCP4_5_Future/currentspeed_future45.asc
NCOLS 638 
NROWS 314 
XLLCORNER -102.97071042 
YLLCORNER 3.973116569 
CELLSIZE 0.083 
NODATA_value -9999 
[rows 176 to 197 of 314, columns 300 to 349 of 638]
10.2428776708546 10.239300243647 10.2340253023032 10.2273586780012 10.2200815965291 10.2132958887445 10.2248778819144 10.3121911021351 10.4814672632872 10.6543407160136 10.8275386983069 11.0002727292931 11.1716755172609 11.3414606676618 11.5097297512871 11.6769068510132 11.8437643071425 12.0112916715952 12.1740030226688 12.300685321278 12.3828418775183 12.4697511907221 12.5579008846298 12.6462934921677 12.7337121320994 12.819246029081 12.9024086591074 12.9832521656509 13.0626905653679 13.1419041351454 13.218871702423 13.2823482454909 13.327596807251 13.3708610416471 13.4152315262554 13.4594707042267 13.501575066312 13.5402461574921 13.5750644377533 13.6064164038549 13.6359365534366 13.6655629927098 13.6929011780077 13.6935606784335 13.6535874362658 13.6124333735558 13.5720280774898 13.5306224720935 13.4863012934861 13.4381929932164
11.4236087920352 11.4138540365308 11.4036044525294 11.3931131253781 11.3828991337598 11.37335653022 11.3803201484478 11.4583221542936 11.613521708767 11.7703176378052 11.9276798059338 12.0854333757562 12.2429835825934 12.4000732898737 12.5567192208353 12.7131661113127 12.869869007305 13.0278588353559 13.1824307853372 13.3034248897449 13.382533305086 13.4669970555014 13.5531678908046 13.6398609241675 13.7264796522457 13.8125611522333 13.8979535927946 13.9828697533929 14.0680656991613 14.1528329735108 14.2313556262647 14.2947083925444 14.3412535695709 14.3801514837471 14.4174824787991 14.4557370523896 14.4938099967934 14.530917186927 14.566890730363 14.602142135193 14.6378475731519 14.6734524796552 14.7008552830273 14.6972438288004 14.6536675940126 14.6011652081183 14.546414082045 14.4926294674842 14.4385481515929 14.3834162009626
12.6133509461003 12.597581297148 12.581810655937 12.5660401563436 12.5502828392283 12.5348231900149 12.5351369436697 12.6036819794343 12.7464937226808 12.8903009467146 13.0345097984603 13.1787246596826 13.3229420126099 13.4671611462031 13.6113747972037 13.7555890838282 13.8998852763512 14.0464558372968 14.1925934643652 14.3078824125509 14.384254187602 14.4681175224946 14.5555871344215 14.643133411221 14.7306790523966 14.8182196849783 14.9057635886487 14.9933101783184 15.0808049947793 15.1660746287905 15.2434516273095 15.3071630765379 15.3559712544882 15.3965662484358 15.4330622730049 15.4694436978991 15.5058314365351 15.5422155919623 15.5785967362598 15.6149828139706 15.6513221623786 15.6848513857241 15.7069053550294 15.6991909000653 15.654237605859 15.5980306934369 15.5358104628735 15.4733523608666 15.4108934277107 15.3484355393481
13.8046087384399 13.7828698759051 13.7611302257322 13.7393913437052 13.7176637919672 13.696086743774 13.6893522338367 13.7484162820177 13.8791707972605 14.0103056610571 14.1416480958256 14.2729948025653 14.4043474471544 14.5357015595204 14.6670524437047 14.7984028102332 14.9300903532496 15.0656230704533 15.2033931388833 15.3129526520588 15.3865685780433 15.4695247090403 15.5583268924935 15.6475539086972 15.7367782060052 15.8260007989925 15.9152235853631 16.0044530092328 16.0934499809336 16.1792067631242 16.2560810391376 16.3203133498509 16.3707907275447 16.4127458389088 16.4491861773248 16.4851490541239 16.5211129231818 16.5570768447743 16.5930360425462 16.6289989947605 16.6646904946591 16.6956966601685 16.712484031721 16.7008022862045 16.6542111232477 16.5944275065645 16.5257599496401 16.456135422558 16.3865130991252 16.3168888331478
14.9958670573131 14.968158023055 14.9404488032685 14.9127394884137 14.8850134899008 14.8571762486188 14.8432187463998 14.8927907169598 15.0116380364821 15.1302831987318 15.2487826192373 15.3672669669573 15.4857559157283 15.6042430406727 15.7227322353615 15.8412160575707 15.9603540587408 16.0847727118891 16.2137946825132 16.3175964664424 16.3887403338744 16.4710510325687 16.5610693133771 16.6519751611423 16.7428787641338 16.8337839388214 16.9246865923151 17.0155956545999 17.1060780352743 17.1926113855943 17.2696638577232 17.3344993057923 17.386163112557 17.428908750855 17.4653130293716 17.5008535128511 17.5363947506726 17.5719387944613 17.6074766668947 17.6430158596631 17.6779748771964 17.7066219479046 17.7188215931454 17.703280450757 17.6545922530172 17.5907258133946 17.5157122171902 17.4389227048548 17.3621350054398 17.2853462051663
16.1871253675624 16.1534462457811 16.1197648135235 16.0860839542371 16.0523529506653 16.0182269155867 15.997015389536 16.0370913727589 16.1440592182389 16.2502480605162 16.3559201283604 16.4615405042188 16.5671604248014 16.6727824810772 16.7784066350466 16.8840282169541 16.9904368159153 17.1031260083079 17.222816285403 17.3208042874498 17.3899332751267 17.4722932179201 17.5638122649517 17.6563984223155 17.7489809753288 17.8415665241619 17.9341492670279 18.026738181249 18.1188578044655 18.2067107746181 18.2845118290472 18.3500252725629 18.4024718951937 18.4453677946182 18.4814372471847 18.5165555029189 18.5516771240412 18.5868011628262 18.6219187064987 18.6570362891554 18.6914652696453 18.7185467301128 18.7270589625124 18.7077960385291 18.6564429784856 18.5875268373504 18.5056601133914 18.4217067641273 18.3377524691535 18.2538003541604
17.3783839043794 17.3387342937051 17.2990836044505 17.2594331949006 17.2197246303335 17.1794004716073 17.1510105167866 17.1815951013698 17.2766165008702 17.3702524420977 17.4630560756382 17.5558137134043 17.6485681568989 17.7413265064692 17.8340822925654 17.9268398693152 18.0201909204677 18.120089676796 18.2294759172573 18.3215634415006 18.3894421572618 18.4730225939721 18.5665492228596 18.6608173247962 18.7550834799076 18.8493494028863 18.9436125198977 19.03788141996 19.1318369858667 19.2216973961525 19.3009322606673 19.3672054336744 19.4199547569032 19.4622150252505 19.4975595660135 19.5322571046823 19.5669583970435 19.6016625343562 19.6363579975982 19.6710543447685 19.7053015723381 19.7320873058573 19.7383004662546 19.7155355320643 19.6606380663607 19.5851475527133 19.4956067280073 19.4044885961048 19.313369885553 19.2222518875553
18.5696413838488 18.5240228293014 18.4784036057108 18.4327849476322 18.3871370571184 18.3408081420716 18.3054809858511 18.3265876871905 18.4094569008594 18.4902852643408 18.5701919992703 18.6500856318786 18.7299777925337 18.8098689614109 18.8897587524904 18.9696532439945 19.0497372420416 19.1355876257232 19.2327967270131 19.3188197893646 19.3869210494197 19.4735560481729 19.5692881785063 19.6652371289567 19.7611844616424 19.8571284279176 19.9530754793837 20.0490244688183 20.1448815367519 20.2374046890248 20.3192134681275 20.3863867537944 20.4386401247818 20.479220519892 20.5136871968209 20.5479623702861 20.5822376336034 20.6165182701502 20.6507949581064 20.6850714081228 20.7192289664522 20.7471022473641 20.7536075610434 20.7277444752648 20.6676682447645 20.5833001526393 20.4855582834956 20.3872760207882 20.2889897231458 20.1907048448161
19.7617051063128 19.7102255068999 19.6581862332549 19.6061551230967 19.5545407351661 19.5024297360647 19.4606890651655 19.4723506615014 19.5426505072156 19.6102989517891 19.6773959019685 19.745048218868 19.8132487495091 19.8804869598558 19.9464978971675 20.0125376780232 20.0794957269535 20.1502186402511 20.2319961775695 20.3115718227449 20.3824416961782 20.4744045114517 20.5720926160798 20.6703282357274 20.7690703730039 20.8667925020008 20.9634599363969 21.0602421502642 21.1577931445278 21.2534591719612 21.3395183824688 21.4078977093187 21.4582994194166 21.4959589005211 21.5298252642405 21.5638120732622 21.5978707382594 21.631659988152 21.665323821682 21.6990916001791 21.7329471569451 21.7631195737345 21.773712475917 21.7456631236671 21.6773094530352 21.5809340068562 21.4755056585103 21.3699850707206 21.2643968645569 21.1589545519468
20.9675806926392 20.9118573151536 20.8533005416953 20.7918465997447 20.7281511445778 20.6652189613216 20.6166690796089 20.6190038784294 20.6772088653624 20.7378342420555 20.8032394787096 20.867744262336 20.929249342337 20.9856154199207 21.0359612804678 21.080917554203 21.1222652741858 21.167007873508 21.2278782982674 21.2997101083 21.3792691234716 21.4847409076712 21.5968774021379 21.705525900549 21.8091977195433 21.9071270246102 22.0001075782357 22.0900948504161 22.1793468230058 22.270954476928 22.3610418517897 22.4316242491961 22.4785066777775 22.5154637103315 22.5525393531739 22.5874470894627 22.6201600455492 22.6512571353197 22.6818378589419 22.7130758127356 22.7457806899977 22.7786663851717 22.7969018237432 22.7696726302271 22.6877346415808 22.5766817808409 22.4620884675038 22.3483949018362 22.2357319646832 22.1239504975931
22.1980511337476 22.1409298948446 22.0789529617476 22.0107705478353 21.935467839059 21.8542574206671 21.7830296158884 21.7744485909552 21.8413613376665 21.9118852550841 21.9819802585248 22.0466082540131 22.103726114614 22.1519273178672 22.1898785810057 22.2162885475496 22.2306119227177 22.2360215261611 22.2431641922993 22.2952117435686 22.4217282173213 22.5578718942405 22.6863783284548 22.8026093982125 22.9071635244659 23.0016584112106 23.0878125562706 23.1673675871126 23.2424444769101 23.3168858804484 23.3931582803685 23.4616287108185 23.5133253976882 23.5572149988051 23.5955072841257 23.6274087155005 23.6544622257368 23.6786564976597 23.7020163352134 23.726555986076 23.7542320676216 23.7863594975566 23.8171570557015 23.7964593958388 23.6869144897195 23.5613753991826 23.4381092252847 23.3177257674619 23.1996891686379 23.0832241023135
23.2620548529116 23.2091431280083 23.1511933962022 23.0867127872909 23.0143583572656 22.9350331796263 22.8666426532692 22.8572383586296 22.9151684278422 22.9820545263465 23.046855955657 23.1052910180937 23.1557665116388 23.196993424361 23.2275940632809 23.2460545359672 23.2511268392992 23.2451792679538 23.2442676443256 23.2917098799572 23.4090966115474 23.5436266936561 23.6677266306922 23.7780000323445 23.8759344177483 23.9634271684399 24.0422792100219 24.1141762875681 24.1809759573651 24.246165554984 24.3152833660468 24.3789305958892 24.4227346681482 24.4617589108008 24.4940246536411 24.5192047541804 24.5392782024088 24.5563775246798 24.5726155592681 24.5900849724673 24.6108823045995 24.6366755824415 24.6613792003587 24.6354926859932 24.5230999134151 24.3940898997928 24.2678028053833 24.1447403981237 24.0241587358931 23.9052089270355
24.1474958165906 24.104519228259 24.0581034424006 24.0080285297911 23.9555127729224 23.9025534502456 23.8595026813299 23.8568044130353 23.8970592712227 23.9405857600471 23.9861847993772 24.0317802950678 24.0733761164615 24.1087007260453 24.1367324028435 24.1579192114717 24.1752875947352 24.1937941877672 24.2245066725263 24.275064967012 24.3430088232324 24.4352617617858 24.5285803183423 24.6190809404978 24.7031397679915 24.7801558904661 24.8512037196669 24.9183857148211 24.985030153879 25.053663404187 25.1200699489918 25.171490843215 25.2013117052852 25.2203852099366 25.2374630778196 25.2523701572518 25.2645036382046 25.2746421897675 25.2841703840652 25.2945039294813 25.3065691126251 25.3198734066286 25.3217791797492 25.2809605509684 25.1863382864584 25.0655874624153 24.9430881193496 24.8214661022345 24.7011451108521 24.581912572366
25.0131306787794 24.9837768478384 24.9533923529747 24.9222285138933 24.8914394459369 24.8606146212776 24.8336511455591 24.8375499283195 24.8760030535995 24.9087848439267 24.9415262614153 24.9759108489412 25.0096652130171 25.0415596105632 25.0712611474368 25.0994869075845 25.1285802612163 25.1619298823276 25.2035286051997 25.2483335942918 25.2925297340985 25.3521928205757 25.4163751269233 25.4822093299095 25.5468952328959 25.6095081907091 25.6703106176652 25.7303035985261 25.7912572939298 25.8514402826054 25.9004480686712 25.9348495740763 25.9575232511397 25.9622377652465 25.9626631093455 25.9634395597927 25.9636670463733 25.9633132884182 25.9627680121922 25.9624484844415 25.9624408101178 25.9598319923348 25.9408915103848 25.8890365722654 25.8034662789912 25.6925158091201 25.5745825668867 25.456422817923 25.3384987884662 25.2208865930564
25.8942832078364 25.8803676529245 25.86645308626 25.8525375700976 25.8385394790044 25.8224280583594 25.8073960977355 25.8182651617932 25.8581607175909 25.8914658047371 25.9219101901023 25.9523270850183 25.9827477776795 26.0131656183051 26.0435832250253 26.0740048719838 26.1044930640396 26.1379064260902 26.1780309085576 26.215249564269 26.2462440928602 26.287913132811 26.3342057107676 26.38056185208 26.4269165695263 26.4732699962614 26.5196245238551 26.5659780541214 26.6122301298566 26.6534361611282 26.6800341486452 26.6986006093021 26.7139374581813 26.7101604311878 26.6970426783799 26.6836840540091 26.6703269448943 26.6569685189752 26.6436141669754 26.6302591029138 26.6168472428797 26.5986437064403 26.5633341896484 26.5038331545033 26.4203221735781 26.3160590471563 26.2013505687105 26.0863044691673 25.9712614120046 25.8562171641314
26.7783503330366 26.7802271800713 26.782106875588 26.7839879904175 26.78556942215 26.7840822846429 26.7815141617803 26.7994028888901 26.8403012910249 26.8741368236641 26.903796787668 26.9332388117712 26.9626834469203 26.9921263734303 27.0215678753242 27.0510110866074 27.0806050184354 27.1124025067141 27.1476140099132 27.1767969188293 27.1974457938594 27.2238404962905 27.2536486530642 27.2836348280435 27.3136233328492 27.3436134954263 27.3736010897184 27.4035908250068 27.4330754874582 27.4551996183025 27.4609621477845 27.4641130781495 27.4706473918407 27.4575497027554 27.4318504597605 27.4050989248795 27.3783506232543 27.3515972331728 27.3248468900251 27.2980963484256 27.2710714153812 27.2385928803449 27.1909147280739 27.1248966590152 27.0400684835961 26.9392479558954 26.8279066841457 26.7155523200539 26.6031952583256 26.490840333275
27.6624161675256 27.6800891284115 27.6977607942676 27.7154371205415 27.7325927039269 27.7459734723494 27.7563890443989 27.781324485706 27.8228043800822 27.8567438847432 27.8856822894208 27.914148877199 27.9426174075219 27.9710839953002 27.9995525256231 28.0280187250969 28.0565333253723 28.0855419697608 28.1140825913569 28.1350668051954 28.1467222361623 28.1595315028136 28.1730944473963 28.1867141214312 28.2003335615606 28.2139563688507 28.227575524207 28.2411981975923 28.2538633356315 28.2575718705651 28.2441373448672 28.2320874471046 28.2286420142082 28.2048666936256 28.1666585818735 28.1265117593073 28.0863694943776 28.0462247219331 28.00608003581 27.9659329335392 27.925359341293 27.8799543138224 27.8225680519156 27.7504661008017 27.6625494509498 27.5628082676864 27.4544615225488 27.3447959590706 27.2351275471103 27.1254596573593
28.546479451962 28.5799477062952 28.6134162403445 28.646888766791 28.6797683541416 28.7085064159662 28.7323407809469 28.7643423063499 28.8060270763082 28.8395358511168 28.8675623883204 28.8950545799116 28.9225497493364 28.9500447891749 28.9775364638601 29.0050244220646 29.0323285270123 29.0580944620778 29.0795011051434 29.0922482479425 29.09527337199 29.095028533436 29.0925396205413 29.0897939843423 29.0870469235273 29.0843012873284 29.0815522849914 29.0788033732565 29.0749899537736 29.0615221316965 29.0302111265296 29.0031212866621 28.9887690115297 28.9528445004219 28.9014677825669 28.8479284818477 28.7943877096561 28.7408491637597 28.6873124740864 28.6337702780288 28.5798978606316 28.5225850256671 28.4567124765279 28.3787147723397 28.2869391092864 28.1869999983883 28.0810187775922 27.9740409614752 27.8670628216008 27.7600850054838
29.4305433403758 29.4798089851114 29.5290735899817 29.5783377632449 29.6271569684935 29.6718929519574 29.7096760036805 29.7487734909263 29.7901972846299 29.8225932763656 29.8494456627783 29.8759648827984 29.9024829110624 29.9290035078575 29.9555170316407 29.9820310249926 30.0082663179022 30.0312484366396 30.0459485476315 30.0504967845947 30.0445574725462 30.0307465787193 30.0119823729852 29.9928687724763 29.9737567251849 29.9546459729233 29.9355305602439 29.9164136366271 29.8965733377069 29.8674698521039 29.8197979353573 29.7778522027275 29.7515233114351 29.7016961711361 29.6362725387768 29.5693403670124 29.5024052604446 29.4354722898047 29.3685401180403 29.3016050114725 29.2345397005026 29.1656823901991 29.0917004255047 29.0078702729936 28.9119968275983 28.8114346589863 28.7075776463542 28.6032877724967 28.4989976601806 28.3947117349367
30.3146069485696 30.3796682747992 30.4447301197074 30.5097868933689 30.5746819781015 30.636093784399 30.6887205424444 30.7349599865044 30.7753424062279 30.8057023645241 30.8313313543837 30.8568749482263 30.8824171564372 30.9079598397662 30.9335003003536 30.9590425085645 30.9844586237396 31.0058860277359 31.0155033219851 31.0119947122636 30.9958184525319 30.9667751965671 30.9314272568037 30.8959472502709 30.8604648225217 30.8249852860386 30.7895049947325 30.7540232355077 30.7183317850009 30.6750627219615 30.6134834024151 30.5569850262213 30.5169534922651 30.4509447146619 30.3710798455545 30.290751306502 30.2104244725581 30.1300958299744 30.0497708512311 29.9694440172872 29.8890960101257 29.8083593059401 29.7258853826472 29.6361647580767 29.5364339218963 29.4356541398989 29.3341315354942 29.2325319291693 29.1309323220945 29.0293356115889
31.1983438301849 31.2790315951896 31.3601128461024 31.4412404811404 31.5220803080701 31.6006615302097 31.6697172002695 31.7231948727421 31.7613211678432 31.7886507054376 31.8131906843205 31.8370936001254 31.8601430005516 31.884398312667 31.9103202081125 31.9360429838981 31.9606090839947 31.9820274232796 31.9900906243661 31.9789094841923 31.9497457217196 31.9027231199449 31.8508523416515 31.798155524907 31.7443393732552 31.6921339281824 31.6420071430772 31.5916077611211 31.5397868491203 31.4834064638046 31.4115947057062 31.3411858029679 31.284526248522 31.1996043885215 31.105881517596 31.0115686346032 30.9164568239585 30.8224971947948 30.7299834481652 30.6372519773891 30.5435582944496 30.4501167426967 30.3576934656277 30.2618086570544 30.1592478803426 30.0596015990219 29.9606868915533 29.86177835544 29.762868266109 29.6639568817483
32.07461505147 32.166633383027 32.261269200028 32.3599133755808 32.462607114391 32.5643220945055 32.6522968881047 32.7133327386161 32.7456719024586 32.7610271980685 32.766926000564 32.7736108934403 32.7848754336372 32.8043119284551 32.833680239193 32.8722394187203 32.9170772475057 32.9563094744648 32.9701083340706 32.9525795164042 32.9030226632043 32.8228310913146 32.7288029314244 32.6391201747121 32.5582285769826 32.488993062646 32.4315554642518 32.3831452191093 32.339351157151 32.2880895087134 32.2125309919258 32.1302643503115 32.0508213348198 31.9356908075302 31.8079777373669 31.6848678080591 31.5698357000391 31.4642285290141 31.3670870387076 31.2752669668858 31.1846985147089 31.0889649997118 30.9862871815382 30.8831899307633 30.7801710826966 30.6834669677454 30.5872455704627 30.4910255547658 30.3948023928846 30.2985795762891
