Spatial_Analysis/Maxent_Inputs/Inputs/RCP4_5_Future/PAR_future45.asc
NCOLS 638 
NROWS 314 
XLLCORNER -102.97071042 
YLLCORNER 3.973116569 
CELLSIZE 0.083 
NODATA_value -9999 
[rows 154 to 175 of 314, columns 300 to 349 of 638]
45.2357788085938 45.2048110961914 45.1738395690918 45.1428604125977 45.111930847168 45.0816307067871 45.038688659668 44.9830818176269 44.928150177002 44.8737602233887 44.8193702697754 44.7649803161621 44.7105903625488 44.6562118530273 44.6018295288086 44.5474395751953 44.493049621582 44.4386787414551 44.4046897888184 44.3910789489746 44.3774909973145 44.3639106750488 44.3503303527832 44.3367500305176 44.323169708252 44.3096008300781 44.2960090637207 44.2824287414551 44.2688598632812 44.2554016113281 44.2578887939453 44.2763290405273 44.2948989868164 44.3135795593262 44.3322792053223 44.3509712219238 44.3696594238281 44.3883514404297 44.407039642334 44.4257392883301 44.4444389343262 44.4634819030762 44.4821395874023 44.5003700256348 44.5190315246582 44.5380706787109 44.55712890625 44.5761909484863 44.5952606201172 44.6143188476562
45.1522903442383 45.1228790283203 45.0934715270996 45.0640602111816 45.0347709655762 45.0061988830566 44.9668693542481 44.9167594909668 44.8673400878906 44.8185615539551 44.7698402404785 44.7211303710938 44.6724090576172 44.6236915588379 44.5749702453613 44.5262603759766 44.4775390625 44.4287605285645 44.3993492126465 44.3893089294434 44.3792114257812 44.369068145752 44.3589210510254 44.3487701416016 44.3386192321777 44.3284797668457 44.3183288574219 44.3081817626953 44.298038482666 44.2879600524902 44.2919692993164 44.3100509643555 44.3281898498535 44.3464088439941 44.3646202087402 44.3828392028809 44.4010581970215 44.4192810058594 44.4375 44.4557189941406 44.4739799499512 44.4926109313965 44.5101509094238 44.5265617370606 44.5433692932129 44.5605697631836 44.5778388977051 44.595100402832 44.6123695373535 44.629638671875
45.0688018798828 45.0409507751465 45.013111114502 44.9852600097656 44.9575805664062 44.9306793212891 44.8949508666992 44.8503608703613 44.8064994812012 44.763370513916 44.7203216552734 44.6772804260254 44.634220123291 44.591178894043 44.5481300354004 44.5050811767578 44.4620094299316 44.418830871582 44.3939895629883 44.387508392334 44.3809204101562 44.3742218017578 44.3675117492676 44.3607902526855 44.3540687561035 44.3473510742188 44.3406410217285 44.3339309692383 44.3272094726562 44.320499420166 44.3260192871094 44.34375 44.3614883422852 44.3792304992676 44.3969802856445 44.4147186279297 44.4324684143066 44.4502182006836 44.467960357666 44.485710144043 44.5035018920899 44.5216789245606 44.5380897521973 44.5527000427246 44.5676803588867 44.583080291748 44.5985488891602 44.6140098571777 44.6294784545898 44.6449508666992
44.9853096008301 44.9590301513672 44.9327507019043 44.9064712524414 44.8803291320801 44.8550491333008 44.8229103088379 44.7838592529297 44.7456207275391 44.708179473877 44.6707992553711 44.6334190368652 44.5960388183594 44.5586585998535 44.5212783813477 44.4838981628418 44.4464988708496 44.4089088439941 44.3886489868164 44.3857307434082 44.382640838623 44.3793792724609 44.376091003418 44.3728103637695 44.3695182800293 44.3662414550781 44.3629493713379 44.3596687316895 44.3563804626465 44.3530311584473 44.360050201416 44.37744140625 44.3947792053223 44.4120597839355 44.429328918457 44.4466018676758 44.4638786315918 44.4811515808106 44.498420715332 44.5156898498535 44.5330085754394 44.5507011413574 44.5659713745117 44.5787811279297 44.5919799804687 44.6055793762207 44.6192512512207 44.6329193115234 44.646598815918 44.660270690918
44.9018211364746 44.8771018981934 44.8523788452148 44.8276710510254 44.8030281066895 44.7792892456055 44.7507019042969 44.7172203063965 44.6847190856934 44.6529884338379 44.6212692260742 44.5895614624023 44.5578498840332 44.5261383056641 44.4944305419922 44.462718963623 44.4309997558594 44.399040222168 44.3833694458008 44.3839988708496 44.3843803405762 44.3845291137695 44.3846817016602 44.3848304748535 44.3849716186523 44.3851203918457 44.3852691650391 44.3854103088379 44.3855590820312 44.3855895996094 44.3941192626953 44.4111595153809 44.4280700683594 44.444881439209 44.4616813659668 44.4784812927246 44.4952812194824 44.5120811462402 44.528881072998 44.5456809997559 44.5624885559082 44.5796585083008 44.5937805175781 44.6047897338867 44.6162414550781 44.6280899047852 44.6399612426758 44.6518287658691 44.6637115478516 44.6755905151367
44.8183288574219 44.7951812744141 44.7720184326172 44.7488708496094 44.7257194519043 44.7033500671387 44.6782913208008 44.6504402160645 44.6238288879395 44.5977897644043 44.5717506408691 44.545711517334 44.5196685791016 44.4936294555664 44.4675788879395 44.4415397644043 44.4155006408691 44.3892288208008 44.3781585693359 44.3823318481445 44.386100769043 44.3896903991699 44.3932609558105 44.3968505859375 44.4004211425781 44.4039993286133 44.4075813293457 44.4111595153809 44.4147300720215 44.4182014465332 44.4282493591309 44.4449195861816 44.4613800048828 44.4776992797852 44.4940299987793 44.5103607177734 44.5266799926758 44.5430107116699 44.5593414306641 44.5756607055664 44.5919914245605 44.608570098877 44.621509552002 44.6307601928711 44.640510559082 44.6505889892578 44.6606712341309 44.6707496643066 44.6808204650879 44.6908988952637
44.7349815368652 44.7133598327637 44.6916809082031 44.6700706481934 44.6484794616699 44.6272583007812 44.6056213378906 44.5835418701172 44.5629692077637 44.5425987243652 44.5222702026367 44.5020217895508 44.481689453125 44.4612693786621 44.4407691955566 44.4203605651855 44.3999900817871 44.379508972168 44.3730888366699 44.380729675293 44.3878288269043 44.3948402404785 44.4019088745117 44.409049987793 44.4161109924316 44.4230690002441 44.4299392700195 44.4369010925293 44.443920135498 44.450870513916 44.4624786376953 44.4787483215332 44.4946708679199 44.5105209350586 44.5264282226563 44.5424385070801 44.5583686828613 44.574161529541 44.5898590087891 44.6056518554688 44.6214981079102 44.637451171875 44.6491584777832 44.6566696166992 44.6648216247559 44.6730995178223 44.6814193725586 44.689868927002 44.6982383728027 44.7064590454102
44.6528701782227 44.6328506469727 44.6125907897949 44.5921096801758 44.571460723877 44.5512199401855 44.5326194763184 44.5168113708496 44.5024795532227 44.4885406494141 44.474479675293 44.4601783752441 44.4456100463867 44.4307708740234 44.4156494140625 44.4002799987793 44.3847808837891 44.3697814941406 44.3681907653809 44.3791084289551 44.3899192810059 44.4012184143066 44.4123916625977 44.4233093261719 44.4339408874512 44.4442481994629 44.4542388916016 44.463939666748 44.4734687805176 44.483528137207 44.4968490600586 44.5125885009766 44.5283508300781 44.5447196960449 44.5609703063965 44.5769195556641 44.592529296875 44.607780456543 44.6226615905762 44.6371917724609 44.6515083312988 44.6664009094238 44.6767196655273 44.6826400756836 44.6894989013672 44.6970901489258 44.7045211791992 44.7116088867188 44.7183303833008 44.7246589660645
44.5720291137695 44.5537414550781 44.5351791381836 44.5162582397461 44.4969291687012 44.47705078125 44.4593200683594 44.4521903991699 44.4447784423828 44.4369697570801 44.4287910461426 44.420280456543 44.4114303588867 44.4022598266602 44.3927307128906 44.3828392028809 44.3725318908691 44.3617515563965 44.3635101318359 44.3793983459473 44.3950996398926 44.4103813171387 44.4252510070801 44.4397697448731 44.4539108276367 44.4676704406738 44.4810485839844 44.4939918518066 44.5064506530762 44.5183486938477 44.5313987731934 44.5485687255859 44.5656204223633 44.5821800231934 44.5982818603516 44.6139411926269 44.6291809082031 44.6439895629883 44.6583404541016 44.6721992492676 44.685489654541 44.6981315612793 44.7041816711426 44.7111396789551 44.7182502746582 44.7247581481934 44.7307090759277 44.7361602783203 44.7411308288574 44.7456283569336
44.4923400878906 44.4759216308594 44.4592590332031 44.4423408508301 44.425178527832 44.408390045166 44.3969192504883 44.3926391601562 44.3900299072266 44.3876304626465 44.3850288391113 44.3821601867676 44.3790092468262 44.3755683898926 44.3718299865723 44.3678016662598 44.3635597229004 44.3596496582031 44.3675003051758 44.3854484558105 44.4035911560059 44.4220390319824 44.4402809143066 44.4582290649414 44.4758605957031 44.4931716918945 44.5101318359375 44.5267601013184 44.5431213378906 44.5598106384277 44.5764389038086 44.5914611816406 44.6068115234375 44.6225700378418 44.638111114502 44.6533088684082 44.6681518554688 44.6825981140137 44.6966514587402 44.710319519043 44.7236709594726 44.7373199462891 44.7454109191895 44.7478408813477 44.7515411376953 44.7557601928711 44.7597198486328 44.7632789611816 44.7664184570312 44.7691612243652
44.4602203369141 44.4460182189941 44.4317398071289 44.41748046875 44.4034309387207 44.3894805908203 44.3823890686035 44.3820915222168 44.3834495544434 44.3849792480469 44.3866691589355 44.3883590698242 44.3899383544922 44.3913803100586 44.3927116394043 44.3940811157227 44.3955917358398 44.3969688415527 44.4074897766113 44.4271011352539 44.4458084106445 44.4644203186035 44.4832191467285 44.5020294189453 44.5207290649414 44.5392608642578 44.5576591491699 44.5760917663574 44.5946998596191 44.6132202148438 44.6296005249023 44.6437797546387 44.6572418212891 44.6706085205078 44.6841697692871 44.6977806091309 44.7112503051758 44.7245407104492 44.7376708984375 44.7508087158203 44.7641792297363 44.7775917053223 44.7846794128418 44.7854995727539 44.7868881225586 44.7883796691894 44.7900695800781 44.791820526123 44.7934303283691 44.7948303222656
44.4757690429688 44.4641189575195 44.452449798584 44.4408988952637 44.4291305541992 44.4183082580566 44.4146194458008 44.4179496765137 44.4227600097656 44.4281692504883 44.4335708618164 44.4389801025391 44.4443893432617 44.4497985839844 44.4552001953125 44.4606094360351 44.4660186767578 44.4709892272949 44.4827384948731 44.5013694763184 44.5191307067871 44.5365180969238 44.5539093017578 44.5713005065918 44.588680267334 44.6060791015625 44.6234588623047 44.6408500671387 44.6582412719726 44.6753082275391 44.68994140625 44.7022018432617 44.7137794494629 44.7250099182129 44.7362518310547 44.7474899291992 44.758731842041 44.7699699401855 44.7812118530273 44.7924499511719 44.8036804199219 44.8151206970215 44.8207206726074 44.8204689025879 44.8206481933594 44.8210906982422 44.8215217590332 44.821949005127 44.8223915100098 44.8228187561035
44.4916000366211 44.4824409484863 44.4733695983887 44.4640998840332 44.4550094604492 44.4470100402832 44.4466094970703 44.4537315368652 44.4620780944824 44.4713592529297 44.4806594848633 44.4899482727051 44.4992485046387 44.5085487365723 44.5178489685059 44.5271415710449 44.5363998413086 44.5450096130371 44.5580596923828 44.5756301879883 44.5924301147461 44.6086196899414 44.6247901916504 44.6409492492676 44.6571197509766 44.6732788085938 44.6894493103027 44.7056198120117 44.7217597961426 44.7374000549316 44.7503318786621 44.7606201171875 44.7702789306641 44.7794189453125 44.7885284423828 44.7976417541504 44.8067512512207 44.8158683776855 44.8249816894531 44.8340911865234 44.8432083129883 44.8525886535645 44.8566589355469 44.8553810119629 44.8544387817383 44.8538017272949 44.8531799316406 44.8525505065918 44.8519401550293 44.8513107299805
44.507438659668 44.5008506774902 44.4940910339355 44.4874114990234 44.4809188842774 44.4755516052246 44.4783897399902 44.4893798828125 44.5014495849609 44.5145606994629 44.5277404785156 44.5409317016602 44.5541191101074 44.567310333252 44.5804901123047 44.5936813354492 44.6067695617676 44.6190910339355 44.6334800720215 44.649959564209 44.665699005127 44.680721282959 44.6956596374512 44.7106094360352 44.7255516052246 44.7404899597168 44.7554397583008 44.770378112793 44.7852592468262 44.7995109558105 44.8107681274414 44.8190803527832 44.8267593383789 44.8338203430176 44.8408088684082 44.8478012084961 44.8547782897949 44.861759185791 44.8687515258789 44.8757286071777 44.882740020752 44.8900184631348 44.8925285339355 44.8902397155762 44.8882293701172 44.8865089416504 44.8848304748535 44.8831596374512 44.8814811706543 44.879810333252
44.5233383178711 44.5190887451172 44.5149002075195 44.5107192993164 44.5067710876465 44.5039215087891 44.5099716186523 44.5248603820801 44.5407905578613 44.5577507019043 44.5748291015625 44.5918998718262 44.6089782714844 44.6260604858398 44.6431388854981 44.6602210998535 44.6771507263184 44.6932792663574 44.7089996337891 44.7243804931641 44.7389907836914 44.7528190612793 44.7665405273438 44.7802581787109 44.7939796447754 44.8077011108398 44.8214302062988 44.8351516723633 44.8487701416016 44.8617095947266 44.8713111877441 44.8776092529297 44.8832702636719 44.8882293701172 44.8930892944336 44.89794921875 44.9028015136719 44.9076614379883 44.9125213623047 44.9173698425293 44.9222602844238 44.9274101257324 44.9283409118652 44.9250411987305 44.921989440918 44.9192085266113 44.9164886474609 44.913761138916 44.9110298156738 44.9083099365234
44.5391006469727 44.537410736084 44.5357208251953 44.5340309143066 44.5325393676758 44.5321388244629 44.5413703918457 44.5601997375488 44.5800704956055 44.6009407043457 44.6219100952148 44.642879486084 44.6638488769531 44.6848106384277 44.7057800292969 44.726749420166 44.7475891113281 44.7675704956055 44.7846603393555 44.7989082336426 44.8123207092285 44.8249206542969 44.8374214172363 44.849910736084 44.8624114990234 44.8749198913574 44.8874092102051 44.8999099731445 44.9123191833496 44.923999786377 44.9319610595703 44.9362411499023 44.939811706543 44.9426383972168 44.945369720459 44.9481010437012 44.9508209228516 44.9535598754883 44.9562911987305 44.9590110778809 44.9617691040039 44.9647483825684 44.9640998840332 44.9598083496094 44.9557495117188 44.9519309997559 44.9481506347656 44.9443702697754 44.9405784606934 44.9367980957031
44.554931640625 44.5557403564453 44.5565414428711 44.5573501586914 44.5582504272461 44.5601997375488 44.5726013183594 44.5953903198242 44.6193084716797 44.6441383361816 44.6689987182617 44.6938591003418 44.7187118530274 44.7435607910156 44.7684211730957 44.7932815551758 44.8180809020996 44.8419990539551 44.860481262207 44.8735694885254 44.8857002258301 44.8970108032227 44.9082908630371 44.9195709228516 44.930850982666 44.9421195983887 44.9533996582031 44.9646797180176 44.9759101867676 44.9864082336426 44.9927406311035 44.9949913024902 44.9963989257812 44.9970512390137 44.9976501464844 44.9982490539551 44.998851776123 44.9994506835937 45.0000495910645 45.0006484985352 45.0012588500977 45.0020599365234 44.999828338623 44.9945411682129 44.9894905090332 44.9846305847168 44.9798011779785 44.9749717712402 44.9701309204102 44.9652900695801
44.5707702636719 44.5740585327149 44.5773582458496 44.5806617736816 44.5839614868164 44.5881195068359 44.6036491394043 44.6304588317871 44.6585807800293 44.687328338623 44.7160797119141 44.7448310852051 44.7735710144043 44.802318572998 44.8310699462891 44.8598213195801 44.8885688781738 44.9165802001953 44.9364814758301 44.9483795166016 44.9590606689453 44.9691200256348 44.9791717529297 44.9892196655273 44.9992790222168 45.0093307495117 45.0193901062012 45.0294418334961 45.0394897460938 45.0489501953125 45.0537185668945 45.0538787841797 45.052978515625 45.0514602661133 45.0499305725098 45.0484008789062 45.0468788146973 45.0453491210938 45.0438194274902 45.0423011779785 45.0407791137695 45.0393600463867 45.0355415344238 45.0292701721191 45.0232315063477 45.0173492431641 45.0114593505859 45.0055694580078 44.9996795654297 44.9937896728516
44.586799621582 44.5925216674805 44.5981903076172 44.6039695739746 44.6097602844238 44.6159286499024 44.6345100402832 44.665470123291 44.6978912353516 44.7305297851562 44.7631988525391 44.7959403991699 44.8286094665527 44.8611907958984 44.8937301635742 44.9263496398926 44.9589881896973 44.9912986755371 45.0127296447754 45.0233001708984 45.0323791503906 45.0412216186523 45.0500717163086 45.0589904785156 45.0678596496582 45.0766487121582 45.0853881835938 45.0942001342774 45.1030387878418 45.1116218566894 45.1148986816406 45.1128997802734 45.1095085144043 45.1058616638184 45.1022300720215 45.098690032959 45.0951194763184 45.0914192199707 45.0876312255859 45.0839385986328 45.0802917480469 45.0766716003418 45.0712394714355 45.0639991760254 45.056999206543 45.050048828125 45.0431518554688 45.0364608764649 45.029670715332 45.0226402282715
44.6049499511719 44.6130409240723 44.6208305358887 44.6283493041992 44.6357803344727 44.6438484191895 44.6651802062988 44.7006607055664 44.7375297546387 44.7748718261719 44.8120498657227 44.8489494323731 44.8855514526367 44.9218788146973 44.957950592041 44.9938087463379 45.0296211242676 45.0659408569336 45.0892715454102 45.0980911254883 45.1059494018555 45.1142196655273 45.1223907470703 45.1303482055664 45.138069152832 45.1455497741699 45.1527900695801 45.159839630127 45.1668014526367 45.1741905212402 45.1763801574707 45.1718292236328 45.1662902832031 45.1613082885742 45.1563301086426 45.1511688232422 45.1457099914551 45.1399116516113 45.1337203979492 45.1271209716797 45.1202507019043 45.1140213012695 45.1069412231445 45.0987586975098 45.091178894043 45.0848007202148 45.0784606933594 45.0717506408691 45.0644798278809 45.056510925293
44.6253395080566 44.6358795166016 44.6460418701172 44.6557693481445 44.6650505065918 44.6738204956055 44.6956787109375 44.7380981445312 44.780330657959 44.8220100402832 44.8632316589355 44.9040412902832 44.9444808959961 44.9845809936524 45.0243492126465 45.0638008117676 45.1029205322266 45.1416816711426 45.1661605834961 45.1741600036621 45.1820411682129 45.1895294189453 45.1966590881348 45.2034683227539 45.2099800109863 45.2161903381348 45.222110748291 45.2277183532715 45.2330017089844 45.2379188537598 45.2382011413574 45.2319717407227 45.2258605957031 45.219539642334 45.2129402160644 45.2060394287109 45.1987800598145 45.191089630127 45.1828994750977 45.1741104125977 45.1646118164062 45.1542205810547 45.1426582336426 45.1363410949707 45.1309700012207 45.1251792907715 45.1188888549805 45.1119804382324 45.1043586730957 45.0958709716797
44.6477699279785 44.6608390808105 44.6735610961914 44.6859588623047 44.6981010437012 44.710620880127 44.7380905151367 44.7814903259277 44.8265190124512 44.8716697692871 44.9165191650391 44.9610404968262 45.0052299499512 45.049129486084 45.0927200317383 45.1360702514648 45.1792411804199 45.2227096557617 45.2489700317383 45.2551116943359 45.260929107666 45.2669105529785 45.2726898193359 45.2781982421875 45.2834510803223 45.2884292602539 45.2931594848633 45.2976417541504 45.3019294738769 45.3064117431641 45.3057594299316 45.2973098754883 45.2886085510254 45.2802696228027 45.2718200683594 45.2631187438965 45.2541007995605 45.2447090148926 45.2348785400391 45.2245597839355 45.2137718200684 45.2031097412109 45.1936416625977 45.1846313476562 45.1772308349609 45.1706809997559 45.1639289855957 45.1567115783691 45.1488609313965 45.1402397155762
