Spatial_Analysis/Maxent_Inputs/Inputs/RCP4_5_Future/PAR_future45.asc
NCOLS 638 
NROWS 314 
XLLCORNER -102.97071042 
YLLCORNER 3.973116569 
CELLSIZE 0.083 
NODATA_value -9999 
[rows 22 to 43 of 314, columns 400 to 449 of 638]
41.414379119873 41.4159507751465 41.4148101806641 41.411060333252 41.4064712524414 41.4009208679199 41.395149230957 41.3893585205078 41.3835792541504 41.3777885437012 41.3720092773438 41.3662185668945 41.3604393005371 41.3543891906738 41.3519096374512 41.3530502319336 41.3537902832031 41.3541107177734 41.3542900085449 41.3544807434082 41.3546714782715 41.354850769043 41.3550491333008 41.3552398681641 41.3554191589355 41.3560905456543 41.3534202575684 41.3472900390625 41.3419609069824 41.3375511169434 41.3334312438965 41.3293190002441 41.3251991271973 41.3210906982422 41.3169708251953 41.312858581543 41.3087387084961 41.3044204711914 41.3048400878906 41.3100814819336 41.3149185180664 41.3193206787109 41.3235397338867 41.3277702331543 41.3319892883301 41.3362197875977 41.3405113220215 41.344669342041 41.3488883972168 41.3533096313476
41.4370002746582 41.4375915527344 41.4361991882324 41.432918548584 41.4288482666016 41.4238891601562 41.4185905456543 41.4132995605469 41.4080009460449 41.4027099609375 41.3974189758301 41.3921203613281 41.3868217468262 41.3812599182129 41.3797187805176 41.3822402954102 41.3844299316406 41.3862380981445 41.3879013061523 41.3895606994629 41.3912315368652 41.3928909301758 41.3945617675781 41.3962211608887 41.3978881835938 41.400089263916 41.397159576416 41.3890113830566 41.3815612792969 41.3749198913574 41.3686599731445 41.3623809814453 41.3561096191406 41.3498382568359 41.3435592651367 41.3372993469238 41.3310203552246 41.3245506286621 41.3252487182617 41.3331909179688 41.3408203125 41.3481407165527 41.355281829834 41.362419128418 41.3695602416992 41.3767700195312 41.3838386535645 41.3909797668457 41.398120880127 41.4054908752441
41.4596290588379 41.4593391418457 41.4577293395996 41.4549102783203 41.4513206481934 41.4468383789063 41.4420394897461 41.4372406005859 41.432430267334 41.4276313781738 41.4228286743164 41.4180297851563 41.4132194519043 41.4081802368164 41.4075889587402 41.411491394043 41.4151000976562 41.4183692932129 41.4215087890625 41.4246482849121 41.427791595459 41.4309310913086 41.4340705871582 41.4372100830078 41.4403495788574 41.4439888000488 41.4407691955566 41.430591583252 41.421070098877 41.4123001098633 41.4038810729981 41.395450592041 41.387020111084 41.378589630127 41.3701591491699 41.3617286682129 41.3532981872559 41.3447303771973 41.3457298278809 41.3563613891602 41.3667793273926 41.3769493103027 41.3870086669922 41.3970718383789 41.4071998596191 41.417179107666 41.4272308349609 41.4372901916504 41.4473495483398 41.4576110839844
41.4822883605957 41.4811782836914 41.4794006347656 41.4770317077637 41.4738616943359 41.4697914123535 41.4654808044434 41.4611701965332 41.4568595886231 41.4525489807129 41.4482383728027 41.4439315795898 41.4396209716797 41.435131072998 41.4355087280273 41.4407806396484 41.44580078125 41.4505004882812 41.4551200866699 41.4597282409668 41.4643516540527 41.4689598083496 41.4735794067383 41.478199005127 41.4828109741211 41.4878082275391 41.484260559082 41.4720802307129 41.460521697998 41.4496917724609 41.4390907287598 41.4285087585449 41.4179191589356 41.407341003418 41.3967514038086 41.3861694335938 41.3755798339844 41.3649215698242 41.3662414550781 41.3795585632324 41.3927383422852 41.4057693481445 41.4187393188477 41.4317893981934 41.4446907043457 41.4576606750488 41.470630645752 41.4836006164551 41.4965705871582 41.509708404541
41.5049209594727 41.5031204223633 41.5012016296387 41.4992713928223 41.4964485168457 41.4927406311035 41.4889297485352 41.4851112365723 41.4812889099121 41.4774703979492 41.4736595153809 41.469841003418 41.4660186767578 41.462100982666 41.4634590148926 41.4701118469238 41.4765090942383 41.4826393127441 41.4887313842774 41.4948196411133 41.5009117126465 41.5069999694824 41.5130882263184 41.5191802978516 41.5252685546875 41.5315895080566 41.5276794433594 41.5134811401367 41.4999313354492 41.487060546875 41.4743194580078 41.4615783691406 41.4488296508789 41.4360885620117 41.4233512878418 41.4105987548828 41.3978614807129 41.3851013183594 41.3867301940918 41.4027290344238 41.4186897277832 41.4345893859863 41.4505500793457 41.4663696289062 41.482250213623 41.4981384277344 41.514030456543 41.5299110412598 41.5457992553711 41.5617790222168
41.5275688171387 41.5251083374023 41.5231285095215 41.5216293334961 41.5190200805664 41.5156898498535 41.5123710632324 41.5090408325195 41.5057182312012 41.5023994445801 41.4990692138672 41.4957389831543 41.4924087524414 41.4890594482422 41.4914093017578 41.4994506835937 41.507209777832 41.5147705078125 41.5223388671875 41.529899597168 41.5374717712402 41.5450401306152 41.5526008605957 41.5601692199707 41.5677299499512 41.5753593444824 41.5710296630859 41.5548210144043 41.5393600463867 41.5244407653809 41.5095405578613 41.4946403503418 41.4797401428223 41.4648399353027 41.4499397277832 41.4350395202637 41.4201393127441 41.4052391052246 41.4071388244629 41.4258499145508 41.4446105957031 41.4634819030762 41.4822082519531 41.5010108947754 41.5198211669922 41.5386199951172 41.5574188232422 41.576229095459 41.5950202941895 41.6138496398926
41.5502014160156 41.5469818115234 41.5452117919922 41.5440711975098 41.5414886474609 41.5386505126953 41.5357704162598 41.5328788757324 41.5300102233887 41.5271606445312 41.5243492126465 41.5215797424316 41.5188102722168 41.5159797668457 41.5193481445312 41.5287590026855 41.5378608703613 41.5468788146973 41.5558204650879 41.564769744873 41.5737609863281 41.5828094482422 41.5918998718262 41.6010398864746 41.6101799011231 41.6192283630371 41.6143608093262 41.5961494445801 41.5788803100586 41.5618095397949 41.5446701049805 41.5275497436523 41.5104904174805 41.4934501647949 41.4764404296875 41.4594383239746 41.4424095153809 41.4253616333008 41.4274482727051 41.448860168457 41.4705810546875 41.4922218322754 41.5138893127441 41.5355491638184 41.5572090148926 41.5788993835449 41.6006393432617 41.622428894043 41.6442413330078 41.6659698486328
41.5727310180664 41.5686912536621 41.5673713684082 41.5662994384766 41.5638694763184 41.5614204406738 41.5589408874512 41.5564804077148 41.5540390014648 41.551628112793 41.5492897033691 41.5470008850098 41.5448112487793 41.5427093505859 41.5472602844238 41.5579986572266 41.5682411193848 41.5784606933594 41.5887413024902 41.5990905761719 41.6095199584961 41.6200408935547 41.6306304931641 41.6413192749023 41.652099609375 41.6629600524902 41.6577301025391 41.6376304626465 41.6181602478027 41.598690032959 41.5793304443359 41.5600891113281 41.540901184082 41.5217781066895 41.5027008056641 41.4836196899414 41.4645385742188 41.4454383850098 41.447639465332 41.4718399047852 41.4963493347168 41.5208511352539 41.5453186035156 41.5697784423828 41.5942611694336 41.6187896728516 41.6433792114258 41.6680717468262 41.6928901672363 41.7178382873535
41.595100402832 41.5902099609375 41.5887603759766 41.5880508422852 41.5860404968262 41.5839881896973 41.5819282531738 41.5798683166504 41.5778388977051 41.5758399963379 41.5738983154297 41.5720291137695 41.5702514648438 41.5685806274414 41.5740203857422 41.586109161377 41.5977516174316 41.6094017028809 41.6211318969727 41.6329383850098 41.6448287963867 41.656810760498 41.6688613891602 41.6810111999512 41.6932487487793 41.7055892944336 41.7002296447754 41.6781387329102 41.6565284729004 41.6349906921387 41.6135787963867 41.5922698974609 41.5710411071777 41.5498695373535 41.5287284851074 41.5076103210449 41.4864807128906 41.4653205871582 41.4677810668945 41.4946098327637 41.5219688415527 41.5492515563965 41.5764999389649 41.6037483215332 41.6310195922852 41.6583290100098 41.6857109069824 41.7131881713867 41.7407989501953 41.7685585021973
41.6173210144043 41.6115493774414 41.6092300415039 41.6093788146973 41.6079788208008 41.6063613891602 41.6047096252441 41.6030502319336 41.6014099121094 41.599781036377 41.5982093811035 41.5966606140137 41.5951385498047 41.5935592651367 41.599479675293 41.6129302978516 41.626350402832 41.6397094726563 41.6530113220215 41.6663208007812 41.6796913146973 41.6931190490723 41.7065887451172 41.7201194763184 41.7336692810059 41.7471084594727 41.7414894104004 41.7173500061035 41.6939811706543 41.6707191467285 41.6474113464355 41.6241302490234 41.6009101867676 41.5777206420899 41.5545501708984 41.5313911437988 41.5082206726074 41.4850082397461 41.4879417419434 41.517391204834 41.5473594665527 41.5774307250977 41.6074485778809 41.6374588012695 41.66748046875 41.6975288391113 41.7276306152344 41.7577896118164 41.7879905700684 41.8181114196777
41.6541786193848 41.6479110717773 41.6449317932129 41.6451797485352 41.6442108154297 41.6425094604492 41.6408195495605 41.6391181945801 41.6374206542969 41.6357307434082 41.6340293884277 41.6323318481445 41.6306381225586 41.6289405822754 41.6347389221191 41.6480293273926 41.6613807678223 41.6748008728027 41.6882095336914 41.7016181945801 41.715030670166 41.7284393310547 41.7418594360352 41.7552680969238 41.7686805725098 41.7821197509766 41.7767295837402 41.7525482177734 41.7289199829102 41.7056617736816 41.6824111938477 41.6591491699219 41.6358985900879 41.6126518249512 41.5894012451172 41.5661506652832 41.5428886413574 41.519660949707 41.5227317810059 41.5521507263184 41.5819396972656 41.6119918823242 41.6420516967773 41.6721115112305 41.7021598815918 41.7322196960449 41.762279510498 41.7923393249512 41.8223991394043 41.8524589538574
41.7057991027832 41.6993293762207 41.6959686279297 41.6958503723145 41.6947212219238 41.6926193237305 41.6904106140137 41.6882019042969 41.6859893798828 41.683780670166 41.6815795898438 41.6793594360352 41.6771583557129 41.6749992370605 41.679759979248 41.6914291381836 41.703239440918 41.7151794433594 41.7271308898926 41.7390899658203 41.7510490417481 41.7630004882813 41.774959564209 41.7869186401367 41.7988815307617 41.8109588623047 41.8058815002441 41.7835884094238 41.7617111206055 41.7402687072754 41.7188987731934 41.6975212097168 41.6761512756348 41.6547698974609 41.6333999633789 41.6120185852051 41.5906410217285 41.5693511962891 41.572078704834 41.5988082885742 41.6258201599121 41.6531181335449 41.6804809570312 41.7078285217285 41.7351913452149 41.7625389099121 41.7899017333984 41.8172607421875 41.8446083068848 41.8720092773438
41.7574081420898 41.7507705688477 41.7471313476562 41.7466087341309 41.7451705932617 41.7427101135254 41.739990234375 41.7372703552246 41.7345504760742 41.7318305969238 41.7291107177734 41.726390838623 41.7236709594727 41.7210693359375 41.7248191833496 41.7348709106445 41.7451210021973 41.7555618286133 41.7660598754883 41.7765693664551 41.7870712280273 41.7975692749023 41.8080711364746 41.8185691833496 41.8290710449219 41.8397903442383 41.8349685668945 41.8145599365234 41.7945213317871 41.7748908996582 41.7553901672363 41.7358894348145 41.7163887023926 41.6968994140625 41.6773910522461 41.657901763916 41.6384010314941 41.6190299987793 41.6213798522949 41.6454315185547 41.6697006225586 41.6942596435547 41.7189102172852 41.7435607910156 41.7682189941406 41.7928695678711 41.8175201416016 41.842170715332 41.866828918457 41.8915481567383
41.809009552002 41.8023109436035 41.7984390258789 41.7975006103516 41.7956809997559 41.7928085327149 41.7895812988281 41.7863502502441 41.7831192016602 41.7798881530762 41.7766609191895 41.7734298706055 41.7701988220215 41.7671585083008 41.7698707580566 41.7783203125 41.7869987487793 41.7959403991699 41.804988861084 41.8140411376953 41.8230895996094 41.8321304321289 41.841178894043 41.8502197265625 41.8592681884766 41.868579864502 41.8639907836914 41.8454704284668 41.8272895812988 41.8095092773438 41.7918815612793 41.7742614746094 41.7566413879395 41.7390213012695 41.7214012145996 41.7037696838379 41.686149597168 41.6686897277832 41.6706504821777 41.6919898986816 41.7135696411133 41.7353897094727 41.7573394775391 41.7792892456055 41.8012390136719 41.8231887817383 41.8451385498047 41.8670997619629 41.8890495300293 41.9110717773438
41.8606300354004 41.8539581298828 41.8498992919922 41.8485488891602 41.8462600708008 41.8429107666016 41.839168548584 41.8354301452637 41.8316802978516 41.8279418945312 41.8241996765137 41.8204612731934 41.8167190551758 41.8132209777832 41.8148994445801 41.8217391967774 41.8288688659668 41.8363189697266 41.8439102172852 41.8515090942383 41.8591003417969 41.8666915893555 41.8742790222168 41.8818702697754 41.8894691467285 41.8973083496094 41.8929481506348 41.8763313293457 41.8600311279297 41.8441200256348 41.828369140625 41.812629699707 41.7968902587891 41.7811393737793 41.7653999328613 41.7496490478516 41.7339096069336 41.718318939209 41.7198715209961 41.7385292053223 41.7574005126953 41.7765312194824 41.795768737793 41.8150215148926 41.8342704772949 41.8535194396973 41.8727607727051 41.8920097351074 41.9112586975098 41.9305801391602
41.9122505187988 41.9057388305664 41.901538848877 41.8997497558594 41.8969497680664 41.893009185791 41.8887596130371 41.8844985961914 41.8802490234375 41.8759994506836 41.8717384338379 41.867488861084 41.8632392883301 41.8592300415039 41.8598709106445 41.8651008605957 41.8707008361816 41.876708984375 41.8828392028809 41.8889808654785 41.8951110839844 41.9012603759766 41.9073905944824 41.9135208129883 41.9196701049805 41.9260101318359 41.9218482971191 41.9071197509766 41.8927383422852 41.8787307739258 41.864860534668 41.8509902954102 41.8371391296387 41.8232688903809 41.8093910217285 41.7955284118652 41.7816581726074 41.7679214477539 41.7690505981445 41.7850189208984 41.8012084960938 41.8176498413086 41.8342018127441 41.8507499694824 41.8672981262207 41.8838386535645 41.9003791809082 41.9169311523438 41.933479309082 41.9500694274902
41.9638710021973 41.9576606750488 41.953369140625 41.9511299133301 41.9477081298828 41.9431114196777 41.9383392333984 41.9335784912109 41.9288101196289 41.9240493774414 41.9192810058594 41.9145202636719 41.9097595214844 41.9051818847656 41.9047393798828 41.9083709716797 41.9124794006348 41.9170913696289 41.9217681884766 41.9264488220215 41.9311294555664 41.9358215332031 41.9404983520508 41.9451789855957 41.9498596191406 41.9546813964844 41.9506912231445 41.9378700256348 41.9254112243652 41.9133491516113 41.9013595581055 41.8893699645996 41.8773803710938 41.8653793334961 41.8533897399902 41.8414001464844 41.8294105529785 41.8175010681152 41.8181991577148 41.8314781188965 41.8450088500977 41.8587913513184 41.872631072998 41.8864707946777 41.900318145752 41.9141616821289 41.9280090332031 41.9418487548828 41.9556884765625 41.9695587158203
42.0154914855957 42.0096817016602 42.0054206848145 42.0027198791504 41.9984703063965 41.9932098388672 41.9879302978516 41.9826507568359 41.9773788452149 41.9720993041992 41.9668197631836 41.9615516662598 41.9562683105469 41.9510803222656 41.9494895935059 41.9515190124512 41.9542503356934 41.9574699401855 41.9606895446777 41.9639205932617 41.9671516418457 41.9703788757324 41.9736099243164 41.9768295288086 41.9800605773926 41.9833297729492 41.9794807434082 41.9685592651367 41.9580917358399 41.9479598999024 41.9378509521484 41.9277305603027 41.9176216125488 41.9075088500977 41.897388458252 41.8872795104981 41.8771705627441 41.8670692443848 41.8673095703125 41.8778991699219 41.8887901306152 41.8999214172363 41.911060333252 41.9221992492676 41.933349609375 41.9444885253906 41.9556312561035 41.9667701721191 41.9779090881348 41.9890594482422
42.0671005249023 42.061580657959 42.0577392578125 42.0544700622559 42.0490913391113 42.0432815551758 42.037410736084 42.0315704345703 42.0257911682129 42.0200500488281 42.0143203735352 42.0085716247559 42.002799987793 41.9970092773438 41.9940605163574 41.9945411682129 41.9960708618164 41.9978485107422 41.9996604919434 42.0014495849609 42.003231048584 42.0049896240234 42.0067481994629 42.0084991455078 42.0102615356445 42.0120315551758 42.0082206726074 41.999210357666 41.9908103942871 41.9825782775879 41.9743309020996 41.9660797119141 41.957820892334 41.9495811462402 41.941349029541 41.9331207275391 41.924919128418 41.9166793823242 41.916389465332 41.9243011474609 41.9326210021973 41.9410514831543 41.9494400024414 41.9578094482422 41.9662208557129 41.9746513366699 41.9831199645996 41.9916191101074 42.0001182556152 42.0085601806641
42.1180610656738 42.1130790710449 42.110279083252 42.1059989929199 42.0993690490723 42.0927810668945 42.0863609313965 42.080078125 42.0738906860352 42.0677604675293 42.0616493225098 42.0555191040039 42.0493316650391 42.0430488586426 42.0384712219238 42.0375900268555 42.0380096435547 42.0384216308594 42.0387916564941 42.0391311645508 42.0394401550293 42.0397300720215 42.0400009155273 42.0402603149414 42.0405197143555 42.0407905578613 42.0369491577148 42.0299110412598 42.0235481262207 42.0171699523926 42.0107612609863 42.0043411254883 41.9979209899902 41.9915084838867 41.9851303100586 41.9787788391113 41.9724807739258 41.9662399291992 41.9654693603516 41.9707183837891 41.9763298034668 41.9818916320801 41.9874610900879 41.993091583252 41.9987487792969 42.0044593811035 42.0102310180664 42.0160484313965 42.0219497680664 42.0279197692871
42.1679801940918 42.1630783081055 42.1604881286621 42.1556205749512 42.1484985351562 42.1415710449219 42.1348190307617 42.1282196044922 42.1217193603516 42.1152687072754 42.1088409423828 42.1023902893066 42.095890045166 42.0892791748047 42.0836296081543 42.081298828125 42.0802688598633 42.0792083740234 42.0780982971191 42.0769500732422 42.0757713317871 42.0745582580566 42.0733489990234 42.0721206665039 42.0708885192871 42.0696601867676 42.0659790039063 42.0608215332031 42.0562896728516 42.0517196655274 42.0471305847168 42.0425300598145 42.0379295349121 42.0333518981934 42.0287818908691 42.0242614746094 42.0197792053223 42.0153694152832 42.0142097473145 42.016731262207 42.0195388793945 42.0223388671875 42.0251808166504 42.0280609130859 42.0309791564941 42.0339508056641 42.0369911193848 42.0400810241699 42.0432586669922 42.0465202331543
42.2168617248535 42.2114601135254 42.2073211669922 42.2029685974121 42.1964797973633 42.1896514892578 42.182788848877 42.1759910583496 42.1692695617676 42.1625709533691 42.1558990478516 42.1492004394531 42.1424789428711 42.1357192993164 42.1298599243164 42.1257591247559 42.1228904724121 42.1202201843262 42.117561340332 42.1148910522461 42.1122093200684 42.1095008850098 42.1067886352539 42.1040687561035 42.1013603210449 42.0986595153809 42.0953598022461 42.0918998718262 42.0890197753906 42.0862503051758 42.0834503173828 42.0806617736816 42.0778617858887 42.0750694274902 42.0722999572754 42.0695495605469 42.0668106079102 42.0640602111816 42.0623588562012 42.062068939209 42.0622100830078 42.0624198913574 42.0625686645508 42.0627288818359 42.0629196166992 42.0631408691406 42.0634117126465 42.063720703125 42.0640487670898 42.0643196105957
