Spatial_Analysis/Maxent_Inputs/Inputs/RCP4_5_Future/PAR_future45.asc
NCOLS 638 
NROWS 314 
XLLCORNER -102.97071042 
YLLCORNER 3.973116569 
CELLSIZE 0.083 
NODATA_value -9999 
[rows 198 to 219 of 314, columns 300 to 349 of 638]
44.896900177002 44.9298210144043 44.9633598327637 44.9975700378418 45.0325393676758 45.0683288574219 45.1076393127441 45.1441307067871 45.1806907653809 45.218391418457 45.2569694519043 45.296199798584 45.3358688354492 45.3757705688477 45.4157295227051 45.4555702209473 45.4950904846191 45.534049987793 45.5569000244141 45.5672302246094 45.5776290893555 45.5877685546875 45.597728729248 45.6075706481934 45.617359161377 45.627140045166 45.6369705200195 45.646900177002 45.6569709777832 45.6672210693359 45.6851005554199 45.7167091369629 45.7486991882324 45.780330657959 45.8117790222168 45.8432006835938 45.8747406005859 45.9064903259277 45.9385604858398 45.9710006713867 46.0038604736328 46.0370101928711 46.0838890075684 46.1392211914062 46.193431854248 46.2470893859863 46.3009986877441 46.3552589416504 46.4098701477051 46.4647903442383
44.8677711486816 44.898681640625 44.9301490783691 44.9621810913086 44.9947395324707 45.0270309448242 45.064338684082 45.1070098876953 45.1479301452637 45.1892013549805 45.2311592102051 45.273681640625 45.3166007995605 45.359748840332 45.4029388427734 45.4460182189941 45.4888114929199 45.5312309265137 45.5572509765625 45.5678596496582 45.5790405273438 45.5901184082031 45.6010589599609 45.6119003295898 45.6226806640625 45.6334609985351 45.6442794799805 45.6551895141602 45.6661987304688 45.6786003112793 45.7002983093262 45.7309913635254 45.7622604370117 45.7934494018555 45.8246383666992 45.8559417724609 45.8874206542969 45.9191703796387 45.9512100219727 45.983570098877 46.0150985717773 46.0450096130371 46.0886306762695 46.1464881896973 46.2025909423828 46.2578811645508 46.3133583068848 46.3690910339355 46.4250793457031 46.4813003540039
44.8367614746094 44.8662796020508 44.8960609436035 44.9258689880371 44.9552803039551 44.9845886230469 45.0222282409668 45.0681495666504 45.1138191223145 45.1593894958496 45.2047309875488 45.2502288818359 45.2959289550781 45.3417587280273 45.3875999450684 45.4333610534668 45.4790191650391 45.5246810913086 45.5536308288574 45.5658798217773 45.5782890319824 45.5907211303711 45.6031608581543 45.6155891418457 45.6279792785645 45.6403694152832 45.6527709960937 45.6656799316406 45.6798095703125 45.6949615478516 45.7180786132812 45.7491607666016 45.7810516357422 45.8132400512695 45.845588684082 45.8781013488769 45.9108009338379 45.9433517456055 45.9749717712402 46.0058517456055 46.036018371582 46.0656204223633 46.1100807189941 46.1694183349609 46.2282409667969 46.2865295410156 46.3442001342773 46.401668548584 46.459228515625 46.5156402587891
44.8034210205078 44.8322296142578 44.8610305786133 44.8898391723633 44.9186401367188 44.9475593566895 44.9858894348145 45.033618927002 45.0815582275391 45.1295890808105 45.1776084899902 45.2256317138672 45.2736511230469 45.3216781616211 45.369701385498 45.4177207946777 45.4657402038574 45.5136413574219 45.5450897216797 45.5600891113281 45.5748100280762 45.5894203186035 45.6040382385254 45.6186485290527 45.6332702636719 45.6478996276856 45.6629219055176 45.6786308288574 45.695068359375 45.7122116088867 45.7375907897949 45.7711906433105 45.8054389953613 45.8401298522949 45.8751106262207 45.9099388122559 45.9441299438477 45.9778213500977 46.0110816955566 46.0439682006836 46.076530456543 46.1087608337402 46.1553382873535 46.2162399291992 46.2768096923828 46.3370399475098 46.3964691162109 46.4533195495605 46.5076904296875 46.5604705810547
44.768970489502 44.7972297668457 44.8254890441895 44.8537483215332 44.8820304870606 44.9108085632324 44.9499206542969 44.9993209838867 45.0493087768555 45.0997009277344 45.150089263916 45.2004890441894 45.2508888244629 45.3012809753418 45.3516807556152 45.4020690917969 45.452449798584 45.502368927002 45.5362281799316 45.554069519043 45.5713195800781 45.5881385803223 45.6049499511719 45.621768951416 45.6384696960449 45.6550712585449 45.6721305847168 45.6898384094238 45.7081985473633 45.7271881103516 45.7548713684082 45.7912101745605 45.8280982971191 45.8652687072754 45.9020881652832 45.938591003418 45.9748115539551 46.0107917785645 46.0465393066406 46.0820693969727 46.1173782348633 46.152458190918 46.2012481689453 46.263729095459 46.3247604370117 46.3831787109375 46.4394683837891 46.4942398071289 46.5479011535645 46.6007118225098
44.7345314025879 44.7622299194336 44.7899398803711 44.8176612854004 44.8455009460449 44.874210357666 44.914119720459 44.9651794433594 45.0171012878418 45.0698089599609 45.1225814819336 45.175350189209 45.2281188964844 45.280891418457 45.3336601257324 45.3864288330078 45.4390983581543 45.4909706115723 45.5272598266602 45.5479507446289 45.5677795410156 45.5868606567383 45.6058692932129 45.6245307922363 45.6424789428711 45.6607513427734 45.6796493530273 45.6992416381836 45.7194900512695 45.740348815918 45.7704010009766 45.8095893859863 45.8488311767578 45.8879890441894 45.9270210266113 45.9659309387207 46.004711151123 46.0433502197266 46.081859588623 46.120231628418 46.1584281921387 46.1964492797852 46.2458801269531 46.3059883117676 46.3641090393066 46.4208297729492 46.4765701293945 46.5315589904785 46.5859413146973 46.6396408081055
44.700080871582 44.7272415161133 44.7543983459473 44.7815704345703 44.8089790344238 44.8376197814941 44.8783302307129 44.9310417175293 44.9849090576172 45.0399284362793 45.0950698852539 45.1502189636231 45.2053489685059 45.2604904174805 45.3156394958496 45.3707809448242 45.4257392883301 45.479621887207 45.5183296203613 45.5418815612793 45.5642395019531 45.585578918457 45.6063117980957 45.6255111694336 45.6448287963867 45.6648216247559 45.6855812072754 45.7070693969727 45.7292289733887 45.7520217895508 45.7844009399414 45.8260192871094 45.8676605224609 45.9093284606934 45.9509811401367 45.9926109313965 46.0341796875 46.0756683349609 46.1170806884766 46.158390045166 46.1979293823242 46.2348213195801 46.2822189331055 46.3407402038574 46.3983383178711 46.4552612304688 46.5116310119629 46.5675582885742 46.6229705810547 46.6776885986328
44.6656303405762 44.6922492980957 44.7188606262207 44.7454795837402 44.7723808288574 44.8008804321289 44.8423690795898 44.8967590332031 44.9526710510254 45.0100402832031 45.0675582885742 45.1250686645508 45.1825790405273 45.2401008605957 45.2976188659668 45.3551292419434 45.4124488830566 45.4684295654297 45.5096206665039 45.5359687805176 45.5607604980469 45.5839996337891 45.6044998168945 45.6247100830078 45.6456413269043 45.6674499511719 45.6901206970215 45.7135581970215 45.7376899719238 45.7622985839844 45.796760559082 45.8410301208496 45.8853988647461 45.9298400878906 45.9743194580078 46.0188293457031 46.0633201599121 46.107780456543 46.1509819030762 46.1912498474121 46.2293891906738 46.2660789489746 46.3136100769043 46.3722915649414 46.4304695129395 46.4882507324219 46.545711517334 46.6027717590332 46.6593017578125 46.7153511047363
44.6311798095703 44.6572494506836 44.6833190917969 44.7093811035156 44.7356605529785 44.7638282775879 44.8060493469238 44.862190246582 44.9203414916992 44.9801597595215 45.0400390625 45.0999298095703 45.1598205566406 45.2196998596191 45.2795906066895 45.3394813537598 45.3992500305176 45.4575119018555 45.5012397766113 45.530330657959 45.5573501586914 45.5798187255859 45.6007385253906 45.6223907470703 45.6450996398926 45.6688385009766 45.6934814453125 45.718921661377 45.7449188232422 45.7712287902832 45.8079795837402 45.8551216125488 45.9023895263672 45.9497489929199 45.997200012207 46.0446891784668 46.0917015075684 46.1356506347656 46.1771202087402 46.2169609069824 46.2557792663574 46.2939682006836 46.3427505493164 46.4022407531738 46.4614486694336 46.5204200744629 46.5791206359863 46.6373901367188 46.6952705383301 46.7528190612793
44.5967292785645 44.6222496032715 44.6477699279785 44.6732902526855 44.6988410949707 44.7263412475586 44.7691993713379 44.827220916748 44.8880081176758 44.9502716064453 45.0125312805176 45.0747909545898 45.1370506286621 45.1993103027344 45.2615699768066 45.3238296508789 45.3860893249512 45.446949005127 45.4933586120605 45.5250282287598 45.5518112182617 45.573299407959 45.5953788757324 45.6187515258789 45.6433792114258 45.6691093444824 45.6957817077637 45.7231597900391 45.7510108947754 45.7792091369629 45.8184089660645 45.8685302734375 45.9188003540039 45.9691886901855 46.0196800231934 46.0678787231445 46.1129188537598 46.1559791564941 46.1978416442871 46.2390098571777 46.2797203063965 46.3200988769531 46.3705902099609 46.4312400817871 46.4917182922363 46.5520210266113 46.6119995117188 46.6716499328613 46.7310409545898 46.790168762207
44.5622901916504 44.5872611999512 44.6122207641602 44.6371994018555 44.6621704101562 44.6883087158203 44.7315788269043 44.7918090820312 44.8557510375976 44.9203796386719 44.9850196838379 45.0496292114258 45.1142387390137 45.1788902282715 45.2435493469238 45.3081817626953 45.3728103637695 45.4367485046387 45.4861106872559 45.5198097229004 45.5429000854492 45.5649604797363 45.5886497497559 45.613941192627 45.6405906677246 45.668399810791 45.6971015930176 45.7264518737793 45.756290435791 45.7864799499512 45.8282089233399 45.8814010620117 45.9347496032715 45.9875793457031 46.0366897583008 46.0831604003906 46.1280899047852 46.1721801757812 46.2157897949219 46.2591018676758 46.302188873291 46.3451309204102 46.3975791931152 46.4595718383789 46.5214691162109 46.5831298828125 46.64453125 46.7056999206543 46.7666702270508 46.827449798584
44.5282211303711 44.5526695251465 44.5770301818848 44.6013107299805 44.625560760498 44.6500396728516 44.6929397583008 44.7564811706543 44.8235015869141 44.8904190063477 44.9571495056152 45.0237693786621 45.0904312133789 45.1572494506836 45.2243499755859 45.2918014526367 45.3594512939453 45.4265289306641 45.4796600341797 45.5101890563965 45.5315895080566 45.5550804138184 45.5807113647461 45.6080703735352 45.636848449707 45.6667709350586 45.6975593566895 45.7289886474609 45.7608985900879 45.7931709289551 45.8374900817871 45.8938102722168 45.9481201171875 45.9984512329101 46.0466117858887 46.0936012268066 46.1400413513184 46.1861686706543 46.2321090698242 46.2779388427734 46.3236885070801 46.3693885803223 46.4239692687988 46.4874382019043 46.5507698059082 46.6138916015625 46.676830291748 46.7396011352539 46.8022117614746 46.864688873291
44.4946098327637 44.5186080932617 44.5425109863281 44.5662612915039 44.5898094177246 44.6131286621094 44.6529998779297 44.7221412658691 44.7914199829102 44.8601989746094 44.9286689758301 44.9970092773437 45.0653991699219 45.1339912414551 45.2029685974121 45.2725296020508 45.3428688049316 45.4141998291016 45.47412109375 45.4956893920899 45.5182609558105 45.5438194274902 45.5716400146484 45.6012191772461 45.6322288513184 45.6643600463867 45.6973304748535 45.7309188842773 45.7649612426758 45.7993583679199 45.8462181091309 45.9015884399414 45.9533805847168 46.0034103393555 46.0525894165039 46.1014404296875 46.1501312255859 46.1987495422363 46.2473411560059 46.2959213256836 46.3445091247559 46.3931083679199 46.4499282836914 46.5149116516113 46.5797309875488 46.6444206237793 46.7089614868164 46.7733917236328 46.8378105163574 46.9022102355957
44.4613800048828 44.4850311279297 44.5085716247559 44.5319786071777 44.5552406311035 44.5784606933594 44.6205711364746 44.6889801025391 44.7595291137695 44.829719543457 44.8996391296387 44.9694290161133 45.0392608642578 45.1092987060547 45.1796798706055 45.2505912780762 45.3221092224121 45.393928527832 45.451789855957 45.4774703979492 45.5030784606934 45.53125 45.5615081787109 45.5934600830078 45.626838684082 45.6612892150879 45.6965103149414 45.7323112487793 45.7685508728027 45.8044281005859 45.8481788635254 45.901611328125 45.9536209106445 46.0051002502441 46.0564117431641 46.1076889038086 46.1589889526367 46.2103500366211 46.2617797851562 46.3132705688477 46.3648109436035 46.4164199829101 46.475528717041 46.542049407959 46.6084594726562 46.6747703552246 46.7411003112793 46.8074607849121 46.8738403320312 46.9401702880859
44.3897705078125 44.4119682312012 44.4341087341309 44.4562301635742 44.4784088134766 44.5012092590332 44.5458984375 44.6130104064941 44.6847991943359 44.7567901611328 44.8286895751953 44.900520324707 44.9723510742188 45.044319152832 45.1164588928223 45.1887397766113 45.2608184814453 45.3328285217285 45.3916282653809 45.4275093078613 45.4609603881836 45.4962196350098 45.5331382751465 45.5716285705566 45.6114501953125 45.6522216796875 45.6936912536621 45.7356910705566 45.7765502929688 45.8117408752441 45.8557014465332 45.9100799560547 45.9641990661621 46.0182991027832 46.0724906921387 46.1268005371094 46.1812400817871 46.2358207702637 46.2905082702637 46.3453102111816 46.4001998901367 46.4551582336426 46.5148696899414 46.5792503356934 46.643669128418 46.7081604003906 46.7727203369141 46.8373107910156 46.9019203186035 46.966438293457
44.2798385620117 44.2994995117188 44.3191604614258 44.3388214111328 44.3584899902344 44.3802604675293 44.4256095886231 44.494140625 44.5670700073242 44.6414299011231 44.7157783508301 44.7901382446289 44.8644905090332 44.938850402832 45.0132102966309 45.0875701904297 45.1619186401367 45.2362785339356 45.2995109558105 45.347599029541 45.3929481506348 45.4390296936035 45.4866790771484 45.5358505249023 45.5861206054688 45.6372184753418 45.6889495849609 45.7386283874512 45.7821617126465 45.8232383728027 45.8719100952148 45.9289817810059 45.9861907958984 46.0436096191406 46.1012382507324 46.1590690612793 46.2171096801758 46.2753105163574 46.3336601257324 46.3921394348145 46.4507293701172 46.509391784668 46.5680694580078 46.626880645752 46.6857986450195 46.744800567627 46.803840637207 46.8629302978516 46.9220085144043 46.9809913635254
44.1700706481934 44.1871910095215 44.2043190002441 44.2214393615723 44.2387199401855 44.2590217590332 44.3045883178711 44.3751792907715 44.4493713378906 44.526050567627 44.6027603149414 44.6794700622559 44.7561798095703 44.8328895568848 44.9095993041992 44.9863090515137 45.0630111694336 45.139720916748 45.2081985473633 45.2677116394043 45.3246688842773 45.3815002441406 45.4399299621582 45.4997100830078 45.5604515075684 45.6219100952148 45.6804504394531 45.732421875 45.7821884155273 45.8314094543457 45.8861198425293 45.9464416503906 46.007080078125 46.0680389404297 46.129280090332 46.1907691955566 46.2524795532227 46.3143882751465 46.3764686584473 46.4386787414551 46.5010299682617 46.5635795593262 46.6215400695801 46.6748809814453 46.7283096313476 46.7817993164062 46.8353385925293 46.8889007568359 46.9424705505371 46.9959182739258
44.0602989196777 44.0748901367188 44.089469909668 44.1040496826172 44.1191101074219 44.137321472168 44.1829490661621 44.2558212280274 44.3318214416504 44.4106788635254 44.4897499084473 44.5688095092774 44.6478691101074 44.726921081543 44.8059883117676 44.8850517272949 44.964111328125 45.0431709289551 45.1175117492676 45.1880416870117 45.2560882568359 45.3237991333008 45.393009185791 45.4633598327637 45.534538269043 45.6021194458008 45.6625900268555 45.721061706543 45.779239654541 45.8378105163574 45.8990287780762 45.9629096984863 46.0271911621094 46.0918388366699 46.1567916870117 46.2220306396484 46.2874908447266 46.3531608581543 46.4189987182617 46.4850883483887 46.5515098571777 46.6181182861328 46.6753807067871 46.7232284545898 46.7711715698242 46.8191604614258 46.8671798706055 46.9152297973633 46.9632797241211 47.0112113952637
43.9505310058594 43.9625816345215 43.9746208190918 43.9866714477539 43.9993515014649 44.0151290893555 44.0607490539551 44.1360206604004 44.2142181396484 44.2953109741211 44.3767318725586 44.4581413269043 44.53955078125 44.6209602355957 44.7023811340332 44.7837905883789 44.8652114868164 44.9466209411621 45.0273094177246 45.1086006164551 45.1874008178711 45.2660293579102 45.3459510803223 45.4268493652344 45.5037498474121 45.5727310180664 45.6398696899414 45.7070007324219 45.7747306823731 45.8430709838867 45.9110794067383 45.9786911010742 46.0467300415039 46.1151504516602 46.1838989257812 46.2529296875 46.3222007751465 46.3916816711426 46.4615516662598 46.531810760498 46.6023292541504 46.6730003356934 46.729549407959 46.7719192504883 46.8143615722656 46.8568496704102 46.8993606567383 46.9418907165527 46.9844284057617 47.0268402099609
43.8407592773438 43.850269317627 43.8597793579102 43.8692893981934 43.8793716430664 43.8925094604492 43.9380302429199 44.0157890319824 44.0964584350586 44.1799392700195 44.2637100219727 44.347469329834 44.4312400817871 44.5150108337402 44.5987701416016 44.6825408935547 44.766300201416 44.8500709533692 44.9375381469727 45.0293502807617 45.1187210083008 45.2082099914551 45.2987899780274 45.3853988647461 45.4629096984863 45.5386695861816 45.614688873291 45.6915512084961 45.7691993713379 45.8475494384766 45.9225006103516 45.9939498901367 46.0658416748047 46.138111114502 46.2107009887695 46.2835693359375 46.3567390441894 46.4304008483887 46.5044708251953 46.5788803100586 46.6534690856934 46.7282104492188 46.7840385437012 46.820930480957 46.8578681945801 46.8948593139648 46.9318618774414 46.968879699707 47.005931854248 47.0429611206055
43.7309989929199 43.7379608154297 43.744930267334 43.7518997192383 43.7592010498047 43.7694396972656 43.8148307800293 43.8951606750488 43.9785690307617 44.0645713806152 44.1506881713867 44.2368011474609 44.3229293823242 44.4090385437012 44.4951591491699 44.5812797546387 44.6674003601074 44.7535095214844 44.8480911254883 44.9502410888672 45.0501518249512 45.1503791809082 45.2471694946289 45.333179473877 45.4174690246582 45.5023193359375 45.5882682800293 45.6752090454102 45.7629890441895 45.851490020752 45.9334602355957 46.0088310241699 46.0846290588379 46.1607818603516 46.2372512817383 46.314151763916 46.3916015625 46.4694900512695 46.5477600097656 46.6262588500977 46.7049407958984 46.7837409973144 46.8388481140137 46.8702507019043 46.9016990661621 46.9331817626953 46.9646911621094 46.9963111877441 47.0280303955078 47.0597190856934
43.6212196350098 43.625659942627 43.6300811767578 43.634521484375 43.6389999389649 43.6459999084473 43.6911506652832 43.7741813659668 43.8607292175293 43.9491996765137 44.037670135498 44.1261405944824 44.2146110534668 44.3030815124512 44.3915481567383 44.4800186157227 44.5685005187988 44.6569595336914 44.7589416503906 44.871208190918 44.9816093444824 45.0890998840332 45.1835899353027 45.276309967041 45.3698997497559 45.4648895263672 45.5610885620117 45.6582908630371 45.7563209533691 45.8550415039062 45.9440994262695 46.0234184265137 46.1031494140625 46.1832389831543 46.2638893127441 46.3451194763184 46.4268417358398 46.5089492797852 46.5913581848145 46.6739692687988 46.756721496582 46.8395690917969 46.8939590454102 46.9198684692383 46.9458312988281 46.9718894958496 46.9980812072754 47.0243606567383 47.0507202148438 47.0770683288574
