Spatial_Analysis/Maxent_Inputs/Inputs/RCP4_5_Future/PAR_future45.asc
NCOLS 638 
NROWS 314 
XLLCORNER -102.97071042 
YLLCORNER 3.973116569 
CELLSIZE 0.083 
NODATA_value -9999 
[rows 220 to 241 of 314, columns 550 to 599 of 638]
46.4553604125977 46.4536209106445 46.4518699645996 46.4501113891602 46.4483795166016 46.4466400146484 46.4448890686035 46.4431381225586 46.4357681274414 46.4236793518066 46.4128112792969 46.4032096862793 46.3938598632813 46.384521484375 46.375171661377 46.3658218383789 46.3564910888672 46.3471488952637 46.3378105163574 46.3284606933594 46.3247604370117 46.3260116577148 46.3263702392578 46.3258094787598 46.3250312805176 46.3242492675781 46.3234596252441 46.3226699829102 46.3218994140625 46.3211288452148 46.3203392028809 46.3195610046387 46.3332214355469 46.3611297607422 46.3888397216797 46.4163208007813 46.4437294006348 46.4711494445801 46.4985694885254 46.5259895324707 46.553409576416 46.5808296203613 46.6082382202149 46.6356582641601 46.6473617553711 46.6432495117188 46.6390113830566 46.6346588134766 46.6302680969238 46.6258697509766
46.4180908203125 46.4144401550293 46.4108810424805 46.4074287414551 46.4040985107422 46.40087890625 46.3977508544922 46.3945999145508 46.3857192993164 46.3726692199707 46.3615989685059 46.3515815734863 46.3413200378418 46.3310508728027 46.3208808898926 46.3108406066895 46.3009300231934 46.2911491394043 46.2814788818359 46.2717895507813 46.2689590454102 46.2722282409668 46.2739410400391 46.2746810913086 46.2751884460449 46.2757301330566 46.2763786315918 46.2771492004395 46.2780113220215 46.278938293457 46.2799110412598 46.2808494567871 46.2971382141113 46.3287010192871 46.3598899841309 46.3908386230469 46.4217300415039 46.4526481628418 46.4836082458496 46.5145988464355 46.5456008911133 46.5765991210938 46.6075592041016 46.6384887695312 46.6502990722656 46.6428985595703 46.6353416442871 46.6276702880859 46.6200904846191 46.612548828125
46.3796882629395 46.3742485046387 46.3689613342285 46.3638191223145 46.358829498291 46.3540000915527 46.3493499755859 46.3449096679688 46.3356285095215 46.3214492797852 46.3101196289063 46.2986907958984 46.2874412536621 46.2763710021973 46.2654800415039 46.254768371582 46.2442398071289 46.2338905334473 46.2237396240234 46.213809967041 46.2124481201172 46.2187194824219 46.2207908630371 46.2223281860352 46.2241401672363 46.2261810302734 46.2284317016602 46.2308311462402 46.2333717346191 46.2360000610352 46.2387084960938 46.2414817810059 46.2607803344727 46.296329498291 46.3307418823242 46.3650093078613 46.3994102478027 46.4339294433594 46.4685211181641 46.5031509399414 46.5377998352051 46.5724182128906 46.6069984436035 46.6415100097656 46.6533393859863 46.6425590515137 46.6317596435547 46.6210899353027 46.610408782959 46.5997009277344
46.3402786254883 46.3331718444824 46.3261985778809 46.3193702697754 46.3126907348633 46.3061485290527 46.2997894287109 46.293571472168 46.2828483581543 46.2679710388184 46.2560615539551 46.2441787719727 46.2323303222656 46.2206382751465 46.2091102600098 46.1977386474609 46.1865386962891 46.1755218505859 46.164680480957 46.1540107727051 46.1529693603516 46.1603088378906 46.1648712158203 46.1683616638184 46.1719512939453 46.1757392883301 46.1797103881836 46.1838302612305 46.1880683898926 46.1924018859863 46.1968002319336 46.2012405395508 46.2231903076172 46.2622489929199 46.3006210327149 46.3386688232422 46.3768005371094 46.4150199890137 46.4533004760742 46.4916305541992 46.5299606323242 46.5682792663574 46.606559753418 46.6447792053223 46.656909942627 46.6430587768555 46.6290092468262 46.6150894165039 46.6012001037598 46.5872917175293
46.3086204528809 46.3015213012695 46.2944717407227 46.2874908447266 46.2805900573731 46.2737884521484 46.2670097351074 46.2601203918457 46.2489318847656 46.234790802002 46.2223014831543 46.2110900878906 46.1998596191406 46.1885108947754 46.1772193908691 46.1660003662109 46.154899597168 46.1438789367676 46.1329116821289 46.1218109130859 46.1204299926758 46.1277503967285 46.1336898803711 46.1385192871094 46.1432189941406 46.1478309631348 46.1524887084961 46.1572303771973 46.1620483398438 46.166919708252 46.1717987060547 46.1766014099121 46.1986999511719 46.237850189209 46.2766418457031 46.3151206970215 46.3535690307617 46.3919906616211 46.4304504394531 46.4689292907715 46.5074005126953 46.5458793640137 46.5843391418457 46.6227798461914 46.6347999572754 46.6202507019043 46.6055793762207 46.5907707214356 46.5759811401367 46.5612411499024
46.2848281860352 46.2792282104492 46.2736282348633 46.2680282592774 46.2624282836914 46.2568283081055 46.2512283325195 46.2456398010254 46.235969543457 46.2229385375977 46.2110481262207 46.2004013061523 46.1901512145996 46.1799011230469 46.1696510314941 46.1594009399414 46.1491508483887 46.1389007568359 46.1286506652832 46.1184005737305 46.1168785095215 46.1234893798828 46.1291618347168 46.1338081359863 46.1380882263184 46.1423797607422 46.1466598510742 46.1509399414063 46.1552200317383 46.1595115661621 46.1637916564941 46.1680793762207 46.1881904602051 46.2239608764649 46.2594604492188 46.2946701049805 46.329761505127 46.3648490905762 46.3999404907227 46.4350318908691 46.4701194763184 46.5052108764648 46.5402984619141 46.5753898620605 46.5865707397461 46.5737495422363 46.5608215332031 46.547779083252 46.5346717834473 46.5215797424316
46.2609710693359 46.2567100524902 46.2524490356445 46.2481994628906 46.2439308166504 46.2396697998047 46.235408782959 46.2311897277832 46.2229690551758 46.2109107971191 46.1997909545898 46.1897201538086 46.1803703308105 46.171028137207 46.1617012023926 46.1523590087891 46.143009185791 46.1336708068848 46.1243286132812 46.1149711608887 46.1133804321289 46.1194000244141 46.1246604919434 46.1290893554688 46.1329002380371 46.1367111206055 46.1405181884766 46.1443290710449 46.1481285095215 46.1519393920898 46.1557388305664 46.1595497131348 46.1776885986328 46.2100982666016 46.2422790527344 46.2742004394531 46.3059310913086 46.3376617431641 46.3693809509277 46.4011001586914 46.4328308105469 46.4645500183105 46.4962692260742 46.5279884338379 46.538330078125 46.5272407531738 46.5160598754883 46.504768371582 46.4933891296387 46.4819984436035
46.2371101379395 46.2341918945313 46.2312698364258 46.2283515930176 46.2254295349121 46.2225112915039 46.2195892333984 46.2168006896973 46.2098503112793 46.1987113952637 46.1884307861328 46.1790885925293 46.1706008911133 46.1621704101562 46.1537399291992 46.1453094482422 46.1368713378906 46.1284408569336 46.1200103759766 46.111499786377 46.1099815368652 46.1154518127441 46.1202507019043 46.1243286132813 46.1277198791504 46.1310501098633 46.1343803405762 46.1377105712891 46.141040802002 46.1443710327148 46.1477012634277 46.1510009765625 46.1671981811523 46.1962699890137 46.2251205444336 46.2537307739258 46.2821197509766 46.3104705810547 46.3388214111328 46.3671798706055 46.3955307006836 46.4238891601562 46.4522399902344 46.4805908203125 46.4900894165039 46.4807510375977 46.4713096618652 46.4617614746094 46.4520988464355 46.442440032959
46.213249206543 46.211669921875 46.210090637207 46.2085113525391 46.2069282531738 46.2053489685059 46.2037696838379 46.2023696899414 46.196590423584 46.1863594055176 46.1769485473633 46.1684417724609 46.1608200073242 46.1533012390137 46.1457786560059 46.1382598876953 46.130729675293 46.1232109069824 46.1156997680664 46.1080513000488 46.106689453125 46.1116409301758 46.1159515380859 46.1195907592774 46.1225395202637 46.1253890991211 46.1282386779785 46.1310997009277 46.1339492797852 46.1367988586426 46.1396484375 46.1424713134766 46.1567497253418 46.1824798583984 46.2079887390137 46.2332611083984 46.2582893371582 46.2832794189453 46.3082618713379 46.3332481384277 46.3582305908203 46.3832206726074 46.4082107543945 46.4331893920899 46.4418716430664 46.4342803955078 46.426570892334 46.4187507629395 46.4108200073242 46.4028587341309
46.1893882751465 46.189151763916 46.1889190673828 46.1886711120605 46.1884307861328 46.1881904602051 46.1879501342773 46.1878890991211 46.1832084655762 46.1738586425781 46.1653518676758 46.1577491760254 46.1510391235352 46.1444282531738 46.1378211975098 46.1312103271484 46.1245994567871 46.1179885864258 46.1113700866699 46.1046485900879 46.1034889221191 46.1079292297363 46.1117401123047 46.1148910522461 46.117359161377 46.1197319030762 46.1221008300781 46.1244812011719 46.1268501281738 46.1292304992676 46.1316108703613 46.1339492797852 46.1463203430176 46.1687202453613 46.1908912658691 46.2128105163574 46.2344703674316 46.2560882568359 46.2777099609375 46.2993316650391 46.3209381103516 46.3425598144531 46.3641815185547 46.3857917785645 46.393669128418 46.387809753418 46.3818397521973 46.3757591247559 46.3695411682129 46.3632888793945
46.1655387878418 46.1666297912598 46.1677284240723 46.168830871582 46.1699295043945 46.171028137207 46.1721305847168 46.1733283996582 46.1696815490723 46.1612014770508 46.1536102294922 46.1470108032227 46.1412696838379 46.1355590820313 46.1298599243164 46.1241607666016 46.1184616088867 46.1127510070801 46.1070518493652 46.1012916564941 46.100399017334 46.1043510437012 46.1076393127441 46.1102294921875 46.1121711730957 46.114070892334 46.1159591674805 46.1178703308105 46.1197700500488 46.1216583251953 46.1235618591309 46.1254386901855 46.135929107666 46.1550102233887 46.173828125 46.1923789978027 46.2106513977051 46.2289009094238 46.2471504211426 46.2653999328613 46.2836494445801 46.3018989562988 46.3201484680176 46.3383903503418 46.3454704284668 46.3413696289062 46.3371391296387 46.3327598571777 46.3282508850098 46.3237190246582
46.1416702270508 46.1441192626953 46.1465492248535 46.1489906311035 46.1514282226562 46.1538696289063 46.1562995910645 46.1587600708008 46.1560211181641 46.1483612060547 46.1417503356934 46.1362800598145 46.1314888000488 46.1267013549805 46.121898651123 46.1171112060547 46.1123199462891 46.1075210571289 46.1027412414551 46.0979385375977 46.0974006652832 46.1008796691895 46.1036186218262 46.1055603027344 46.1069793701172 46.1084098815918 46.1098289489746 46.1112518310547 46.1126708984375 46.1140899658203 46.1155204772949 46.1169395446777 46.1255912780762 46.1413612365723 46.1568183898926 46.1719398498535 46.1868286132812 46.2017097473145 46.2165908813477 46.2314796447754 46.2463607788086 46.2612380981445 46.2761192321777 46.2910003662109 46.2973098754883 46.2949714660645 46.2924613952637 46.2897796630859 46.2869606018066 46.2841491699219
46.1178207397461 46.1215896606445 46.1253700256348 46.129150390625 46.1329307556152 46.1366996765137 46.1404800415039 46.1442604064941 46.1422309875488 46.1353416442871 46.1297798156738 46.1255989074707 46.121711730957 46.1178283691406 46.113941192627 46.110050201416 46.1061706542969 46.1022987365723 46.0984191894531 46.0945281982422 46.0944595336914 46.0975303649902 46.0996704101562 46.1008605957031 46.1017990112305 46.1027488708496 46.1036911010742 46.104621887207 46.1055793762207 46.1065216064453 46.1074714660645 46.1084098815918 46.115291595459 46.1277694702149 46.1398506164551 46.1514892578125 46.1630096435547 46.1745185852051 46.1860313415527 46.1975402832031 46.2090606689453 46.2205810546875 46.2320899963379 46.2436103820801 46.2491683959961 46.2486000061035 46.2478103637695 46.2467803955078 46.2456703186035 46.244571685791
46.0939292907715 46.0990104675293 46.1040687561035 46.1091613769531 46.1142616271973 46.1194000244141 46.1245918273926 46.1297798156738 46.1284408569336 46.1221084594727 46.1178817749023 46.1148910522461 46.1117401123047 46.1085395812988 46.1053810119629 46.1022911071777 46.0993194580078 46.0964889526367 46.0937995910645 46.0911102294922 46.0915107727051 46.0942993164062 46.0956687927246 46.0961303710938 46.0962791442871 46.0964202880859 46.0966796875 46.097110748291 46.0976905822754 46.0983810424805 46.0991516113281 46.0998802185059 46.10498046875 46.1142692565918 46.1228790283203 46.1310195922852 46.1389617919922 46.146858215332 46.1548500061035 46.1629409790039 46.1711311340332 46.1794395446777 46.1878204345703 46.1961898803711 46.2010307312012 46.202278137207 46.2031707763672 46.2037811279297 46.2041893005371 46.2045593261719
46.0699310302734 46.0762710571289 46.0825996398926 46.0889511108398 46.0953407287598 46.1017799377441 46.1082801818848 46.1148986816406 46.1148910522461 46.1086311340332 46.1060600280762 46.1034889221191 46.1009101867676 46.0983695983887 46.0959014892578 46.0935592651367 46.0913696289063 46.0893898010254 46.0876617431641 46.0862503051758 46.0878105163574 46.0912094116211 46.0909004211426 46.0898399353027 46.0890808105469 46.0886116027832 46.0883903503418 46.0884017944336 46.0886001586914 46.0889701843262 46.0895118713379 46.0901908874512 46.0941886901855 46.1008491516113 46.1054801940918 46.1095504760742 46.11376953125 46.1181602478027 46.1227111816406 46.1274108886719 46.1322593688965 46.1372604370117 46.1424217224121 46.1477394104004 46.1524391174316 46.1560211181641 46.1581802368164 46.1598091125488 46.1615905761719 46.1635284423828
46.045841217041 46.053409576416 46.0609817504883 46.0685691833496 46.0761909484863 46.0838584899902 46.0915985107422 46.0994300842285 46.100341796875 46.094970703125 46.0929489135742 46.0911293029785 46.0892486572266 46.0874099731445 46.0856285095215 46.0839805603027 46.0824699401855 46.0811500549316 46.080078125 46.0792694091797 46.0805587768555 46.0826606750488 46.0825500488281 46.0813598632813 46.0803184509277 46.0795211791992 46.0789604187012 46.0786094665527 46.0784492492676 46.0784606933594 46.0786209106445 46.0788993835449 46.0809783935547 46.0840797424316 46.0857200622559 46.0865783691406 46.0874900817871 46.0885391235352 46.089729309082 46.0910797119141 46.0925598144531 46.0941886901855 46.0959587097168 46.0978813171387 46.1016502380371 46.1066703796387 46.1108589172363 46.1143684387207 46.117919921875 46.1216011047363
46.0348091125488 46.0436210632324 46.0524291992188 46.0612487792969 46.0700988769531 46.0789604187012 46.0878601074219 46.0967292785645 46.0982513427734 46.0937995910645 46.0910491943359 46.0896110534668 46.0881500244141 46.0866012573242 46.0850601196289 46.0835800170899 46.0821990966797 46.0809288024902 46.0797309875488 46.0784301757812 46.0784111022949 46.0792007446289 46.079231262207 46.0786590576172 46.0779495239258 46.0771102905273 46.0763511657715 46.0757102966309 46.0751914978027 46.0747604370117 46.0743789672852 46.073860168457 46.0745697021484 46.0759887695313 46.0766296386719 46.0766105651856 46.0764884948731 46.0762710571289 46.0760803222656 46.0759811401367 46.0759696960449 46.0760383605957 46.0761604309082 46.0761909484863 46.0788803100586 46.0840606689453 46.0888710021973 46.0933609008789 46.0977592468262 46.10205078125
46.0368309020996 46.0468788146973 46.0569305419922 46.0669708251953 46.077018737793 46.0870704650879 46.0971183776855 46.1071701049805 46.1095809936523 46.1050605773926 46.1016693115234 46.0994911193848 46.0976791381836 46.0958709716797 46.0940589904785 46.0922393798828 46.0904388427734 46.0886192321777 46.0868110656738 46.0849990844727 46.0841789245605 46.0841293334961 46.083740234375 46.0830001831055 46.0821189880371 46.0812606811523 46.0803909301758 46.0795211791992 46.0786399841309 46.0777816772461 46.0769004821777 46.0760307312012 46.0767593383789 46.0786514282227 46.0799293518066 46.0805511474609 46.0809097290039 46.0812683105469 46.0816307067871 46.0820007324219 46.0823593139649 46.0827293395996 46.0830917358399 46.0834503173828 46.0858383178711 46.0900688171387 46.0940208435059 46.0976905822754 46.1012306213379 46.1047706604004
46.0388488769531 46.0500984191895 46.061351776123 46.0726089477539 46.0838508605957 46.095100402832 46.1063499450684 46.1176300048828 46.1208305358887 46.1161003112793 46.1122512817383 46.1093711853027 46.1071395874024 46.1049118041992 46.1026916503906 46.1004600524902 46.0982398986816 46.096019744873 46.0937881469727 46.0915603637695 46.0900688171387 46.0892906188965 46.08837890625 46.0873413085938 46.0861892700195 46.0850601196289 46.083911895752 46.0827713012695 46.0816307067871 46.0804901123047 46.0793495178223 46.0782012939453 46.0789184570312 46.0813407897949 46.0831985473633 46.0844612121582 46.0852508544922 46.0860404968262 46.0868110656738 46.0876007080078 46.08837890625 46.0891494750977 46.0899391174316 46.0907096862793 46.0928001403809 46.0960998535156 46.099178314209 46.1020202636719 46.1046409606934 46.1072692871094
46.0408706665039 46.0533218383789 46.0657806396484 46.0782318115234 46.0906791687012 46.1031303405762 46.1155891418457 46.1281394958496 46.1319389343262 46.1269493103027 46.1227188110351 46.1192893981934 46.1166000366211 46.1139602661133 46.1113204956055 46.1086807250977 46.1060409545898 46.1034088134766 46.1007690429688 46.0981292724609 46.0960693359375 46.0945816040039 46.0931205749512 46.0916786193848 46.090259552002 46.0888481140137 46.0874404907227 46.0860290527344 46.0846099853516 46.0831985473633 46.0817909240723 46.0803298950195 46.0811004638672 46.0840797424316 46.086498260498 46.0883407592774 46.089599609375 46.0908012390137 46.0919990539551 46.093189239502 46.0943908691406 46.0955810546875 46.0967788696289 46.0979614257813 46.0997695922852 46.1021690368652 46.1043586730957 46.106330871582 46.1080589294434 46.1097717285156
46.0429000854492 46.0565490722656 46.0702018737793 46.0838508605957 46.0975112915039 46.1111602783203 46.1248207092285 46.1386184692383 46.1429214477539 46.1376495361328 46.1330604553223 46.1291999816895 46.1260604858399 46.1230087280274 46.1199607849121 46.1169090270996 46.1138496398926 46.1108016967773 46.1077499389648 46.1047210693359 46.1021308898926 46.0999412536621 46.0979118347168 46.0960388183594 46.0943298339844 46.0926513671875 46.0909690856934 46.0892791748047 46.0876007080078 46.0859107971191 46.084228515625 46.0824508666992 46.0833396911621 46.0868911743164 46.0898590087891 46.0922203063965 46.0939483642578 46.0955581665039 46.0971794128418 46.0987892150879 46.100399017334 46.1020202636719 46.103630065918 46.1052207946777 46.1067695617676 46.108268737793 46.1095695495605 46.1106414794922 46.1114807128906 46.1122703552246
46.0449104309082 46.0597686767578 46.0746307373047 46.0894813537598 46.1043395996094 46.1192016601562 46.1340484619141 46.149040222168 46.1537818908691 46.1482200622559 46.1432914733887 46.1390609741211 46.1355209350586 46.1320610046387 46.128589630127 46.125129699707 46.1216583251953 46.1181907653809 46.1147308349609 46.1113090515137 46.1081695556641 46.1053009033203 46.1026992797852 46.100399017334 46.0984001159668 46.0964393615723 46.0944900512695 46.0925407409668 46.0905799865723 46.0886192321777 46.086669921875 46.0846214294434 46.0856590270996 46.0898017883301 46.0933113098145 46.0961494445801 46.0982894897461 46.1003303527832 46.1023597717285 46.1043891906738 46.1064109802246 46.1084518432617 46.110481262207 46.112491607666 46.1138000488281 46.1144104003906 46.1148109436035 46.1149787902832 46.1148910522461 46.1147689819336
