Spatial_Analysis/Maxent_Inputs/Inputs/RCP4_5_Future/pH_future45.asc
NCOLS 638 
NROWS 314 
XLLCORNER -102.97071042 
YLLCORNER 3.973116569 
CELLSIZE 0.083 
NODATA_value -9999 
[rows 66 to 87 of 314, columns 400 to 449 of 638]
8.13862609863281 8.13886737823486 8.1390380859375 8.13913536071777 8.13922882080078 8.13932418823242 8.1394214630127 8.13951873779297 8.13961791992188 8.1397180557251 8.13981914520264 8.13992118835449 8.14002418518066 8.14012813568115 8.14009666442871 8.13992118835449 8.13974380493164 8.13956642150879 8.13938999176025 8.13921356201172 8.13903999328613 8.13886737823486 8.13869476318359 8.13852405548096 8.13835334777832 8.13818645477295 8.13784599304199 8.13732719421387 8.13680267333984 8.13628005981445 8.13575839996338 8.13523864746094 8.13471984863281 8.13420104980469 8.13368415832519 8.1331672668457 8.13265228271484 8.13213920593262 8.13153076171875 8.13082027435303 8.13010406494141 8.12938976287842 8.12867546081543 8.12796401977539 8.12725257873535 8.12654113769531 8.12583446502686 8.12512588500977 8.12441921234131 8.12371444702148
8.13818264007568 8.13840770721436 8.1385669708252 8.1386604309082 8.13875579833984 8.13884925842285 8.13894271850586 8.13903713226319 8.13913154602051 8.13922691345215 8.13932418823242 8.1394214630127 8.13951873779297 8.13961410522461 8.13957786560059 8.13940811157227 8.13923740386963 8.13906860351562 8.13889503479004 8.13872528076172 8.13855457305908 8.13838577270508 8.13821601867676 8.13804817199707 8.13788032531738 8.13771057128906 8.13737201690674 8.13686275482178 8.1363525390625 8.13584136962891 8.13533020019531 8.13481903076172 8.13430786132812 8.13379859924316 8.13328838348389 8.13278007507324 8.1322717666626 8.13176345825195 8.13115692138672 8.13045501708984 8.12975406646729 8.12905120849609 8.12834453582764 8.12764263153076 8.12693977355957 8.12623882293701 8.12553787231445 8.1248369216919 8.12413787841797 8.12343692779541
8.13773536682129 8.13794708251953 8.13809680938721 8.13818359375 8.13827323913574 8.13836097717285 8.13845062255859 8.13854026794434 8.13862991333008 8.1387186050415 8.13880825042725 8.13889789581299 8.13898658752441 8.13907527923584 8.13903617858887 8.13886642456055 8.13869857788086 8.13852882385254 8.13836097717285 8.13819122314453 8.13802337646484 8.13785362243652 8.13768577575684 8.13751602172852 8.13734817504883 8.13717842102051 8.13684368133545 8.13634204864502 8.13583946228027 8.13533687591553 8.13483428955078 8.13433265686035 8.13382911682129 8.13332653045654 8.13282585144043 8.13232421875 8.13181972503662 8.13131809234619 8.1307201385498 8.13002967834473 8.12933731079102 8.12864589691162 8.12795352935791 8.12726211547852 8.1265697479248 8.12587738037109 8.12518692016602 8.12449455261231 8.12380409240723 8.12311172485352
8.13729000091553 8.13749027252197 8.13763046264648 8.13770961761475 8.13778877258301 8.13786888122559 8.13794994354248 8.13803100585938 8.13811111450195 8.13819217681885 8.13827323913574 8.13835334777832 8.13843441009521 8.13851547241211 8.13847160339355 8.1382999420166 8.13812923431396 8.13795852661133 8.13778877258301 8.13761806488037 8.13744735717773 8.13727569580078 8.13710498809815 8.13693428039551 8.13676357269287 8.13659286499023 8.13625907897949 8.13576507568359 8.13527011871338 8.13477516174316 8.13427829742432 8.1337833404541 8.13328742980957 8.13279247283936 8.13229656219482 8.13180065155029 8.13130474090576 8.13080978393555 8.13022232055664 8.12954235076904 8.12886238098145 8.12818336486816 8.12750339508056 8.12682437896729 8.12614440917969 8.12546253204346 8.12478446960449 8.12410545349121 8.1234245300293 8.12274646759033
8.13684558868408 8.13703346252441 8.13716316223145 8.13723373413086 8.13730525970459 8.13737678527832 8.13744926452637 8.13752269744873 8.13759422302246 8.13766670227051 8.13773918151856 8.1378116607666 8.13788318634033 8.13795566558838 8.13790512084961 8.13773345947266 8.1375617980957 8.13738822937012 8.13721561431885 8.13704299926758 8.13686943054199 8.13669776916504 8.13652420043945 8.1363525390625 8.13617897033691 8.13600730895996 8.13567543029785 8.13518905639648 8.13469886779785 8.13421154022217 8.13372230529785 8.13323402404785 8.13274383544922 8.13225746154785 8.13176727294922 8.13127899169922 8.13079071044922 8.1303014755249 8.12972354888916 8.12905502319336 8.12838745117188 8.12771987915039 8.12705230712891 8.12638473510742 8.12571716308594 8.12504959106445 8.12438201904297 8.12371444702148 8.123046875 8.12237930297852
8.13640117645264 8.13657665252686 8.13669586181641 8.13675785064697 8.13682174682617 8.13688468933105 8.13694953918457 8.13701152801514 8.13707733154297 8.13714027404785 8.13720512390137 8.13726806640625 8.13733291625977 8.13739585876465 8.1373405456543 8.13716602325439 8.13699245452881 8.13681793212891 8.13664245605469 8.1364688873291 8.13629341125488 8.1361198425293 8.13594436645508 8.13576889038086 8.13559532165527 8.13541984558105 8.13509178161621 8.13461112976074 8.13412952423096 8.13364791870117 8.13316631317139 8.1326847076416 8.1322021484375 8.13172054290771 8.13123893737793 8.13075637817383 8.13027572631836 8.12979316711426 8.12922382354736 8.12856864929199 8.12791347503662 8.12725734710693 8.12660121917725 8.12594699859619 8.12529182434082 8.12463569641113 8.12397956848145 8.12332439422607 8.12266826629639 8.12201309204102
8.13595581054688 8.1361198425293 8.13622856140137 8.13628387451172 8.13633728027344 8.13639354705811 8.13644790649414 8.13650321960449 8.13655853271484 8.1366138458252 8.13666915893555 8.1367244720459 8.13677978515625 8.1368350982666 8.13677501678467 8.13659858703613 8.13642311096191 8.13624668121338 8.13607025146484 8.13589286804199 8.13571739196777 8.13554000854492 8.1353645324707 8.13518810272217 8.135009765625 8.13483333587646 8.13450813293457 8.13403511047363 8.13356018066406 8.13308525085449 8.13261032104492 8.13213539123535 8.13166046142578 8.1311845779419 8.13071060180664 8.13023471832275 8.12975883483887 8.1292839050293 8.12872505187988 8.12808227539063 8.12743854522705 8.12679481506348 8.12615203857422 8.12550735473633 8.12486457824707 8.1242208480835 8.12357711791992 8.12293434143066 8.12229156494141 8.12164783477783
8.13551139831543 8.13566303253174 8.13576126098633 8.13580799102783 8.13585472106934 8.13589954376221 8.13594818115234 8.13599491119385 8.13604164123535 8.13608837127686 8.13613510131836 8.13618183135987 8.13622856140137 8.13627433776855 8.13620853424072 8.13603210449219 8.13585472106934 8.13567733764648 8.135498046875 8.13531970977783 8.13514137268066 8.13496208190918 8.1347827911377 8.13460445404053 8.13442611694336 8.13424777984619 8.13392353057861 8.13345813751221 8.13299179077149 8.13252258300781 8.13205337524414 8.1315860748291 8.13111686706543 8.13064956665039 8.13018035888672 8.12971305847168 8.12924385070801 8.12877655029297 8.1282262802124 8.12759494781494 8.12696266174316 8.12633323669434 8.12570095062256 8.12507057189941 8.12443828582764 8.12380599975586 8.1231746673584 8.12254333496094 8.12191200256348 8.12128162384033
8.13506698608398 8.13520622253418 8.13529491424561 8.13533210754395 8.1353702545166 8.13540840148926 8.13544845581055 8.13548469543457 8.13552474975586 8.13556289672852 8.13560009002686 8.13563823699951 8.13567733764648 8.13571453094482 8.13564491271973 8.13546562194824 8.13528633117676 8.13510513305664 8.13492584228516 8.13474464416504 8.13456344604492 8.13438415527344 8.13420295715332 8.13402366638184 8.13384246826172 8.1336612701416 8.13334083557129 8.13288116455078 8.13241958618164 8.13195991516113 8.13149738311768 8.13103675842285 8.13057518005371 8.13011360168457 8.12965202331543 8.12919044494629 8.12872886657715 8.12826728820801 8.12772846221924 8.12710762023926 8.12648963928223 8.12586975097656 8.1252498626709 8.12462997436523 8.1240119934082 8.12339210510254 8.12277317047119 8.12215423583984 8.12153434753418 8.12091541290283
8.13462066650391 8.1347484588623 8.13482666015625 8.13485717773438 8.13488674163819 8.13491630554199 8.1349458694458 8.13497734069824 8.13500595092774 8.13503646850586 8.13506507873535 8.13509654998779 8.13512516021729 8.13515567779541 8.13508033752441 8.1348991394043 8.13471794128418 8.13453578948975 8.134352684021 8.13417053222656 8.13398742675781 8.1338062286377 8.13362312316895 8.1334400177002 8.13325881958008 8.13307571411133 8.13275909423828 8.13230514526367 8.13185119628906 8.13139533996582 8.13094329833984 8.1304874420166 8.13003253936768 8.12957859039307 8.12912368774414 8.12866878509521 8.12821388244629 8.12775993347168 8.12722778320312 8.12662124633789 8.12601470947265 8.12540626525879 8.12479972839355 8.124192237854 8.12358474731445 8.12297821044922 8.12237167358398 8.12176418304443 8.12115669250488 8.12055015563965
8.13417625427246 8.13429164886475 8.13435935974121 8.13438129425049 8.13440322875977 8.13442420959473 8.13444423675537 8.13446426391602 8.13448429107666 8.13450622558594 8.13452911376953 8.13455200195312 8.1345739364624 8.13459587097168 8.1345157623291 8.13433265686035 8.13414764404297 8.13396453857422 8.1337776184082 8.13359355926514 8.13341045379639 8.13322353363037 8.13304138183594 8.13285827636719 8.13267517089844 8.13249015808105 8.13217544555664 8.13172912597656 8.13128185272217 8.13083457946777 8.13038444519043 8.12993621826172 8.12948608398438 8.12903785705566 8.12859153747559 8.12814521789551 8.1276969909668 8.12725067138672 8.12672901153564 8.12613487243652 8.12553977966309 8.12494468688965 8.12434768676758 8.12375068664551 8.12315559387207 8.12256145477295 8.1219654083252 8.12137222290039 8.12077903747559 8.12018299102783
8.13372421264648 8.13383293151855 8.13389301300049 8.1339054107666 8.13391494750977 8.1339225769043 8.13393020629883 8.13393974304199 8.13395118713379 8.13396644592285 8.1339807510376 8.13399696350098 8.13401412963867 8.134033203125 8.13395118713379 8.13376617431641 8.13357734680176 8.13338565826416 8.13319492340088 8.13300704956055 8.1328182220459 8.13263320922852 8.13244819641113 8.13226509094238 8.13208389282227 8.13190174102783 8.131591796875 8.13115310668945 8.13070964813232 8.13026332855225 8.12981796264648 8.12937355041504 8.12893199920654 8.12849044799805 8.12805080413819 8.12761306762695 8.12717628479004 8.12674045562744 8.12623023986816 8.12564659118652 8.12506198883057 8.12447357177735 8.12388515472412 8.12329864501953 8.12271404266357 8.12212944030762 8.12154769897461 8.12096881866455 8.12039184570313 8.11981391906738
8.13325309753418 8.13335227966309 8.13341045379639 8.1334114074707 8.1334056854248 8.13340473175049 8.13340377807617 8.13340473175049 8.13340759277344 8.13341331481934 8.13342094421387 8.13342952728271 8.13344192504883 8.13345336914062 8.13337421417236 8.1331844329834 8.13298797607422 8.13279342651367 8.13260078430176 8.13241004943848 8.13222217559814 8.13203430175781 8.1318473815918 8.13166427612305 8.13147926330566 8.13129901885986 8.13099670410156 8.13056373596191 8.1301212310791 8.12968063354492 8.12924194335938 8.12880516052246 8.12836837768555 8.12793445587158 8.12750053405762 8.1270694732666 8.12664031982422 8.12621116638184 8.12571907043457 8.12514686584473 8.12456703186035 8.12398815155029 8.12341117858887 8.12283706665039 8.12226295471191 8.12169075012207 8.12112045288086 8.12055206298828 8.11998558044434 8.11942291259766
8.13276290893555 8.13284301757812 8.13288116455078 8.13287925720215 8.1328763961792 8.1328706741333 8.13286399841309 8.13285827636719 8.13285541534424 8.13285446166992 8.13285255432129 8.13285255432129 8.13285255432129 8.13285255432129 8.13275718688965 8.13257122039795 8.13238143920899 8.13218879699707 8.13199710845947 8.13180541992188 8.13161468505859 8.13142681121826 8.13123798370361 8.1310510635376 8.13086414337158 8.13067626953125 8.13037109375 8.12994575500488 8.12951946258545 8.12908840179443 8.1286563873291 8.12822723388672 8.12779712677002 8.12737083435059 8.12694358825684 8.1265172958374 8.1260929107666 8.12566566467285 8.12517166137695 8.12461280822754 8.12405204772949 8.12348937988281 8.12292671203613 8.12236213684082 8.12180137634277 8.12124061584473 8.12068176269531 8.1201229095459 8.11956596374512 8.11900806427002
8.1323356628418 8.13240146636963 8.1324291229248 8.13241863250732 8.13240623474121 8.13239669799805 8.13238525390625 8.13237380981445 8.13236236572266 8.13235092163086 8.13234043121338 8.13232803344727 8.13231754302979 8.1323070526123 8.13220691680908 8.13201904296875 8.1318302154541 8.13163852691651 8.13144683837891 8.13125610351562 8.13106346130371 8.13087272644043 8.13068199157715 8.13049125671387 8.1303014755249 8.13010787963867 8.12980461120605 8.12938594818115 8.12896633148193 8.12854385375977 8.12812423706055 8.12770175933838 8.12728023529053 8.12685775756836 8.12643814086914 8.12601661682129 8.12559509277344 8.12517356872559 8.12468910217285 8.12414169311523 8.12359142303467 8.12304306030273 8.12249374389649 8.12194442749023 8.12139415740967 8.12084484100342 8.12029552459717 8.11974716186523 8.11919784545899 8.11864852905274
8.13198280334473 8.13203430175781 8.13205146789551 8.13202953338623 8.13201141357422 8.13199138641357 8.13197135925293 8.13195037841797 8.13193035125732 8.13191032409668 8.13188934326172 8.13186931610107 8.13184928894043 8.13182830810547 8.13172340393066 8.13153266906738 8.1313419342041 8.13114738464356 8.13095474243164 8.13076210021973 8.13056755065918 8.13037395477295 8.13018131256104 8.1299877166748 8.12979316711426 8.12960052490234 8.12929821014404 8.12888717651367 8.12847518920898 8.12806129455566 8.12764739990234 8.12723445892334 8.12681770324707 8.12640380859375 8.1259880065918 8.12557411193848 8.12516021728516 8.1247444152832 8.12426853179932 8.12373447418213 8.12319660186768 8.12265777587891 8.12211990356445 8.12158203125 8.12104415893555 8.12050628662109 8.11996841430664 8.11943054199219 8.11889266967773 8.11835479736328
8.13163089752197 8.13166809082031 8.13167381286621 8.13164520263672 8.13161659240723 8.1315860748291 8.13155746459961 8.13152694702148 8.13149833679199 8.13146877288818 8.13143920898438 8.13141059875488 8.13138008117676 8.13134956359863 8.13123893737793 8.13104724884033 8.1308536529541 8.13065910339355 8.13046264648437 8.13026809692383 8.13007164001465 8.12987518310547 8.12968063354492 8.12948417663574 8.1292896270752 8.12909317016602 8.12879180908203 8.12839031219482 8.12798500061035 8.12757873535156 8.12717056274414 8.12676239013672 8.1263542175293 8.12594699859619 8.12553977966309 8.12513160705566 8.12472438812256 8.12431526184082 8.12384986877442 8.12332534790039 8.12280082702637 8.1222734451294 8.12174606323242 8.12121963500977 8.12069320678711 8.12016677856445 8.1196403503418 8.11911296844482 8.11858654022217 8.11806201934815
8.13127899169922 8.13130378723145 8.1312952041626 8.13125801086426 8.1312198638916 8.13118171691895 8.13114166259766 8.13110446929932 8.13106536865234 8.13102722167969 8.13098812103271 8.13094997406006 8.13091087341309 8.1308708190918 8.1307544708252 8.13056087493897 8.1303653717041 8.13016891479492 8.12997055053711 8.1297721862793 8.1295747756958 8.1293773651123 8.12917900085449 8.12898063659668 8.1287841796875 8.12858486175537 8.12828636169434 8.12789154052734 8.12749290466309 8.12709426879883 8.12669372558594 8.12629318237305 8.12589073181152 8.12549018859863 8.12508964538574 8.12468910217285 8.12428855895996 8.12388610839844 8.12342929840088 8.12291717529297 8.12240409851074 8.12188911437988 8.12137413024902 8.12085723876953 8.12034320831299 8.11982727050781 8.11931228637695 8.1187973022461 8.11828231811523 8.11776733398438
8.13092803955078 8.13093662261963 8.1309175491333 8.1308708190918 8.13082504272461 8.13077735900879 8.13072872161865 8.13068008422852 8.13063430786133 8.13058567047119 8.13053703308106 8.13048934936523 8.13044261932373 8.13039302825928 8.13027095794678 8.13007545471191 8.12987899780273 8.12967967987061 8.12947940826416 8.12927913665772 8.12907886505127 8.12887859344482 8.12867832183838 8.12847805023193 8.1282787322998 8.12807655334473 8.12778091430664 8.12739372253418 8.12700462341309 8.12660980224609 8.12621688842774 8.12582302093506 8.12542915344238 8.12503433227539 8.12464141845703 8.12424659729004 8.12385368347168 8.12345695495605 8.12301063537598 8.12250995635987 8.12200736999512 8.12150478363037 8.12100028991699 8.12049579620361 8.11999225616455 8.11948776245117 8.11898422241211 8.11848068237305 8.11797714233398 8.11747360229492
8.13057708740234 8.13057136535645 8.13054084777832 8.13048553466797 8.13043022155762 8.13037300109863 8.13031387329102 8.13025760650635 8.13020133972168 8.1301441192627 8.13008689880371 8.13002967834473 8.12997436523438 8.12991523742676 8.12978553771973 8.12958908081055 8.12939071655273 8.12919044494629 8.12898826599121 8.12878513336182 8.12858200073242 8.12837982177734 8.12817764282227 8.12797546386719 8.12777233123779 8.1275691986084 8.12727642059326 8.12689590454102 8.12651252746582 8.12612724304199 8.12574005126953 8.12535285949707 8.12496566772461 8.12457942962646 8.124192237854 8.12380504608154 8.12341690063477 8.1230297088623 8.12259101867676 8.12210273742676 8.12161064147949 8.12112045288086 8.1206283569336 8.1201343536377 8.11964225769043 8.11914920806885 8.11865711212158 8.1181640625 8.11767196655273 8.11717987060547
8.13022613525391 8.13020515441895 8.13016319274902 8.13009834289551 8.13003253936768 8.12996673583984 8.12990093231201 8.12983512878418 8.12977027893067 8.1297025680542 8.12963676452637 8.12957000732422 8.12950325012207 8.12943553924561 8.12930297851563 8.12910461425781 8.12890434265137 8.12870025634766 8.12849426269531 8.1282901763916 8.12808609008789 8.12788200378418 8.12767696380615 8.12747192382812 8.12726783752441 8.12706184387207 8.12677192687988 8.12639904022217 8.1260232925415 8.12564277648926 8.12526321411133 8.1248836517334 8.12450313568115 8.12412357330322 8.12374210357666 8.12336158752441 8.12298202514648 8.12260246276855 8.12217235565186 8.12169456481934 8.1212158203125 8.12073516845703 8.12025547027588 8.11977291107178 8.11929130554199 8.11881065368653 8.11832904815674 8.11784839630127 8.11736679077148 8.11688613891602
8.12987422943115 8.12984085083008 8.12978553771973 8.12971305847168 8.129638671875 8.12956237792969 8.12948608398438 8.1294116973877 8.1293363571167 8.1292610168457 8.12918567657471 8.12911033630371 8.12903499603271 8.1289587020874 8.12882137298584 8.12862014770508 8.12841701507568 8.12821006774902 8.12800312042236 8.1277961730957 8.12759017944336 8.12738227844238 8.12717628479004 8.12696838378906 8.12676239013672 8.12655353546143 8.12626838684082 8.12590312957764 8.12553310394287 8.12516021728515 8.12478637695312 8.12441253662109 8.1240406036377 8.12366676330566 8.12329292297363 8.1229190826416 8.1225471496582 8.12217330932617 8.12175369262695 8.12128829956055 8.12082004547119 8.1203498840332 8.11988067626953 8.11941146850586 8.11894035339356 8.11847114562988 8.11800098419189 8.11753273010254 8.11706161499023 8.11659240722656
