Spatial_Analysis/Maxent_Inputs/Inputs/RCP4_5_Future/pH_future45.asc
NCOLS 638 
NROWS 314 
XLLCORNER -102.97071042 
YLLCORNER 3.973116569 
CELLSIZE 0.083 
NODATA_value -9999 
[rows 22 to 43 of 314, columns 250 to 299 of 638]
-9999 -9999 -9999 -9999 -9999 -9999 -9999 -9999 -9999 -9999 -9999 -9999 -9999 -9999 -9999 -9999 -9999 -9999 -9999 -9999 8.10935592651367 8.10915946960449 8.10899639129638 8.10886001586914 8.10872459411621 8.10858917236328 8.10845184326172 8.10831642150879 8.10818099975586 8.10804557800293 8.10790538787842 8.10774612426758 8.10759353637695 8.10744953155518 8.10728645324707 8.10710906982422 8.10692882537842 8.10674858093262 8.10657119750977 8.10638999938965 8.10621070861816 8.10603237152099 8.10584831237793 8.10564136505127 8.10546875 8.10533046722412 8.10516738891601 8.10498523712158 8.10480213165283 8.10461902618408
-9999 -9999 -9999 -9999 -9999 -9999 -9999 -9999 -9999 -9999 -9999 -9999 -9999 -9999 -9999 -9999 -9999 -9999 -9999 -9999 -9999 8.10858535766602 8.10844802856445 8.10834312438965 8.10823917388916 8.10813522338867 8.1080322265625 8.1079273223877 8.10782432556152 8.10772132873535 8.10760974884033 8.10747814178467 8.10734939575195 8.10722732543945 8.10708236694336 8.10692024230957 8.10675525665283 8.10659027099609 8.10642623901367 8.10626029968262 8.10609817504883 8.10593223571777 8.10576152801514 8.10556983947754 8.10540962219238 8.10528373718262 8.10513687133789 8.1049690246582 8.10479927062988 8.10463047027588
-9999 -9999 -9999 -9999 -9999 -9999 -9999 -9999 -9999 -9999 -9999 -9999 -9999 -9999 -9999 -9999 -9999 -9999 -9999 -9999 -9999 8.10800552368164 8.1078987121582 8.10782527923584 8.10775375366211 8.1076831817627 8.10761070251465 8.10753917694092 8.10746574401855 8.10739517211914 8.1073169708252 8.10721302032471 8.10710906982422 8.10700607299805 8.10688018798828 8.10673141479492 8.10658264160156 8.10643196105957 8.10628223419189 8.10613346099854 8.10598182678223 8.10583305358887 8.10567760467529 8.10550117492676 8.10535430908203 8.1052417755127 8.1051082611084 8.10495376586914 8.10479736328125 8.10464096069336
-9999 -9999 -9999 -9999 -9999 -9999 -9999 -9999 -9999 -9999 -9999 -9999 -9999 -9999 -9999 -9999 -9999 -9999 -9999 -9999 -9999 -9999 8.107346534729 8.10730838775635 8.10726833343506 8.10722923278809 8.1071891784668 8.10715103149414 8.10711097717285 8.10707092285156 8.10702610015869 8.10695266723633 8.10687255859375 8.10679054260254 8.1066780090332 8.10654354095459 8.10640907287598 8.10627365112305 8.10613822937012 8.1060037612915 8.10586929321289 8.10573387145996 8.10559463500977 8.10543441772461 8.10530471801758 8.10520267486572 8.10507965087891 8.10493659973145 8.10479545593262 8.10465240478516
-9999 -9999 -9999 -9999 -9999 -9999 -9999 -9999 -9999 -9999 -9999 -9999 -9999 -9999 -9999 -9999 -9999 -9999 -9999 -9999 -9999 -9999 8.10679817199707 8.10679054260254 8.10678386688232 8.10677623748779 8.10676765441895 8.10676097869873 8.1067533493042 8.10674667358398 8.10673713684082 8.10669708251953 8.10664367675781 8.10657691955566 8.10647583007812 8.10635566711426 8.10623645782471 8.10611534118652 8.10599517822265 8.10587406158447 8.10575485229492 8.10563468933105 8.10551261901855 8.10537242889404 8.10525512695312 8.10516452789306 8.1050500869751 8.10492134094238 8.10479354858398 8.10466384887695
-9999 -9999 -9999 -9999 -9999 -9999 -9999 -9999 -9999 -9999 -9999 -9999 -9999 -9999 -9999 -9999 -9999 -9999 -9999 -9999 -9999 -9999 -9999 8.10627269744873 8.10629844665527 8.10632228851318 8.10634803771973 8.10637283325195 8.10639667510986 8.10642147064209 8.1064453125 8.10644817352295 8.10642147064209 8.10636901855469 8.10627269744873 8.10616779327393 8.10606288909912 8.10595703125 8.1058521270752 8.10574626922607 8.10564041137695 8.10553455352783 8.10542869567871 8.10531044006347 8.10521125793457 8.10512924194336 8.10502147674561 8.10490608215332 8.10479164123535 8.10467529296875
-9999 -9999 -9999 -9999 -9999 -9999 -9999 -9999 -9999 -9999 -9999 -9999 -9999 -9999 -9999 -9999 -9999 -9999 -9999 -9999 -9999 -9999 -9999 8.1057653427124 8.10583209991455 8.10589218139648 8.10594654083252 8.10599708557129 8.10604667663574 8.10609817504883 8.10615253448486 8.10620307922363 8.10620880126953 8.10616111755371 8.10606956481934 8.10597991943359 8.10588645935059 8.10579586029053 8.10570526123047 8.10561561584472 8.10552597045898 8.10543537139893 8.10534477233887 8.10525131225586 8.10516929626465 8.10509204864502 8.10499095916748 8.10488891601562 8.10478782653809 8.10468578338623
-9999 -9999 -9999 -9999 -9999 -9999 -9999 -9999 -9999 -9999 -9999 -9999 -9999 -9999 -9999 -9999 -9999 -9999 -9999 -9999 -9999 -9999 8.10521507263184 8.10525035858154 8.10542678833008 8.10551166534424 8.10558700561523 8.10565662384033 8.1057243347168 8.10579299926758 8.10586738586426 8.10594940185547 8.10600852966309 8.10594177246094 8.10586357116699 8.10578536987305 8.1057071685791 8.10563087463379 8.10555458068847 8.1054801940918 8.10540390014648 8.10533142089844 8.10525703430176 8.10518455505371 8.10513114929199 8.10504913330078 8.10495853424072 8.10487079620361 8.10478210449219 8.10469436645508
-9999 -9999 -9999 -9999 -9999 -9999 -9999 -9999 -9999 -9999 -9999 -9999 -9999 -9999 -9999 -9999 -9999 -9999 -9999 -9999 -9999 -9999 -9999 8.10492324829102 8.10507392883301 8.10517311096191 8.10526180267334 8.10534477233887 8.10542678833008 8.10550880432129 8.1055965423584 8.10569381713867 8.10577011108398 8.105712890625 8.10564994812012 8.10558700561523 8.10552406311035 8.1054630279541 8.10540008544922 8.1053409576416 8.10528087615967 8.10522174835205 8.10516262054443 8.10510444641113 8.10506725311279 8.10499668121338 8.10492134094238 8.1048469543457 8.10477447509766 8.10470104217529
-9999 -9999 -9999 -9999 -9999 -9999 -9999 -9999 -9999 -9999 -9999 -9999 -9999 -9999 -9999 -9999 -9999 -9999 -9999 -9999 -9999 -9999 -9999 8.10464668273926 8.10477256774902 8.1048755645752 8.10497093200684 8.10506343841553 8.10515403747559 8.10524559020996 8.10534191131592 8.10543632507324 8.10548496246338 8.10547637939453 8.10543060302734 8.10538291931152 8.1053352355957 8.10528945922852 8.10524368286133 8.10519790649414 8.10515213012695 8.10510730743408 8.10506153106689 8.10501289367676 8.1049747467041 8.10493659973144 8.10487937927246 8.10482215881348 8.10476303100586 8.10470581054688
-9999 -9999 -9999 -9999 -9999 -9999 -9999 -9999 -9999 -9999 -9999 -9999 -9999 -9999 -9999 -9999 -9999 -9999 -9999 -9999 -9999 -9999 -9999 8.10464668273926 8.10491704940796 8.10482692718506 8.10491752624512 8.10500717163086 8.10509872436523 8.10518646240234 8.1052770614624 8.10534858703613 8.10538864135742 8.10540199279785 8.10537528991699 8.10534191131592 8.10530853271484 8.10527420043945 8.1052417755127 8.10520744323731 8.10517501831055 8.10514068603515 8.10510730743408 8.10506534576416 8.10503387451172 8.10501480102539 8.1049747467041 8.10493087768555 8.10488605499268 8.10484218597412
-9999 -9999 -9999 -9999 -9999 -9999 -9999 -9999 -9999 -9999 -9999 -9999 -9999 -9999 -9999 -9999 -9999 -9999 -9999 -9999 -9999 -9999 -9999 -9999 8.10512542724609 8.10500717163086 8.1050853729248 8.10516262054443 8.10523986816406 8.10531616210937 8.10539245605469 8.10544395446777 8.10547924041748 8.10549926757812 8.10548973083496 8.10546684265137 8.10544395446777 8.10542106628418 8.10539722442627 8.10537338256836 8.10534954071045 8.10532569885254 8.10530281066894 8.10526466369629 8.1052417755127 8.1052360534668 8.10521125793457 8.10517883300781 8.10514545440674 8.10511207580566
-9999 -9999 -9999 -9999 -9999 -9999 -9999 -9999 -9999 -9999 -9999 -9999 -9999 -9999 -9999 -9999 -9999 -9999 -9999 -9999 -9999 -9999 -9999 -9999 8.10512542724609 8.10519027709961 8.10525321960449 8.10531806945801 8.10538101196289 8.10544490814209 8.10550498962402 8.10554599761963 8.10557746887207 8.10560035705566 8.10560417175293 8.10559272766113 8.10557746887207 8.10556507110596 8.10555267333984 8.10553932189941 8.10552597045898 8.10551357269287 8.10549736022949 8.10546875 8.10545539855957 8.10545921325684 8.10544776916504 8.10542488098145 8.10540199279785 8.10538101196289
-9999 -9999 -9999 -9999 -9999 -9999 -9999 -9999 -9999 -9999 -9999 -9999 -9999 -9999 -9999 -9999 -9999 -9999 -9999 -9999 -9999 -9999 -9999 -9999 -9999 8.10537147521972 8.1054220199585 8.1054744720459 8.10552406311035 8.10557460784912 8.10562133789062 8.10565185546875 8.10568046569824 8.1057071685791 8.1057186126709 8.10571670532227 8.105712890625 8.10571002960205 8.1057071685791 8.10570335388184 8.10570240020752 8.10569953918457 8.10569381713867 8.10567474365234 8.10567092895508 8.10568237304688 8.10568428039551 8.10567283630371 8.10566139221191 8.10564994812012
8.04870414733887 8.04951763153076 -9999 -9999 -9999 -9999 -9999 -9999 -9999 -9999 -9999 -9999 -9999 -9999 -9999 -9999 -9999 -9999 -9999 -9999 -9999 -9999 -9999 -9999 -9999 8.1056752204895 8.1055908203125 8.10562801361084 8.10566616058349 8.10570335388184 8.10573863983154 8.10576152801514 8.10578918457031 8.10581493377685 8.10583305358887 8.1058406829834 8.10584831237793 8.10585498809814 8.10586357116699 8.10587024688721 8.10587692260742 8.10588645935059 8.10588836669922 8.10588264465332 8.10588836669922 8.10591030120849 8.10592079162597 8.10592079162597 8.10592079162597 8.10591888427734
8.04870414733887 8.04951763153076 8.05061483383179 -9999 -9999 -9999 -9999 -9999 -9999 -9999 -9999 -9999 -9999 -9999 -9999 -9999 -9999 -9999 -9999 -9999 -9999 -9999 -9999 -9999 -9999 8.10584354400635 8.1057596206665 8.10578346252441 8.10580825805664 8.10583305358887 8.10585689544678 8.10587310791016 8.10589790344238 8.10592746734619 8.10594654083252 8.10596656799316 8.10598373413086 8.10600090026855 8.10601902008057 8.10603713989258 8.10605335235596 8.10607147216797 8.10608673095703 8.10609245300293 8.10610961914062 8.10613918304443 8.10615730285644 8.10616779327393 8.10617828369141 8.10618782043457
8.05307006835938 8.05171203613281 8.05280828475952 -9999 -9999 -9999 -9999 -9999 -9999 -9999 -9999 -9999 -9999 -9999 -9999 -9999 -9999 -9999 -9999 -9999 -9999 -9999 -9999 -9999 -9999 8.10601091384888 8.10592746734619 8.10593891143799 8.1059513092041 8.1059627532959 8.1059741973877 8.10598373413086 8.10600471496582 8.10603523254395 8.10606384277344 8.1060905456543 8.10611820220947 8.10614585876465 8.10617446899414 8.106201171875 8.10622882843018 8.10625743865967 8.10628414154053 8.10630226135254 8.1063289642334 8.10636806488037 8.10639476776123 8.10641574859619 8.10643672943115 8.1064567565918
8.05307006835938 8.05390453338623 8.05500268936157 -9999 -9999 -9999 -9999 -9999 -9999 -9999 -9999 -9999 -9999 -9999 -9999 -9999 -9999 -9999 -9999 -9999 -9999 -9999 -9999 -9999 -9999 8.10617160797119 8.10609436035156 8.10609340667724 8.10609245300293 8.1060905456543 8.1060905456543 8.10609245300293 8.10610771179199 8.10614013671875 8.10617733001709 8.10621452331543 8.10625267028809 8.10629177093506 8.1063289642334 8.10636711120605 8.10640525817871 8.10644245147705 8.10648059844971 8.10651397705078 8.10655212402344 8.10659790039062 8.10663223266602 8.10666370391846 8.10669422149658 8.10672569274902
8.05525398254395 8.05610084533691 8.05720520019531 -9999 8.05863761901855 -9999 -9999 -9999 -9999 -9999 -9999 -9999 -9999 -9999 -9999 -9999 -9999 -9999 -9999 -9999 -9999 -9999 -9999 -9999 -9999 8.10631036758423 8.10624885559082 8.10623931884766 8.10622978210449 8.10622024536133 8.1062068939209 8.10619354248047 8.10620594024658 8.10624504089355 8.10629177093506 8.1063404083252 8.10638809204102 8.10643768310547 8.10648632049561 8.10670280456543 8.10658073425293 8.10662937164307 8.1066780090332 -9999 -9999 -9999 8.10710716247558 8.10716247558594 8.10721588134766 8.10727024078369
8.05745506286621 8.05830955505371 8.0613899230957 -9999 -9999 -9999 -9999 -9999 -9999 -9999 -9999 -9999 -9999 -9999 -9999 -9999 -9999 -9999 -9999 -9999 -9999 -9999 -9999 -9999 -9999 8.10641956329346 8.10637187957764 8.10635757446289 8.10634517669678 8.10633277893066 8.10631656646729 8.10629463195801 8.10629463195801 8.10634803771972 8.10640907287598 8.10646820068359 8.10652732849121 8.10658645629883 8.10664558410645 8.10670280456543 8.10694313049316 8.10681819915771 8.10687446594238 8.10714530944824 8.10721969604492 8.10728454589844 8.10710716247559 8.10716247558594 8.10721588134765 8.10727024078369
8.05966758728027 8.0605297088623 8.0613899230957 8.06448745727539 -9999 -9999 -9999 -9999 -9999 -9999 -9999 -9999 -9999 -9999 -9999 -9999 -9999 -9999 -9999 -9999 -9999 -9999 -9999 -9999 -9999 8.10650157928467 8.10646724700928 8.10645294189453 8.1064395904541 8.10642910003662 8.10641288757324 8.10638999938965 8.10638904571533 8.10645580291748 8.10652542114258 8.10659599304199 8.10666656494141 8.10673618316651 8.1068058013916 8.10687446594238 8.10694313049316 8.10701179504394 8.10728645324707 8.10714530944824 8.10721969604492 8.10728454589844 8.10735034942627 8.10741710662842 8.10748100280762 8.1075439453125
8.06189155578613 8.06275653839112 8.06362247467041 8.06448745727539 8.06745433807373 -9999 -9999 -9999 -9999 -9999 -9999 -9999 -9999 -9999 -9999 -9999 -9999 -9999 -9999 -9999 -9999 -9999 -9999 -9999 -9999 8.10662937164307 8.10653591156006 8.10652542114258 8.10651588439942 8.10650634765625 8.10649299621582 8.10647869110107 8.10650157928467 8.10656642913818 8.10664558410645 8.10672569274902 8.10680675506592 8.10688781738281 8.10696792602539 8.10704803466797 8.10712718963623 8.10720729827881 8.10728645324707 8.10736656188965 8.10744667053223 8.1075267791748 8.10759925842285 8.10767364501953 8.10774898529053 8.10782241821289
