Spatial_Analysis/Maxent_Inputs/Inputs/RCP4_5_Future/pH_future45.asc
NCOLS 638 
NROWS 314 
XLLCORNER -102.97071042 
YLLCORNER 3.973116569 
CELLSIZE 0.083 
NODATA_value -9999 
[rows 44 to 65 of 314, columns 200 to 249 of 638]
8.02213478088379 8.02267742156982 8.02322101593018 8.02376365661621 8.02430725097656 8.02485084533691 8.02539443969727 8.02593612670898 8.02647972106934 8.02702713012695 8.02768993377686 8.02846908569336 8.02925300598145 8.0300350189209 8.03081893920898 8.03160095214844 8.03238487243652 8.03316688537598 8.03395080566406 8.03473472595215 8.0355167388916 8.03630256652832 8.03717041015625 8.03812217712402 8.03907585144043 8.04003143310547 8.04098510742188 8.04193878173828 8.042893409729 8.04384803771973 8.04480171203613 8.04575729370117 8.04671096801758 8.04766464233399 8.04864311218262 8.04965019226074 8.0506534576416 8.05165767669678 8.05266094207764 8.05366611480713 8.05466938018799 8.05567359924316 8.05667686462402 8.05768203735352 8.05868530273438 8.05969429016113 8.06055068969727 8.06133270263672 8.06218528747559 8.06305694580078
8.02359008789062 8.02414894104004 8.02470684051514 8.02526569366455 8.0258264541626 8.02638339996338 8.02694225311279 8.02750015258789 8.02806091308594 8.02862358093262 8.02929782867432 8.03008460998535 8.03087520599365 8.03166675567627 8.03245735168457 8.03324890136719 8.03403854370117 8.03483009338379 8.03562164306641 8.03641223907471 8.03720378875732 8.03799629211426 8.03886890411377 8.03982257843018 8.04077529907227 8.0417308807373 8.04268455505371 8.04364013671875 8.04459381103516 8.04554653167725 8.0465030670166 8.04745674133301 8.04841232299805 8.04936695098877 8.0503511428833 8.05136489868164 8.0523796081543 8.05339241027832 8.05440711975098 8.05542182922363 8.05643463134766 8.05744934082031 8.05846309661865 8.05947685241699 8.06049156188965 8.0615119934082 8.06239128112793 8.06316566467285 8.06401634216309 8.06490135192871
8.02504444122314 8.02561855316162 8.02619361877441 8.02676773071289 8.02734184265137 8.02791595458984 8.02849197387695 8.02906608581543 8.02964019775391 8.03021812438965 8.03090476989746 8.03170108795166 8.03249931335449 8.03329658508301 8.03409576416016 8.0348949432373 8.03569412231445 8.0364933013916 8.03729152679443 8.0380916595459 8.03888988494873 8.0396900177002 8.04056739807129 8.0415210723877 8.0424747467041 8.04342937469482 8.04438495635986 8.04533958435059 8.04629421234131 8.04724884033203 8.04820442199707 8.04915809631348 8.05011367797852 8.05106925964355 8.05205917358398 8.05308246612549 8.05410385131836 8.05512809753418 8.05615139007568 8.05717658996582 8.05819988250732 8.05922317504883 8.06024932861328 8.06127166748047 8.06229782104492 8.06332874298096 8.06422996520996 8.06501388549805 8.06586456298828 8.0667552947998
8.02649879455566 8.02709007263184 8.02767944335938 8.02827072143555 8.02886009216309 8.02944946289062 8.03003883361816 8.03062915802002 8.03121852874756 8.03181266784668 8.03251075744629 8.03331565856934 8.03412246704102 8.0349292755127 8.03573608398438 8.03654289245606 8.03734970092773 8.0381555557251 8.03896236419678 8.03977012634277 8.04057693481445 8.04138374328613 8.04226303100586 8.0432186126709 8.04417419433594 8.04512977600098 8.04608345031738 8.04703903198242 8.04799270629883 8.04894828796387 8.04990291595459 8.05085754394531 8.05181312561035 8.05277442932129 8.05376720428467 8.05479621887207 8.05582809448242 8.05686283111572 8.05789661407471 8.05893135070801 8.05996513366699 8.06099891662598 8.06203365325928 8.06306743621826 8.0641040802002 8.06514358520508 8.06606769561768 8.06687545776367 8.06772518157959 8.06862258911133
8.0279541015625 8.02856063842773 8.02916526794434 8.02977180480957 8.03037738800049 8.03098201751709 8.03158855438233 8.03219413757324 8.03280067443848 8.03340625762939 8.03411674499512 8.0349292755127 8.03574466705322 8.03656005859375 8.03737354278564 8.03818893432617 8.03900337219238 8.03981971740723 8.04063320159912 8.04144859313965 8.04226207733154 8.04307556152344 8.04395961761475 8.04491806030274 8.04587364196777 8.04682922363281 8.04778289794922 8.04873752593994 8.04969310760498 8.0506477355957 8.05160427093506 8.05255889892578 8.05351638793945 8.05447673797608 8.05547523498535 8.0565128326416 8.0575532913208 8.05859756469727 8.05964088439941 8.0606861114502 8.06173133850098 8.06277465820312 8.06381988525391 8.06486320495606 8.06590938568115 8.06695938110352 8.06790542602539 8.06874942779541 8.06960487365723 8.07050514221191
8.02940940856934 8.03003120422363 8.0306510925293 8.0312728881836 8.03189468383789 8.03251552581787 8.03313827514648 8.03375816345215 8.03437995910645 8.03500175476074 8.03572273254395 8.03654575347901 8.03736877441406 8.03819179534912 8.03901386260987 8.03983688354492 8.04065895080566 8.04148101806641 8.04230499267578 8.04312705993652 8.04394912719727 8.04476737976074 8.04565715789795 8.04661560058594 8.04757308959961 8.04852771759033 8.04948329925537 8.05043792724609 8.05139446258545 8.05234909057617 8.05330276489258 8.05425834655762 8.05521583557129 8.05617904663086 8.05718326568604 8.0582275390625 8.05927753448486 8.06033325195312 8.06138706207275 8.0624418258667 8.06349563598633 8.06454944610596 8.0656042098999 8.06665802001953 8.06771373748779 8.06877326965332 8.06974220275879 8.0706205368042 8.07150459289551 8.07240676879883
8.03086471557617 8.03150177001953 8.03213882446289 8.03277492523194 8.03341293334961 8.03404998779297 8.0346851348877 8.03532314300537 8.03595924377441 8.03659439086914 8.03732872009277 8.03816032409668 8.03899192810059 8.03982162475586 8.04065322875977 8.04148292541504 8.04231452941895 8.04314422607422 8.04397583007812 8.0448055267334 8.04563522338867 8.046462059021 8.04735565185547 8.04831504821777 8.04927253723145 8.05022716522217 8.05118179321289 8.05213928222656 8.05309295654297 8.05404853820801 8.05500411987305 8.05595970153809 8.05691719055176 8.05788040161133 8.05888938903809 8.0599422454834 8.06100463867188 8.06206893920898 8.06313323974609 8.06419563293457 8.065260887146 8.06632423400879 8.06739044189453 8.06845283508301 8.06951808929443 8.07058620452881 8.07157802581787 8.07249546051026 8.07341289520264 8.07433414459229
8.03231811523438 8.03297233581543 8.03362464904785 8.03427696228027 8.0349292755127 8.03558254241944 8.03623390197754 8.03688621520996 8.03754043579102 8.03819084167481 8.03893566131592 8.03977584838867 8.04061508178711 8.04145336151123 8.04229164123535 8.04313087463379 8.04396915435791 8.04480743408203 8.04564666748047 8.04648399353027 8.04732322692871 8.04815673828125 8.0490550994873 8.05001544952393 8.05097198486328 8.05192756652832 8.05288314819336 8.0538387298584 8.05479335784912 8.05574893951416 8.05670547485352 8.05765914916992 8.05861663818359 8.05957984924316 8.06059265136719 8.0616569519043 8.06272888183594 8.06380367279053 8.06487846374512 8.06595134735107 8.06702613830566 8.06809997558594 8.06917476654053 8.07024955749512 8.07132339477539 8.0723991394043 8.07341384887695 8.07436561584473 8.07532119750977 8.07627677917481
8.03377437591553 8.0344409942627 8.03510856628418 8.03577709197998 8.03644561767578 8.03711414337158 8.03778266906738 8.0384521484375 8.03911972045898 8.03978633880615 8.04054355621338 8.04139137268066 8.04223823547363 8.04308319091797 8.0439281463623 8.04477310180664 8.04561996459961 8.04646682739258 8.04731559753418 8.04816341400147 8.04901027679444 8.04985332489014 8.05075645446778 8.05171489715576 8.05267143249512 8.05362415313721 8.05457878112793 8.05553436279297 8.05648994445801 8.05744552612305 8.05840301513672 8.05936145782471 8.06031608581543 8.06127643585205 8.06229400634766 8.06336975097656 8.06445503234863 8.06553554534912 8.06661987304688 8.067702293396 8.06878566741943 8.06986999511719 8.07095718383789 8.07204437255859 8.07312965393066 8.0742130279541 8.07525062561035 8.07623958587646 8.07722854614258 8.07821655273438
8.03522682189942 8.03590774536133 8.03658962249756 8.03727245330811 8.03795623779297 8.03863906860352 8.03932476043701 8.04001045227051 8.04069709777832 8.04138374328613 8.04215240478516 8.04300498962402 8.04385471343994 8.04470443725586 8.04555320739746 8.04640483856201 8.0472583770752 8.0481128692627 8.04897022247314 8.04982852935791 8.05069160461426 8.05155181884766 8.05245780944824 8.05340957641602 8.05435943603516 8.0553092956543 8.0562629699707 8.05721855163574 8.05817604064941 8.05913543701172 8.06009483337402 8.06105422973633 8.06201457977295 8.06297206878662 8.06399154663086 8.06508445739746 8.0661735534668 8.0672607421875 8.06835079193115 8.06943893432617 8.07052993774414 8.07162380218506 8.07271957397461 8.07382106781006 8.07492446899414 8.07602787017822 8.07708740234375 8.07810688018799 8.0791187286377 8.08013153076172
8.0366735458374 8.03737163543701 8.0380687713623 8.0387659072876 8.03946304321289 8.04016208648682 8.04086208343506 8.04156303405762 8.04226589202881 8.04296779632568 8.04374885559082 8.04460430145264 8.04545974731445 8.04631519317627 8.0471715927124 8.04802894592285 8.04888725280762 8.04974842071533 8.05061054229736 8.05147743225098 8.05234718322754 8.05321884155274 8.05413246154785 8.05507946014404 8.05602836608887 8.05698204040527 8.05793762207031 8.05889511108399 8.05985546112061 8.06081581115723 8.0617790222168 8.06274032592774 8.0637035369873 8.06466484069824 8.06568908691406 8.06678581237793 8.06788063049316 8.0689754486084 8.07007026672363 8.07116603851318 8.07226276397705 8.07336235046387 8.07446670532227 8.0755729675293 8.07668495178223 8.07780265808105 8.07888603210449 8.07992935180664 8.08097267150879 8.0820198059082
8.03811836242676 8.03883075714111 8.03954315185547 8.04025459289551 8.04096698760986 8.04167938232422 8.04239463806152 8.0431079864502 8.04382133483887 8.04453277587891 8.04532146453858 8.0461893081665 8.04705429077149 8.04791641235352 8.04877853393555 8.04964256286621 8.05050659179688 8.05137252807617 8.0522403717041 8.05311012268066 8.05397605895996 8.05483913421631 8.05575370788574 8.05671977996826 8.05768013000488 8.05863952636719 8.05960083007812 8.06056213378906 8.06152534484863 8.06249046325684 8.06345367431641 8.06441879272461 8.06538200378418 8.06634712219238 8.0673770904541 8.0684757232666 8.06957817077637 8.0706787109375 8.07178115844727 8.0728816986084 8.07398319244385 8.07508754730225 8.07619285583496 8.07730102539062 8.07840824127197 8.07951354980469 8.08061122894287 8.08170223236084 8.08279323577881 8.0838794708252
8.03947353363037 8.04019927978516 8.04092597961426 8.04165267944336 8.04237842559814 8.04310607910156 8.04383087158203 8.04455661773682 8.0452823638916 8.04600238800049 8.04680061340332 8.04767608642578 8.04854393005371 8.04941272735596 8.0502815246582 8.05114841461182 8.05201721191406 8.05288600921631 8.05375480651855 8.05462265014648 8.0554895401001 8.05635547637939 8.05727195739746 8.0582447052002 8.05921077728271 8.06017684936523 8.06114196777344 8.06210899353028 8.06307601928711 8.06404113769531 8.06500816345215 8.06597328186035 8.06693935394287 8.06791305541992 8.06894493103027 8.07003688812256 8.07113838195801 8.07224082946777 8.07334327697754 8.07444477081299 8.07554626464844 8.0766487121582 8.07775020599365 8.07885360717774 8.07995510101319 8.08105945587158 8.08216094970703 8.08326244354248 8.0843677520752 8.08547210693359
8.04074478149414 8.04148292541504 8.04222106933594 8.04295921325684 8.04369926452637 8.04443740844727 8.0451774597168 8.04591464996338 8.04665184020996 8.0473804473877 8.04818534851074 8.0490665435791 8.04994010925293 8.05080986022949 8.051682472229 8.05255126953125 8.05342197418213 8.05429267883301 8.05516242980957 8.05603313446045 8.05690383911133 8.05776786804199 8.05868721008301 8.05966281890869 8.06063270568848 8.06159973144531 8.0625696182251 8.06353759765625 8.06450653076172 8.06547546386719 8.06644344329834 8.06741142272949 8.06838035583496 8.06935787200928 8.07038879394531 8.0714750289917 8.07256984710693 8.0736665725708 8.07476234436035 8.07585906982422 8.07695579528809 8.07805347442627 8.07914924621582 8.08024597167969 8.08134365081787 8.08244228363037 8.08353710174561 8.08462715148926 8.08572006225586 8.08681488037109
8.04201316833496 8.04276466369629 8.0435152053833 8.04426765441895 8.04501819610596 8.0457706451416 8.04652214050293 8.04727268218994 8.04801940917969 8.04875755310059 8.04957008361816 8.05045890808105 8.05133438110352 8.05220699310303 8.05307960510254 8.05395317077637 8.05482578277588 8.05569839477539 8.05657196044922 8.05744457244873 8.05831527709961 8.05918312072754 8.06010437011719 8.06108283996582 8.06205463409424 8.06302547454834 8.06399536132812 8.06496715545654 8.06593799591064 8.06690788269043 8.06787967681885 8.06884956359863 8.06982231140137 8.07080078125 8.07183074951172 8.07291316986084 8.07400035858154 8.07509231567383 8.0761833190918 8.07727432250977 8.07836532592774 8.0794563293457 8.08054733276367 8.08163833618164 8.08273124694824 8.08382606506348 8.08491325378418 8.08599185943604 8.08707427978516 8.08815956115723
8.04328346252441 8.04404640197754 8.0448112487793 8.04557418823242 8.04633808135986 8.04710292816162 8.04786682128906 8.04862976074219 8.04938888549805 8.05013656616211 8.05095672607422 8.05184745788574 8.05273056030274 8.05360412597656 8.05447959899902 8.05535507202148 8.05623054504395 8.0571060180664 8.05798053741455 8.0588550567627 8.05972862243652 8.06059837341309 8.0615234375 8.06250095367432 8.0634765625 8.06444931030273 8.06542301177979 8.06639575958252 8.06736946105957 8.0683422088623 8.06931495666504 8.07028770446777 8.07126235961914 8.07224273681641 8.07327079772949 8.07434844970703 8.07543182373047 8.07651710510254 8.07760238647461 8.07868957519531 8.07977485656738 8.08086013793945 8.08194637298584 8.08303165435791 8.0841178894043 8.08520889282227 8.08628845214844 8.08735656738281 8.08842754364014 8.08950233459473
8.04455184936523 8.04532814025879 8.04610538482666 8.04688167572021 8.04765796661377 8.04843521118164 8.04921245574951 8.04998779296875 8.05075836181641 8.05151653289795 8.05234527587891 8.05324077606201 8.05412483215332 8.05500221252441 8.05587959289551 8.0567569732666 8.0576343536377 8.05851173400879 8.05938911437988 8.06026554107666 8.06114196777344 8.06201553344727 8.0629415512085 8.06392097473145 8.06489944458008 8.06587409973145 8.06685066223145 8.06782531738281 8.06879997253418 8.06977462768555 8.07075119018555 8.07172584533691 8.07270240783691 8.07368278503418 8.07470989227295 8.07578468322754 8.07686233520508 8.07794189453125 8.07902336120605 8.08010387420654 8.08118438720703 8.0822639465332 8.08334445953369 8.08442497253418 8.08550643920898 8.08659172058105 8.0876636505127 8.08872127532959 8.08978176116943 8.09084606170654
8.04582023620606 8.04660987854004 8.04740047454834 8.04818916320801 8.04897880554199 8.04976844787598 8.05055713653564 8.05134582519531 8.0521297454834 8.05290031433105 8.05373382568359 8.05463409423828 8.05552101135254 8.05639934539795 8.05727958679199 8.05815887451172 8.05903816223145 8.05991744995117 8.06079769134521 8.06167793273926 8.06255531311035 8.06343269348145 8.06436157226562 8.06534194946289 8.06632137298584 8.06729888916016 8.06827545166016 8.06925392150879 8.07022953033447 8.07120895385742 8.07218647003174 8.07316398620606 8.07414245605469 8.07512283325195 8.07614898681641 8.07721900939941 8.07829475402832 8.07936859130859 8.08044338226319 8.08151817321777 8.08259296417236 8.08366775512695 8.08474254608154 8.08581733703613 8.08689308166504 8.08797454833984 8.08903884887695 8.09008407592773 8.09113502502441 8.09218978881836
8.04708957672119 8.04789161682129 8.04869365692139 8.0494966506958 8.0502986907959 8.05109977722168 8.05190181732178 8.05270385742188 8.05350303649902 8.05428504943848 8.05512714385986 8.05602836608887 8.05691528320312 8.0577974319458 8.05867958068848 8.05956077575683 8.0604419708252 8.06132507324219 8.06220626831055 8.06308746337891 8.06396865844727 8.06484889984131 8.06578063964844 8.06676292419434 8.0677433013916 8.06872177124023 8.0697021484375 8.07068252563477 8.07166290283203 8.07264137268066 8.07362174987793 8.0746021270752 8.07558345794678 8.07656288146973 8.07758712768555 8.07865715026855 8.07972526550293 8.0807933807373 8.08186340332031 8.08293247222901 8.08400344848633 8.0850715637207 8.08614158630371 8.08720970153809 8.08827972412109 8.08935546875 8.09041213989258 8.0914478302002 8.09248924255371 8.09353256225586
8.04835891723633 8.04917335510254 8.04998779296875 8.05080223083496 8.0516185760498 8.05243301391602 8.05324745178223 8.05406188964844 8.05487537384033 8.05567169189453 8.05652236938477 8.05742454528809 8.05831146240234 8.05919647216797 8.06007957458496 8.06096267700195 8.06184768676758 8.06273078918457 8.06361389160156 8.06449794769287 8.0653829574585 8.06626605987549 8.06719970703125 8.06818294525146 8.06916522979736 8.07014846801758 8.07112884521484 8.07211112976074 8.07309341430664 8.07407569885254 8.07505798339844 8.07604026794434 8.07702255249023 8.07800388336182 8.07902717590332 8.08009243011475 8.08115577697754 8.08221912384033 8.08328437805176 8.08434677124023 8.08541107177734 8.08647537231445 8.08753967285156 8.08860206604004 8.08966827392578 8.09073638916016 8.09178352355957 8.09280967712402 8.09384346008301 8.09487628936768
8.04962921142578 8.05045318603516 8.0512752532959 8.05209922790527 8.05292701721191 8.05375671386719 8.05458736419678 8.055419921875 8.05624675750732 8.05706405639648 8.05792236328125 8.0588207244873 8.05970573425293 8.06058692932129 8.06146812438965 8.06234931945801 8.06323623657227 8.06412506103515 8.06501770019531 8.06591033935547 8.06679534912109 8.06768226623535 8.06861782073975 8.06960105895996 8.07058620452881 8.07156562805176 8.07254409790039 8.07352447509766 8.07450675964356 8.07549667358399 8.07648754119873 8.07747840881348 8.07846260070801 8.07944679260254 8.08046913146973 8.08152866363525 8.08258724212646 8.0836410522461 8.08469390869141 8.08574867248535 8.08680534362793 8.08786773681641 8.08893203735352 8.08999633789062 8.09105491638184 8.09211540222168 8.09315490722656 8.09417152404785 8.0951976776123 8.09621620178223
8.05087661743164 8.05170154571533 8.05253219604492 8.05336570739746 8.05420303344727 8.05504417419434 8.05589199066162 8.05674743652344 8.05760669708252 8.05845737457275 8.05932426452637 8.06020164489746 8.06106758117676 8.06193733215332 8.06281280517578 8.06369400024414 8.0645809173584 8.06547546386719 8.06637573242188 8.06728267669678 8.06819534301758 8.06909847259521 8.07003593444824 8.07101058959961 8.07197284698486 8.07293891906738 8.0739107131958 8.07489013671875 8.0758752822876 8.07686805725098 8.07786846160889 8.0788745880127 8.0798864364624 8.08089065551758 8.08191204071045 8.0829553604126 8.08398342132568 8.08501815795898 8.0860595703125 8.08710670471191 8.08816146850586 8.08922100067139 8.09028625488281 8.09135627746582 8.09242916107178 8.0934944152832 8.09452247619629 8.09553146362305 8.09652709960938 8.09752655029297
