Spatial_Analysis/Maxent_Inputs/Inputs/RCP4_5_Future/pH_future45.asc
NCOLS 638 
NROWS 314 
XLLCORNER -102.97071042 
YLLCORNER 3.973116569 
CELLSIZE 0.083 
NODATA_value -9999 
[rows 154 to 175 of 314, columns 500 to 549 of 638]
8.09158706665039 8.0915994644165 8.09161186218262 8.09162330627441 8.09163570404053 8.09164714813232 8.09165954589844 8.09167194366455 8.09168243408203 8.09169483184814 8.09191131591797 8.09233188629151 8.09275245666504 8.09317302703857 8.09359359741211 8.09401512145996 8.09443473815918 8.0948543548584 8.09527492523193 8.09569644927979 8.09611701965332 8.09653663635254 8.09719181060791 8.09807968139648 8.09896945953369 8.09985733032227 8.10074615478516 8.10163307189942 8.10251998901367 8.10340976715088 8.10429763793945 8.10518455505371 8.1060733795166 8.10696125030518 8.10795402526855 8.10904884338379 8.11014366149902 8.11123752593994 8.11233520507812 8.11343002319336 8.11452388763428 8.11561870574951 8.11671352386475 8.1178092956543 8.11890506744385 8.11999893188477 8.12105560302734 8.12207317352295 8.12309074401855 8.12410831451416
8.09131240844727 8.09132766723633 8.09134387969971 8.0913610458374 8.09137630462646 8.09139347076416 8.09140777587891 8.09142303466797 8.09143924713135 8.09145545959473 8.09167861938477 8.09210777282715 8.09253692626953 8.09296607971191 8.09339618682861 8.09382629394531 8.0942554473877 8.09468460083008 8.09511470794678 8.09554290771484 8.09597301483154 8.09640312194824 8.09707069396973 8.09797859191895 8.09888458251953 8.09979057312012 8.10069847106934 8.10160446166992 8.10251045227051 8.10341644287109 8.10432243347168 8.10522937774658 8.10613441467285 8.10704231262207 8.10805130004883 8.10916519165039 8.11027812957764 8.11139106750488 8.11250305175781 8.11361598968506 8.1147289276123 8.11584186553955 8.1169548034668 8.11806678771973 8.11918067932129 8.12029361724854 8.12136459350586 8.12239360809326 8.12342262268066 8.12445259094238
8.09103775024414 8.09105682373047 8.0910758972168 8.09109687805176 8.09111595153809 8.09113693237305 8.09115600585938 8.09117698669434 8.09119606018066 8.09121608734131 8.09144592285156 8.09188365936279 8.09232234954834 8.0927619934082 8.09319877624512 8.09363842010498 8.09407615661621 8.09451484680176 8.0949535369873 8.09539222717285 8.0958309173584 8.09626960754395 8.09695053100586 8.09787559509277 8.09880065917969 8.09972381591797 8.1006498336792 8.1015739440918 8.10249900817871 8.10342407226562 8.10434818267822 8.10527229309082 8.10619735717773 8.10712242126465 8.10814952850342 8.10928153991699 8.11041259765625 8.11154174804688 8.11267280578613 8.11380290985107 8.11493396759033 8.11606597900391 8.11719512939453 8.11832618713379 8.11945724487305 8.12058734893799 8.12167263031006 8.12271404266357 8.12375545501709 8.12479686737061
8.0907621383667 8.09078598022461 8.09081077575684 8.09083366394043 8.09085845947266 8.09088134765625 8.09090423583984 8.09092903137207 8.09095191955567 8.09097671508789 8.09121227264404 8.09165954589844 8.09210777282715 8.09255599975586 8.09300231933594 8.09345054626465 8.09389877319336 8.09434413909912 8.09479236602783 8.09523963928223 8.09568691253662 8.09613609313965 8.09683036804199 8.09777355194092 8.09871673583985 8.09965991973877 8.1006031036377 8.1015453338623 8.10248756408691 8.10343074798584 8.10437393188477 8.10531616210937 8.10626029968262 8.10720252990723 8.10824775695801 8.10939693450928 8.11054611206055 8.1116943359375 8.11284255981445 8.11399078369141 8.11513900756836 8.11628723144531 8.11743545532227 8.11858558654785 8.1197338104248 8.12088012695313 8.12198162078858 8.1230354309082 8.12408828735352 8.12514019012451
8.09048843383789 8.09051513671875 8.09054374694824 8.0905704498291 8.09059810638428 8.09062576293945 8.09065437316895 8.09068202972412 8.0907096862793 8.09073638916016 8.09097862243652 8.0914363861084 8.09189224243164 8.09234809875488 8.09280586242676 8.09326171875 8.09371852874756 8.0941743850708 8.09463119506836 8.0950870513916 8.09554481506348 8.09600067138672 8.09671020507813 8.09767246246338 8.09863185882569 8.09959316253662 8.10055541992188 8.10151481628418 8.10247707366943 8.10343933105469 8.10439872741699 8.10536098480225 8.10632133483887 8.1072826385498 8.10834693908691 8.10951328277588 8.11067962646484 8.11184597015381 8.11301231384277 8.11417770385742 8.11534309387207 8.11651039123535 8.11767578125 8.11884307861328 8.12000846862793 8.12117576599121 8.12229156494141 8.12335586547852 8.12442016601562 8.12548446655273
8.09021282196045 8.09024429321289 8.09027671813965 8.09030723571778 8.09033966064453 8.09037113189697 8.09040260314941 8.09043312072754 8.0904655456543 8.09049701690674 8.09074592590332 8.09121227264404 8.09167671203613 8.09214305877686 8.09260654449463 8.09307384490967 8.09354019165039 8.09400463104248 8.0944709777832 8.09493637084961 8.09540176391602 8.09586715698242 8.09659004211426 8.09756946563721 8.09854698181152 8.09952735900879 8.10050678253174 8.10148620605469 8.10246562957764 8.10344505310059 8.10442543029785 8.10540390014648 8.10638332366943 8.10736274719238 8.10844421386719 8.1096305847168 8.11081314086914 8.1119966506958 8.11318111419678 8.11436462402344 8.11554908752441 8.11673355102539 8.11791801452637 8.11910152435303 8.12028503417969 8.12146854400635 8.12259864807129 8.12367630004883 8.12475204467774 8.12582874298096
8.08993721008301 8.08997344970703 8.09000968933105 8.09004402160645 8.09008026123047 8.09011554718018 8.09015083312988 8.09018707275391 8.09022235870361 8.09025859832764 8.09051322937012 8.09098815917969 8.09146213531494 8.09193706512451 8.09241104125977 8.09288597106934 8.09336090087891 8.09383487701416 8.09431076049805 8.09478378295898 8.09525871276855 8.09573364257812 8.09646797180176 8.09746646881104 8.098464012146 8.09946346282959 8.10045909881592 8.1014575958252 8.10245513916016 8.10345268249512 8.10445022583008 8.10544872283936 8.1064453125 8.10744285583496 8.10854339599609 8.10974502563477 8.11094665527344 8.11214828491211 8.11335182189941 8.11455154418945 8.11575412750244 8.1169548034668 8.1181583404541 8.11935997009277 8.12056064605713 8.12176322937012 8.1229076385498 8.12399673461914 8.12508392333985 8.12617206573486
8.08966255187988 8.08970355987549 8.08974361419678 8.08978462219238 8.08982467651367 8.08986473083496 8.08990287780762 8.08994102478027 8.08998107910156 8.0900182723999 8.09028053283691 8.09076404571533 8.09124755859375 8.09173202514648 8.0922155380249 8.09270095825195 8.09318542480469 8.09366798400879 8.09415245056152 8.09463405609131 8.09511661529541 8.09560012817383 8.09634780883789 8.09736442565918 8.09837913513184 8.09939670562744 8.10041332244873 8.10142993927002 8.10244655609131 8.10346221923828 8.10447883605957 8.10549354553223 8.1065092086792 8.10752391815186 8.10864162445068 8.10986137390137 8.11108016967773 8.11230087280273 8.11352157592774 8.11474132537842 8.1159610748291 8.11718082427979 8.11840057373047 8.11961936950684 8.1208381652832 8.12205696105957 8.12321662902832 8.12431621551514 8.12541675567627 8.12651634216309
8.08939170837402 8.08943843841553 8.0894832611084 8.08952808380127 8.08957099914551 8.08961486816406 8.08965873718262 8.08970165252686 8.08974361419678 8.08978366851807 8.09004974365234 8.09053993225098 8.09103679656982 8.09152984619141 8.09202575683594 8.09251976013184 8.0930118560791 8.09350490570068 8.09399604797363 8.0944881439209 8.09497928619385 8.09546947479248 8.09622955322266 8.09726142883301 8.09829902648926 8.09933471679688 8.10037040710449 8.10140609741211 8.1024398803711 8.1034746170044 8.10450839996338 8.10554122924805 8.10657501220703 8.10760688781738 8.10874176025391 8.10997772216797 8.11121654510498 8.11245536804199 8.11369323730469 8.11493110656738 8.11616992950439 8.11740684509278 8.11864471435547 8.11988162994385 8.12111759185791 8.12235546112061 8.12352752685547 8.12463760375977 8.1257495880127 8.12686252593994
8.08899354934692 8.08917713165283 8.08922576904297 8.08927440643311 8.08932304382324 8.08937072753906 8.08941745758057 8.08946418762207 8.08950901031494 8.08955574035645 8.08982753753662 8.09033203125 8.09083366394043 8.09133529663086 8.09183788299561 8.09234046936035 8.09284210205078 8.09334278106689 8.09384536743164 8.09434413909912 8.09484481811523 8.09534454345703 8.09611988067627 8.09717178344727 8.09822463989258 8.09927654266357 8.1003303527832 8.10138320922852 8.10243606567383 8.10348796844482 8.10453987121582 8.10559177398682 8.10664367675781 8.10769462585449 8.10884761810303 8.11010265350342 8.11135864257812 8.11261367797852 8.11386871337891 8.11512470245361 8.11638069152832 8.11763381958008 8.11888885498047 8.12014484405518 8.12139892578125 8.12265300750732 8.12384223937988 8.12496566772461 8.12608909606934 8.12721157073975
8.08899354934692 8.08880996704102 8.08886528015137 8.08892345428467 8.08897590637207 8.08903217315674 8.08908653259277 8.08914184570312 8.08919715881348 8.08925342559814 8.08953762054443 8.09005165100098 8.09056663513184 8.09107971191406 8.09159278869629 8.09210777282715 8.09262084960938 8.09313583374023 8.09364891052246 8.09416198730469 8.09467601776123 8.09519004821777 8.09598064422608 8.09704971313477 8.09811782836914 8.09918689727783 8.10025596618652 8.10132694244385 8.10239601135254 8.10346508026123 8.10453414916992 8.10560417175293 8.10667324066162 8.10774230957031 8.10891342163086 8.11018180847168 8.11145114898682 8.11271953582764 8.11399078369141 8.11526107788086 8.11652946472168 8.11779975891113 8.11907005310059 8.12033843994141 8.12160873413086 8.12287902832031 8.12408065795898 8.12521362304688 8.12634563446045 8.12747764587402
-9999 8.08880996704102 8.08886528015137 8.08846855163574 8.08853530883789 8.08860301971436 8.08866882324219 8.08873558044434 8.0888032913208 8.08887100219727 8.08916854858398 8.08969974517822 8.09023094177246 8.09076023101807 8.09129047393799 8.09182167053223 8.09235000610352 8.09288024902344 8.09340953826904 8.09394073486328 8.09447002410889 8.09500122070312 8.0958080291748 8.09689235687256 8.09797668457031 8.09906387329102 8.10014915466309 8.10123443603516 8.10231971740723 8.10340595245361 8.1044921875 8.10557746887207 8.10666370391846 8.10774993896484 8.10893154144287 8.11021423339844 8.11149501800537 8.1127758026123 8.11405754089355 8.11533832550049 8.11662006378174 8.11790084838867 8.11918258666992 8.12046432495117 8.12174606323242 8.12302684783936 8.12423801422119 8.12537860870361 8.12651824951172 8.12765884399414
-9999 8.08785820007324 8.0879373550415 8.08801555633545 8.08809471130371 8.08817291259766 8.0882511138916 8.08833026885986 8.08840847015381 8.08848762512207 8.08880043029785 8.08934783935547 8.08989429473877 8.09044075012207 8.09098815917969 8.09153366088867 8.09208106994629 8.09262657165527 8.09317302703857 8.09371852874756 8.09426498413086 8.09481239318848 8.09563636779785 8.09673500061035 8.09783744812012 8.09893798828125 8.10004043579102 8.10114288330078 8.10224533081055 8.10334682464599 8.10445022583008 8.10555076599121 8.10665321350097 8.10775566101074 8.10895347595215 8.11024570465088 8.11153793334961 8.11283111572265 8.1141242980957 8.11541652679443 8.1167106628418 8.11800193786621 8.11929607391358 8.12059020996094 8.12188053131104 8.12317562103271 8.12439632415771 8.12554454803467 8.12669277191162 8.12784004211426
8.08729076385498 8.08738136291504 8.0874719619751 8.08756256103516 8.0876522064209 8.08774375915528 8.08783340454102 8.08792304992676 8.08801460266113 8.08810424804688 8.08843231201172 8.08899593353271 8.08955955505371 8.09012222290039 8.09068489074707 8.09124755859375 8.09181022644043 8.09237194061279 8.09293556213379 8.09349822998047 8.09406089782715 8.09462356567383 8.09546279907227 8.09657955169678 8.09769630432129 8.09881496429443 8.09993362426758 8.10105133056641 8.10216999053955 8.1032886505127 8.10440635681152 8.10552501678467 8.10664367675781 8.10776138305664 8.10897254943848 8.11027717590332 8.11158180236816 8.11288642883301 8.11419105529785 8.1154956817627 8.11680030822754 8.11810493469238 8.11940956115723 8.12071514129639 8.12201881408692 8.12332344055176 8.12455368041992 8.12570953369141 8.12686634063721 8.12802314758301
8.08680438995361 8.08690643310547 8.08700847625732 8.0871114730835 8.08721256256104 8.08731365203857 8.08741569519043 8.0875186920166 8.08761978149414 8.08772277832031 8.08806228637695 8.08864402770996 8.0892219543457 8.08980178833008 8.09038162231445 8.0909595489502 8.09153938293457 8.09211826324463 8.09269714355469 8.09327697753906 8.0938549041748 8.09443473815918 8.09529113769531 8.09642314910889 8.09755706787109 8.0986909866333 8.09982490539551 8.10096073150635 8.10209465026855 8.10323047637939 8.1043643951416 8.10549926757812 8.10663414001465 8.10776805877686 8.10899353027344 8.11030960083008 8.11162567138672 8.11294174194336 8.1142578125 8.11557388305664 8.11688995361328 8.11820697784424 8.11952304840088 8.12084007263184 8.12215614318848 8.12347316741943 8.12471199035645 8.12587642669678 8.12703990936279 8.12820243835449
8.0863151550293 8.08642959594726 8.08700847625732 8.08665752410889 8.08677101135254 8.08688545227051 8.08699798583984 8.08711242675781 8.08722591400146 8.08733940124512 8.08769416809082 8.08829212188721 8.08888816833496 8.0894832611084 8.09007930755615 8.09067440032959 8.09126853942871 8.09186553955078 8.0924596786499 8.09305477142334 8.09364986419678 8.09424495697022 8.09511756896973 8.096266746521 8.09741592407227 8.09856605529785 8.09971809387207 8.10086822509766 8.10202026367188 8.10317039489746 8.10432052612305 8.10547256469727 8.10662460327148 8.10777473449707 8.10901546478272 8.11034202575684 8.11166858673096 8.11299705505371 8.11432456970215 8.1156530380249 8.11698246002197 8.11830902099609 8.11963653564453 8.1209659576416 8.12229347229004 8.12362098693848 8.12487030029297 8.12604236602783 8.1272144317627 8.12838363647461
8.08582878112793 8.08595275878906 8.08643102645874 8.08620452880859 8.08633041381836 8.08645439147949 8.08658027648926 8.08670616149902 8.08683109283447 8.08695697784424 8.087327003479 8.08794021606445 8.08855247497559 8.08916473388672 8.08977603912354 8.09038734436035 8.09099769592285 8.09160995483398 8.09222221374512 8.09283256530762 8.09344387054444 8.09405612945557 8.09494400024414 8.09610939025879 8.09727573394776 8.09844207763672 8.099609375 8.10077667236328 8.10194396972656 8.10311126708985 8.10428047180176 8.10544586181641 8.10661315917969 8.10778141021729 8.10903358459473 8.11037254333496 8.11171245574951 8.11305236816406 8.1143913269043 8.11573123931885 8.1170711517334 8.11841106414795 8.1197509765625 8.12108993530273 8.12242984771729 8.12376976013184 8.12502861022949 8.12620830535889 8.12738704681396 8.12856578826904
8.08533954620361 8.08547782897949 8.08561420440674 8.0857515335083 8.08588790893555 8.08602619171143 8.0861644744873 8.08629989624023 8.0864372253418 8.08657646179199 8.08695793151856 8.0875883102417 8.08821678161621 8.08884429931641 8.0894718170166 8.09010028839111 8.09072875976562 8.09135627746582 8.09198379516602 8.09261131286621 8.09323883056641 8.09386730194092 8.09477138519287 8.0959529876709 8.09713459014893 8.09831809997559 8.09950065612793 8.10068511962891 8.10186862945557 8.10305213928223 8.1042366027832 8.10541915893555 8.10660362243652 8.10778713226318 8.10905456542969 8.11040496826172 8.11175537109375 8.11310768127441 8.11445808410645 8.11580753326416 8.11716079711914 8.1185131072998 8.11986446380615 8.1212158203125 8.12256717681885 8.1239185333252 8.12518882751465 8.12637519836426 8.12756061553955 8.12874698638916
8.08485317230225 8.08500099182129 8.08514976501465 8.08529853820801 8.08544731140137 8.08559608459473 8.08574485778808 8.08589363098145 8.0860424041748 8.08619213104248 8.08658981323242 8.08723640441895 8.08788108825684 8.08852577209473 8.08917045593262 8.08981418609619 8.09045791625977 8.09110164642334 8.09174537658691 8.0923900604248 8.0930347442627 8.09367847442627 8.0945987701416 8.09579563140869 8.09699440002441 8.09819412231445 8.09939384460449 8.10059547424316 8.10179424285889 8.10299301147461 8.10419464111328 8.10539436340332 8.10659408569336 8.1077938079834 8.10907459259033 8.11043453216553 8.1117992401123 8.11316299438477 8.11452484130859 8.11588859558105 8.11725234985352 8.11861419677734 8.1199779510498 8.12134075164795 8.12270545959473 8.12406730651855 8.12534713745117 8.12654113769531 8.12773513793945 8.12892913818359
8.08436489105225 8.08452606201172 8.08468627929688 8.08484840393066 8.08500957489014 8.08516979217529 8.08533000946045 8.08548927307129 8.08564853668213 8.0858097076416 8.08622169494629 8.08688545227051 8.08754539489746 8.08820629119873 8.0888671875 8.08952903747559 8.09018898010254 8.09084987640381 8.09151077270508 8.09217071533203 8.09283065795898 8.09348869323731 8.09442520141602 8.09563827514648 8.09685325622559 8.09807014465332 8.09928798675537 8.10050487518311 8.10172176361084 8.10293865203857 8.10415458679199 8.10536956787109 8.1065845489502 8.1077995300293 8.10909366607666 8.1104679107666 8.11184310913086 8.11321830749512 8.11459445953369 8.11596870422363 8.11734390258789 8.11871910095215 8.12009334564209 8.12146759033203 8.12284088134766 8.12421703338623 8.1255054473877 8.12670803070069 8.12790870666504 8.12911033630371
8.08436489105225 8.08452606201172 8.08422946929932 8.08440017700195 8.08457374572754 8.08474254608154 8.08491516113281 8.08508777618408 8.0852575302124 8.08542823791504 8.08585357666016 8.08653354644775 8.08721160888672 8.087890625 8.08856773376465 8.08924579620361 8.08992290496826 8.09060096740722 8.09127712249756 8.09195423126221 8.09262752532959 8.09330558776855 8.09425354003906 8.09548091888428 8.09671592712402 8.09795188903809 8.09918594360352 8.10041999816895 8.10165214538574 8.10288524627686 8.10411834716797 8.10534858703613 8.1065788269043 8.10781002044678 8.10911846160889 8.11049842834473 8.11188793182373 8.11327743530273 8.11466407775879 8.11605262756348 8.11743831634521 8.11882495880127 8.12021255493164 8.12159729003906 8.12298202514649 8.12436866760254 8.12566471099854 8.12687397003174 8.12808418273926 8.12929534912109
-9999 -9999 8.08422946929932 8.08395481109619 8.08413887023926 8.08432197570801 8.08450317382812 8.08468627929687 8.08486843109131 8.08505058288574 8.08549118041992 8.0861873626709 8.08688068389892 8.08757495880127 8.08827018737793 8.08896446228027 8.08965873718262 8.09035301208496 8.0910472869873 8.09173965454102 8.09243202209473 8.09312438964844 8.09409332275391 8.09533882141113 8.09658813476563 8.09783744812012 8.09908676147461 8.1003360748291 8.10158538818359 8.10283470153809 8.10408210754395 8.10533046722412 8.10657787322998 8.10782527923584 8.10914611816406 8.11054229736328 8.11194038391113 8.11334037780762 8.11473846435547 8.11613655090332 8.11753463745117 8.11893272399902 8.12033176422119 8.12172889709473 8.12312602996826 8.1245231628418 8.12582969665528 8.12704753875732 8.12826442718506 8.12948036193848
