Spatial_Analysis/Maxent_Inputs/Inputs/RCP4_5_Future/salinity_future45.asc
NCOLS 638 
NROWS 314 
XLLCORNER -102.97071042 
YLLCORNER 3.973116569 
CELLSIZE 0.083 
NODATA_value -9999 
[rows 110 to 131 of 314, columns 200 to 249 of 638]
36.305207902253 36.2985576486743 36.2918419782496 36.2851291732706 36.2784193456328 36.2717100364159 36.2649981634673 36.2582889058683 36.2515690683995 36.2448151067253 36.2398235679747 36.2390481779606 36.2399558316745 36.2408160241949 36.2416605068672 36.242510668813 36.2433605634414 36.2442096809688 36.2450601451437 36.2459085984502 36.2467892729058 36.2478374730081 36.2488573710039 36.2493724411164 36.2497966080972 36.2504541520521 36.251208254133 36.2519609761315 36.2527096667486 36.2534637688295 36.254216490828 36.2549668900843 36.2557281638859 36.2565092604473 36.2569357886506 36.2563686781615 36.2552730617709 36.2542198140908 36.2531812485694 36.2521415950805 36.2511049624818 36.2500663969603 36.2490244136451 36.2479835086755 36.2469432345148 36.2458879182492 36.2444560460604 36.2420191982597 36.2389404115013 36.2358403064828
36.2980308579405 36.2919053816165 36.2857461654147 36.2795862237295 36.2734289839766 36.2672701818766 36.2611109656748 36.2549498332561 36.2487881834241 36.2426124579831 36.238023545718 36.237212189718 36.2379190956846 36.2386047856877 36.2392889047827 36.2399728684331 36.2406576522413 36.2413400626741 36.2420219982349 36.2427059618853 36.2434048805727 36.2442354009336 36.2450871438916 36.2455465675227 36.2459841965936 36.2466467925814 36.2473640599176 36.2480789710998 36.2487931051808 36.2495073951758 36.2502210113282 36.250936440439 36.2516534738698 36.2523949993349 36.2528096824821 36.2523057779857 36.2513223410563 36.2503760264171 36.2494382134404 36.2485058458546 36.2475750071811 36.2466371942044 36.2457015647618 36.2447647445857 36.2438261550002 36.2428783321924 36.2415280135365 36.2391044172019 36.2359935596478 36.2328600888038
36.2908546251028 36.2852524594674 36.2796329289849 36.2740115410103 36.2684034794402 36.2628007245454 36.2572078610401 36.2516091036225 36.2460024656837 36.2403957507842 36.2362040702697 36.235361011033 36.2358798815537 36.2363971811662 36.2369139628501 36.2374353525688 36.2379596345763 36.2384752255495 36.2389888739782 36.239506380653 36.2400263897742 36.2406338751768 36.2412787090824 36.2416967588123 36.2421732694916 36.2428386737001 36.2435216259822 36.2442034558774 36.2448848549419 36.2455597981242 36.2462331703754 36.2469054212244 36.2475798282721 36.2482760785697 36.2486700610757 36.2482337630521 36.2473700154834 36.2465316256251 36.245703489148 36.2448788484102 36.2440528012623 36.2432200051325 36.2423841273423 36.2415484834575 36.2407089028657 36.2398693668305 36.2386075152403 36.2361973262858 36.2330496339871 36.2298777311396
36.2835952424329 36.2784491402837 36.2733255183315 36.2682420097784 36.2631972527022 36.2581815111578 36.2531859315825 36.2481908273945 36.2431855736521 36.2381613430972 36.2343578747193 36.2334908874403 36.23383535974 36.2341885063679 36.2345430766271 36.2349063718247 36.2352766590391 36.2356369262854 36.2359891667182 36.236337575725 36.2366783036964 36.2370485346553 36.2374455919055 36.2378382028668 36.238401637108 36.2390691139627 36.2397361771851 36.2403960342441 36.2410457766377 36.2416865601875 36.2423157973717 36.2429281005165 36.2435393248004 36.2441630618769 36.2445244581897 36.2441596592816 36.2434295977454 36.2427286317319 36.2420281066403 36.2413195041023 36.2405979989064 36.2398654470145 36.2391231591778 36.2383756937596 36.2376225313545 36.2368731233918 36.2356912892922 36.2332923242066 36.2301136814766 36.2269284776065
36.2760441426354 36.2713710316816 36.2667818168012 36.2622735145304 36.2578208455969 36.2534115968765 36.2490329538397 36.244660024496 36.2402833417175 36.2358779558192 36.2324893170057 36.2316048742725 36.2317858917356 36.2319878913254 36.232195862796 36.2324130260081 36.232635954531 36.2328561224198 36.2330613504545 36.23325557485 36.2334307525793 36.2335858204797 36.2337563511255 36.2341159192509 36.2347656065961 36.2354282683535 36.2360789088734 36.2367102424938 36.2373279140917 36.2379318628968 36.2385181117063 36.2390785456239 36.2396247479497 36.2401627766317 36.240460810447 36.2401656855367 36.2395991654886 36.2390323714625 36.2384487482086 36.2378465435387 36.2372240918701 36.236585310151 36.2359365180856 36.2352707145277 36.2345972471556 36.2339151322755 36.2327806307449 36.2303968996206 36.2272230887397 36.2240455233936
36.2706345178076 36.2664032165411 36.2622294373557 36.2581274999946 36.254080531727 36.2500727811782 36.2460898451211 36.2421139689122 36.2381325106419 36.2341200609062 36.2310111263375 36.2301158966259 36.2301680077655 36.2302410579523 36.2303227814597 36.2304127823688 36.2305046645601 36.2305943298053 36.2306737411999 36.2307420031554 36.2307885241119 36.2308347054055 36.2309260809669 36.2312008586042 36.2317405946812 36.232324573312 36.2328997839709 36.2334585010887 36.2340034787079 36.2345350524924 36.2350520762653 36.2355455982668 36.2360283312908 36.2365122626708 36.2367748303014 36.2364681686227 36.2358919517114 36.235328870917 36.2347555464091 36.2341631823421 36.233556828188 36.2329364318138 36.2323020286236 36.2316520983425 36.2309969029126 36.230340714728 36.2292284639803 36.2268451748156 36.2236555107098 36.2204642402386
36.2666185492615 36.2627969500459 36.2589821337464 36.2551906287929 36.2514245508882 36.2476773910023 36.2439444991502 36.2402091387331 36.2364686184712 36.2327226751472 36.2298257285296 36.2289150157519 36.2288531344949 36.2288182507943 36.2287912642979 36.228766030482 36.2287393289935 36.228713939756 36.2286834843404 36.2286479541326 36.2286083409485 36.2286176029766 36.2287145241711 36.2288632906885 36.229186073062 36.2296414910786 36.2300957700025 36.2305456819039 36.2309883613372 36.2314256460356 36.2318577703969 36.2322811333778 36.2327043156471 36.2331361347492 36.2333612732223 36.2329866496408 36.2323068209074 36.231658564777 36.2310153753401 36.2303665502016 36.2297106044678 36.2290473923387 36.2283753069337 36.2277018753965 36.2270263717284 36.2263509212082 36.2252194070412 36.222829894862 36.2196317812957 36.2164240000853
36.2623294625381 36.2588964647275 36.2554380665962 36.2519763013044 36.2485229253099 36.2450737867516 36.2416245028628 36.2381690987558 36.2347199343621 36.2312990225444 36.228645776605 36.2277124267541 36.2275264369578 36.2273875292109 36.2272591770744 36.2271308082319 36.2269995906498 36.2268717133852 36.2267423001243 36.226611859151 36.2264890819917 36.2264519418894 36.2265272232889 36.2265576015512 36.2267093924216 36.2270357562007 36.2273842584436 36.227731078375 36.2280739620917 36.2284214199162 36.2287694305812 36.2291146532537 36.2294599108381 36.2298191555024 36.2299778473554 36.2295385465633 36.2287926078814 36.2280775766201 36.227370313469 36.226663352547 36.2259557269119 36.2252456160287 36.2245334330147 36.2238267910508 36.2231209692446 36.2224025743679 36.2212267752964 36.2188306406686 36.2156578407943 36.2124615821824
36.2579975252098 36.2549234142243 36.2517854506634 36.248643343333 36.2455091332068 36.2423749671219 36.2392342844076 36.236093472107 36.2329637656966 36.2298792722063 36.2274603787741 36.2265106315633 36.2262024322464 36.2259577133532 36.2257308266026 36.2255029906004 36.2252741101798 36.2250457993055 36.2248187399121 36.2245918531615 36.2243792906319 36.2242784478907 36.2242901586993 36.2242266731451 36.2242513108649 36.2244532370556 36.2247055780369 36.2249590150772 36.2252119256278 36.2254642666091 36.2257194122887 36.2259743170017 36.2262255528172 36.2265000023432 36.2265830037015 36.2260825634569 36.2252831066483 36.2245148594664 36.2237572023143 36.2230017894437 36.2222437961353 36.2214845857657 36.2207278778652 36.2199762017234 36.2192215922816 36.2184508871871 36.2172397357271 36.2148387141558 36.2116857299342 36.2085103663282
36.2536750383492 36.2509514081624 36.2481288301921 36.2453059403707 36.2424890756009 36.239664944413 36.2368384297356 36.2340184322029 36.2312075286844 36.2284496922336 36.2262604643435 36.2252992127925 36.2248772539998 36.224525740289 36.2242010519843 36.2238772618057 36.2235491992562 36.2232211367066 36.2228936437035 36.2225689553987 36.2222721399647 36.2220942975308 36.2220131261328 36.2218611264251 36.2217827511281 36.2218748003945 36.2220325677741 36.2221903614814 36.2223485429628 36.2225105827134 36.2226691530296 36.2228287586346 36.2229934906956 36.2231783811573 36.223178174522 36.2226162920805 36.2217688414663 36.2209492505394 36.2201446090883 36.219340019255 36.2185370434095 36.2177320394744 36.2169279240207 36.2161287456512 36.2153228365058 36.2145005461844 36.2132559235951 36.2108525792815 36.2077131619157 36.204556396924
36.2493732318555 36.2469803346234 36.2444709926595 36.2419671568338 36.2394650134337 36.236955050798 36.234444284218 36.2319418730083 36.2294508345137 36.2270133202453 36.2250479667282 36.224077160466 36.2235511776499 36.2230967790086 36.2226727961869 36.222251533011 36.2218242883325 36.2213985968717 36.2209742004406 36.2205486644013 36.2201555145475 36.2198823319944 36.2197006393964 36.2194660189781 36.2193000276767 36.2192905209464 36.2193544568907 36.2194214314388 36.2194853157654 36.2195523849649 36.2196199290594 36.2196848578044 36.2197569491406 36.2198524972222 36.2197664317865 36.2191484847077 36.2182504937774 36.2173819760069 36.2165314979337 36.2156795952445 36.2148308258106 36.2139809172838 36.213130059013 36.2122789597527 36.2114230702157 36.2105606392746 36.2092802764998 36.2068679976248 36.2037440116909 36.2006034719382
36.2450890509345 36.2430079053073 36.2408183767496 36.2386292622936 36.2364408733209 36.2342474525898 36.232053651661 36.2298653138138 36.2276923800631 36.2255704584476 36.2238254491448 36.2228453726868 36.2222202077418 36.2216681801892 36.2211457407219 36.2206206261426 36.220095105038 36.2195733130856 36.219049104209 36.2185278554753 36.2180320029556 36.2176431720222 36.2173545018267 36.2170438112313 36.2168040294615 36.2167072423908 36.2166759835464 36.2166508352984 36.2166252734409 36.2165969919377 36.2165731387195 36.2165462818323 36.2165236963084 36.2165214261069 36.2163482251 36.2156710542474 36.2147305832491 36.2138195950324 36.212921234534 36.2120228740356 36.2111245135372 36.21022537643 36.209325591808 36.2084278524967 36.2075283012877 36.2066204908599 36.2053079089519 36.2028888274319 36.199776950303 36.1966505469525
36.2408250324749 36.2390354071523 36.2371634654098 36.235289529505 36.2334165433441 36.2315414683464 36.2296640635224 36.2277864247929 36.2259263913848 36.2241165930106 36.2225904602495 36.2216035649395 36.2208824533946 36.2202385977216 36.219615206716 36.2189910998719 36.2183662842503 36.2177476404878 36.2171265276908 36.2165075644779 36.2159040903912 36.2153919209586 36.2149887212472 36.2145992413214 36.2142951964657 36.2141252927692 36.2140012130036 36.2138780217195 36.2137601816444 36.2136434634637 36.2135254942946 36.2134051512579 36.2132884502755 36.21318785203 36.2129266183333 36.2121876423074 36.2112064094793 36.2102526055078 36.2093098320186 36.208365376218 36.2074160005315 36.2064674794222 36.2055200366585 36.2045766419822 36.2036316682529 36.2026793932166 36.2013333401792 36.1989113663706 36.1958122187414 36.1927018943377
36.2365812539297 36.2350649203809 36.2335060075825 36.2319490373288 36.2303901245304 36.2288331542767 36.2272725328391 36.2257124293301 36.2241596261206 36.2226540370548 36.221338624928 36.2203450135093 36.2195380963578 36.2188067370454 36.2180837229661 36.2173653710772 36.2166408037803 36.2159236421097 36.2152064804391 36.2144858498492 36.2137719054788 36.2131327823126 36.2126055763129 36.2121390668442 36.2117805890296 36.2115437228528 36.2113279956785 36.2111108003391 36.2109003286917 36.2106883989934 36.2104735603005 36.2102613020454 36.2100508303979 36.2098531388603 36.2095050454938 36.2087096762508 36.2076861192687 36.2066881356966 36.2056972387926 36.2047038130917 36.2037080742933 36.2027120848836 36.201720082814 36.2007274772708 36.1997326269539 36.1987383127715 36.1973604025926 36.194932731797 36.1918440177453 36.1887528792159
36.2323287847969 36.2310933284208 36.2298568950112 36.2286268061035 36.2273876555859 36.2261393133037 36.224887864094 36.2236368026584 36.2223940004416 36.2211848449974 36.2200696495354 36.2190750250944 36.2181957674335 36.2173784744052 36.2165616896608 36.2157501275238 36.2149350519339 36.2141176733377 36.2132918790935 36.2124664478486 36.2116441220312 36.2108730746356 36.2102109873097 36.2096713652464 36.2092678289715 36.2089589249838 36.2086605770988 36.2083624965311 36.2080640023309 36.2077565933284 36.2074387841371 36.2071232440019 36.2068152993571 36.2065176490818 36.2060785279707 36.2052248401642 36.2041655875533 36.2031263242456 36.2020961660968 36.2010721788224 36.200045258248 36.1990017246147 36.1979430612403 36.1968842935697 36.1958355798173 36.1947949364272 36.1933853250207 36.1909536132218 36.1878791398916 36.1848005237766
36.2280729616799 36.227191716909 36.2263148584042 36.2254211539197 36.2245089024387 36.2235774742128 36.2226229339892 36.2216500275107 36.2206727711621 36.2197232924946 36.218787917823 36.2178062000776 36.2168863183337 36.2160196150445 36.215140958349 36.2142502803929 36.2133413490624 36.2124138023887 36.2114699859194 36.2105186276229 36.2095571101042 36.2086276253934 36.2078184436174 36.207214070429 36.2067905468892 36.2064406386438 36.2060967726483 36.2057435437984 36.2053722078891 36.2049816962198 36.2045608223709 36.2041145492393 36.2036496774244 36.203198550147 36.2026478069386 36.2017445078393 36.2006875987465 36.1996907002422 36.198702114597 36.1976949323139 36.1966535736235 36.1955710835122 36.1944363525214 36.1932627672418 36.1920630748637 36.1908808971335 36.1894098242176 36.1869761516682 36.1839618082859 36.1810246860473
36.2239817859706 36.2234785607125 36.2229562118044 36.2223997032638 36.2218147993937 36.2212052308465 36.2205591632187 36.2198786949687 36.2191641612224 36.218436949063 36.2176233433743 36.2166741611524 36.215772096467 36.2148584624961 36.2139077598521 36.2129275501212 36.2119134996929 36.2108734450241 36.2098118746546 36.2087277355289 36.2076233316909 36.2065136965927 36.2055244504139 36.2048695019608 36.2044761189234 36.2041081912319 36.2037294330135 36.2033294790371 36.202903218591 36.2024463215871 36.201942335965 36.2013902881906 36.2007803810336 36.2001307386898 36.1993783200966 36.1984620332292 36.1975494966856 36.196641063209 36.1957061196767 36.1947179779146 36.1936735912729 36.1925640970592 36.1913801127062 36.1901191792936 36.1887758332016 36.1873713389723 36.1856669860031 36.1832628912318 36.1805275741096 36.1777811998396
36.2223945665437 36.2219756772125 36.2215392165101 36.2210770538193 36.2205883436921 36.2200709714336 36.2195237119135 36.2189417920535 36.2183343843745 36.217729916626 36.2169967739787 36.2159811369581 36.2149480032151 36.2139247878424 36.2128721499889 36.2117921278355 36.2106818290935 36.2095469937836 36.2083888642571 36.2072115488793 36.2060208377584 36.2048340173269 36.2037658418773 36.2030185327359 36.202510893708 36.20203846896 36.2015645254599 36.2010741157541 36.2005553719815 36.2000073190779 36.1994184360436 36.1987797194253 36.1980980484053 36.1973918702233 36.1965984700755 36.1955950558308 36.1945561323111 36.1935448783288 36.1925204382724 36.1914525780488 36.1903317094824 36.1891442140995 36.1878833924907 36.1865565045054 36.1851608897379 36.183734656243 36.1820377167277 36.1796144768851 36.1768164437608 36.1740358345068
36.2227148576208 36.2221661653011 36.2216101706137 36.2210557291898 36.220490949378 36.2199052482326 36.219305004675 36.2186918053576 36.2180783205398 36.2174952545651 36.2167732450124 36.2156355194428 36.2144012898044 36.2132209888788 36.2120354835748 36.2108431771486 36.2096401860641 36.2084192611014 36.2071840509067 36.2059491601852 36.2047136989326 36.2035068101758 36.2024212323674 36.2015531114549 36.2008560023199 36.200228106545 36.1996077626886 36.1989886880494 36.1983579967216 36.1977099405695 36.1970385740103 36.1963462152789 36.1956511987026 36.1949670875758 36.1941861144528 36.193062720195 36.191779349097 36.1905427683111 36.1893126008432 36.1880764093772 36.1868211789133 36.1855299252943 36.1841956119697 36.182838995745 36.1814713658357 36.1801182408961 36.1785007358044 36.1760370655682 36.1730487659198 36.1700984439629
36.2231499963422 36.2225156974483 36.2218658613033 36.2212247257913 36.2205799831367 36.2199304325149 36.2192795185396 36.2186264205378 36.2179780090088 36.2173619057196 36.2165936049011 36.2153576236719 36.2139882910004 36.2126770030062 36.2113691328058 36.2100634461167 36.2087604694514 36.2074534543436 36.2061371001943 36.2048252765809 36.2035220149078 36.202259112078 36.2011234723478 36.2001465573866 36.1993149917256 36.1985669231498 36.1978342860289 36.1971078638006 36.1963781189453 36.1956434375213 36.1949018253659 36.1941599276873 36.1934255819272 36.1926960264437 36.1918347725046 36.1906271876126 36.1892339866775 36.1878488125329 36.1864662451537 36.1850858005156 36.1837104053495 36.1823264148544 36.180930417828 36.1795366473695 36.1781448710505 36.1767470889236 36.1750542026274 36.1725753206899 36.1695944216147 36.166582631825
36.2235805321205 36.2229079500989 36.2221920131119 36.2214775442899 36.2207567142601 36.2200393531494 36.2193272141538 36.2186114331037 36.2178993791607 36.2172278076007 36.2163939076323 36.2150674970633 36.2135896265385 36.2121743484252 36.2107695747968 36.2093642827475 36.207962641882 36.2065573766527 36.2051495213869 36.2037452221381 36.2023491638263 36.2010188200987 36.1998216470426 36.1987409348564 36.1977883503854 36.1969446972014 36.1961296216115 36.1953167472465 36.194501387141 36.193684602912 36.1928678186828 36.1920510344537 36.1912359588639 36.1904246377164 36.1894805651337 36.1881873138202 36.1867047613756 36.1852268949114 36.183751748093 36.1822709822561 36.1807937805051 36.1793186336867 36.1778407672225 36.1763671736217 36.1748865637217 36.1733847504644 36.1716009285603 36.1691074485092 36.1661567996949 36.1631647577494
36.2240088494757 36.2232997111486 36.2225165337345 36.2217328308153 36.2209440520962 36.2201604777786 36.2193793892013 36.2185962558285 36.2178208439869 36.2170906207602 36.2161799524669 36.2147692049486 36.2131935597126 36.2116756811843 36.2101738142639 36.208670272116 36.2071717794403 36.2056679016515 36.2041626675704 36.2026648224095 36.2011805410744 36.1997810062833 36.1985062811864 36.1973252999116 36.1962660760907 36.1953241459651 36.1944244048461 36.1935280815208 36.1926322330676 36.1917376700223 36.190843496304 36.189943755185 36.1890468623133 36.1881516780809 36.1871246491007 36.1857448940325 36.18417511235 36.1826094567233 36.1810397018608 36.1794666411002 36.1778956686841 36.1763290202568 36.1747633646301 36.1731955254692 36.17162250875 36.1700162846799 36.1681423377039 36.165638644298 36.1627172615811 36.1597469180933
