Spatial_Analysis/Maxent_Inputs/Inputs/RCP4_5_Future/salinity_future45.asc
NCOLS 638 
NROWS 314 
XLLCORNER -102.97071042 
YLLCORNER 3.973116569 
CELLSIZE 0.083 
NODATA_value -9999 
[rows 0 to 21 of 314, columns 450 to 499 of 638]
37.0871763206295 37.0884413760046 37.0895770470625 37.0906565724615 37.0917293397492 37.0928008899755 37.093874321484 37.0949438274072 37.0960060558135 37.0970735675743 37.0981398005189 37.0992125338794 37.1002761529745 37.1012291018208 37.1019160429727 37.1024785121099 37.1030377978512 37.1035935255831 37.1041548054868 37.1047067357426 37.1052723381351 37.1058321934228 37.1063866873874 37.1069454982567 37.1074965233022 37.1079964729113 37.1083658474924 37.1086759431366 37.1089802304135 37.1092812117922 37.1095785344106 37.1098730594148 37.1101752578548 37.1104779478727 37.1107784037464 37.1110740678433 37.111374523717 37.1116965413713 37.1121008785149 37.1125451704978 37.1129849997761 37.1134230864881 37.1138568395895 37.1142985845695 37.1147440156451 37.1151826719035 37.1156186085161 37.1160566952281 37.1164932960615 37.1168660691765
37.0880269981197 37.0892880150293 37.0904135881505 37.0914868303102 37.0925544367454 37.0936210498876 37.0946877506202 37.0957476061434 37.0968120793234 37.0978746540001 37.0989368484791 37.0999981377478 37.1010543512167 37.1020005692871 37.1026751677285 37.1032335984002 37.1037868246705 37.1043369440133 37.1048874511301 37.1054427485466 37.1059969068473 37.1065493565087 37.107101158163 37.1076550319481 37.108202018528 37.1086945625109 37.1090612447817 37.1093623648761 37.1096565542164 37.1099525985109 37.1102499211293 37.1105430999783 37.1108401375659 37.1111338520341 37.1114269022815 37.1117185279129 37.1120115781603 37.1123309035043 37.1127262650982 37.1131631514548 37.1136002884228 37.1140334380506 37.114467191152 37.1149048976664 37.1153402308054 37.1157726038245 37.1162033795847 37.1166365292125 37.11706639927 37.1174295219849
37.0888753457836 37.090130381683 37.0912516824561 37.092320713015 37.0933809578653 37.0944388799734 37.0954984606029 37.0965526799093 37.0976129247597 37.0986691382285 37.099727294242 37.1007802458541 37.101832420365 37.1027715183323 37.1034385648554 37.1039894612993 37.104534945787 37.1050807497252 37.105626311689 37.1061744889795 37.1067222521682 37.1072687203271 37.1078170530622 37.1083622358132 37.1089040179917 37.1093925230166 37.1097514639972 37.1100445142446 37.1103344312368 37.1106260568682 37.1109191071156 37.1112101632006 37.1115021690296 37.1117905328043 37.1120752717228 37.112360916344 37.1126508333362 37.112966689761 37.1133539815078 37.1137861813916 37.1142170011931 37.1146437896131 37.1150752128881 37.1155069383923 37.115935669357 37.1163595584042 37.1167853024059 37.1172163631969 37.1176433855223 37.1179985421941
37.0897271628819 37.0909762172788 37.0920951882256 37.0931549242767 37.0942042510327 37.0952573312463 37.0963137786206 37.0973629757903 37.0984123025462 37.0994630529335 37.1005136747192 37.1015604377663 37.1026089707152 37.10354208718 37.1042058718462 37.1047473178684 37.1052862857267 37.1058296302522 37.1063677875746 37.106908145137 37.1074495911592 37.107987368284 37.1085297200088 37.1090700608654 37.1096069495087 37.1100912945506 37.1104444879341 37.1107301325553 37.1110177197211 37.1113018111247 37.1115865500432 37.1118721946644 37.112160558439 37.1124441582647 37.1127236755835 37.1130046337319 37.1132893726504 37.1136015778914 37.1139876789276 37.1144121375213 37.1148356640845 37.1152584135466 37.1156823025939 37.1161057167691 37.1165284667236 37.1169480834228 37.1173694087612 37.1177938673549 37.1182166173093 37.1185697028579
37.0905772100556 37.09182741319 37.0929375548792 37.0939889801168 37.0950249293658 37.0960631228732 37.0971029991845 37.0981450762512 37.0991891809151 37.1002405524895 37.101295057342 37.1023462826243 37.1033903022356 37.104315504275 37.1049706419484 37.1055020755789 37.1060371087755 37.1065644183725 37.1070863499406 37.1076184477919 37.1081576495556 37.1086942096421 37.1092364054529 37.1097780413392 37.110310373096 37.1107890479939 37.1111366572707 37.111418262934 37.1116959860457 37.1119663546566 37.1122391406841 37.1125129782142 37.1127989078662 37.1130826975561 37.1133635002828 37.1136491449269 37.1139313813992 37.1142354307329 37.1146158357668 37.115035452466 37.1154517556677 37.1158614131231 37.1162715793776 37.1166853704883 37.1171021389401 37.1175233088569 37.1179481036298 37.1183719927 37.1187900561817 37.1191400864205
37.0914116521467 37.0926784708778 37.0937694115169 37.094787281019 37.0957996434211 37.0968131965568 37.0978350944562 37.0988688601939 37.0999086924868 37.1009617727004 37.1020238117578 37.1030900968585 37.1041529910314 37.1050858321331 37.1057273082763 37.1062346376767 37.1067400255172 37.1072453865605 37.1077562709632 37.1082756388224 37.1088082115458 37.1093504073566 37.1098976349261 37.1104464334267 37.1109958354237 37.1114872499815 37.1118241325581 37.1120793127261 37.1123286581989 37.1125810924163 37.1128407768383 37.1131059233571 37.1133866308942 37.1136725094208 37.1139589038307 37.1142606010939 37.11456009814 37.1148734521414 37.1152400923867 37.1156339478114 37.1160221072567 37.1164089276539 37.1168063375887 37.1172130081039 37.1176253578926 37.11804417114 37.1184757407302 37.1189118241733 37.1193479076393 37.1197079675139
37.0924815382364 37.0937641083192 37.0948558007852 37.0958597648293 37.0968673709279 37.0978841935656 37.0989132121063 37.0999493932383 37.1009990384828 37.1020596265965 37.1031352325326 37.1042174062236 37.1053029035264 37.1062530249149 37.1068846370269 37.1073705109745 37.1078544246867 37.1083489279135 37.1088524507313 37.1093620401043 37.1098865860372 37.1104251397708 37.1109700547121 37.1115197847278 37.1120787069774 37.1125746621623 37.1129087830671 37.1131568508003 37.1134021988877 37.1136552371169 37.1139172073469 37.1141907431861 37.1144711657152 37.1147632571121 37.1150638922433 37.1153781119209 37.1156990213862 37.1160309749867 37.1164070135364 37.1168015246596 37.1171872136093 37.1175835184243 37.1179899894995 37.1184114004288 37.118838999923 37.1192735028361 37.1197218844558 37.1201793707192 37.1206447810298 37.121025149658
37.094008230201 37.0953018110071 37.0964335474421 37.0974922108165 37.0985533083134 37.099614733852 37.1006764448908 37.1017442386983 37.1028275864399 37.1039147822906 37.1050141309876 37.106112763823 37.1072066154883 37.1081653332137 37.1088061360525 37.1093049121886 37.1097977067991 37.1102927456681 37.1107896227626 37.111293749054 37.1118084309327 37.1123309320472 37.112860191273 37.113390046373 37.1139185897143 37.1143964621451 37.1147514143014 37.1150468288865 37.115335078812 37.1156258069013 37.1159167146946 37.1162196634616 37.1165249587608 37.1168411549332 37.1171619256828 37.117485208008 37.1178087758336 37.1181583595531 37.1185858856712 37.1190514337516 37.1195062181746 37.1199630747055 37.1204232097992 37.1208950228671 37.1213718241446 37.1218577736147 37.1223497653346 37.1228428009576 37.1233370202071 37.1237407346926
37.0957352608422 37.0970445474816 37.098225104941 37.0993506477656 37.1004696303888 37.1015888297192 37.1026999759084 37.1038167401086 37.1049406253964 37.1060628450787 37.1071862554716 37.1083122295963 37.1094339313729 37.1104128713452 37.111060173077 37.1115664155406 37.112063292635 37.112561878884 37.113059515389 37.1135580499972 37.1140573004441 37.1145637833819 37.1150735722179 37.1155783733366 37.1160776237834 37.1165476567502 37.1169318395767 37.1172728578402 37.1176129430886 37.1179516315487 37.1182830257629 37.1186243796903 37.1189702049593 37.1193140709549 37.1196587571081 37.1199999307933 37.1203395244408 37.1207204352896 37.121206941116 37.1217544618769 37.1222940854337 37.1228304030923 37.1233680324866 37.1239081476213 37.12445061891 37.1249959384232 37.1255429842891 37.1260885888331 37.126631837223 37.1270800260078
37.0974546787947 37.0987888715932 37.1000150925395 37.1011897525412 37.1023503601857 37.1035146883454 37.1046760558928 37.1058376132813 37.107000991697 37.1081633089883 37.1093251073664 37.1104919815443 37.1116530301336 37.1126608235784 37.1133096542454 37.1138045037427 37.114296962174 37.1147885321009 37.1152795836067 37.1157724222357 37.1162631887337 37.1167583055482 37.1172509198935 37.1177394861514 37.118227922823 37.1186945881139 37.1191043423049 37.1194827132416 37.1198594701906 37.1202373231987 37.1206135106242 37.1209893178291 37.1213682760029 37.1217437986923 37.1221188470021 37.122491806475 37.1228643518232 37.1232829423492 37.1238279535501 37.1244431551906 37.1250507785621 37.1256601277939 37.1262690461951 37.1268755471796 37.1274844655808 37.1280903970189 37.1286988405481 37.1293058164046 37.1299142599338 37.1304159769824
37.099172723772 37.1005371486254 37.101804700925 37.1030253099368 37.1042298126664 37.1054361799722 37.1066401739026 37.1078446766322 37.1090510439379 37.1102550378684 37.1114612492372 37.1126701802518 37.1138696608446 37.1149052284317 37.1155591526122 37.1160451551613 37.1165329276121 37.117013338478 37.1174914266017 37.1179740209789 37.1184541979394 37.1189391221429 37.1194218628352 37.1199013239571 37.1203774624521 37.1208425547894 37.1212796755897 37.1216946918993 37.122105669251 37.1225164126972 37.1229305233041 37.1233395581112 37.1237511050093 37.1241611842347 37.124573714804 37.124983268032 37.1253896105287 37.1258493415821 37.1264522546611 37.1271336867299 37.127809180845 37.1284827931627 37.1291563887745 37.1298279122555 37.1305038376936 37.1311788569368 37.1318518050337 37.1325239760295 37.1331945943001 37.1337490017642
37.1008896291412 37.1022897496464 37.1035941630184 37.1048570090862 37.1061094033705 37.1073565324831 37.1086035153036 37.1098496946723 37.1111010961559 37.1123488555852 37.1135956824688 37.1148441066112 37.1160865325451 37.1171543197808 37.1178107565446 37.1182867219044 37.118764284523 37.1192342957155 37.1197017163562 37.1201754814988 37.1206463979017 37.1211188943422 37.121590095753 37.1220624367719 37.122530091318 37.1229953117415 37.1234561656579 37.1239066361375 37.1243528175401 37.1247969268118 37.1252431082144 37.1256872174861 37.1261357287151 37.1265841103578 37.1270298776356 37.1274707422488 37.1279113826014 37.1284124009669 37.1290732159469 37.129819514575 37.1305653995937 37.1313043194387 37.1320416425172 37.1327806914561 37.1335233480298 37.1342640549749 37.1350002556664 37.135741203601 37.136477638198 37.1370868684634
37.1026123429007 37.104043153604 37.1053854370094 37.1066929289888 37.1079874317275 37.1092764708923 37.1105642155197 37.1118557136048 37.1131507342722 37.114439048446 37.1157294681855 37.1170210103119 37.1183079611322 37.1194061302603 37.1200629472218 37.1205288414879 37.1209904198341 37.1214527408849 37.1219135593512 37.1223794100684 37.1228434397583 37.1233033530143 37.1237617981052 37.1242242745777 37.1246828928039 37.1251480691861 37.125627762191 37.1261134367215 37.1265964528687 37.1270774409263 37.1275576088263 37.1280401501015 37.1285225450616 37.1290023940035 37.1294814228105 37.1299589758762 37.1304339829236 37.1309748564086 37.1316920448468 37.1325076383424 37.1333199092109 37.1341273989323 37.1349297445071 37.1357353863583 37.1365446626873 37.1373473104913 37.1381515110205 37.1389601398347 37.1397618819359 37.1404250201704
37.1043357993189 37.1057983522609 37.1071817858157 37.1085299110004 37.1098631297658 37.111197237528 37.11252909294 37.1138621557686 37.1151996473974 37.1165302077796 37.117863426545 37.1191971201825 37.1205263004824 37.1216525292761 37.1223120653909 37.1227709175225 37.1232213363154 37.1236741897233 37.1241252732293 37.1245802494011 37.1250346560265 37.1254868791407 37.1259363922308 37.1263853873924 37.1268366607626 37.1273012063358 37.1277999799112 37.1283231367012 37.1288417629323 37.1293551067936 37.1298719023757 37.1303920818244 37.1309077043866 37.13142076324 37.1319360056045 37.1324516281667 37.1329623571937 37.1335412561339 37.1343147659202 37.1351994649113 37.136073910029 37.1369487692714 37.1378207119427 37.1386889684954 37.1395613252686 37.1404314980381 37.1413038543189 37.1421771603438 37.143045115675 37.143763931288
37.1060578827617 37.1075596266025 37.1089816480748 37.1103658825207 37.111743341657 37.11311831503 37.1144940047569 37.1158697375404 37.1172450131426 37.1186211772491 37.1199978597766 37.1213725997595 37.1227460204302 37.1239016206251 37.1245636693234 37.125014814092 37.1254587258772 37.1258995656469 37.1263381606427 37.1267816927227 37.1272236715851 37.1276666852441 37.1281112278383 37.1285487784158 37.1289907572782 37.1294534453594 37.1299781786416 37.1305361253578 37.1310877721286 37.1316350852889 37.1321869214086 37.1327391888512 37.1332928632193 37.1338435602462 37.1343929622433 37.1349436592701 37.1354897994104 37.1361089675949 37.1369368662987 37.1378862425005 37.1388269008481 37.1397693458033 37.1407086240686 37.1416429991768 37.1425818364972 37.1435201650184 37.1444571985098 37.145395527031 37.1463290916033 37.1471035071188
37.1077836173884 37.1093182086108 37.1107786620866 37.1122014399163 37.1136237261682 37.1150403766955 37.1164571730227 37.1178773365106 37.1192922171362 37.1207129061291 37.1221322930082 37.1235476652117 37.1249666896068 37.126155760931 37.1268201323715 37.1272586423148 37.1276897030828 37.1281228527107 37.1285527227681 37.1289827391178 37.1294151121369 37.1298475965362 37.1302838794193 37.1307137494768 37.1311426267336 37.1316062023116 37.1321544616475 37.1327465507979 37.1333328315809 37.1339167384963 37.1345023717644 37.1350882723498 37.1356753125204 37.1362601691798 37.1368448527039 37.137431133487 37.1380139013095 37.1386780596305 37.139562815817 37.1405766960942 37.1415856828363 37.1425908720794 37.1435938778112 37.1445974870166 37.1456044800886 37.1466074858204 37.1476095418083 37.1486125475401 37.1496128948888 37.1504450158723
37.1095065042602 37.1110717416622 37.1125721631378 37.1140350816103 37.1154945919109 37.1169447980819 37.1183985070993 37.1198584315246 37.1213167490692 37.1227878229566 37.1242589581066 37.1257245689124 37.1271881181939 37.1284096941745 37.1290744554344 37.1294977410082 37.1299123350553 37.1303273432043 37.1307419377438 37.131156142464 37.1315823613376 37.1320123777102 37.1324449917188 37.1328748622915 37.13329618763 37.1337612895825 37.1343320908315 37.1349565793345 37.1355725838656 37.1361839191222 37.136792846584 37.1374056135408 37.1380287290684 37.13865572764 37.1392904163763 37.1399216969407 37.1405424826419 37.1412476867931 37.1421907589824 37.1432679014761 37.1443338848858 37.1453924626694 37.146451040453 37.1475146403733 37.1485870872647 37.1496643057044 37.1507476099659 37.1518237936091 37.1528976474259 37.1537887081371
37.1112143464664 37.112829754147 37.1143582778065 37.1158383803456 37.1173156351526 37.1187915509115 37.1202797648471 37.1217780944329 37.1232825336305 37.1247987798962 37.126323483806 37.1278564039009 37.129389497154 37.1306624103567 37.1313220133019 37.1317056685162 37.1320803461354 37.1324659757991 37.1328600631068 37.1332634540517 37.1336776587718 37.1341044471919 37.1345405301196 37.1349853045968 37.1354283527442 37.1359141928268 37.136503326903 37.1371291539158 37.1377479894271 37.1383716744553 37.1390032739318 37.1396425190164 37.1403006046895 37.140972931084 37.1416566924408 37.1423528820989 37.1430469318176 37.1438173483752 37.1448093656441 37.145918537361 37.1470130102134 37.1481088803694 37.1492174364991 37.1503432106915 37.1514815078135 37.1526342866234 37.1538020138715 37.1549774652344 37.1561563860318 37.1571308471843
37.1122397708104 37.1139076891565 37.1154632088195 37.1169680378365 37.1184696292791 37.119981189072 37.1215035626402 37.1230402285474 37.1245877690001 37.1261459161885 37.1277183724219 37.1293060535173 37.1308968167425 37.1322133946243 37.1328792215846 37.1332489632191 37.1336121867242 37.133990082743 37.1343824169008 37.1347911155286 37.1352078399621 37.1356396505418 37.1360861159447 37.1365470199788 37.1370167026375 37.1375241454727 37.1381308256231 37.1387667070923 37.1393954142802 37.1400410205726 37.1406979155122 37.1413703881989 37.1420583186452 37.1427601697943 37.1434809476451 37.1442219896928 37.1449756083564 37.1458037814387 37.1468428275632 37.14798488115 37.1491150228571 37.1502589724095 37.1514259483688 37.1526092887753 37.1538066268682 37.155024618508 37.1562600084068 37.1575171914377 37.158784774142 37.159831433996
37.1118947246813 37.1135984246936 37.1152043799071 37.1167692857451 37.1183266391494 37.1198872721011 37.1214526953295 37.1230246599621 37.1246093637162 37.1262024562525 37.1278071827216 37.1294168386755 37.1310183300851 37.1323546537429 37.1330609387968 37.1334889869041 37.1339115450868 37.1343346652165 37.1347604507906 37.1352037399275 37.1356560046141 37.136118522659 37.1365889551063 37.1370661886986 37.137541248871 37.1380561216149 37.1386955783082 37.1393874713129 37.1400667624117 37.1407494889719 37.1414380406054 37.1421380798567 37.142847699116 37.1435708503192 37.144308812752 37.1450518671752 37.145795613624 37.1466285404492 37.1477188579043 37.148944290151 37.1501564906907 37.1513712027831 37.1525963661437 37.1538335699856 37.1550798779558 37.156346476966 37.1576251159421 37.1589090205363 37.1601919414364 37.1612523584108
37.1108927006212 37.112637256153 37.1142972302007 37.1159163274928 37.1175296847642 37.1191435599642 37.1207545874092 37.1223661059398 37.1239863934502 37.1256093828927 37.1272318974402 37.1288549045734 37.1304722927109 37.1318355936739 37.1325920990783 37.1330853594772 37.1335773511971 37.1340656750273 37.1345524446551 37.1350453248565 37.1355432975636 37.1360431084963 37.1365453535515 37.1370472533209 37.1375455115513 37.1380870087611 37.1387600808607 37.1394972844211 37.1402237597513 37.140944297128 37.1416674052975 37.1423964873931 37.1431245321315 37.1438633926905 37.144599171589 37.1453404135921 37.1460745714646 37.1469071930536 37.1480448380781 37.149348394358 37.1506389872557 37.1519238401327 37.1532116961863 37.1545039541743 37.1557985338968 37.1570986713523 37.1584051360885 37.1597075527374 37.1610062154591 37.1620776958813
37.1098812671735 37.1116838294179 37.1133847475372 37.1150395404581 37.1166943328867 37.1183505499313 37.1200013038943 37.1216506848591 37.1233057450973 37.1249605380182 37.1266136218076 37.128264945317 37.1299148011538 37.1313175000779 37.1321177881793 37.1326572821039 37.1331991498962 37.133741621162 37.1342863372016 37.1348272552498 37.1353691230421 37.1359100410903 37.1364511322738 37.1369906261984 37.1375301641643 37.138112579118 37.1388169722475 37.1395754328055 37.1403272643461 37.1410780347623 37.141827665078 37.1425801446259 37.1433305515504 37.1440844552219 37.1448323768984 37.1455851404694 37.1463320283341 37.1471874328257 37.1483669271321 37.1497185551631 37.1510630114733 37.1524041006228 37.1537499030882 37.1550919075622 37.1564335156251 37.1577746047746 37.1591180774136 37.1604573627342 37.1618002658268 37.1629057773029
