Spatial_Analysis/Maxent_Inputs/Inputs/RCP4_5_Future/salinity_future45.asc
NCOLS 638 
NROWS 314 
XLLCORNER -102.97071042 
YLLCORNER 3.973116569 
CELLSIZE 0.083 
NODATA_value -9999 
[rows 154 to 175 of 314, columns 500 to 549 of 638]
35.1734530368879 35.1738932593851 35.1743184473539 35.1747343742497 35.175149308345 35.1755675650672 35.1759871340174 35.1764066249992 35.1768280149767 35.1772472214429 35.1776722089411 35.1780551937488 35.1782665038655 35.178363698939 35.178484810401 35.178610712655 35.1787306338987 35.1788491305264 35.1789742293285 35.1791005117801 35.1792190084078 35.1793421915083 35.1794780600672 35.1799346968278 35.181391217751 35.1836750583614 35.1859862498828 35.1883063147031 35.1906247047884 35.1929426812642 35.1952579380942 35.1975799530356 35.1999004927278 35.2022178383947 35.2045358148705 35.2064002656331 35.2066420772164 35.205406003945 35.2041571130912 35.2029092666558 35.2016585208476 35.2004053576228 35.1991575111874 35.197909664752 35.1966612487702 35.1954123579163 35.1941803028592 35.1939523919969 35.1976769553509 35.2053926472979
35.1557574146393 35.1565358334574 35.1572964905249 35.1580455819832 35.1587938963403 35.159543919829 35.1602918205538 35.1610402812031 35.1617945770628 35.1625446005515 35.1633021314249 35.1639689474327 35.1643176818473 35.1644417701581 35.1645820933298 35.1647282597807 35.1648740121297 35.165018469449 35.1651674836549 35.1653155926504 35.165458625846 35.1656070705054 35.1657704960072 35.1663035755363 35.1679805793697 35.1706044196375 35.1732580449161 35.1759227011693 35.1785883406014 35.1812562248072 35.1839218642393 35.1865914570843 35.1892567608525 35.1919209761609 35.1945865305403 35.1967569139406 35.1971562879779 35.1959370094919 35.1947082365428 35.1934802402025 35.1922511827379 35.1910169467072 35.1897846779959 35.1885549993442 35.1873219540241 35.1860955109014 35.1848885103407 35.1846489452779 35.1882259028811 35.1956565810158
35.1380610502243 35.1391756539798 35.1402736016656 35.1413536827892 35.1424335912699 35.1435138794559 35.1445930285491 35.1456744897551 35.1467607594436 35.1478410476296 35.1489286361379 35.1498778075814 35.1503638715965 35.1505155781127 35.1506776847947 35.1508457724869 35.1510166309503 35.1511871871845 35.1513584081319 35.1515279204401 35.1516960081323 35.151869558906 35.1520616202114 35.1526694505988 35.1545683437523 35.157534997975 35.1605279586673 35.1635380943656 35.166555204367 35.1695713215679 35.1725868783518 35.1756001473053 35.1786155486675 35.1816281184884 35.184639291521 35.187114701364 35.187671689473 35.1864708197601 35.1852611202974 35.1840504371634 35.1828397104806 35.1816273966759 35.1804116377421 35.1792026981822 35.1779883122467 35.1767798030022 35.1755957857919 35.1753432715217 35.1787694480998 35.185912349697
35.1203688974102 35.1218193671679 35.1232505057438 35.1246599023131 35.1260711538367 35.1274861689321 35.1288975591714 35.1303109942062 35.1317273215297 35.1331396174717 35.1345590335167 35.1357841824821 35.1364030187189 35.1365843107828 35.1367752259113 35.136969792716 35.137161433305 35.1373541962808 35.1375468205408 35.1377413873456 35.1379324583881 35.1381305452374 35.1383505872322 35.1390294828515 35.1411513877121 35.1444588014722 35.1477961025167 35.1511567590404 35.1545209290169 35.1578836743774 35.1612467052611 35.1646096916111 35.1679781339586 35.1713381870088 35.1746957112619 35.1774806710223 35.1781894471221 35.1770080477991 35.1758172927288 35.1746211261947 35.1734261326805 35.1722332892657 35.1710380279419 35.16984831729 35.1686521507558 35.1674614027696 35.1662961228894 35.1660279230372 35.1693069348323 35.1761658736273
35.1026786602977 35.1044658167077 35.1062277459784 35.1079722491623 35.1097141886145 35.1114596754466 35.1132037989253 35.114947291595 35.1166935039106 35.1184377731891 35.120188671485 35.1216907644452 35.1224427526088 35.1226543551885 35.122871525146 35.1230877802713 35.1233050965439 35.123521205377 35.1237346117627 35.1239544917441 35.1241724555316 35.1243928873458 35.1246334005999 35.1253834996974 35.1277246187661 35.1313759931731 35.1350661448694 35.1387781337391 35.1424877927825 35.1461955092812 35.149907498151 35.1536211956599 35.1573363177849 35.1610471675618 35.1647547377683 35.1678452945025 35.1687070321284 35.167543325717 35.166369606914 35.1651946974004 35.1640166546085 35.1628403381695 35.1616666188741 35.1604948426157 35.1593156607311 35.1581422259512 35.1569910829655 35.1567063085575 35.1598389924103 35.1664162739013
35.0849990906911 35.0871163659757 35.089204744731 35.0912828357086 35.0933564984013 35.0954318186077 35.0975061460135 35.0995837960462 35.1016600659967 35.1037340132048 35.1058147964928 35.107600245781 35.1084899260522 35.1087284993224 35.1089686698514 35.1092072431215 35.1094491222898 35.109689120176 35.1099280731514 35.1101699523196 35.110411658845 35.1106529684669 35.1109117001377 35.1117315962804 35.1142917736431 35.1182930117389 35.1223381469651 35.1263944857859 35.1304529990114 35.1345133251953 35.1385719938425 35.1426326050343 35.1466904970727 35.1507520139672 35.1548109165198 35.1582085450074 35.1592276380249 35.1580803983344 35.1569247177287 35.1557656709471 35.1546069866725 35.1534482244294 35.1522922932124 35.1511360946781 35.1499797402298 35.1488240596241 35.1476801830336 35.1473764267673 35.150358052656 35.1566579912329
35.0673255025641 35.0697695736268 35.0721818558717 35.0745900044842 35.0769906011554 35.0793911886971 35.0817998020675 35.084215821064 35.0866285782039 35.0890362858715 35.0914441494532 35.0935091059297 35.0945355462551 35.0948001237658 35.0950638811187 35.0953284586294 35.0955883329384 35.0958457898308 35.0961101167301 35.0963790521568 35.0966479020384 35.0969124360002 35.0971912779993 35.0980680417092 35.1008495899711 35.1052054217773 35.1096073352329 35.114012632555 35.1184155995355 35.1228205515489 35.1272298873366 35.1316412952552 35.1360477316702 35.1404555314386 35.144863962016 35.1485711743252 35.1497488650855 35.1486196635924 35.1474785512043 35.1463381977344 35.1451980781469 35.1440532113165 35.1429111491844 35.1417744377688 35.1406412048942 35.1395043648771 35.1383712600888 35.1380383025101 35.1408717526092 35.1469004674826
35.0496570849344 35.0524060831664 35.0551056862287 35.0578024222923 35.0605139939597 35.0632383554046 35.0659823335545 35.0687476983341 35.0715249993218 35.0743053384208 35.0770718448768 35.0794244128541 35.0805855679457 35.0808669159365 35.0811275075912 35.0813801149209 35.0816407050455 35.0819146281664 35.0822057698423 35.0825097701118 35.0828277787201 35.0831465462466 35.0834621825174 35.0843931210147 35.0874002760819 35.0921164953054 35.0968481225943 35.1015781095676 35.106312325386 35.1110551877048 35.115816269448 35.1205864998991 35.125362054739 35.1301428747505 35.1349141592648 35.1389344248301 35.1402690568572 35.1391505405378 35.1380135972392 35.1368720190627 35.1357355926321 35.1346067784207 35.1334826501898 35.1323671957718 35.1312625288242 35.1301662603264 35.1290621988977 35.1287016459255 35.1313854864666 35.137145042191
35.0385701007646 35.0348619271517 35.037820565591 35.0408055505724 35.0438326703819 35.0468898334129 35.0499762357211 35.0530971262416 35.056242234395 35.0594078310519 35.062583785402 35.0652981883092 35.0665925040015 35.0668134641903 35.0670411294114 35.0672804959733 35.0675446836416 35.0678388532688 35.0681590883991 35.0684964539787 35.0688599361869 35.0692405326538 35.0696325990637 35.0706844451217 35.0739119657024 35.0789261994551 35.0839592470222 35.089012144238 35.0940856853788 35.0991787232603 35.1042899365018 35.1094212337439 35.1145677457337 35.1197295610692 35.1248905471634 35.1292699957983 35.1307666231703 35.1296121428053 35.1284583444205 35.1273072626744 35.1261763591109 35.1250607148288 35.1239560569877 35.1228634300061 35.1217883739262 35.1207334367588 35.11968295272 35.1193400031223 35.1218756102095 35.1273230962639
35.0139852846071 35.014043051244 35.0175125330665 35.0210115826772 35.0245485554694 35.0281181346765 35.0317176102745 35.0353482246149 35.0390091155669 35.0426867592853 35.046367779225 35.0494953748972 35.0509329464761 35.051109217418 35.0512773667803 35.0514585134062 35.0516633076031 35.0518961336149 35.0521534111421 35.052428863537 35.0527313645908 35.0530535694246 35.0533845103257 35.0543806669758 35.0576117259233 35.062687837449 35.0677722860701 35.0728759205196 35.0780028056367 35.0831486356386 35.0883108194811 35.0934961426108 35.0986950589241 35.1039063862715 35.1091214518777 35.1135560911766 35.1151491452249 35.114132870197 35.1131091899894 35.1120893502914 35.1110825594976 35.1100949029604 35.1091218576973 35.1081639421295 35.1072211294137 35.1062959756824 35.1053726789049 35.1051287667056 35.1076841830779 35.1130698254931
-9999 34.9994031916121 34.9944256073231 34.9986479049185 35.0028788418615 35.0071250203494 35.0113905573315 35.0156770318608 35.0199774554429 35.0242728477359 35.0285589971849 35.0321690476547 35.0337620812732 35.0338774667587 35.0339640843396 35.0340465333533 35.0341320543367 35.0342330067291 35.0343495808869 35.0344781170423 35.0346178562769 35.0347621964164 35.0349053453001 35.0357204924941 35.0387641589555 35.0436485957356 35.0485601248154 35.0534745451762 35.0583945840173 35.0633245309309 35.0682667759982 35.073222882551 35.0781829597151 35.0831441587508 35.0880998789837 35.0923293695332 35.093964304762 35.0932255108186 35.0924710946174 35.0917091441884 35.0909473218456 35.0901984117367 35.0894578124414 35.088727846702 35.0880010572515 35.0872785917667 35.0865581721081 35.0865128566569 35.0892356732787 35.0947606374049
-9999 -9999 34.9797216536917 34.9757352943882 34.9806883927409 34.9856412571881 34.9906020451673 34.9955678213331 35.0005375858467 35.0054987540234 35.0104467446486 35.0145946856751 35.0163530610091 35.0163495180515 35.0163161287978 35.0162770435647 35.0162338753323 35.0161937279673 35.0161577749817 35.0161287092015 35.0160992561395 35.0160634327402 35.0160509086422 35.016727874741 35.0195511337001 35.0241457800513 35.0288143849832 35.0334967056467 35.038173743448 35.0428542597902 35.0475380551875 35.0522269263847 35.0569132854908 35.0616015263943 35.0662795843086 35.070299411317 35.0719721031705 35.0714999841658 35.0710094391667 35.0705099601215 35.0700127689067 35.0695128757367 35.069018963577 35.0685281846725 35.06803492052 35.0675395842365 35.0670567268415 35.0672587293347 35.0701755573668 35.0758375812849
34.9250213444427 34.9310647270754 34.9405144178783 34.9527329250148 34.9583915696958 34.9640500847905 34.9697095060803 34.9753686686899 34.9810260446689 34.9866831361323 34.9923205263535 34.9970158271096 34.9989324675593 34.9988006495107 34.9986292497364 34.9984470872893 34.998261299986 34.9980758488391 34.9978903121472 34.9977042909386 34.9975227764987 34.9973366773445 34.9971917333784 34.9977327033474 35.0003386683464 35.0046464353245 35.0090396899818 35.0134690063432 35.0178956810274 35.0223216231441 35.0267445950036 35.0311739113651 35.0356011555956 35.0400316110499 35.0444501748757 35.0482700742879 35.0499794874771 35.0497635839752 35.0495232294504 35.0492736305585 35.0490251109969 35.0487759262298 35.0485283215003 35.0482778685235 35.0480283992179 35.0477813032876 35.0475483508436 35.0479979998382 35.0511119279792 35.0569145696986
34.9105258739081 34.9169822176325 34.9233674004133 34.9297254808491 34.9360845540856 34.942440304695 34.9487980049332 34.9551585027856 34.9615134499662 34.9678675010659 34.9741920896124 34.9794405331224 34.9815127631293 34.98124982125 34.9809415768678 34.9806106584257 34.9802769525063 34.9799418391693 34.9796076588703 34.9792712333052 34.9789419460491 34.9786155576733 34.9783351562659 34.9787299805506 34.9811156732177 34.9851469007106 34.9892673516267 34.993437760152 34.9976106711466 35.0017828667949 35.0059488905842 35.0101192991095 35.0142898802777 35.0184595121943 35.0226186766061 35.0262424458981 35.0279880893374 35.0280235154026 35.0280355439926 35.0280326838541 35.0280295214864 35.0280293536582 35.0280299892819 35.0280242636978 35.0280196772064 35.0280195093783 35.0280399748458 35.0287332318762 35.0320370099213 35.0379811756372
34.8853982169579 34.8925683059745 34.8996625141629 34.9067181749068 34.9137768134843 34.9208336138364 34.9278892745803 34.9349455833314 34.942002149778 34.9490544469066 34.9560644467013 34.9618669305762 34.9640966835324 34.9637020918249 34.9632535587136 34.9627728662086 34.9622894889697 34.9618079591087 34.9613241849662 34.960841800528 34.9603607794431 34.959890019316 34.9594744282769 34.9597196116304 34.9618824247308 34.9656421440046 34.9694952203341 34.9734073077909 34.9773235213036 34.9812381724692 34.9851516329243 34.9890637203811 34.9929782252546 34.9968874133386 35.00078484851 35.0042105451372 35.0059984514777 35.0062885904841 35.0065519926824 35.0067955685758 35.0070387136384 35.0072805803772 35.007528144103 35.0077702447472 35.0080104028468 35.0082580951741 35.0085300456303 35.0094639070275 35.0129584407026 35.0190495758059
34.8602804245772 34.8730351831114 34.8896332256207 34.8923928361159 34.8914683737505 34.8992255423801 34.9069791980492 34.9147322841719 34.9224889338881 34.9302400025507 34.9379426121576 34.9442993778792 34.9466873787757 34.9461571159728 34.945562260989 34.9449340811909 34.9443040019048 34.9436748384356 34.9430423857742 34.9424137311042 34.9417825734725 34.9411618397967 34.940605053318 34.9406932584378 34.9426385350885 34.9461272893391 34.9497208103405 34.9533774857234 34.9570362332372 34.9606929086201 34.9643524327427 34.9680097556404 34.9716678556394 34.9753219166804 34.9789574671897 34.9821818551307 34.9840090981334 34.9845565917584 34.9850682170887 34.9855583241806 34.9860490620815 34.986535527119 34.9870266786293 34.9875166399214 34.9880016808352 34.9884963012647 34.9890158708869 34.9901852436299 34.993874072223 35.0001130823935
34.8351801524653 34.8401854120264 34.8422285795529 34.8543436153371 34.8691615312755 34.8776122493241 34.8860661953252 34.8945193647176 34.9029735952343 34.9114243578395 34.9198293906795 34.926743950716 34.9292906404977 34.9286186304224 34.9278744326988 34.9270981439282 34.9263218551576 34.9255420974678 34.9247594474894 34.9239831587188 34.923203401029 34.9224291904658 34.9217208777132 34.9216446129358 34.9233733448769 34.9266014042142 34.9299428873864 34.9333457479543 34.9367455876319 34.9401479297788 34.9435518347651 34.9469540042691 34.9503582889607 34.9537562129367 34.9571354193417 34.9601623482286 34.9620243968655 34.9628248000951 34.963585235325 34.9643207001031 34.9650555614078 34.9657893686722 34.9665291058214 34.9672649507972 34.9679966788466 34.9687310040167 34.9694915207308 34.9708975095157 34.9747799252572 34.981166284005
34.8100926366732 34.8193660672275 34.8285486750543 34.8377012802015 34.8468516679103 34.8560016657997 34.8651595877363 34.8743103379291 34.8834594473141 34.8926128123641 34.9017266200003 34.9092081838068 34.9119108701633 34.9110898459051 34.9101918260084 34.9092630100944 34.908335228977 34.9074089767948 34.9064765092046 34.9055506706318 34.9046216992962 34.9036949276854 34.9028237048219 34.902575599433 34.9040884159733 34.9070680699141 34.9101681923849 34.9133142172476 34.9164557358567 34.9196037103481 34.9227520650371 34.9258995646565 34.9290466339375 34.9321875830003 34.935315873963 34.9381528952219 34.9400548769334 34.9410983687703 34.9420978348751 34.9430808924915 34.9440619053125 34.945041734484 34.9460293494793 34.947011501393 34.947988241843 34.9489663623753 34.9499677229457 34.9516032683939 34.9556783726652 34.9622208834124
34.7850231160448 34.7949773158853 34.8048406555487 34.81469226562 34.8245384642275 34.8343877515565 34.8442448247094 34.8540986091854 34.8639505037952 34.8738012157403 34.8836279216909 34.8916931043487 34.8945483183608 34.8935663270288 34.8925044381478 34.8914256492004 34.8903452893218 34.8892661378674 34.8881883928461 34.8871133406275 34.8860408688466 34.8849665076918 34.883923296917 34.8834825677603 34.8847795108959 34.8875269497901 34.8903943008123 34.8932789837163 34.8961680675927 34.8990592499278 34.9019479712973 34.9048444608 34.907733934496 34.9106195226102 34.9135008419218 34.9161542043725 34.9180947218552 34.9193741558684 34.9206092173869 34.9218393757483 34.9230701649187 34.9242966812258 34.9255255541793 34.9267520709787 34.9279784318641 34.9292077964185 34.9304470244887 34.9323018727496 34.936569285353 34.9432741361494
34.774420680644 34.7797763649351 34.7811014309077 34.791619578135 34.8021378276361 34.8126725433888 34.8232256684299 34.833790936226 34.8443687786156 34.8549560537592 34.8655269953136 34.8741981331736 34.8772040391535 34.8760303732825 34.8747738143153 34.8735102370035 34.8722612618823 34.8710280027546 34.8698088369953 34.8686027121173 34.8674067535226 34.8662167597475 34.8650239000185 34.864367943449 34.8654522284577 34.86798787653 34.8705995415233 34.8732139499525 34.875843634392 34.8784796805546 34.8811146985123 34.8837599439929 34.8864054406002 34.8890462841465 34.8916824695401 34.8941606915738 34.8961413421095 34.8976526180787 34.8991239057968 34.9005912664296 34.9020590583854 34.9035282572667 34.9050001221306 34.9064777270381 34.9079555729121 34.9094386409012 34.9109201379592 34.9129934952257 34.9174542509578 34.9243252489241
-9999 -9999 34.7662544371639 34.7683932855846 34.779576655294 34.790787158715 34.8020285427134 34.8132949548806 34.824591728712 34.8359246639606 34.8472828876501 34.8566416922825 34.8598066229308 34.8583334309647 34.8568582323449 34.8554107365596 34.8539979866821 34.8526215976848 34.8512716701095 34.849943922948 34.8486360522323 34.8473406097719 34.8460490686072 34.8452408483412 34.8460973303589 34.8483877462083 34.8507213427812 34.8530745991387 34.8554460232799 34.8578294008044 34.8602227983199 34.8626237908105 34.8650317049258 34.8674407677788 34.8698392927349 34.8721602039567 34.8741887409951 34.875910954739 34.8776156376305 34.8793194320406 34.8810223278322 34.8827312830947 34.8844419637024 34.8861617327402 34.8878888800917 34.8896240805844 34.8913623611844 34.8936771865704 34.8983251839413 34.9053446386577
34.6994209289551 -9999 34.7436995175525 34.7467347144617 34.7582307515006 34.7697527315175 34.7813037710617 34.7928835582823 34.8044988948396 34.8161490643567 34.8278227032021 34.8374374069653 34.8407043249395 34.83923826245 34.8377549027842 34.8362995146324 34.8348790890496 34.8334933754245 34.832139681962 34.8308091440004 34.8294993719508 34.8282010095735 34.8269033913849 34.8260262382885 34.8266352601969 34.828534871609 34.8304695331803 34.832422586773 34.8343918488988 34.8363748505233 34.8383712559824 34.8403761018644 34.8423885862703 34.8443991726653 34.8464006539244 34.8483835714968 34.850297455628 34.8521104397669 34.8539011123068 34.855691957982 34.8574817759447 34.8592755817398 34.8610704658806 34.862873850699 34.8646895169653 34.8665124162149 34.8683394749323 34.8707467194222 34.8755197020089 34.8827038357461
