Spatial_Analysis/Maxent_Inputs/Inputs/RCP4_5_Future/salinity_future45.asc
NCOLS 638 
NROWS 314 
XLLCORNER -102.97071042 
YLLCORNER 3.973116569 
CELLSIZE 0.083 
NODATA_value -9999 
[rows 110 to 131 of 314, columns 300 to 349 of 638]
-9999 -9999 -9999 -9999 -9999 -9999 -9999 -9999 -9999 -9999 -9999 -9999 -9999 -9999 -9999 -9999 -9999 -9999 -9999 -9999 -9999 -9999 -9999 -9999 -9999 -9999 -9999 -9999 36.4208889608231 36.4181407889765 36.4154611161703 36.409580026599 36.4000761433148 36.3905553016859 36.3810224195527 36.3714909615433 36.361958726925 36.3524241361527 36.342889907372 36.3333591140757 36.3238268794574 36.3143002101946 36.3048914102897 36.2963530958055 36.2890660759847 36.2818035664271 36.2745573697446 36.2673091277513 36.2600588146119 36.2528100541976
-9999 -9999 -9999 -9999 -9999 -9999 -9999 -9999 -9999 -9999 -9999 -9999 -9999 -9999 -9999 -9999 -9999 -9999 -9999 -9999 -9999 -9999 -9999 -9999 -9999 -9999 -9999 36.4202654957227 36.4191528165641 36.4165929509914 36.4138900370151 36.4082766521599 36.3985841765123 36.3888450870957 36.3790815020994 36.3693189615216 36.3595581812236 36.3497973153808 36.3400336868356 36.3302743742103 36.320511264086 36.3107568951137 36.3011084886421 36.2921185833726 36.2840558753783 36.2760364408125 36.2680416577404 36.2600436031896 36.2520449274746 36.2440457161175
36.1154320329092 36.1201431840322 36.1248570274656 36.1295758079832 36.1342878577248 36.1390050647736 36.1438714783708 36.1493013093227 36.1557528007461 36.1603813171387 -9999 -9999 -9999 -9999 -9999 -9999 -9999 -9999 -9999 -9999 -9999 -9999 -9999 -9999 -9999 -9999 -9999 -9999 36.4178795696727 36.415649523969 36.413227255022 36.407730186808 36.3979555898037 36.3881217513349 36.3782607589032 36.3683997664716 36.3585428125055 36.3486865333897 36.3382033553117 36.3271724157441 36.3171950447258 36.3072093086695 36.2973072190145 36.2878582393421 36.2790334095147 36.270269945984 36.2615131995305 36.2527414443609 36.2439711117621 36.2352198866226
36.102403915898 36.1054801809989 36.1085676831522 36.1116616756072 36.1147587750126 36.1178606464888 36.1211123658922 36.1250810232288 36.1301753245633 36.1287665895573 36.1195106506348 -9999 -9999 -9999 -9999 -9999 -9999 -9999 -9999 -9999 -9999 -9999 -9999 -9999 -9999 -9999 -9999 -9999 -9999 -9999 -9999 -9999 -9999 -9999 -9999 -9999 -9999 -9999 -9999 36.3258533361173 36.3150536140758 36.3036003386156 36.2934891474944 36.2835722783527 36.2739752439752 36.2643742788131 36.2547490169661 36.2451378804382 36.2355667449214 36.2260459072242
36.0802401995335 36.0805518516506 36.0808784172709 36.0812183087805 36.0815700752125 36.0819361689185 36.0824475360346 36.0837486851 36.0861061199923 36.0887237813564 36.0834101221954 36.0703392028809 -9999 -9999 -9999 -9999 -9999 -9999 -9999 -9999 -9999 -9999 -9999 -9999 -9999 -9999 -9999 -9999 -9999 -9999 -9999 -9999 -9999 -9999 -9999 -9999 -9999 -9999 -9999 -9999 -9999 36.3010003821616 36.2888912799853 36.2785947326469 36.2681072737641 36.2576069340527 36.2471383255961 36.2367298871349 36.2263946711187 36.2161292658531
36.0689105011308 36.0680132452369 36.0671292635914 36.0662535932519 36.0653892546161 36.0645329954263 36.0638296966983 36.0638555909721 36.0647119938629 36.0655670390668 36.0663487862574 36.0669920696707 -9999 -9999 -9999 -9999 -9999 -9999 -9999 -9999 -9999 -9999 -9999 -9999 -9999 -9999 -9999 -9999 -9999 -9999 -9999 -9999 -9999 -9999 -9999 -9999 -9999 -9999 -9999 -9999 -9999 -9999 36.2815051942277 36.2617164672259 36.2513488899984 36.2409968865469 36.2306386411532 36.2203296673276 36.2100809692249 36.1999007280952
36.0652568913407 36.0642505108029 36.0632553946299 36.062255764604 36.0612600175991 36.0602791750139 36.0594839829341 36.0593224426718 36.0597784359971 36.0602778875758 36.061859454464 -9999 -9999 -9999 -9999 -9999 -9999 -9999 -9999 -9999 -9999 -9999 -9999 -9999 -9999 -9999 -9999 -9999 -9999 -9999 -9999 -9999 -9999 -9999 -9999 -9999 -9999 -9999 -9999 -9999 -9999 -9999 -9999 36.2459501319576 36.2267785769208 36.217231296083 36.2076610462077 36.1980949218272 36.1885497860733 36.1790411412625
36.0615277642141 36.0604100588153 36.0592969548366 36.0581781108374 36.0570632536858 36.0559901713795 36.055136389956 36.0547824547393 36.0548783807578 36.0561325195015 -9999 -9999 -9999 -9999 -9999 -9999 -9999 -9999 -9999 -9999 -9999 -9999 -9999 -9999 -9999 -9999 -9999 -9999 -9999 -9999 -9999 -9999 -9999 -9999 -9999 -9999 -9999 -9999 -9999 -9999 -9999 -9999 -9999 -9999 36.2163057335773 36.2070658619497 36.1978390078827 36.1840316428117 36.1665530808074 36.157701110152
36.0577589010165 36.0565333229699 36.0553081251209 36.0540799494383 36.0528574950251 36.0517021691827 36.0507754042192 36.0512005560122 36.0528214381868 -9999 -9999 -9999 -9999 -9999 -9999 -9999 -9999 -9999 -9999 -9999 -9999 -9999 -9999 -9999 -9999 -9999 -9999 -9999 -9999 -9999 -9999 -9999 -9999 -9999 -9999 -9999 -9999 -9999 -9999 -9999 -9999 -9999 -9999 -9999 -9999 -9999 -9999 36.1483565545183 36.1443426015488 36.1361320265239
36.0539854465358 36.052648482858 36.0513143674275 36.049979889513 36.0486557231893 36.0474130384997 36.0473018276902 -9999 -9999 -9999 -9999 -9999 -9999 -9999 -9999 -9999 -9999 -9999 -9999 -9999 -9999 -9999 -9999 -9999 -9999 -9999 -9999 -9999 -9999 -9999 -9999 -9999 -9999 -9999 -9999 -9999 -9999 -9999 -9999 -9999 -9999 -9999 -9999 -9999 -9999 -9999 -9999 36.1233584301323 36.1221132812023 36.1145518593344
36.0502116467694 36.0487671461078 36.04732512361 36.0458781032579 36.0444486441858 36.0439992734809 -9999 -9999 -9999 -9999 -9999 -9999 -9999 -9999 -9999 -9999 -9999 -9999 -9999 -9999 -9999 -9999 -9999 -9999 -9999 -9999 -9999 -9999 -9999 -9999 -9999 -9999 -9999 -9999 -9999 36.1753311157227 -9999 -9999 -9999 36.1486355262177 36.1425093461774 36.1364323025742 36.1304250529995 36.1240877680896 36.1172096380606 36.1104551482676 36.1072389227853 36.106810105289 36.0998969045249 36.0929856767009
36.0464405221151 36.0448882870061 36.0433356899054 36.0417796573204 36.0411104522121 -9999 -9999 -9999 -9999 -9999 -9999 -9999 -9999 -9999 -9999 36.0259384778439 36.0238511848615 36.0213164640937 36.0201260090987 36.0283993398046 36.0473991212721 36.0642951931276 36.0794335633446 36.0931696842552 36.1056958641916 36.1171682819734 36.1277195569316 36.1374540320477 36.143440246582 -9999 -9999 -9999 -9999 -9999 -9999 -9999 -9999 36.1311311876219 36.1299888498485 36.1323025731817 36.1265951798217 36.120935627869 36.1153471649745 36.1094095097131 36.1029011027356 36.0965178892117 36.0902266152182 36.083952859471 36.0776886103764 36.0713938430595
36.0426712792352 36.0410085302935 36.039344529871 36.0376803568056 36.0367168532617 -9999 36.0311966616003 36.0300964375921 36.0292731307423 36.0285301598487 36.0277764268043 36.026901522066 36.0258877183027 36.0247211028804 36.0240140920831 36.0235983124145 36.0217222856566 36.019479092278 36.0183449956218 36.0251376470241 36.0410187017425 36.0553160713127 36.0682926542959 36.0802206624729 36.0912297468254 36.1014253402327 36.1108982460639 36.1197266587442 36.1230670179014 36.1215614666583 36.1274721338249 36.1288313053453 36.1245736698417 36.1200552852235 36.1153910328546 36.1107178049359 36.1105212102361 36.1139562597604 36.1089722955274 36.103989996877 36.0990114957255 36.0940753556786 36.0892040047217 36.0839533614898 36.0780897066969 36.0723571752423 36.066725272307 36.0611021429644 36.0554480888511 36.0497971134901
36.0388970653441 36.0371258129456 36.0353552860305 36.033581435996 36.0311655608482 36.0289158646487 36.0286000595885 36.0274537472474 36.0266268134961 36.0258988604479 36.0251543176151 36.0243099628979 36.0233509172127 36.0222663743606 36.0210503796821 36.0196892453193 36.0181666073406 36.0164045325451 36.0153874081275 36.0198942446706 36.0308909605545 36.0409784495563 36.0503536148827 36.059175451611 36.0674889497858 36.0753480872301 36.0827825795542 36.0898267159311 36.0965130951992 36.1028002654792 36.1080161343892 36.1091795186816 36.1053263015731 36.1012053417802 36.0969562512354 36.0926998674523 36.0884433277553 36.0841890151184 36.0799349611617 36.0756820726485 36.0714289507222 36.0672090437532 36.0630370849792 36.0584760073945 36.0532709561804 36.0482099922022 36.0432261519396 36.0382167649583 36.0332057089939 36.0282098013769
36.0351431840653 36.0332621863511 36.03137411206 36.0294835596049 36.027598419129 36.025744162261 36.0240872620775 36.0228693437802 36.0220710767755 36.0213932342664 36.0206836515108 36.0199083041154 36.0190558259569 36.0181192422398 36.017104698003 36.0160077062596 36.0148145614152 36.0134867236471 36.0126221952211 36.0152660675822 36.0221396280498 36.028487578678 36.0345182779929 36.0402964015442 36.0458389400577 36.0511815314452 36.0563332636443 36.0612989016186 36.0660763230279 36.0706405888093 36.0744514549727 36.0751498852721 36.0719787785433 36.0685248252107 36.0649988620561 36.0614581655946 36.0579228881734 36.0544004187356 36.050882661629 36.0473655089807 36.0438471823277 36.0403398066426 36.0368519898995 36.0329718208091 36.0284467744411 36.0240679654751 36.0197009492342 36.0153353101675 36.0109873923095 36.0066344249795
36.0315245153771 36.0295275240198 36.0275113128609 36.0254795401457 36.0234419858602 36.0214163641915 36.0195745354967 36.018287067131 36.0175832346117 36.0169874007714 36.0163431761991 36.0156430433958 36.0148913071296 36.0141001289299 36.0132763423158 36.0124334736701 36.0115650134703 36.010657692074 36.0099835137334 36.0110990587018 36.01439190383 36.0173677667714 36.0202309694272 36.0230344630071 36.0257881469995 36.0285036122579 36.0311937705467 36.033858657293 36.0364841012057 36.0390371277859 36.0411255977832 36.0411600436881 36.0386026833954 36.0357616341735 36.0329002559396 36.0300628347049 36.027256395852 36.0244837977196 36.0217290054021 36.0189767591027 36.0162248150326 36.0134648026454 36.0106686920799 36.00746269361 36.0036346869451 35.9999070712105 35.9961930204081 35.9925003318842 35.9888096375227 35.9851139549517
36.0281023731907 36.0259842268453 36.0238363663507 36.0216577543726 36.0194600689081 36.0172523710591 36.0151673053715 36.0137727635545 36.0132517081214 36.0127206218149 36.0121325828591 36.011493095862 36.0108280689128 36.0101569055547 36.009488933215 36.0088462305488 36.0082438123488 36.0076928331451 36.0072761283484 36.0071632258487 36.0071655572704 36.0070856282883 36.0070151554727 36.0069754316259 36.0069744420576 36.0070097420158 36.0070960136591 36.0072331010505 36.007422731058 36.007652337242 36.0078090153824 36.0070591307353 36.0049038735074 36.0026751295237 36.0005048535797 35.9984087929043 35.9963682779758 35.9943755432217 35.9924067243637 35.9904499196592 35.9884945826273 35.9865243163709 35.984460159968 35.9819292799002 35.9788135984345 35.9757588427672 35.972729315201 35.9697130360479 35.9666986994394 35.9636768286031
36.0244130680612 36.0224637718333 36.02048134164 36.0184783622418 36.0164543668127 36.0144270639784 36.0125203810837 36.0112043424175 36.0106147396938 36.0100501502155 36.0094487432598 36.0088112068144 36.008164175906 36.0075198373079 36.0068902213644 36.006293927182 36.0057449367561 36.0052390586683 36.0047258872166 36.003906827263 36.0025375940463 36.0010530680134 35.9995783724852 35.9981318980976 35.9967292408037 35.9953783575932 35.994081666352 35.9928386046178 35.9916518328194 35.9904939939302 35.9893080804904 35.9877800209976 35.9856609867828 35.983419254034 35.9812098420162 35.9790602146127 35.9769658403259 35.9749127563811 35.9728839411946 35.9708717674173 35.9688537685437 35.9668195884724 35.9647256971419 35.9623236170592 35.9595452831995 35.9568627462005 35.9541882182784 35.9515263079604 35.9488713896591 35.9462070209361
36.0205798523747 36.0190083918878 36.0174184340756 36.0158253440158 36.0142243127335 36.0126394181153 36.0111778336306 36.0100387936502 36.0092350759934 36.0085526434558 36.0078712219707 36.0071740228061 36.0064730428714 36.0057746261531 36.0050832687677 36.0044072911506 36.0037452357432 36.0030723695448 36.0022572796464 36.0010832694259 35.9995195940536 35.997728833577 35.9959073034109 35.9940851251916 35.9922773258482 35.9904950461827 35.9887486104836 35.9870221210381 35.9853057395746 35.9835684068651 35.9816800622781 35.9795007354839 35.9770271480483 35.9742844004427 35.9715044074835 35.9687423499096 35.9659960087067 35.963272935862 35.9605679791603 35.957868719915 35.9551602608593 35.952445802065 35.9497682935115 35.9470996478052 35.9444075646728 35.941845129091 35.9393022171158 35.9367621700709 35.9342284067576 35.9316907168744
36.0169374500123 36.0157359706034 36.0145337313147 36.0133333130532 36.0121346813993 36.010957735036 36.0098623098089 36.0088569780949 36.0079243298322 36.0071055412348 36.0063203797265 36.0055332073499 36.00474258276 36.0039517075588 36.0031632664802 36.0023763958174 36.001591881824 36.0007644543851 35.9997337842505 35.9982628479053 35.9963284891545 35.9941826291824 35.9919717683898 35.9897565056629 35.9875392836854 35.9853259189464 35.9831241886099 35.9809246863411 35.9787155341877 35.9764657128702 35.9740301569662 35.9712924699683 35.9682596913509 35.9649695040059 35.9616016526949 35.9582330085615 35.9548592881359 35.9514956140061 35.9481362127168 35.9447765436178 35.9414131210841 35.9380614317271 35.9348188240196 35.9318767031948 35.9293077353316 35.9268679290022 35.9244678871786 35.9220672317672 35.9196709094741 35.9172716442593
36.0133842374618 36.0125556314428 36.0117276901368 36.0109010949861 36.0100756222223 36.0092732578649 36.0085092536099 36.0076313170798 36.0066086976664 36.0056731110351 36.0047790319454 36.0038845220249 36.0029874392662 36.0020926443379 36.0011932317528 36.0002970638262 35.9994025539058 35.9984440142733 35.997239879494 35.9954918908629 35.9931347193492 35.9905873785038 35.9879431094032 35.9852942226458 35.9826472343918 35.9799988660554 35.9773481749767 35.9747039574939 35.9720560635371 35.9693431566895 35.966414613865 35.9631392191333 35.9594842099244 35.9556048100194 35.9516143697394 35.9476185179955 35.9436207328365 35.9396242163566 35.9356341633582 35.9316446819517 35.9276427540079 35.9236748429662 35.9198596469029 35.9166325349987 35.9142036766531 35.9118942246297 35.909641074225 35.9073885880411 35.9051396492372 35.9028899166262
36.0098411658817 36.0093850712377 36.0089285796902 36.0084720101743 36.0080165630452 36.0075818944963 36.0071283995015 36.0063698120984 36.0052792809759 36.0042440986063 36.0032408174195 36.0022345421855 36.0012275921013 36.0002285837779 35.9992226442079 35.9982185864123 35.9972093338371 35.996131865262 35.9947893939659 35.9927660383675 35.9899583422188 35.9869868713137 35.9839123964916 35.980826718052 35.9777423518405 35.9746556294748 35.9715689066168 35.9684835567341 35.9653911474956 35.9622288571669 35.9588454764169 35.9550355091991 35.950731946269 35.946241099727 35.9416256626832 35.936998676736 35.9323733999433 35.9277533862769 35.9231378459745 35.9185041808462 35.9138719728069 35.9092816960492 35.9048796365122 35.9013648478101 35.8990914094118 35.8969210898265 35.8948130097906 35.892711531952 35.8906131357509 35.8885121935315
