Spatial_Analysis/Maxent_Inputs/Inputs/RCP4_5_Future/SST_future45.asc
NCOLS 638 
NROWS 314 
XLLCORNER -102.97071042 
YLLCORNER 3.973116569 
CELLSIZE 0.083 
NODATA_value -9999 
[rows 132 to 153 of 314, columns 400 to 449 of 638]
-9999 -9999 -9999 -9999 -9999 28.6116878892012 28.6105677161329 28.6094317213095 28.6083013366479 28.6071715131796 28.6095146406595 28.614429048402 28.6123761685396 28.6103571022821 28.6084429645084 28.6090023576452 28.6144464552471 28.6208467016545 28.6273522617886 28.63389485463 28.6404347976759 28.6469764883452 28.6535186541326 28.6600582088741 28.6665997051375 28.673162132376 28.679784579188 28.6818528373633 28.6742629296955 28.6644786657366 28.654760177339 28.6450683204373 28.6353776507157 28.6256843699481 28.6159910891804 28.6062978084128 28.5966025861232 28.5868990142704 28.5771744669089 28.5693406497561 28.5656788117034 28.5632207337122 28.5607307560647 28.5582294322841 28.5557295331196 28.5532283128702 28.5507286035583 28.5482239143897 28.545721209258 28.5432257720594
-9999 -9999 -9999 -9999 -9999 -9999 -9999 -9999 -9999 -9999 -9999 28.6214161289404 28.6215124041102 28.6236699917764 28.620146138805 28.6197829021858 28.6257108542397 28.632838197918 28.6400582804948 28.6473099799737 28.6545597414842 28.6618100641881 28.6690614824473 28.6763148432512 28.68356535555 28.690835228124 28.6981614696294 28.7005089692418 28.6923159900727 28.6817187731414 28.6711803232835 28.6606675946655 28.6501522124638 28.6396352114749 28.6291198292732 28.6186028282843 28.6080883520429 28.5975639517766 28.58701833752 28.578656589788 28.5750858141474 28.5729066917892 28.5707016515119 28.5684849757752 28.5662699188256 28.5640535278621 28.5618389931217 28.559620893519 28.5574069792157 28.555195245374
-9999 -9999 -9999 -9999 -9999 -9999 -9999 -9999 -9999 -9999 -9999 -9999 -9999 28.6317962626411 28.6318336184477 28.6305454171626 28.6369596874376 28.6448202905931 28.6527617362193 28.6607230119274 28.6686858674384 28.6766461121381 28.6846071549634 28.6925712401693 28.7005345229689 28.7085077589018 28.7165303945084 28.7191552363012 28.7103623614617 28.6989582758038 28.6876049314516 28.6762663512378 28.6649258249488 28.6535860530017 28.6422490870219 28.6309073735529 28.6195708857294 28.608229691689 28.5968661567446 28.5879732418818 28.5844945252306 28.5825934532951 28.5806684039397 28.5787406529363 28.5768105288038 28.5748796057956 28.5729501937249 28.5710188824124 28.5690904669191 28.5671628065177
-9999 -9999 -9999 -9999 -9999 -9999 -9999 -9999 -9999 -9999 -9999 -9999 -9999 -9999 28.6367771828429 28.6373325428543 28.6482040586695 28.6567980635829 28.6654636119061 28.6741383744724 28.6828105264735 28.6914805896378 28.7001523095509 28.7088268346812 28.7175014504135 28.7261812870069 28.7348938606095 28.7377942362153 28.7284031705185 28.71619373064 28.7040258808249 28.6918590232686 28.6796961143259 28.6675368945285 28.6553778271146 28.6432129110803 28.6310529412595 28.6188875083193 28.6067129231749 28.5972916456449 28.593906796623 28.5922808359881 28.5906358813586 28.5889956742182 28.5873509145099 28.5857048207875 28.5840625248103 28.582419706624 28.5807749469156 28.5791299922861
-9999 -9999 -9999 -9999 -9999 -9999 -9999 -9999 -9999 -9999 -9999 -9999 -9999 -9999 -9999 -9999 28.6553503619305 28.6687833454955 28.67816578553 28.6875577666111 28.6969506979781 28.706333855143 28.7157129343428 28.7250896404134 28.734467100826 28.7438530624201 28.7532615990815 28.7564311391859 28.7464421793113 28.73343133053 28.7204445079828 28.7074591508167 28.6944838111108 28.6815023000268 28.6685180885256 28.6555260008332 28.6425366102356 28.6295486005084 28.616556793786 28.6066093978473 28.603316889292 28.6019663670111 28.6006072944618 28.5992543932676 28.5979020097293 28.5965481162763 28.595187771729 28.5938234785682 28.5924593793059 28.5911003067565
-9999 -9999 -9999 -9999 -9999 -9999 -9999 -9999 -9999 -9999 -9999 -9999 -9999 -9999 -9999 -9999 -9999 28.6764174100896 28.6909577638962 28.7010983367427 28.711221972981 28.7213235543459 28.7314002583875 28.7414583632879 28.7515065000877 28.7615553952409 28.7716353190561 28.775070475514 28.764489300489 28.7506922175421 28.7369259486331 28.7231537933918 28.7093732037465 28.6955738590461 28.6817629935429 28.6679308110254 28.6540852069253 28.6402405528038 28.6264033835505 28.6159204445787 28.6127223678694 28.6116723280866 28.6106357306648 28.6095981850025 28.6085480176559 28.6074842791119 28.6064041214304 28.6053057918965 28.6041991983479 28.6030952193759
-9999 -9999 -9999 -9999 -9999 -9999 -9999 -9999 -9999 -9999 -9999 -9999 -9999 -9999 -9999 -9999 -9999 28.6963873963759 28.7039872616565 28.7148662312314 28.7257038727146 28.7365101425346 28.747281967949 28.7580212256635 28.7687341991637 28.7794296085921 28.7901272533798 28.7937803506952 28.7826455788464 28.7681111130109 28.7535737671857 28.7358762845209 28.7157002493493 28.7043602048774 28.6951709511635 28.6805039496267 28.6658109443681 28.6510927425821 28.6363607787305 28.6252885756955 28.6222215370251 28.6215318915777 28.6208295436396 28.6201021897765 28.6193433690721 28.6185591048169 28.6177559574203 28.6169286617601 28.6160790947885 28.6152160637194
28.8470108142664 28.8402550955205 28.8358993530273 -9999 -9999 28.8030660838221 28.7957801818848 -9999 -9999 -9999 -9999 -9999 -9999 -9999 -9999 -9999 28.7027422135368 28.7073870469734 28.7182903636763 28.7291595076287 28.7399912506089 28.7507884456522 28.7615527535418 28.7722884426142 28.7829976480208 28.7936942689969 28.8043985168721 28.8081070237023 28.7971028494769 28.782710248063 28.7655050043813 -9999 -9999 -9999 28.7008726808245 28.6858563505793 28.6708123087233 28.6557282125459 28.6406074274353 28.6292711285538 28.6262698732431 28.6257458034511 28.6251811181443 28.6245776127873 28.6239374184969 28.6232700720164 28.6225824177786 28.6257666294177 28.6321288882465 28.6312568315298
28.8486860614465 28.8424396186217 28.8369978924654 28.8309124025625 28.8197733392849 28.8073108162535 28.7978683925153 28.7896642177311 28.7793013688407 28.7689203450826 28.7585162075999 28.7517795562744 -9999 -9999 28.7169452031772 28.7125825089374 28.717882636869 28.723412554066 28.7336694088263 28.7439226564784 28.754164933934 28.7643925530703 28.774595354419 28.7847828099037 28.7949656642487 28.8051516037847 28.8153569038455 28.8189609236797 28.8086468996606 28.7951222810741 28.7860306307666 -9999 -9999 -9999 -9999 -9999 -9999 -9999 -9999 -9999 -9999 -9999 -9999 -9999 -9999 -9999 -9999 -9999 28.6401910745382 28.6431600243621
28.8517496479285 28.8462867442445 28.840845377778 28.8340390942719 28.8245324057439 28.8147258774788 28.8049371507252 28.795154689732 28.7853758760965 28.7755871075551 28.765787653075 28.7590862054624 -9999 28.7292514508274 28.7266373252528 28.722597146839 28.730104536423 28.7396876663587 28.7493007079025 28.7589151300095 28.7685329185272 28.7781481395098 28.7877569094556 28.7973599776149 28.8069684620375 28.8165807907544 28.8262093915667 28.8296571355842 28.8200954787266 28.8075233735857 28.7970631022571 28.7927799224854 -9999 -9999 -9999 -9999 -9999 -9999 -9999 -9999 -9999 -9999 -9999 -9999 -9999 -9999 -9999 -9999 -9999 28.6680628431918
28.8549264447578 28.8501771572836 28.8454471366789 28.8394568201956 28.8309615382918 28.8221861647185 28.8134305394818 28.8046768557671 28.7959245060664 28.7871669347544 28.7784106399937 28.7723870967422 -9999 28.7456813519505 28.7434358658354 28.7399514921289 28.747020236844 28.7559872754691 28.7649899221476 28.7739955504859 28.7830022796828 28.7920076232479 28.8010138302356 28.8100191738007 28.8190253807884 28.8280347628191 28.8370621217581 28.8403485448053 28.8315451449491 28.819942597927 28.8083624102876 28.8004881857145 -9999 -9999 -9999 -9999 -9999 -9999 -9999 -9999 -9999 -9999 -9999 -9999 -9999 -9999 -9999 -9999 -9999 28.6946755157134
28.8581042943814 28.8540698052285 28.8500512218756 28.8448711326442 28.8373910115379 28.8296498785973 28.8219261631443 28.8142074318664 28.8064898877686 28.7987697326247 28.7910513896513 28.7854738258023 28.781831802762 28.7721106097725 28.7602250473634 28.757291838452 28.7639311897758 28.772290401586 28.7806821180526 28.789079919553 28.7974801372012 28.8058822110726 28.8142800988944 28.8226779003948 28.831078118043 28.8394857835975 28.8479101049756 28.8510343140063 28.8429887390671 28.8323589314833 28.8217530790374 28.8145132999169 -9999 -9999 -9999 -9999 -9999 -9999 -9999 -9999 -9999 -9999 -9999 -9999 -9999 -9999 -9999 -9999 28.7160430696237 28.7087771905345
28.8612853635818 28.857962030438 28.8546548800183 28.8502840212267 28.8438158286847 28.837109738783 28.8304209757669 28.8237371536232 28.8170552740241 28.8103710635759 28.8036891449926 28.7970047449495 28.7903214837645 28.7836496613451 28.7770078768094 28.7746252064605 28.7808375901396 28.7885893462065 28.796373278373 28.8041667047678 28.8119601357159 28.8197531350569 28.8275467988877 28.8353382837606 28.8431300959215 28.8509337746519 28.8587563365237 28.8617164193669 28.8544330492927 28.8447774440204 28.8322898573372 -9999 -9999 -9999 -9999 -9999 -9999 -9999 -9999 -9999 -9999 -9999 -9999 -9999 -9999 -9999 -9999 28.7379328571079 28.7303373043878 28.7282314147932
28.8644659581562 28.8618499797459 28.8592516547441 28.8556949682872 28.8502353768832 28.8445642394184 28.8389123270584 28.8332676261913 28.8276204658737 28.8219719199243 28.8163264636926 28.810682388566 28.8050364536626 28.7993991520729 28.7937911808813 28.7919567668519 28.7977382942663 28.8048859126637 28.8120651505205 28.8192534945359 28.8264397026235 28.8336251118355 28.8408134558509 28.8479996639385 28.8551850731504 28.862380432715 28.8695973940441 28.8723940756908 28.8658733678747 28.8571958530034 28.8506363452922 28.8459859747439 28.8377557653933 28.8295255560427 28.8212953466921 28.8130651373415 28.8048349279909 28.7966053917179 28.7883797820264 28.7816593993778 28.7782152073968 28.7757344199031 28.7741298675537 -9999 28.7683052969783 28.7658250706781 28.7603498410706 28.7524193159165 28.7500535472134 28.7476826009519
28.8676464188259 28.8657392623027 28.8638476270636 28.8611009311726 28.8566523140356 28.8520196460141 28.847405106792 28.8427977752367 28.8381872714419 28.8335753873186 28.8289627470807 28.824356088603 28.8197465343061 28.8151429556931 28.8105636151957 28.8092768444019 28.8146323048287 28.8211823497694 28.8277563971623 28.8343381483762 28.8409161408291 28.8474960358198 28.8540781107911 28.8606577210085 28.8672399468482 28.8738255805907 28.8804337005446 28.8830659322464 28.8773072353969 28.8696076719532 28.8619347428091 28.8542732549533 28.8466086338422 28.8389440127311 28.83127939162 28.823614770509 28.8159501493979 28.80828581306 28.8006231380242 28.7942772322844 28.7908003633009 28.7881683072135 28.7886969937253 28.78869843024 28.7802841510926 28.7776526561986 28.7750272030735 28.7724002227859 28.7697703076949 28.7671370662001
28.8708267759644 28.8696277338199 28.8684406480969 28.8665035709502 28.8630696394925 28.8594770850065 28.8559004370706 28.8523284462566 28.8487545992194 28.8451811845393 28.8416023966297 28.8380283597399 28.8344566536991 28.8308847527371 28.8273328729866 28.82659441446 28.831522474885 28.8374756406907 28.8434465652239 28.8494194317599 28.8553930966907 28.861367624294 28.8673442885752 28.8733195282403 28.8792945357727 28.8852701027259 28.8912684968578 28.8937331413135 28.8887375380566 28.8820207249394 28.8753290753993 28.8686448314855 28.8619605875717 28.8552740138315 28.8485854975467 28.8419008653285 28.8352139678309 28.828526163608 28.8218438612161 28.8161522439365 28.8126171146271 28.8097221421192 28.8068347655826 28.8039442557906 28.801050665384 28.7981559303121 28.7952683163394 28.7923783287567 28.789486162216 28.7865911904581
28.8740049068077 28.8735108024838 28.8730294099461 28.8719008987492 28.869483301109 28.8669344376774 28.8643955430771 28.8618622409099 28.8593329306591 28.8567993057571 28.8542553416829 28.8517073849423 28.849166639422 28.8466282670309 28.8441043104889 28.8439126833931 28.8484165330537 28.853769078446 28.8591376174598 28.8645069763853 28.8698773665537 28.8752484260116 28.8806164473695 28.8859844687274 28.8913510662193 28.8967179003971 28.9021007259086 28.9043951763528 28.9001666535363 28.8944363889715 28.8887251166288 28.8830208616078 28.8773162828295 28.8716083776473 28.8658947754782 28.8601863516175 28.8544782089994 28.8487674588658 28.8430646277109 28.8380255942636 28.8344352898194 28.8312788209538 28.828126258164 28.8249727886489 28.8218214555769 28.8186666054985 28.8155104823996 28.8123570128845 28.8092033499861 28.8060446158412
28.8772993570617 28.8774379579879 28.8776200148546 28.8772959433055 28.8759015102593 28.874424689925 28.8729823953479 28.8715256664006 28.870052476236 28.8685525317731 28.8670286159471 28.865489186171 28.8639423993404 28.8623962154414 28.860877798113 28.8612281170081 28.8653131971999 28.870081630953 28.8748736065072 28.8796592869041 28.8844329493479 28.8891967904984 28.8939505772499 28.8986953018611 28.9034360778587 28.9081784716209 28.9129359069955 28.9150528486767 28.9115922087068 28.906858265874 28.9021407052398 28.897422044474 28.8927004926885 28.8879726409462 28.8832360895706 28.8784966507058 28.8737574069968 28.8690151198847 28.8642831246076 28.8598965233973 28.8562530767072 28.8528385414189 28.8494308470328 28.8460185390623 28.8426061885541 28.8391889574019 28.8357692015251 28.8323487381397 28.8289275583739 28.8255051489134
28.8809318154961 28.8816624650953 28.8823848677934 28.8827687819698 28.8824916500863 28.8821766014616 28.8818368004006 28.8814462650906 28.8810079900939 28.8805263852401 28.8800100375281 28.8794678802277 28.8789024160541 28.8783237634533 28.8777509495396 28.8785907013158 28.8822905558609 28.8865166566978 28.890732752915 28.8949258697934 28.8990988310517 28.9032475308705 28.9073826164963 28.9115016057194 28.9156095437083 28.9197115475089 28.9238192994141 28.9257358980166 28.923057806881 28.9193387472093 28.9156164565123 28.9118831145813 28.9081387644347 28.9043851623181 28.9006239176432 28.8968550309287 28.8930774098772 28.8892986016458 28.8855233106704 28.8817758063978 28.8780888957206 28.8744268283757 28.8707639033924 28.8670938102189 28.8634198294481 28.8597399620954 28.8560583906568 28.8523713128338 28.8486807180044 28.8449874262884
28.8838813724166 28.8849751913321 28.8860822230881 28.8868904209327 28.8870782720824 28.8872416658037 28.8873960889584 28.8875046712448 28.8875624707335 28.8875795463769 28.887563493396 28.8875195374367 28.8874555536937 28.8873813591302 28.8873167375412 28.8883941714897 28.8917611366462 28.8955602342603 28.8993578617741 28.9031307102269 28.9068849557584 28.9106196051134 28.9143368815145 28.9180393945042 28.9217339849846 28.9254197930639 28.9291142731913 28.9309165305421 28.9287344827295 28.9256614282966 28.9225844812325 28.9194996116591 28.9164025942966 28.9132960401909 28.9101809849036 28.9070589130445 28.9039314206416 28.9008032161769 28.8976778591944 28.8944247400047 28.8908876849201 28.8872779460181 28.8836660284273 28.8800474172721 28.8764273822509 28.8728047361837 28.8691767832065 28.8655410400869 28.8619048188109 28.8582618649863
28.8863173461561 28.8875949725066 28.8889093376196 28.8898531586116 28.8900045314666 28.8900995396484 28.8902171068724 28.8903284506241 28.8904269700357 28.8904979272013 28.8905472342655 28.8905833957058 28.8906167952546 28.8906506253879 28.8907077001126 28.8917868174179 28.8948884574131 28.898372620622 28.9018751943274 28.9053764001491 28.9088688200389 28.9123491789533 28.9158196290302 28.919284659586 28.922743992882 28.9262085478122 28.9296886612379 28.9314378266804 28.929514257866 28.92677612013 28.9240468073329 28.921319630979 28.918588419713 28.9158535618394 28.9131123782116 28.9103656914953 28.9076215730641 28.9048753136364 28.9021380768495 28.8992549875061 28.8960364171706 28.8927305494787 28.8894297530333 28.8861275750021 28.8828274040624 28.879523996571 28.8762170292858 28.8729062637745 28.8695967889745 28.8662847894498
28.8889754044576 28.8903522803683 28.8917404016614 28.8927136593286 28.8928593331891 28.8929191765891 28.892986896453 28.8930577523526 28.8931374303877 28.8932060136742 28.8932672817132 28.8933302971409 28.8933958372933 28.8934632759374 28.8935458855227 28.8945627460442 28.8974359775638 28.9006555539403 28.9038936008713 28.9071355358804 28.9103779032467 28.9136141982358 28.9168532374486 28.9200918027856 28.9233252925954 28.9265652377456 28.9298287034231 28.9315118652158 28.9298334930904 28.9274134970601 28.9250169600631 28.9226214163476 28.9202235417831 28.917829512301 28.91543439992 28.9130376644712 28.9106419263499 28.9082453893529 28.9058554373205 28.9033160893975 28.900439314665 28.8974714701702 28.8945132710184 28.8915566855851 28.8886015721052 28.8856436967108 28.8826849753497 28.8797269660505 28.8767692415245 28.8738094246081
