Spatial_Analysis/Maxent_Inputs/Inputs/RCP4_5_Future/SST_future45.asc
NCOLS 638 
NROWS 314 
XLLCORNER -102.97071042 
YLLCORNER 3.973116569 
CELLSIZE 0.083 
NODATA_value -9999 
[rows 132 to 153 of 314, columns 350 to 399 of 638]
29.4481607432529 29.4615181799337 29.474877127552 29.4882170642153 29.5007159049946 29.5023482860992 29.4867705165084 29.4711456160537 29.4554868288414 29.4398273736086 29.4241612723948 29.4084968752669 29.3928343343622 29.3824663599328 -9999 -9999 -9999 -9999 -9999 -9999 -9999 -9999 -9999 -9999 -9999 -9999 -9999 -9999 -9999 -9999 -9999 -9999 -9999 -9999 -9999 -9999 -9999 -9999 -9999 -9999 -9999 -9999 -9999 -9999 -9999 -9999 -9999 -9999 -9999 -9999
29.4412944494216 29.4544670889466 29.4676415201478 29.4807978891154 29.4931816576802 29.4955164470205 29.4819304627548 29.4686185409044 29.4551337989182 29.4403211056675 29.4264108039819 29.4136697626737 29.4000101193217 29.3879110748837 29.3774197794705 29.3691291809082 -9999 -9999 -9999 -9999 -9999 -9999 -9999 -9999 -9999 -9999 -9999 -9999 -9999 -9999 -9999 -9999 -9999 -9999 -9999 -9999 -9999 -9999 -9999 -9999 -9999 -9999 -9999 -9999 -9999 -9999 -9999 -9999 -9999 -9999
29.4344292514033 29.44741727098 29.4604061066421 29.4733837407284 29.485655005587 29.4886885393228 29.4770947717166 29.4652347371083 29.4572696685791 -9999 -9999 29.4158592495452 29.4047702022415 29.3955251048334 29.3838729111212 29.3759912234292 -9999 -9999 -9999 -9999 -9999 -9999 -9999 -9999 -9999 -9999 -9999 -9999 -9999 -9999 -9999 -9999 -9999 -9999 -9999 -9999 -9999 -9999 -9999 -9999 -9999 -9999 -9999 -9999 -9999 -9999 -9999 -9999 -9999 -9999
29.427565895929 29.440369977738 29.4531722033238 29.4659714958788 29.4781274042307 29.4818626766782 29.4722623131843 29.4626270081079 29.453042915651 29.4438114494871 29.4350047715401 29.4293098449707 -9999 29.4015396604905 29.3950523375445 29.3875639852397 29.385290145874 -9999 -9999 -9999 -9999 -9999 -9999 -9999 -9999 -9999 -9999 -9999 -9999 -9999 -9999 -9999 -9999 -9999 -9999 -9999 -9999 -9999 -9999 -9999 -9999 -9999 -9999 -9999 -9999 -9999 -9999 -9999 -9999 -9999
29.4207611601047 29.4333416727295 29.445936984224 29.4585544567067 29.4705971918283 29.4750361928464 29.4674292331922 29.45978808657 29.4521423807812 29.4445174953945 29.4369005090227 29.4302438757899 29.4246652656656 29.4162375709965 29.406236091533 29.3985889667042 29.3931838140955 29.3823640233883 29.3541086708533 29.3358402252197 -9999 -9999 -9999 -9999 -9999 -9999 -9999 -9999 -9999 -9999 -9999 -9999 -9999 -9999 -9999 -9999 -9999 -9999 -9999 -9999 -9999 -9999 -9999 -9999 -9999 -9999 -9999 -9999 -9999 -9999
29.4145618480222 29.4268167491939 29.4390205866871 29.4512428500345 29.4630693092524 29.4682126610508 29.4626273851372 29.4571252715843 29.4516894469194 29.4462164365474 29.4406769103014 29.4350463676135 29.4293269396235 29.4235316922408 29.4176930196885 29.4118672719473 29.4059086377045 29.3922886147918 29.3610263515544 -9999 -9999 -9999 -9999 -9999 -9999 -9999 -9999 -9999 -9999 -9999 -9999 -9999 -9999 -9999 -9999 -9999 -9999 -9999 -9999 -9999 -9999 -9999 -9999 -9999 -9999 -9999 -9999 -9999 -9999 -9999
29.4121134235589 29.4242079283303 29.4350453827118 29.4460771690677 29.4598850513444 29.4653271309823 29.4602009852348 29.4553491711847 29.4521443673048 29.4487903643432 29.4452900480737 29.4416516817612 29.4378851259061 29.4339912059695 29.4299719092761 29.422711786081 29.4123331682536 29.3995670739902 -9999 -9999 -9999 -9999 -9999 -9999 -9999 -9999 -9999 -9999 -9999 -9999 -9999 -9999 -9999 -9999 -9999 -9999 -9999 -9999 -9999 -9999 -9999 -9999 -9999 -9999 -9999 -9999 -9999 -9999 -9999 -9999
-9999 -9999 -9999 -9999 -9999 -9999 -9999 29.4548329843034 29.4525326206042 29.45004275454 29.4473898652235 29.4445903338306 29.4416542582978 29.4385805180111 29.4353613699189 -9999 -9999 -9999 -9999 -9999 -9999 -9999 -9999 -9999 -9999 -9999 -9999 -9999 -9999 -9999 -9999 -9999 -9999 -9999 -9999 -9999 -9999 -9999 -9999 28.9449405670166 -9999 -9999 -9999 -9999 -9999 -9999 -9999 -9999 28.8604394401693 28.8537553091435
-9999 -9999 -9999 -9999 -9999 -9999 -9999 -9999 -9999 -9999 -9999 -9999 -9999 -9999 -9999 -9999 -9999 -9999 -9999 -9999 -9999 -9999 -9999 -9999 -9999 -9999 -9999 -9999 -9999 -9999 -9999 -9999 -9999 -9999 -9999 -9999 -9999 -9999 28.9511204398269 28.9349132174001 28.9224395751953 -9999 -9999 -9999 -9999 -9999 -9999 28.8674462637639 28.861171289281 28.8549391475178
-9999 -9999 -9999 -9999 -9999 -9999 29.3574695587158 -9999 -9999 -9999 -9999 -9999 -9999 -9999 -9999 -9999 -9999 -9999 -9999 -9999 -9999 -9999 -9999 -9999 -9999 -9999 -9999 -9999 -9999 -9999 -9999 -9999 -9999 -9999 29.0079316260037 28.9976291656494 -9999 28.9611060153239 28.9467877392088 28.9304494680342 28.9199931899261 -9999 -9999 -9999 -9999 -9999 28.8736306291632 28.8681628886533 28.8626930089197 28.8572176686354
-9999 -9999 29.3072145671707 29.3144277103907 29.3213966401006 29.3299956163361 29.3323720160739 29.3213407720676 29.3195347366806 29.3177387992303 29.3159444334761 29.3147792816162 -9999 -9999 -9999 29.306956331868 29.3050133313949 29.2968986943454 29.2780550985833 29.2592420186266 29.2404588985999 29.2216729726061 29.2028932179674 29.1841094248632 29.1719493865967 -9999 -9999 -9999 -9999 -9999 -9999 -9999 -9999 -9999 29.0060281578722 28.9855669953775 28.9691655709158 28.9560903485318 28.940727184856 28.9253632668383 28.9094682888127 28.8967530300481 28.8918766873293 28.8874391856793 28.882985975931 28.878516575875 28.8739359672774 28.8691854032521 28.8644336527967 28.859679571765
-9999 29.2887240568676 29.2895064779475 29.2959953209812 29.3022699155126 29.3054647114231 29.3037691827426 29.3020847442806 29.3004107528406 29.2987453061196 29.2970785828475 29.2905803356568 29.2800918769322 29.2785159576522 29.2816717362482 29.288743451262 29.2869410374325 29.2791962198027 29.2611164072944 29.2430671116143 29.2250457677499 29.2070303573239 29.1890156164219 29.1709975480934 29.1499129513194 29.1326293945312 -9999 -9999 -9999 -9999 -9999 -9999 -9999 -9999 28.9833557034053 28.9778162793845 28.9634346800861 28.9490504697416 28.9346658710927 28.9202775832984 28.9058778562233 28.894894294332 28.8904347967716 28.8864073434191 28.8823654114283 28.8783222922575 28.8742798426108 28.8702357741769 28.8661952660521 28.8621511077662
29.2364282843606 29.2456425528601 29.258807748805 29.2640439553763 29.2691150058297 29.2716570968811 29.2701695203271 29.2687060918133 29.2672597527491 29.2658169352445 29.2643730176314 29.2629288575252 29.2614872659502 29.2600418373996 29.2586012851744 29.2571740656649 29.2556137236139 29.2485060581005 29.2317504930691 29.2150282938632 29.1983325737699 29.181647254865 29.1649573400893 29.1482685034129 29.131581760642 29.1120212838987 29.0959606170654 -9999 -9999 -9999 -9999 -9999 -9999 -9999 28.9793918116765 28.9688150293162 28.9554108078646 28.9420062626556 28.9286017564308 28.9151933236246 28.9017721615763 28.8916775841407 28.8879393420526 28.884618060534 28.8812877981625 28.8779568237292 28.8746228722122 28.8712864384855 28.8679554640522 28.8646215125353
29.2201627752581 29.2241344284106 29.2281065121476 29.2320924948508 29.2359573476424 29.2378439759547 29.2365669620923 29.2353249756149 29.2341041567869 29.2328867947369 29.2316693463654 29.2304535117126 29.2292388642398 29.2280218904941 29.2268061897461 29.225603023319 29.2242819478293 29.217811757955 29.2023799657748 29.1869875768703 29.1716200493139 29.1562595565353 29.1408990027632 29.1255414053229 29.1101816246061 29.0948191293121 29.0767870836972 29.0619506835938 -9999 -9999 -9999 -9999 -9999 28.981572634009 28.9722417485584 28.9598173820949 28.9473925410055 28.9349655209582 28.922537507864 28.9101097760125 28.8976679943264 28.8884630536609 28.8854447932709 28.8828344693327 28.8802123213399 28.8775877085932 28.8749658408202 28.8723407580239 28.8697164690346 28.8670923359823
29.1919759721398 29.1946930862923 29.1974067907463 29.200137672468 29.2027985893465 29.2040275319205 29.2029647921618 29.2019450891343 29.2009494065566 29.1999579917737 29.1989679583421 29.1979772166368 29.1969884174762 29.1959972874665 29.1950074914709 29.1940269967979 29.1929456194767 29.1871136127272 29.1730070782804 29.1589431011165 29.1449073304521 29.1308746454595 29.116843621769 29.1028135478224 29.0887813850391 29.0747489374825 29.0607158641856 29.05212005269 -9999 -9999 -9999 -9999 28.9817941258129 28.9737120330913 28.962268043825 28.950821638411 28.9393730920005 28.9279266820332 28.9164774281371 28.9050256502434 28.893563399788 28.885249278273 28.882950050356 28.8810488330553 28.8791371247142 28.8772220502351 28.8753082054509 28.8733939298474 28.8714767619553 28.8695628746562
29.1637910685131 29.1652490042342 29.1667074533308 29.1681796143214 29.1696280290051 29.1702002740767 29.16935345656 29.1685628763578 29.1677989241211 29.1670325116838 29.1662679984883 29.165502582886 29.1647382035954 29.1639717911581 29.1632072779626 29.1624503017755 29.1616016533651 29.1564054131003 29.1436274842925 29.1308994883044 29.1181962253089 29.1054915430006 29.0927856302096 29.0800836014851 29.0673808606988 29.0546781199125 29.0419750943531 29.0267974888922 29.0140399932861 -9999 -9999 28.9775262301698 28.9732222752915 28.9627560096387 28.9522883626347 28.9418223298646 28.9313527800882 28.9208838988132 28.9104159245211 28.8999411057963 28.8894589951021 28.8820373150555 28.8804592517362 28.8792649570808 28.8780625495484 28.8768551578408 28.8756485204751 28.8744444043034 28.8732372447285 28.87203341333
29.1356204483881 29.1358109849891 29.136010583965 29.136221660456 29.136445079908 29.1363572476334 29.1357383612089 29.1351823211182 29.134645981485 29.134116567572 29.1335908478729 29.1330585915461 29.1325114864747 29.131957023349 29.1314089069984 29.1308743193072 29.1302511886104 29.1256881943862 29.1142422540878 29.102853459333 29.0914824703701 29.0801182129561 29.0687562907098 29.0573858249788 29.0460027330101 29.0346141381877 29.0232340870845 29.0118581149692 28.9981994038936 28.9866600036621 -9999 28.9671487313413 28.9612887266772 28.9518088956703 28.9423366168889 28.9328552344521 28.9233552485557 28.9138502777341 28.90435128765 28.8948591759488 28.8853613265185 28.8788307501379 28.877973532212 28.8774839814788 28.8769880649846 28.8764973691018 28.8760139882432 28.8755239629071 28.8750210346669 28.8745117846841
29.1076789263945 29.1065643474365 29.1054292753644 29.1043010185791 29.1032552491665 29.102498806218 29.1021332273519 29.1018738196586 29.1016516819234 29.1014171649739 29.1011579835626 29.1008595086867 29.1005174710479 29.1001392719688 29.0997367339432 29.0993414440424 29.0988989127079 29.094961761406 29.0848734240576 29.0748780899337 29.0649322811572 29.0549771793801 29.0449896285482 29.0349592234617 29.0248851181539 29.0147724775266 29.004633220767 28.9944919118024 28.9843932948718 28.972756341325 28.9624853283851 28.9579329676461 28.9495253414099 28.9411057635208 28.9326573831845 28.9241655881501 28.9156253499815 28.907044052496 28.8984346233873 28.8898282171235 28.8812632306232 28.8756263821417 28.8754948193653 28.8757585367306 28.8760602265285 28.8763509617662 28.8766111940242 28.8768335129 28.8770166886988 28.8771656825407
29.0801241726808 29.0777098793256 29.0752345596516 29.0727159609492 29.0702397829568 29.0687165795711 29.0687982281438 29.0689412299453 29.0690588072556 29.0691162208817 29.0691177227233 29.0690528860293 29.068921991527 29.0687260745054 29.0684700804281 29.0681635588905 29.0677414546563 29.0643293148739 29.0557837373536 29.0473085884386 29.0388132829238 29.0302641207574 29.021645534372 29.012959315444 29.0042029602352 28.9953793607881 28.9864834896398 28.9775271652337 28.9685397294709 28.9601200317963 28.952793062596 28.9455194313434 28.9382225593228 28.9308598337068 28.9234218327205 28.9159136954536 28.9083367865511 28.9006851414626 28.8929627348603 28.8851871887292 28.8773917293325 28.8725246906234 28.8732687750128 28.8744207665631 28.8755387496155 28.8765947109796 28.8775789182983 28.8784991422129 28.8793637560913 28.8801696686777
29.0610775082677 29.0580829143855 29.0550319890756 29.051940176677 29.0489370739673 29.047109585436 29.0471830131723 29.0473496543369 29.0475098901816 29.0476111438182 29.0476556825105 29.047637243525 29.0475571051853 29.0474110979018 29.0472061911401 29.046957744479 29.046632557001 29.0436116507266 29.0359132871129 29.028314157588 29.0207140420792 29.0130575951426 29.0053384125402 28.997553297197 28.9896983863285 28.9817749792449 28.973783049384 28.9657380818647 28.9576843009522 28.9501676543993 28.9436268237831 28.9371453991418 28.9306617975332 28.92411659989 28.9174990825007 28.9108107983137 28.9040543161064 28.8972249311737 28.8903299144833 28.8833877978571 28.876445550473 28.8722784335734 28.8733657679931 28.8748508036144 28.8763269732803 28.8777373180781 28.8790769391083 28.8803580051961 28.8815844925137 28.8827547417861
29.0493049945904 29.0463471493161 29.0433764343537 29.0404128805664 29.0375844864889 29.0357940881017 29.0355648597845 29.0354593860597 29.0353948728166 29.0353208137812 29.0352238757341 29.0350914954693 29.0349253568136 29.0347235815345 29.0345045553732 29.0342947842925 29.0340608504684 29.031263591083 29.0239264653679 29.0166892079497 29.0094902614408 29.0022846601595 28.9950618325659 28.9878017042698 28.9804955396655 28.973154579605 28.9657950918765 28.9584375014433 28.9510987214511 28.944250421971 28.9382672535546 28.932302938302 28.9263637282838 28.9204183386112 28.9144520760187 28.9084465102084 28.9023922071688 28.8963003419362 28.890195519967 28.8840952065969 28.8780140697051 28.8744144036287 28.8754858104303 28.8768803525976 28.8783000050678 28.8797059861936 28.8810885180342 28.882438115172 28.8837541523707 28.8850413745965
29.0385993042984 29.035732579628 29.0328707958451 29.0300253268804 29.0273030574812 29.0255070104237 29.0251076927258 29.0248054933557 29.0245462418874 29.0242968729289 29.0240473062685 29.0237867787644 29.0235169036161 29.0232435069312 29.022973393116 29.0227183185907 29.0224287632244 29.0197557368647 29.012881839449 29.0060781881447 28.9993037358944 28.9925339270638 28.9857695342237 28.978998492645 28.9722116943964 28.9654216166003 28.9586319263356 28.9518484514445 28.945041262643 28.9387455558602 28.9334447276805 28.9281174214109 28.9227708459609 28.9174307215477 28.9120962989209 28.9067519036597 28.9013933669851 28.8960265174781 28.8906701582615 28.8853168520354 28.8799380571749 28.8767955675185 28.877943565695 28.8793404271436 28.8807210152316 28.8821041092965 28.8834949942537 28.8848733385641 28.8862430045198 28.8876076382361
