Spatial_Analysis/Maxent_Inputs/Inputs/RCP4_5_Future/SST_future45.asc
NCOLS 638 
NROWS 314 
XLLCORNER -102.97071042 
YLLCORNER 3.973116569 
CELLSIZE 0.083 
NODATA_value -9999 
[rows 44 to 65 of 314, columns 300 to 349 of 638]
27.7879906592232 27.7659783783817 27.7439597920455 27.721944899408 27.6999380376103 27.6780940418842 27.6583405361545 27.6455357572139 27.6400930032104 27.6393795913384 27.6430397033691 -9999 27.6300943414077 27.6201337286522 27.6162121434253 27.6123235447341 27.6084566854464 27.6045478905665 27.6011465456307 27.6010108910353 27.6048543297649 27.6084909483481 27.6120329210681 27.6155714603344 27.6191450355231 27.6227701616427 27.6264565751834 27.6301968114836 27.6339619381331 27.6376430870439 27.6412742465595 27.6463646145178 27.6535827355634 27.660256177672 27.6667716762096 27.6732938217776 27.6798637683874 27.6864998776981 27.6932022172982 27.6999502184437 27.7067210130179 27.7134295949127 27.7195316849781 27.7216810193611 27.7182211948667 27.7145135561666 27.710704275268 27.7069022929606 27.7031422393074 27.6994292230014
27.803514269594 27.7828668304655 27.7622178588714 27.7415700314385 27.7209269489572 27.7006541161834 27.6825481401539 27.6701759061593 27.6638530353218 27.658961748976 27.6554918358473 27.6461932479705 27.6457129813506 27.6412971695597 27.6368830195747 27.6324682046189 27.6280542920699 27.6235881639911 27.6196158988163 27.6189870909574 27.6224363347528 27.6256760959753 27.6288322127139 27.6319869914041 27.6351421113077 27.6382984647323 27.6414587502878 27.6446158162666 27.6477719330052 27.6508347078765 27.6539040569435 27.6588630209585 27.6665044846615 27.6736861355055 27.6806908032476 27.6876943928902 27.6946944647614 27.7017009446739 27.7087097989463 27.7157125251664 27.7227144960219 27.7296905322706 27.7361200605995 27.7386184598483 27.7355080547333 27.7322383110502 27.7289027672508 27.7255656656577 27.7222276148244 27.7188888990204
27.8190722528973 27.7997795317329 27.7804881261039 27.7611982921711 27.7419415577669 27.7232133385027 27.7065586340334 27.6945896496757 27.6875878069377 27.6819460057949 27.6781363578588 27.6678685648962 27.6672172244369 27.6623143097192 27.6574119172108 27.6525114662243 27.6476083626767 27.6426168507706 27.6380829161417 27.6369653668446 27.6400086736803 27.6428161051404 27.645491099974 27.6481606309379 27.6508311549487 27.6534983171021 27.6561659065441 27.6588328702457 27.6614961493551 27.6640373282726 27.6666266796842 27.6714791309007 27.6794606521595 27.6870588425265 27.6944373946649 27.7018012747473 27.7091625473144 27.7165307032984 27.7238984709781 27.7312642062611 27.7386268991635 27.7459616073075 27.7527697450401 27.7556332103331 27.7528300784241 27.7499275594196 27.7469693084003 27.7440062673769 27.7410401882536 27.7380737208259
27.834634180261 27.816695551074 27.7987594899144 27.7808224749385 27.7629618711277 27.7457116300768 27.7303414876666 27.7187689956687 27.7064935653651 27.6916758054393 27.6943463372752 27.700171387301 27.688720280824 27.6833319720879 27.6779413325028 27.6725556770929 27.6671579804435 27.6616430672697 27.6565694377956 27.6549656682542 27.6575899243836 27.6599542626701 27.66215050489 27.6643327863774 27.6665144160313 27.6686954635053 27.67087243706 27.6730517794253 27.6752215010176 27.6772613778365 27.6794353948352 27.6841922933354 27.6924661950373 27.7004282396265 27.7081785705725 27.7159047947471 27.7236299180631 27.7313574625725 27.7390851106131 27.7468128449752 27.7545390691498 27.762249384509 27.7694667375176 27.7726991756807 27.7701831525086 27.767623790184 27.7650349436123 27.7624427306299 27.7598502374506 27.7572558407108
27.8501971907581 27.8336134739526 27.8170304221178 27.800446183103 27.7839572844207 27.7680974693031 27.7539089463585 27.7427275524516 27.7381638655707 27.7398300170898 27.7170606869746 27.716091344528 27.7102191084005 27.7043449737812 27.698469518077 27.6925989386983 27.6867117660275 27.6806858836674 27.6750850954417 27.6729962938587 27.6751851790993 27.6770964505585 27.6788125641549 27.6805040052101 27.6821969610291 27.683889248051 27.6855797831689 27.6872706455748 27.6889521208404 27.6905185487023 27.6923133435681 27.6969788336139 27.7055189151082 27.7138086930291 27.7219218391396 27.7300093503314 27.7380970989592 27.7461843253778 27.7542718365696 27.7623595851975 27.7704494262156 27.7785445275795 27.7861827642167 27.7897903040901 27.7875501746463 27.7853218209547 27.7831000608957 27.7808784950079 27.7786570197221 27.7764379175655
27.8657571155834 27.8505313922778 27.8353037274503 27.8200744438355 27.80492410572 27.790357040768 27.7772762210308 27.7664837419845 27.7580709990732 27.7525191333103 27.7392212688305 27.7380808783592 27.7317219276208 27.7253611596434 27.719001971469 27.7126435378712 27.7062714412316 27.6997529503448 27.6936438880468 27.6910716729368 27.6928150430604 27.6942498375378 27.6954739715863 27.6966767388066 27.6978791220031 27.6990833561195 27.7002891657204 27.7014921703767 27.7026875334708 27.703802292336 27.7052296467976 27.7098053901947 27.7186009678079 27.7271989643946 27.7356683270257 27.7441160423359 27.7525637576461 27.7610114729563 27.7694611297885 27.7779124054079 27.7863618293573 27.7948354846005 27.8028978505244 27.8068813765174 27.8049197215086 27.8030206627651 27.8011680259341 27.7993181950703 27.7974655582393 27.7956190927634
27.8813200785087 27.8674487929472 27.8535760835197 27.8397021869121 27.8258670151574 27.8125137974709 27.8004635455561 27.7900580623581 27.7813171722458 27.7771688107016 27.7731196647267 27.7600698082129 27.7532253077653 27.7463795338163 27.7395354216731 27.7326887030371 27.7258329579571 27.7188499972084 27.712260625583 27.7092061843988 27.7104845841637 27.7114100696769 27.712132233106 27.7128483763174 27.713563133897 27.7142801787653 27.7149978321641 27.7157135870712 27.7164246555054 27.7170867953229 27.7181562461462 27.7226439955868 27.7316914181349 27.7405935691245 27.7494096064645 27.7582197521882 27.7670311283948 27.7758386205348 27.7846501901246 27.7934641773773 27.8022736110392 27.8111208932411 27.8195919610313 27.8239473946978 27.8222698062881 27.8207115729175 27.8192325220304 27.8177546583233 27.8162775489582 27.8148046694263
27.8968808627107 27.8843612094414 27.871845828543 27.8593304476446 27.8468208141007 27.8346387414412 27.8234897537001 27.8134605750328 27.8044923498195 27.7967259549148 27.7893916541729 27.7820586299822 27.7747295508516 27.7673966739757 27.7600643193091 27.7527305407765 27.7453938664246 27.7379660109512 27.7309448007408 27.7274136381087 27.7281852205016 27.7285622316998 27.7287917415532 27.7290227666626 27.7292501451414 27.7294776099416 27.7297049884205 27.7299321684475 27.7301574973199 27.7303629004246 27.7310744961815 27.7354696512184 27.7447698249346 27.7539809064022 27.7631527715004 27.7723241179199 27.7814983092909 27.7906677096353 27.7998409985995 27.8090113059039 27.8181824538717 27.8273910886375 27.8362390494894 27.8409571332605 27.8395860480786 27.8384016323267 27.8372987784296 27.8361923642233 27.8350893154049 27.8339890725538
27.9124130839745 27.9012564509181 27.890106511426 27.878954630412 27.8677958237009 27.8567764143839 27.8463984879899 27.8367291627527 27.8276555222266 27.8196871399822 27.8118782539629 27.8040759698834 27.796275262311 27.7884605517259 27.7806337371123 27.7727971482966 27.7649612705201 27.757093461206 27.7496962439039 27.745701462467 27.7459114061753 27.7457194573975 27.7455016564587 27.7453088389351 27.7451017819855 27.7448629883271 27.7445781301557 27.7442495593182 27.7439139880547 27.7436257340768 27.7439534089685 27.7482554942489 27.7578221659584 27.767379373675 27.7769847314731 27.7866308730122 27.7962390216694 27.8057842553186 27.8152654735556 27.8246940665973 27.8341267102009 27.8436410694392 27.852821704745 27.8578885996335 27.856868196049 27.8561059174828 27.855431103814 27.8547747202648 27.8540810541228 27.8533446250589
27.9278614939635 27.9180869634631 27.9083205458399 27.8985523816158 27.8887707320351 27.8790012016305 27.869366941561 27.8599561565946 27.850986482959 27.8427079027552 27.8344569040032 27.8262077612052 27.8179534020993 27.8096789736948 27.801372560793 27.7930335422069 27.7846641702787 27.7762685409069 27.7684739498743 27.7640652583302 27.7636774220442 27.7631172969207 27.7625923936031 27.762073113288 27.76150670812 27.7608621603438 27.760109180199 27.7592269432492 27.7582224753538 27.7571500657885 27.7568102229508 27.7609927123739 27.7710377419912 27.7813393173611 27.79162821499 27.8018439217594 27.8119190652641 27.8218410836475 27.8316061080452 27.8412301581641 27.8507450171616 27.8602296088744 27.8694136514327 27.8747531098084 27.874306498977 27.8742683525294 27.87419081475 27.874009609298 27.8736945749107 27.8732669808072
27.941912026759 27.9334293087561 27.9249568395581 27.9164834226351 27.9079913592566 27.8994771336703 27.8907265697163 27.8816759589994 27.8729543805701 27.8645291627623 27.8561139578385 27.8476915034601 27.8392578945741 27.8308016488543 27.8223069676005 27.813765021555 27.8008884373906 27.7886637518416 27.7885082518414 27.7838184567351 27.7829048893739 27.7820186583438 27.7811462042274 27.7802477056092 27.7792840093439 27.778219942235 27.7770196395413 27.7756459782145 27.7740566414344 27.7722404599757 27.7711196568552 27.7750605773447 27.7856745063002 27.7966127258686 27.8073926016851 27.8179695575802 27.8283458520265 27.8385325608279 27.848522173043 27.8583212503501 27.8679159826389 27.8773300063163 27.8863377787702 27.891753881795 27.8918890519816 27.8923994775429 27.8926976908483 27.8927686177581 27.8926509474904 27.892390802448
27.9516499481814 27.9441101188056 27.9365810604441 27.9290527111061 27.92150761432 27.9139541611488 27.9063138851648 27.8982209994744 27.8899125827366 27.8821595251099 27.8744213739252 27.8666808919146 27.8589329243051 27.8511616452693 27.8433621800197 27.8355228968851 27.8312921172748 27.8264325632865 27.807006106752 27.7978741086422 27.8062338129058 27.8046210034198 27.8030661506318 27.8015081231158 27.7999048179438 27.7982123992366 27.7964030938974 27.7944514538184 27.7923596453711 27.7901953376799 27.7888222773524 27.7924620931076 27.8027524522439 27.8132571725007 27.8237785956348 27.8341964744084 27.8444634264734 27.8545621909223 27.8644930895168 27.8742695002791 27.8839144195243 27.8935267490434 27.9028155993059 27.9082127880949 27.9079165318074 27.9079659680342 27.9079871959975 27.9078845670585 27.9076336672334 27.9072619334398
27.958883743519 27.952105455339 27.9453314005227 27.9385566303488 27.9317735483386 27.9250886509145 27.9186592824219 27.9117397314387 27.9041426646952 27.8974602187365 27.8908915132763 27.8843238433777 27.8777561306916 27.8711808187729 27.864592509295 27.8579910977537 27.8513845934719 27.8447473918909 27.8422768238228 27.8411215688513 27.826733292745 27.8200555135826 27.8271905985825 27.8248296314901 27.8224595043411 27.8200541038486 27.8176024686498 27.8151018057298 27.8125683307012 27.8100678833073 27.8084065020131 27.8116618995678 27.8213877018374 27.8312244714635 27.841150342769 27.8510699553864 27.8609411457371 27.8707480243067 27.8804896268841 27.8901831510034 27.8998467107462 27.9095696703943 27.9190176284349 27.9242527342107 27.9232146616929 27.9225258956527 27.9219495960268 27.9213557222076 27.92071852095 27.9200360304761
27.9660245602833 27.9600287515732 27.9540307628825 27.9480335303064 27.9420365288404 27.936284861292 27.9309994941139 27.9251351441338 27.9184996380863 27.9128248816964 27.9074592206687 27.9020935986254 27.8967303924721 27.8913702297221 27.8860040464853 27.8806387092151 27.8752737989759 27.8698182229662 27.864348763519 27.8601794921666 27.8614885314104 27.8566932365895 27.8424504001111 27.8486711376767 27.845617554884 27.8425626517566 27.8395068806532 27.8364526893529 27.8333954989368 27.8303497850132 27.8281071916448 27.8309090209281 27.840361845287 27.8498649320071 27.8593867261759 27.8689139798958 27.8784377166093 27.8879588857878 27.8974782638318 27.9069992426653 27.9165217539645 27.9260946628045 27.9353595538292 27.9403048139202 27.9388237913398 27.9376444287074 27.9365881214144 27.9355306659257 27.9344765806244 27.9334216979474
27.9705815949181 27.9679222793104 27.9627129406948 27.9575041199699 27.9523185329767 27.9474750380554 27.9431941298301 27.9383630622998 27.9328372335754 27.9282105817231 27.9240497600084 27.9199041290282 27.9157613412268 27.9116209710882 27.9074743906101 27.9033287596299 27.8991763935702 27.8948920761706 27.8904259295201 27.8865490468193 27.8834749887045 27.8837292951182 27.8782233879567 27.863635214028 27.8690006692738 27.8653217343289 27.8616489277205 27.8579738988514 27.8542987616516 27.8506342605536 27.8477864779639 27.8501344531799 27.8593304380683 27.8685616457209 27.8778076167849 27.8870567211042 27.8963037284798 27.9055506442308 27.914801362784 27.924047571284 27.933298612572 27.9426274038421 27.9516590590952 27.9562947211651 27.9544177720171 27.9528088173201 27.9513580331003 27.9499188793057 27.9484772617801 27.9470343102404
-9999 27.9729715516345 27.971396110766 27.9669776487554 27.9626042393913 27.9586226283426 27.9526734643444 27.9439285066949 27.9388932804374 27.9380146109809 27.9406401094955 27.937716600953 27.9347957467594 27.931871910906 27.928945550328 27.9260189998973 27.9230781854856 27.9199858405062 27.9165737089507 27.9129974646871 27.9092982551291 27.9052515013713 27.9045934131848 27.898511855364 27.883576039979 27.8880882268231 27.8837926365707 27.8794951083499 27.8752015067105 27.8709149390988 27.8674536559934 27.8693438923254 27.8782898824108 27.8872512433926 27.8962254692939 27.9051996951953 27.9141736363234 27.923149152186 27.9321267011952 27.9410989855746 27.9500787117691 27.9591529366628 27.9679132426295 27.9722269621952 27.9699823159962 27.9679720622638 27.9661275737144 27.9643047750236 27.9624817829496 27.9606537196289
-9999 27.9809430842475 27.9800808128105 27.9764492317004 27.9728731958268 27.9696963468773 27.9689651342696 27.9697756329378 27.9672571052363 27.9630874353188 27.9572361506663 27.9555317272267 27.9538282061939 27.9521222249834 27.9504168049664 27.9487101506784 27.9469839513197 27.9451063223982 27.9427854530149 27.9395119593261 27.9351579234141 27.9304891484381 27.9206715972838 27.9151685066026 27.9222312080849 27.9108537655009 27.9059396245104 27.9010225317413 27.8961063882124 27.8911906767716 27.8871129114906 27.8885428842142 27.897242857461 27.9059421181307 27.9146442710661 27.9233444814568 27.9320485759141 27.9407506898653 27.9494498047007 27.9581485912254 27.9668589023563 27.9756574559903 27.9841232900741 27.9881134046028 27.9855176784268 27.9831288080489 27.9808960615342 27.9786903773576 27.9764879264368 27.9742786784205
-9999 27.9893484590788 27.9887628483421 27.9859184020512 27.983121584794 27.9806891573668 27.9788767939091 27.977122995501 27.975363979705 27.9743544726798 27.9738312471273 27.9733445839024 27.9728586327393 27.9723729663495 27.9718871490912 27.9714004858664 27.9708972675686 27.9702568414469 27.9690450445579 27.966077668086 27.9610573665734 27.9557427893991 27.9515068781495 27.9399305423987 27.9391527295205 27.9336201240903 27.9280857540616 27.9225482983611 27.9170103204513 27.9114670356316 27.906772270542 27.907738656784 27.9161945504107 27.9246361172673 27.9330669133444 27.9414927244963 27.9499213841302 27.9583483824622 27.9667730071841 27.9751984300316 27.9836337814573 27.9921455478237 28.0003056244273 28.0039699551956 28.0010279246173 27.9982797102822 27.9956675436703 27.9930798333846 27.9904922147236 27.9878993693943
-9999 -9999 27.9943055455357 27.9953869466615 27.9933570987158 27.9916219974271 27.9905305625558 27.9897991890588 27.9893827761153 27.9896991961851 27.9904215966143 27.9911551143052 27.9918894779628 27.9926235178629 27.9933575967473 27.9940907261338 27.9948164559703 27.995433220929 27.9953445868911 27.992682231823 27.9817961347182 27.9664301946387 -9999 27.9635361996719 27.9625396884774 27.9563847180812 27.950227374075 27.9440695078595 27.9379116416441 27.9317447148264 27.926438218604 27.9269462399984 27.9351542744922 27.9433289904749 27.9514856675102 27.9596401218038 27.967792958333 27.975943464013 27.9840975300023 27.9922493696964 28.0004024856725 28.0086192230351 28.0164631424734 28.0197973991471 28.0165181427667 28.0134253428171 28.0104414039696 28.0074668173045 28.0044929857313 28.0015190635561
-9999 -9999 -9999 28.0014248808949 28.0035974102524 28.0025360531271 28.002097681671 28.0023845870126 28.0033666694776 28.0050589765201 28.0070125242584 28.0089663567699 28.0109204267174 28.012874259229 28.0148283291765 28.0167795470885 28.0187297284161 28.0206155322769 28.0216748366321 28.0193172792109 28.0167249712468 28.0194206237793 -9999 27.999332747936 27.9859239809213 27.9791462264002 27.9723684718791 27.965590717358 27.9588129628369 27.9520263805963 27.9461162663909 27.946167394868 27.9541226774438 27.9620224762591 27.9699044692823 27.9777828630122 27.9856623355914 27.9935413938112 28.0014198265253 28.009298453138 28.0171782234196 28.0250920966132 28.0326013453131 28.035607287422 28.0320033241233 28.0285699830932 28.0252102800938 28.0218514230611 28.018493666137 28.0151393616722
-9999 -9999 -9999 28.0135312429442 28.0138576480914 28.0134609438957 28.0136079109604 28.0149058421223 28.017350086256 28.0204338910655 28.0236292415053 28.0268392225088 28.0300358700236 28.033211028635 28.0363634022904 28.0395023515825 28.0426445601937 28.0457854016788 28.0480173275449 28.0459731623875 28.0388609086766 28.0352207147827 28.0309408116408 28.0167702014258 28.0093956673124 28.0020008737557 27.9945833608126 27.9828456992257 27.9676561277509 27.9646602681239 27.9658135208038 27.9654110972346 27.9731012393484 27.980718805222 27.9883480810205 27.9959926336402 28.0036303694123 28.0112443294731 28.0188289241666 28.0263938628788 28.0339631614959 28.0415729838178 28.0487426338591 28.0514148494242 28.0474923930771 28.0437255837287 28.04001434286 28.0363328577198 28.0326383856457 28.0289095219986
-9999 -9999 -9999 28.0237527721378 28.0243312987824 28.0245224369633 28.0251706139745 28.027427981197 28.0314789244884 28.0359877068255 28.0405051304981 28.0450032512553 28.0494551513471 28.0538587994226 28.058207677587 28.062510810477 28.0667758001322 28.0710273091348 28.0743375488696 28.0726248853189 28.0648211993149 28.0569483390977 28.0490629275687 28.0411483295574 28.0331890443691 28.0251732811115 28.0171056442772 28.012208165963 28.0098403641561 27.9943177658306 27.9780984934742 27.9846817118245 27.9921325293631 27.9996021900494 28.0070773669573 28.0145384574922 28.0219565654172 28.029316538793 28.036614061984 28.0438462014211 28.0510269486836 28.0581956920268 28.0649186627897 28.067236066627 28.0630764088446 28.05914162045 28.055229115499 28.0512916548757 28.047294421891 28.0432134649951
