Spatial_Analysis/Maxent_Inputs/Inputs/RCP4_5_Future/SST_future45.asc
NCOLS 638 
NROWS 314 
XLLCORNER -102.97071042 
YLLCORNER 3.973116569 
CELLSIZE 0.083 
NODATA_value -9999 
[rows 220 to 241 of 314, columns 50 to 99 of 638]
29.8801420729129 29.8732359515564 29.8663213897621 29.8593932814067 29.8524563905938 29.8455091111919 29.8385338151546 29.8315539230118 29.8245718516649 29.8175867814484 29.8106023792524 29.8036231991714 29.7966411278245 29.7896583874343 29.7826594630774 29.775575169529 29.7683088610428 29.7608513066176 29.7533120265436 29.7457421658791 29.7381734007699 29.7306065782054 29.7230361563475 29.7154682372049 29.707901090883 29.7003330378356 29.6927463851776 29.6855589267853 29.6811957498528 29.6804902308856 29.6796904881374 29.6788609411728 29.6780314331925 29.6772009757144 29.6763710404455 29.6755408204033 29.6747084214032 29.6738750293563 29.6730316669665 29.6727056463351 29.6769448006237 29.6876938334025 29.6983560054888 29.708985563838 29.7196181169844 29.7302517102686 29.7408824557978 29.751511776711 29.7621425222402 29.7727708075918
29.8498040624934 29.8426460460693 29.8354838861335 29.8283851808033 29.8215609106263 29.8150237111805 29.8084622487916 29.8019041092758 29.7953450681033 29.7887831311115 29.7822204390278 29.7756592614121 29.7690978904132 29.7625333896896 29.7559675658507 29.7494203457312 29.743121016669 29.7371278141468 29.7310642118574 29.7249898806107 29.718916735794 29.7128450155932 29.7067700586061 29.7006964391635 29.6946225400049 29.6885444155662 29.6824627665147 29.6767981765447 29.6738474309149 29.6743967782358 29.6748752030993 29.6753455573888 29.6758161491142 29.6762858303261 29.6767551877805 29.6772233157747 29.6776860712895 29.6781476006399 29.6786096873806 29.6795009169206 29.684086363751 29.6939398800176 29.7037110375347 29.713475112725 29.7232401844928 29.7330047393546 29.7427626006521 29.7525185204275 29.7622708798938 29.7720235241333
29.8194753126659 29.8120659011052 29.8046568348303 29.7973777922617 29.7906634891369 29.7845386339038 29.7784015825596 29.7722639702567 29.7661286232332 29.759992241413 29.7538492566305 29.7477067034552 29.7415614923776 29.7354148566839 29.7292699303794 29.7232602428363 29.717937601603 29.7133960999265 29.7088251780919 29.7042490781836 29.6996706474263 29.6950938354562 29.6905151199257 29.6859377857464 29.6813540480791 29.6767660805787 29.6721808709582 29.6680322077083 29.6665033040834 29.6682960100465 29.6700716810996 29.6718457343882 29.6736178451321 29.6753916136475 29.6771589308339 29.6789221743588 29.6806828458219 29.6824402379607 29.684195407335 29.6862993146702 29.6912391869626 29.7001891527746 29.7090906874587 29.7179943585631 29.7268978957626 29.7357964498097 29.7446845601305 29.7535712465854 29.7624510506459 29.7713210805043
29.7925383976575 29.7850952050387 29.7776526384064 29.7703888722327 29.7638960640585 29.758209293576 29.7525173404664 29.7468227373266 29.7411301192463 29.735436030209 29.729736589728 29.7240350998753 29.7183302869147 29.7126274154762 29.7069242213028 29.701417330867 29.6968895530575 29.6934647463692 29.6900237133848 29.6865768768554 29.6831260646348 29.6796810357226 29.6762321660465 29.6727809232413 29.6693256455241 29.6658668508005 29.6624073007123 29.659356909666 29.6588058755784 29.6614504478683 29.6640611699818 29.6666664332943 29.6692726018171 29.6718801959786 29.6744773418607 29.6770737802572 29.6796668957805 29.6822558389334 29.6848383732951 29.6876988681855 29.6927641529584 29.700923781326 29.7090541671288 29.7171840307223 29.725312237567 29.7334323322846 29.7415431223918 29.7496515826726 29.7577530263816 29.7658437426368
29.7702620204394 29.7630873675704 29.7559148081144 29.7489349984278 29.7428145481455 29.7376026822018 29.7323761429335 29.7271529265383 29.7219299475791 29.7167068347151 29.7114829065157 29.7062558926444 29.701028356564 29.6958003028276 29.6905680637917 29.6855312964741 29.6815421163164 29.6787701403739 29.6759497435341 29.6731278754911 29.6703024038742 29.6674786841613 29.6646565786823 29.6618299206353 29.6590016438012 29.656173277115 29.6533399255037 29.6508546861093 29.6506944626684 29.6535864122966 29.6563821762902 29.6591721534447 29.6619626087557 29.6647550073613 29.6675411429871 29.6703304083375 29.6731127902708 29.6758941366426 29.6786712542038 29.6816638082123 29.6865339729204 29.69407229005 29.7015423956427 29.7090128239702 29.716485066006 29.7239480940334 29.7314101298021 29.7388668966223 29.7463184851342 29.7537655208054
29.7495941427978 29.7427887604716 29.7359834697702 29.7293770500836 29.7236825157039 29.7189586981125 29.7142167980627 29.7094739487498 29.7047310994368 29.6999881465927 29.6952470489491 29.6905077599453 29.6857649106324 29.6810202491491 29.6762642136968 29.6716861220532 29.6681552769212 29.6658634794392 29.6635043250929 29.6611337777573 29.6587618065556 29.656388648174 29.6540181008384 29.6516461296368 29.6492729712551 29.6469010000535 29.6445163218916 29.6424221506987 29.6424740313232 29.6453650759492 29.6481407230952 29.6508955868008 29.6536502601615 29.6564059698338 29.6591618726547 29.6619211426361 29.6646733952958 29.6674266447905 29.6701701651585 29.6730761781662 29.6776478257736 29.6846163698521 29.6914875599247 29.6983444216892 29.7052020400492 29.7120535293341 29.7189097661082 29.7257614503144 29.7326101953985 29.7394613999331
29.7289326782316 29.722492337365 29.7160508110911 29.709818104412 29.7045536119643 29.7003168542696 29.6960627696893 29.6918037442366 29.6875408347173 29.6832799057042 29.6790214581509 29.674763424957 29.6705040757469 29.6662412052118 29.6619613090275 29.657846689703 29.6547792703065 29.6529532101311 29.6510632263369 29.6491428132786 29.6472243417423 29.6453074889932 29.6433870759349 29.6414686043986 29.6395517516495 29.6376313385913 29.6356895424716 29.633993971727 29.6342668493987 29.6371405628356 29.6399027438535 29.64262547577 29.6453487298958 29.6480736407703 29.6507990270357 29.6535222765852 29.6562485688109 29.6589698814147 29.6616689429584 29.6644909197342 29.668770699237 29.675154942039 29.6814454539332 29.6876977084594 29.6939448279421 29.700189914278 29.7064379354175 29.7126838206291 29.7189311332603 29.7251836252225
29.7082717313213 29.7021964752171 29.696119278341 29.6902648590233 29.6854284629398 29.6816726372975 29.6779038004435 29.6741289825792 29.6703497630153 29.6665709097237 29.6627958544234 29.6590198493791 29.6552451823833 29.6514645824909 29.6476596809092 29.6440181144309 29.6414156357532 29.6400479300667 29.6386205087937 29.6371573506311 29.6356904372381 29.6342263298124 29.6327579925535 29.6312946394697 29.6298305320439 29.628360253263 29.6268634138623 29.6255785050338 29.6260752720414 29.6289206073586 29.6316639915566 29.6343606767177 29.6370541253272 29.6397482857408 29.6424399831733 29.6451274500226 29.6478227976162 29.6505121687759 29.6531699470534 29.6559148178477 29.6599048188328 29.6656974628394 29.6714024032548 29.6770489926913 29.6826923625512 29.6883342655149 29.6939747871274 29.6996164053179 29.705257725056 29.7109039907351
29.6876122082771 29.6819052691684 29.6761930231498 29.6707157348681 29.666306641069 29.6630300816504 29.6597454523848 29.6564557483419 29.6531613448971 29.6498659917083 29.6465727273563 29.6432794630043 29.6399864834255 29.6366885637244 29.6333627132087 29.6301982727076 29.6280648739801 29.627148579603 29.6261782228577 29.6251723625865 29.6241572022581 29.6231435518444 29.6221338933471 29.6211232855867 29.6201093124383 29.6190891679347 29.6180407541722 29.6171745771068 29.6178966580663 29.6207093429157 29.6234290975058 29.6260942122946 29.6287573417777 29.631420272809 29.6340791263906 29.6367351740049 29.6393977812788 29.6420554054002 29.6446743165364 29.6473501942264 29.6510543653073 29.6562483823128 29.6613557317662 29.6664006176557 29.6714381454909 29.6764747716693 29.6815105989721 29.6865479372123 29.6915850329595 29.6966261211038
29.6669526852328 29.6616138302369 29.6562685671999 29.6511727382844 29.6471918312168 29.6443954490278 29.6415900434481 29.6387812714577 29.6359722192704 29.6331592184695 29.6303478354331 29.6275387832457 29.6247257824448 29.6219107492472 29.6190723259196 29.6163888825597 29.6147227948653 29.6142547355236 29.6137371241017 29.6131828219738 29.6126209246247 29.6120612054836 29.6115069033557 29.6109464298727 29.6103864740455 29.6098235844376 29.6092272464744 29.6087868830409 29.6097326601877 29.6125041508501 29.6151938667685 29.617827899009 29.6204567131688 29.6230896488312 29.625718373139 29.628344615237 29.630975048184 29.6335996342833 29.6361875532385 29.6388024213498 29.6422220405812 29.6468107808014 29.6513145750378 29.6557553282919 29.6601853566002 29.6646173274531 29.6690472522302 29.6734794215349 29.6779111974666 29.6823454556081
29.6462967224977 29.6413229089614 29.6363445428572 29.6316281712504 29.6280750798197 29.625758827277 29.6234343064355 29.6211057073942 29.6187775872593 29.6164504553717 29.6141222446348 29.6117944482573 29.6094669926124 29.6071376817669 29.6047854121029 29.6025867423473 29.6013874515949 29.6013670627994 29.6012960253457 29.6011937990172 29.6010870201206 29.6009800463028 29.6008758784523 29.6007674807685 29.6006640672599 29.6005584755434 29.600419585859 29.6004117503736 29.6015865103812 29.6043096353935 29.6069581571248 29.6095621506935 29.6121597787738 29.6147583127915 29.6173575163562 29.6199541513897 29.6225533549544 29.6251462362955 29.627708578545 29.6302672754414 29.6333988255443 29.6373825866815 29.6412773074102 29.6451082302883 29.6489355068315 29.65275864059 29.6565852430329 29.660415648278 29.66424154347 29.6680680001016
29.6256398104995 29.62103147003 29.6164200869073 29.6120851746667 29.6089580436723 29.607120112136 29.6052792858032 29.603430622237 29.6015846165731 29.5997414593912 29.5978966409074 29.5960508726795 29.594207866366 29.59236399738 29.5905007245814 29.588791765268 29.588059569641 29.5884827131831 29.5888549265897 29.5892042584045 29.5895521663533 29.589898887122 29.5902467950708 29.5905935158395 29.5909428476543 29.5912911439075 29.5916144752962 29.5920429394261 29.5934485167203 29.5961215760422 29.5987256797143 29.6012966355335 29.6038612865851 29.6064275549088 29.6089970868621 29.6115608355069 29.6141288132198 29.6166958376582 29.6192339660746 29.6217450359677 29.6245907571891 29.6279611724476 29.6312404711171 29.6344617537446 29.6376849406825 29.6409024258339 29.6441253272486 29.6473483192653 29.6505703190232 29.6537904152206
29.6049783459332 29.6007350469233 29.5964925022554 29.5925409959372 29.589840580471 29.5884804910347 29.5871227331975 29.5857570946159 29.5843960086023 29.5830365413759 29.5816735138403 29.5803104863047 29.5789473552379 29.5775860793717 29.5762167488641 29.5750031529271 29.5747404090948 29.5756017340234 29.5764157693557 29.577218795757 29.5780182618491 29.5788196694632 29.5796226958645 29.5804221619566 29.5812216280487 29.5820213789141 29.582808371429 29.5836846575036 29.5853182694181 29.587934094848 29.5904932931784 29.5930286609229 29.5955629878025 29.5981014880752 29.6006368558197 29.603168852873 29.6057030807747 29.6082391215968 29.6107589688303 29.6132354657424 29.6158001961735 29.618547785792 29.6212012609448 29.62381698659 29.6264331873534 29.6290485892411 29.6316655020663 29.6342805156497 29.6368971047174 29.6395128303626
29.5843880191702 29.5804678608896 29.5765666657423 29.5729916819293 29.5707197941618 29.5698414911206 29.5689851558893 29.5681486072862 29.5673069459214 29.5664495779389 29.5655700515288 29.5646693589499 29.5637531055646 29.5628348010349 29.5619329629993 29.5612162492254 29.5614239676791 29.562721936975 29.563993633733 29.565285846637 29.5665718892085 29.5678456983999 29.5691038009736 29.5703416866417 29.5715639079721 29.5727786849268 29.5740033636474 29.5753291845635 29.5771938527386 29.57974632027 29.5822714338912 29.5848070285076 29.5873452395112 29.5898676575756 29.592371990109 29.5948626653963 29.5973383884079 29.5998065635124 29.602283880984 29.6047302531639 29.6070202730323 29.6091350253576 29.6111702477026 29.6132128663935 29.6152526975957 29.6172837524536 29.6192974388879 29.6212953270797 29.6232801665561 29.6252561803056
29.5640608181474 29.5604274066419 29.5567814205006 29.553475739907 29.5516272201685 29.5513263989075 29.5510634173778 29.5507855986638 29.5504708163116 29.5501150349282 29.549717861656 29.5492778511271 29.5487986744893 29.5482929810042 29.5477719117005 29.5474549797497 29.5481242491727 29.5499332520678 29.5517587354884 29.553573701433 29.5553554404681 29.5571017906337 29.5588094070476 29.5604806802948 29.5621196232782 29.5637293525506 29.5653204689718 29.5670021331033 29.5690872773093 29.5716399362829 29.5742221832291 29.5767896347788 29.5793330255714 29.5818423005151 29.5843158833377 29.5867583496618 29.5891654476221 29.5915484833597 29.5939192464674 29.5962523345984 29.5982620767114 29.5997889318291 29.6012944797303 29.6027921541289 29.604266678322 29.6057121606554 29.6071275147378 29.6085065509585 29.609855937577 29.6111743403365
29.5459036907999 29.5425568270954 29.5391744133006 29.5361433931324 29.534625459054 29.5346828867108 29.5348052667937 29.5348871144218 29.5349160478776 29.5348973317909 29.5348337240418 29.5347214749722 29.534563992004 29.5343673146066 29.5341294372229 29.534099714736 29.5350485941768 29.5370880062324 29.539183635627 29.5412441956486 29.5432588061791 29.5452274942851 29.5471512289471 29.5490394626438 29.5508854192546 29.552693501006 29.554465410999 29.5563002672939 29.5584442623101 29.560915424805 29.5634288443149 29.5659115091027 29.5683545511765 29.5707551657998 29.5731164804438 29.5754427730288 29.577730391375 29.5799853521692 29.5822095612302 29.5843894044213 29.586109968138 29.5871101359181 29.5881298548483 29.5891275143863 29.590090579154 29.5910141110596 29.5919042389056 29.5927567245436 29.5935727589305 29.5943517859528
29.5308525869692 29.5278100075194 29.5247703138434 29.5220610557162 29.5207133121488 29.5207890081544 29.5209097508793 29.5210328586691 29.5211396418033 29.5212194239079 29.5212655605053 29.5212714909133 29.5212495133086 29.5212144288145 29.5211776775263 29.5213114145929 29.5222466964919 29.5240912180069 29.5259541985062 29.5278173686427 29.5296707517513 29.5314975664335 29.533289076841 29.5350522017949 29.5367853691297 29.5385035348865 29.5402223168193 29.5419758322683 29.5439358127798 29.5461521237664 29.5483464131466 29.5505436320465 29.552731501075 29.5548904265291 29.5570243797967 29.5591280093846 29.5612073388409 29.5632728928835 29.5653386350634 29.567334966724 29.5687451101288 29.5693213966515 29.5698603328942 29.5704010119573 29.5709362287462 29.571446731794 29.5719289871193 29.5723830977229 29.572816049826 29.5732336560881
29.5171905525733 29.5144253200561 29.5116709668608 29.5092031956057 29.5079592598844 29.5080156903475 29.5080783815025 29.5081573892635 29.5082414902804 29.5083172842719 29.508381875934 29.5084319803933 29.5084745929278 29.5085198628493 29.5085706406359 29.5087381017935 29.509543104581 29.5110954762407 29.5126247769634 29.5141565411251 29.5156973251241 29.5172333153158 29.5187552592495 29.520265007057 29.5217711859906 29.5232747105905 29.5247792803393 29.526291210616 29.5279738520166 29.5299043178926 29.5317716638217 29.5336376762211 29.5355060584044 29.5373711175028 29.5392292466199 29.5410737089266 29.5429102947924 29.5447490598888 29.5465856943412 29.5483110069231 29.549400482394 29.5496339458287 29.5497759329713 29.5499070485608 29.5500442886491 29.5501762208278 29.5502989357367 29.5504106371612 29.5505185884468 29.5506259782929
29.5037083675847 29.5011676255183 29.4986253509861 29.4963479895714 29.4952112007864 29.4952872699637 29.4953662344793 29.4954493374382 29.4955337138985 29.4956152894601 29.4956968650218 29.4957781558103 29.4958592091627 29.4959411730288 29.4960160567987 29.4961757496032 29.4968515311077 29.4981338611755 29.4993947403586 29.5006422359435 29.5018966149455 29.5031506056431 29.5044009071952 29.5056490113108 29.5069032004602 29.5081538257697 29.5093866690692 29.5106164054114 29.5120260765079 29.5136828541612 29.5152814507475 29.5168609507925 29.5184400364782 29.5200184966581 29.5215966330806 29.5231736693945 29.5247494795441 29.5263270380673 29.5278822159439 29.529299672587 29.5300695789554 29.5299639043825 29.5297698546756 29.529535640252 29.5292975417618 29.5290600518022 29.5288244170432 29.5285902026196 29.5283521041294 29.5281146141698
29.4902506439106 29.4879148123401 29.4855792604856 29.4834917436719 29.4824610533324 29.4825562430871 29.4826572804395 29.4827593146269 29.4828611979459 29.4829622352983 29.4830639847125 29.4831653458223 29.4832663831747 29.4833684173621 29.483463285132 29.4836204742132 29.4841686790422 29.4851736750447 29.4861658033471 29.4871470125704 29.4881294135269 29.4891099109231 29.4900923073264 29.4910737539856 29.492055632733 29.4930347062631 29.493996473947 29.4949504719793 29.4960887401491 29.4974644285298 29.4987946030612 29.5000985776809 29.5014018832574 29.5027040457067 29.5040040281753 29.5053065789289 29.506604943633 29.5079032220157 29.5091770711532 29.5103015251551 29.5107543879188 29.5102987997973 29.5097640568496 29.509174816616 29.5085807863784 29.5079853747896 29.5073947099399 29.5068035281844 29.5062078791595 29.5056136980535
29.4767915826919 29.47465891349 29.4725330360803 29.4706347859682 29.46970984805 29.4698289704181 29.4699484603274 29.4700662061437 29.4701882633153 29.470309370989 29.470431000872 29.4705523459818 29.4706734536555 29.4707954718428 29.470912351456 29.4710679480926 29.4714862152582 29.4722168074686 29.4729377120675 29.4736515993446 29.4743624449911 29.4750701609129 29.4757843719474 29.4764982592245 29.477209104871 29.4779148792709 29.4786066061127 29.4792925220727 29.4801565390685 29.4812493260063 29.482309179241 29.483339747396 29.4843636265399 29.4853867893033 29.4864124760643 29.487440195972 29.4884623664766 29.4894803509317 29.4904740182719 29.4913150503943 29.4914526650061 29.4906422877606 29.4897588802107 29.4888151320957 29.4878637462217 29.4869095543806 29.4859615338945 29.4850124778469 29.4840625583767 29.4831128292515
29.4633304280602 29.4614064410442 29.4594874202057 29.4577799682382 29.4569625010139 29.4571003171516 29.4572405461527 29.4573787893443 29.4575207269846 29.4576598771363 29.4577981205627 29.4579395359938 29.4580806276675 29.4582223278718 29.4583602915935 29.4585168369662 29.4588099651324 29.4592654462769 29.4597123353652 29.4601544344494 29.4605937283165 29.4610351578767 29.4614794359189 29.4619211466988 29.462359728504 29.4627977926762 29.4632183993458 29.4636394095073 29.4642325883235 29.4650418663102 29.4658222022032 29.4665771370831 29.4673257062018 29.4680750952322 29.46882414353 29.4695727172021 29.4703197331033 29.4710622354207 29.4717756088333 29.4723366920412 29.4721667962608 29.4709956972409 29.4697530823847 29.4684523669377 29.4671450872779 29.4658379154678 29.4645301181521 29.4632222818521 29.4619150067455 29.4606068856723
