Spatial_Analysis/Maxent_Inputs/Inputs/Present/currentspeed_present.asc
NCOLS 638 
NROWS 314 
XLLCORNER -102.97071042 
YLLCORNER 3.973116569 
CELLSIZE 0.083 
NODATA_value -9999 
[rows 231 to 251 of 314, columns 576 to 623 of 638]
0.107294804556983 0.109051725922116 0.109905353117819 0.11081043787642 0.111770552389273 0.112232630604182 0.112441063248907 0.113319822196372 0.114052755877549 0.114967266723428 0.116635899951127 0.117482155846467 0.118346309564263 0.119552830699986 0.120002891359746 0.120255953305791 0.120931446594084 0.121165261841348 0.121063414553461 0.121540386148039 0.121632493736388 0.121377599478176 0.121945669018005 0.122146367514167 0.122440393056862 0.12370759778065 0.124271760074195 0.125243112746911 0.127153708164752 0.128071870159851 0.129550853077948 0.13219938422501 0.13352418270025 0.135512756321391 0.139069711849647 0.140654194912484 0.142868705594552 0.14693644423072 0.148528510605511 0.150608395417607 0.15469739914217 0.156203683265675 0.158080844926938 0.161887035292519 0.163265558823274 0.164804558593818 0.167956148277079 0.16913212138319
0.10216907726998 0.103358486385614 0.104075804154404 0.105317495150132 0.105606236023235 0.105779688376986 0.10626592881484 0.106415936443782 0.106882253550063 0.108346960573795 0.109365695222826 0.110158301075445 0.111595239851533 0.112002922340567 0.112378514954525 0.113191878188047 0.113079341344693 0.11313486353595 0.113637746901681 0.113332117988382 0.113283609504155 0.113591589965591 0.113315178727504 0.113539201489286 0.114453696266352 0.114938193787325 0.115698208776676 0.117293958621408 0.118425344311475 0.119556163966551 0.121658358757419 0.12356203275871 0.125125692772239 0.127798027881257 0.130708738729286 0.132799580990735 0.135700311580412 0.139249319527848 0.141695627183039 0.144396451087446 0.148122086277545 0.150723131445507 0.153131284507395 0.156721543639759 0.159210489071008 0.161147187450431 0.164168231515616 0.166236303949435
0.0971998635922922 0.0971920463763292 0.0976545280036427 0.0998036407020938 0.0988654804622899 0.0988982320566661 0.100725598207495 0.0994457799330561 0.0996536109122388 0.10233767773995 0.1016760509161 0.102148872634453 0.10498658779208 0.1039186176586 0.10410531990143 0.106367412463668 0.104609162377038 0.104532298693868 0.106454499651954 0.104359876397486 0.104196091301946 0.106175822369166 0.104179816817832 0.104219484166942 0.106934117436548 0.105696296455388 0.106129335697871 0.109670890863837 0.109170490486059 0.109857356740212 0.114068897418985 0.114332071956738 0.115326793588426 0.120246789765526 0.121539661052494 0.122995312664995 0.128414451123907 0.130591500248043 0.132422157311757 0.137898222952948 0.14060928689023 0.142641994748399 0.147790547318685 0.150660875586791 0.152638737743392 0.157008974911215 0.159546190934451 0.161176204036423
0.091069477976048 0.0912643667432847 0.0918701377113698 0.0926396347514835 0.0922504611283562 0.0923073826234766 0.0923096137033646 0.0918631242101255 0.0921826543316624 0.0929797367205792 0.0936811833515339 0.0943095036162112 0.0951241410213797 0.0955859500400598 0.0958173828769876 0.0957250849639035 0.0955574539456269 0.0954770989709241 0.0948263587613918 0.0945381056169073 0.0943185012216774 0.093650152904214 0.0937426660166382 0.0937448393572825 0.0937953186583718 0.0948681864533952 0.0953826299115953 0.0962326732413838 0.0980594858604328 0.0989818392380118 0.100311975741229 0.102673596254576 0.104077969698968 0.106127807140548 0.109441888922416 0.111408034708691 0.114282961023111 0.118671402576016 0.121018613852375 0.124407956341132 0.129625740259315 0.13216102343443 0.135789933367259 0.141358508780077 0.143834294060435 0.14710622927596 0.152108181233562 0.154191013452909
0.0880909185642626 0.0879258358673389 0.0880172437305516 0.0889979854195757 0.0881621693364802 0.0876991105064825 0.0877605737818505 0.0868731373305311 0.0867748028208181 0.0878658243470901 0.0883018939492388 0.0886591438110927 0.0897675354162187 0.0897734223662771 0.0896444816658342 0.089777925580067 0.0890657732497803 0.0885356772484669 0.0881617858479829 0.0872693556348357 0.0867145894190738 0.0863040850806139 0.085704506194314 0.0855648207252878 0.0859312619300757 0.0863238586862552 0.0868597457127235 0.0880643442891264 0.0891563768765914 0.0901287622863317 0.0917899675677822 0.0933313267035377 0.09474364939703 0.0972134377253935 0.0996871800932886 0.10173617116101 0.105158812063727 0.108738557449251 0.111424998925473 0.115431797596609 0.119949262121912 0.123258995253349 0.12756100599512 0.132617423807703 0.136220486637051 0.140139496466101 0.144758383881478 0.147981391406298
0.0856617714353066 0.0852705807231642 0.0851539448161481 0.0857066231621667 0.0845526689194596 0.084095298348036 0.0843654816245415 0.0829564049942437 0.0827615429102034 0.0840837162501246 0.0834592214501064 0.0835967355105565 0.0851375850186819 0.0840559703471702 0.0838313857524403 0.0846064965769154 0.0825259092687948 0.081968022096501 0.0824120368580513 0.0798375810158331 0.0792598975841343 0.0800369534006306 0.0776127936230066 0.0773286463488011 0.0791396408891467 0.0775258962360733 0.077705446833541 0.0805950795639072 0.0797016363005788 0.0801619378253191 0.0838436774133985 0.083502273677447 0.0842326157305144 0.0889202271429857 0.0894938946268997 0.090690720466751 0.0964979070696229 0.0982412304937207 0.0999934327164011 0.106683977459531 0.109644105671022 0.112016507275622 0.119222380741685 0.123077009805405 0.125812219930793 0.13269002866971 0.136494154195432 0.139010979396657
0.0857590534855255 0.0842727776439621 0.0843764241914266 0.0844622613185476 0.0825748765790189 0.0822229669012338 0.0817323478962587 0.0799100239889526 0.0798628595046006 0.0803578555346669 0.0797059572246835 0.0800366734662999 0.0805257310159564 0.079467734637448 0.0792901339963745 0.0786897714097966 0.076794046032734 0.0761326659935955 0.0749213535745514 0.0728893689484118 0.0720967755277988 0.0709209433513172 0.069394790641502 0.0688572370008397 0.068252605945089 0.0678491970122153 0.0678547214380027 0.0679044096342572 0.0686479394824523 0.0690851572694294 0.0696252864172069 0.0712979389601949 0.0722417940509399 0.0735911179599637 0.076336902316708 0.0780066437563852 0.0804099064523401 0.0843238439867025 0.086712380851823 0.0902311327755254 0.0954829323756345 0.0985475081340626 0.103213906781808 0.109723808170079 0.113144973058913 0.118164317383378 0.12479092799947 0.127954820061181
0.0870129737273376 0.085474890947823 0.0847858594936838 0.0848861620252959 0.0828950405775852 0.0817943143621754 0.0811170130495888 0.0792095863900811 0.0785608029405206 0.0790247654724251 0.0785049950810435 0.0783081377093887 0.0787452392519793 0.0776019874616637 0.0767758344150609 0.0760520323462965 0.0739735708934092 0.0725934412961358 0.0712351958483117 0.0689938429502072 0.0675259807122199 0.0660997346254055 0.0642158330747902 0.063016846710179 0.0621015225289288 0.0611398721556884 0.0605179179575549 0.0603401610875612 0.0603219675173311 0.0603570210407804 0.0607903934377909 0.0615928438505719 0.0623841403810213 0.0638208648972414 0.0657370259120448 0.0673846862364366 0.0700191207415783 0.0730678523688535 0.0755874917803647 0.0794598210793491 0.0838078461077999 0.08731734726234 0.0925606538345869 0.0983115758382372 0.102643654969227 0.108353102805623 0.114359755957798 0.118726197911422
0.0884237071361322 0.0877012877979845 0.0869034517293458 0.0852915446806421 0.084076836533979 0.083084819090901 0.0813942269611632 0.0801209273033905 0.079492907114452 0.0789163854158676 0.0785007646794256 0.0781899370542275 0.0776927609284806 0.0766774032409198 0.0759188142535028 0.0744614045788403 0.0722617179063374 0.0711060350746379 0.0691726881961086 0.0663737636058165 0.0651374832909815 0.0633628277866833 0.0604343272712507 0.05929874329248 0.0582190852114928 0.0555333305570372 0.0546694361138146 0.0547024729816229 0.0524635968645786 0.0520238515170221 0.0535331803346655 0.0519497175061285 0.052075229106974 0.0554173324970863 0.0549216473852295 0.0556788187876022 0.0607406094793373 0.0615480740877053 0.0629802302993721 0.0696712574545215 0.0720450214195113 0.0743285188204941 0.0825301892657191 0.0866301951409175 0.0897343163801131 0.0985014042910419 0.103389172597287 0.106710630228325
0.0951203573356177 0.0921175949448616 0.0915230414764484 0.09028483496267 0.0872502427156897 0.0863810492702575 0.0849260643931691 0.0823400689802346 0.0818783617579952 0.0815301268871298 0.080180188077815 0.0800755021614985 0.0796925539463876 0.0778052481187304 0.0771350410083728 0.0756328632847508 0.0727003195380447 0.0714987351875097 0.0694329058957524 0.0661188350508257 0.0647142830336669 0.0625460338864175 0.0591261161012345 0.0576599427384267 0.0555939090833018 0.0522770425752629 0.0508694478976413 0.0491553980912153 0.0463191917788087 0.0451577372176792 0.0441747884283157 0.0425164992203362 0.042056836869767 0.0422295643865687 0.0425083299412533 0.0431239343882131 0.0446303243651233 0.0470678743448355 0.0487873630937086 0.0518139733030024 0.0563954709111877 0.0593204289218899 0.0640638412019604 0.0707129593952377 0.0746261034984576 0.0806629924371747 0.0885045071692874 0.0926348075406863
0.100577201833466 0.0975819022233316 0.0959233343151923 0.0945766171452911 0.0914814966609498 0.0896822651179426 0.0880042382151169 0.0854361394064418 0.0843432721929725 0.0839542444036452 0.0828942519381651 0.082359331716554 0.081931333015606 0.0802184740078346 0.0790641928333033 0.077442299727216 0.0747376397119495 0.0730152884971906 0.0707685032275596 0.0678541043594707 0.0659229149767631 0.0633797044436154 0.060402889923939 0.0583471986255182 0.0555512635597956 0.0525293506591476 0.0504584587651797 0.0475802573824622 0.0446718364551295 0.0427039087399898 0.0401498806406032 0.037948245492766 0.0365486706160027 0.0351726437993759 0.0345534317645562 0.0343441339581394 0.034870804921461 0.0362874028244054 0.0376381595820693 0.0402856938346992 0.0438894790439329 0.0469543163278324 0.0518230513662884 0.0576077580383731 0.0622061585751735 0.0687429801932674 0.0758374536634815 0.0811616976122558
0.105651947131609 0.104053095724797 0.102376368615083 0.0982008365632324 0.0963860502417514 0.0947690038988189 0.0911075939517403 0.0896630309379859 0.0886687334360248 0.0865242233267671 0.0862097719647707 0.0856834693531964 0.0837715843369969 0.0830162490757165 0.0821049296509187 0.0792594491296413 0.0775224354618646 0.0762631834447994 0.0728672778514534 0.0707655200087613 0.0693909300497814 0.0656983009234552 0.0634940848838822 0.0620203143360664 0.05797744239759 0.0556655868073878 0.054123303533168 0.049827476394354 0.0472665473870777 0.0456432203788784 0.0414440874004797 0.0387255400595533 0.0372051807383409 0.0340750743076273 0.031670684971194 0.0306659912370704 0.0299677233848382 0.0285813817794385 0.0286232024628267 0.03184928388994 0.0325834980421956 0.0341411951464524 0.0414563786491253 0.0449642508174665 0.0480073166813395 0.0576793160004754 0.0631813955977751 0.0670968383741025
0.118678370669749 0.113639094327913 0.111909260277282 0.108736499052185 0.103824319288357 0.10212713436214 0.0992861722811251 0.0954142910862893 0.0943917834571472 0.0931088301530017 0.0910257625374806 0.0905289187292728 0.0895073555430237 0.0874372432856119 0.0864996145672678 0.084569474796959 0.08194641229733 0.0806301867342272 0.0783362048454217 0.0756750668378487 0.0742684244208889 0.0717864251421682 0.0690944732702283 0.0675685863002187 0.0649895886589669 0.0623153000994321 0.060597348817101 0.0578891452651053 0.0548316514058565 0.0528302614522406 0.0498083504242092 0.0459832790175096 0.0437787158152325 0.0408022463951717 0.0364330338547642 0.0342822794950872 0.0320417422121406 0.0277904222056824 0.0260740972725206 0.0256831884573628 0.0234583042422168 0.0233714147556248 0.0258993343280129 0.0292726064108724 0.0323155666992086 0.0382831798221905 0.0462230596781709 0.0508960581365312
0.128420662358695 0.123484419432767 0.120419209161841 0.116815578885688 0.111802889577829 0.1087796292192 0.105443278022975 0.101429236500179 0.0994820498740695 0.097987177642551 0.0959683084172605 0.0949070792908076 0.0938265017580928 0.091758188034086 0.0904522092720216 0.0884948867042289 0.0860111435859381 0.0845403631235995 0.0822932165350247 0.0800973764501569 0.0786787383858304 0.0762261742399741 0.0742412109591398 0.0728732524245766 0.0702777065725801 0.0685896817387838 0.0672554313936256 0.0643263303421258 0.0624771206278276 0.0608496133807889 0.057157999321664 0.0545625102014703 0.0524075263163577 0.0481205775257105 0.0448302806517004 0.0421856187298841 0.0375753312563566 0.0338316336416771 0.0309466706881632 0.0264616009859993 0.0232802961337586 0.0211637114239444 0.0187786698615121 0.0196935418752606 0.0214265786404092 0.0258743017836829 0.0325985824386906 0.0379500805053112
0.137367247712685 0.1346192181298 0.131796413352647 0.124088391700073 0.120949715689221 0.118246348885946 0.111486885517189 0.108979563975436 0.107190762040874 0.102706795438259 0.101657189442625 0.100639244562861 0.097188818632829 0.0961838964959789 0.0951361781341599 0.0915529067065458 0.0901318197257278 0.0891126838931051 0.0856895737323028 0.0844700653954366 0.0835879396249693 0.080284328727389 0.0795185769350232 0.0788000952258953 0.0754639864134975 0.07529542577503 0.0747584134932308 0.0709597986010579 0.0709413513602688 0.0702440699360469 0.0653484679204098 0.0647643164630543 0.0635828980767687 0.0574848028870478 0.0560540483961702 0.0542990426957196 0.0472433884515887 0.0449890735768484 0.0427859403060585 0.0352511030603524 0.0323451434635583 0.0299929945126843 0.0233822437598903 0.0209205298575765 0.020050604393379 0.0201784181619719 0.0223941360697997 0.0252498343109178
0.1569931958003 0.150150441565273 0.14701911463048 0.141273736317841 0.133987303594574 0.130922942180132 0.125774442868331 0.119597999433254 0.117422258217453 0.114327698423697 0.110120071297953 0.108755869361829 0.106567434434661 0.102989273469427 0.101534398240452 0.0992385917089654 0.0960269318953604 0.0945758451570382 0.0925376247990898 0.0902327554483089 0.0890232467701064 0.0872048890725082 0.0858147806607334 0.0848766353185479 0.0834632640914163 0.0830759743195499 0.0823600673226551 0.0809667254186272 0.0809040266600041 0.0799862365694315 0.0779257227069605 0.0772032033621801 0.0757487964920774 0.0726510681476822 0.0704865606250014 0.0684058046252275 0.0643165387740891 0.0605628469874785 0.0579076611509789 0.0531949070352363 0.0481329524184671 0.044912801393925 0.0398878287436841 0.033668429537717 0.030001566547447 0.026744690945975 0.0219200602197683 0.0202259436152864
0.17124513917058 0.164815304655583 0.160349909595201 0.154051632562295 0.146896343335232 0.142341158754822 0.136469093782326 0.13028288913578 0.12685447289182 0.123147221664591 0.118926055666866 0.116564613101346 0.113869873766443 0.110005646623005 0.107807643824219 0.105083240180769 0.101559272689659 0.0996620609566429 0.0973668567358489 0.0949837047493502 0.0936716594829867 0.0916852998284969 0.0903934990082081 0.0897533764871093 0.0883360135461716 0.0883675118753475 0.0882414445176732 0.0869595641479413 0.0876303725710061 0.0875483688885404 0.0855824744982879 0.0858543492736556 0.0853707160388881 0.0822600811959377 0.0812018364430141 0.0799035099783098 0.0756862854037138 0.0730018438351876 0.0707645784997391 0.0658634014545217 0.0618404682776544 0.0587149105434219 0.0531387109402448 0.0476973980506336 0.0435822187141308 0.0371270042521826 0.0307502282103442 0.0266797457625709
0.183822512999629 0.180557681766338 0.176797262852196 0.165537548277095 0.161313138103618 0.157496772957302 0.146897209763587 0.143144892058622 0.140206684050487 0.131848907095409 0.12947070038551 0.127358092843279 0.120452399870056 0.118282550763112 0.116397366515008 0.110287795603054 0.108000583923286 0.106449290363382 0.101572489054611 0.0999363237279813 0.0989320851264878 0.0954209366201145 0.0948600791211621 0.0945324166889403 0.0923921940046506 0.0931182800712025 0.09334653026435 0.0917845380231793 0.0933723206877687 0.0938372938964862 0.0917534813324779 0.0934253004323475 0.0937511498805229 0.0902739689904496 0.09112144589031 0.0908433676328059 0.0855861826847733 0.0851685533412423 0.0841231886095358 0.0772664773026731 0.0757205925903932 0.0739848091691636 0.0655890632631267 0.0627259332764905 0.0601728981164394 0.050189233404798 0.0458004049334577 0.0425715353926684
0.20868812700549 0.201356551916864 0.197207377557707 0.189422310322815 0.180784921223089 0.176461701291596 0.169113574664384 0.160870156315124 0.15733780152852 0.15177586767277 0.144898788093722 0.142124562927355 0.137658004368691 0.131338713317464 0.128625922669984 0.12450388869842 0.118571157425016 0.116053955890298 0.112551333155057 0.107921128848605 0.105947796015185 0.10344175261324 0.100930087342768 0.0997875728135006 0.0985985369605255 0.0983762083187973 0.0980594934559895 0.0975316917116255 0.0988703636164827 0.0989655260992438 0.098797400101415 0.100941935580829 0.100915456479746 0.100417648279 0.101915285701287 0.101215101417309 0.0995496986952636 0.0993427014685707 0.0978175998818372 0.0948249478266122 0.0928007556876816 0.0905017029582138 0.086290811714405 0.0823360270454102 0.0790244525722757 0.0733275339718555 0.0670845949425933 0.0626899217580405
0.226308908441403 0.219711275465372 0.214742142515059 0.206680917120008 0.198562786275179 0.19317106640363 0.185358914402591 0.177545233627547 0.172793877526718 0.166708238504642 0.160095674926443 0.156119790989981 0.151069940434547 0.144616013748235 0.140739605691803 0.135861972013707 0.129495027876663 0.12577118552781 0.121355932162065 0.116067419156856 0.113088532252509 0.109581436215735 0.106323909417908 0.104665281235265 0.102666257567066 0.101985584244981 0.101627452235266 0.100550105777487 0.101707863944315 0.102484472341747 0.102242415971744 0.104669780931251 0.106109007826124 0.105917914456632 0.108132264643103 0.10918143834218 0.107896742641627 0.108645441830336 0.10867796073287 0.106044039386821 0.105062020745118 0.103992998544815 0.100192016491861 0.0973085424862911 0.094832216639569 0.0894511603900572 0.0842197803826448 0.080079989352408
0.241169093689451 0.238457107913089 0.234639137686013 0.221613263087687 0.217550037402335 0.213420584672059 0.200227068936262 0.196181673751402 0.192445167844407 0.180430475077812 0.177256295145756 0.174066414240988 0.162979173018056 0.159781284741297 0.156669662960998 0.146092646993803 0.142282218853383 0.139194331107271 0.129590225564273 0.125786984120706 0.123180216078276 0.115640137345033 0.11285599289366 0.111285166453445 0.106683332950845 0.105640703297126 0.105148862185929 0.103092977714782 0.103912812498963 0.104618105412952 0.104674580970032 0.107390100109998 0.109108883348161 0.109743598414096 0.113143941730246 0.114919355470518 0.114150719470017 0.116841147189271 0.11794057634264 0.114977814243363 0.116458474406478 0.116721747430636 0.111512685936513 0.111476299399681 0.110684044446598 0.102893718787349 0.100752596226769 0.0986149108765084
