Spatial_Analysis/Maxent_Inputs/Inputs/Present/currentspeed_present.asc
NCOLS 638 
NROWS 314 
XLLCORNER -102.97071042 
YLLCORNER 3.973116569 
CELLSIZE 0.083 
NODATA_value -9999 
[rows 126 to 146 of 314, columns 432 to 479 of 638]
0.0463440583714562 0.0495017397446621 0.0520868021088855 0.055560922054329 0.0575397203089739 0.0584519824636137 0.059912940828621 0.0608506493365516 0.061061743673857 0.0618600846874845 0.0628446711685944 0.0636236148550849 0.0651582020591471 0.0668742533682367 0.068586730341774 0.0709618216128137 0.0730466141952489 0.0750656728342252 0.0773057615402975 0.0787909508930026 0.079817906949117 0.0804234024310468 0.0804903910253854 0.0800805399824931 0.0789723543157146 0.077851849983163 0.07610866413403 0.0737896619999905 0.0724206068435004 0.0707752420744801 0.0695913031553889 0.0700711101208974 0.0701535092915976 0.0720774248629644 0.0757447467768626 0.0782466859287541 0.0839933468406868 0.0908371614102158 0.0953349801123051 0.103484554028101 0.111286095807973 0.115278895470032 0.121745240378324 0.127376240912732 0.129278944101492 0.132456639842953 0.135309285877433 0.135304625975715
0.0403894916161561 0.0430466973966549 0.0476318934719752 0.050434979087426 0.0522065760511811 0.0549523067696387 0.0559963398663744 0.0564356979401253 0.0580035945979969 0.0585308699738323 0.0587631722857817 0.0606120649104437 0.0619460910390646 0.0629122547135815 0.0656189003550544 0.0678283331841205 0.0694074469135724 0.0724329495727332 0.0745163872813639 0.0755287206722337 0.0774581834010094 0.078024215645509 0.0773874572619541 0.0775992790663337 0.0764286892497105 0.0741041404187441 0.0728293766474787 0.0704480810121695 0.0672530271718105 0.0661072959514444 0.0648458084278262 0.0628736169993898 0.0637997103456017 0.0658890514567456 0.0670433524878142 0.0709694685271359 0.0770029075602198 0.0823638898623902 0.0892048767500413 0.0971933676241628 0.104366590910658 0.111187832226631 0.117486524281043 0.122878688086946 0.126996176735603 0.130142980054037 0.132945423568931 0.134290273440649
0.031846563386079 0.0343109330810583 0.0387410062433496 0.0430537882146774 0.0450077601611645 0.0479698695155581 0.0502567568667279 0.0509552760768969 0.0526280065659722 0.0537492924144936 0.0540365999269844 0.05576188094798 0.0574384396776311 0.0582731177399838 0.0606759739361326 0.0634939387547869 0.0650513582578178 0.0676229573904179 0.0704262206147578 0.0717363510687837 0.0731416673299997 0.0740362206761989 0.0739634161683854 0.0735625311561246 0.0717671504781132 0.069916963053089 0.068187249479942 0.064424514564879 0.0613114080304302 0.059916252348115 0.0567121145251392 0.0539649168619831 0.0549525031005396 0.0553339580569856 0.0548383288017882 0.0593315733706362 0.0655871881225575 0.0691414595191138 0.0766035437494384 0.086925877147936 0.0927137568363018 0.100153169308146 0.10981656754554 0.114582123874454 0.119415518077878 0.125307226566864 0.127713918206351 0.129864686463914
0.0253450364053174 0.028603850999915 0.032816524349793 0.0375082561413508 0.0405850866765419 0.0430284228996723 0.0456274224300327 0.0471376558974784 0.0478638506273106 0.0489953470060709 0.0500196640305907 0.0508725832669165 0.0525497398372927 0.0543338138064134 0.0564873377556547 0.059518462873639 0.0621067095484197 0.0652736637933708 0.0686944979305916 0.0707579843500165 0.0725499514575335 0.0733858858040542 0.0731776462456706 0.0728938768483009 0.0711045190698262 0.0687525520395344 0.0663766973849583 0.0619928083092863 0.0580004803378802 0.0554504151229633 0.0512290191238046 0.0478426051248957 0.0466442815589962 0.0443459650909951 0.0435058791936101 0.0449464357103541 0.0481310541766105 0.0535621593183878 0.0601520323260349 0.0703868146655695 0.0800860244542634 0.0872620162399004 0.097313693979309 0.105722672518158 0.110009577426671 0.115750645683796 0.120714346898218 0.121956967022424
0.023978949287827 0.0262014651536316 0.0306140802187732 0.0349861586845563 0.0377674189751502 0.041013652686717 0.0432866612776375 0.0444952330501929 0.046006976327713 0.0468916064769405 0.0475475971244663 0.0491005835635014 0.0505805785983596 0.0521984327937726 0.055049973324228 0.0579130378458531 0.0606996770449533 0.0645191110239984 0.0677873588465239 0.0699859768756874 0.0721774946866874 0.0730854947154829 0.0728517854732301 0.0725727902487717 0.0707767065052966 0.0682297009261521 0.0658055467859547 0.0614356960811707 0.0570622127753018 0.0544287290398878 0.050124892251514 0.0453983487140878 0.0439232869002029 0.0417757711605074 0.0375113411631931 0.0382680529361133 0.0425114645542961 0.0454915091658293 0.0528789209304054 0.0630638452789388 0.0709379315576054 0.0805754986758506 0.0905684853021832 0.0974666596292134 0.104307609703034 0.110410986871042 0.114033624240336 0.117125275463182
0.0226956303226961 0.0244837084010704 0.0274560922743542 0.0315317457177594 0.0339464863356076 0.0367554263652035 0.0395639041888698 0.0407741853154664 0.0424145695175238 0.0438370334568459 0.0443979386674611 0.046199287248942 0.048417294055087 0.0497466355908031 0.0526653017279452 0.056736977515249 0.0592941504273397 0.06261203871924 0.0668404416882743 0.0691564959969992 0.0706504767769256 0.0721344125605254 0.0726181964733284 0.0714927400046015 0.0694882273892009 0.0679322840886244 0.0649367822591754 0.0604647672235789 0.0575292623695081 0.0541539200592771 0.0489636658238555 0.0454647238671198 0.0427942930415419 0.0372835041752795 0.0327938614869124 0.0328285773018395 0.0341924647106396 0.0358569238619842 0.0422688952261466 0.0517730235412701 0.0577576464239981 0.066531344437616 0.078286178130285 0.0844004565119721 0.0912697127714659 0.0995432281181576 0.102756028323406 0.106507798698204
0.0233376817147704 0.0243987694478562 0.0276031703812535 0.030475655247464 0.0329432983034953 0.0360273992884207 0.0380700506810093 0.039132056282266 0.0409593348743773 0.041987266878427 0.042488889300946 0.0448755694102955 0.0470296295198377 0.0485315303353076 0.0526101527880264 0.0568067371600672 0.0596485869513218 0.0647429736554694 0.0694333012147301 0.0717670833010568 0.0740665910394275 0.074746860241051 0.0741516062717207 0.0738160829985173 0.0722930779526489 0.0699640190457883 0.068351432259244 0.0652727786744242 0.0614089061744297 0.0616462225666531 0.0590161906738208 0.0535833263991894 0.0551872147566621 0.0499148705059526 0.0402686407023808 0.0386189824705991 0.0334266415049072 0.0305704514699542 0.0370664173636172 0.0431405170410684 0.0479126451087263 0.0558109318852083 0.0657755248715243 0.0741997804136558 0.0803013284602276 0.0865185757002339 0.0914609928006687 0.0933943067602269
0.0261944244564103 0.0258131987734255 0.0276357902764719 0.0307009669184557 0.0326261675934934 0.0354618735884462 0.0375180744925296 0.0385938572280342 0.0405876096365817 0.0415935489069091 0.0425278032336272 0.045151556089343 0.0472973949976663 0.0494590703242998 0.0535689146320487 0.0576788797101728 0.0611794898444191 0.0660786616873445 0.0706982963239733 0.0731148868041751 0.0749537199387752 0.0759311436352313 0.0754225337274639 0.0744977340667807 0.0730076300773535 0.0719736049832538 0.070558231754032 0.0673843243585716 0.0668728952192665 0.0678207507933771 0.0649258043394252 0.0635483600328612 0.0645703861570651 0.0588920093141262 0.0481216347062479 0.0421696194092095 0.0388728476250937 0.0339519735589209 0.0360179346677744 0.0425177966663006 0.0442721448159249 0.0500857094362238 0.0604131871014241 0.066385076784823 0.0735287240223314 0.080860312370768 0.0832652783339308 0.0860682543919049
0.0301318332890695 0.0298265235679072 0.029570485157596 0.031055786697453 0.0326119128593053 0.0341054377996255 0.0367994606150179 0.0384914562937325 0.039734193162805 0.042383883551621 0.0442571219010923 0.0461365963116839 0.0500405337018041 0.0528822821682958 0.0557836520406087 0.061202711756588 0.0650812349753 0.0681495234929375 0.0727005018035947 0.0754351662161287 0.0760522070946668 0.0768646662651811 0.077224716233324 0.0755611414750748 0.0746090382904065 0.0748690286815046 0.0735896153541113 0.0750770457923555 0.078073659158635 0.0774154583493192 0.0803611742558826 0.0846377649675639 0.08051295714418 0.0740307405304278 0.0697651687852224 0.0595632934278338 0.0481686133637368 0.0442796115691964 0.0411972033009144 0.0392131346343925 0.0402308555956606 0.0429747725434477 0.0492119060245588 0.0548432746767591 0.0610121114525251 0.068400569505309 0.0712017248306694 0.074079492446676
0.033579972834039 0.0309891741168996 0.0320170844169538 0.0329178365377702 0.0334303860662954 0.0354946718091684 0.0381011318659768 0.0394165152400713 0.0415405814904442 0.04442734394513 0.0460132458286047 0.0488956695799176 0.0531312599001413 0.0556054681694985 0.0596799049888198 0.0660674433570488 0.0707908544090257 0.0767885660577683 0.0816570544191771 0.0837218154858872 0.0863731153816505 0.084930659090006 0.082093891927906 0.0814568745547912 0.0797813072818459 0.0782177290276771 0.0804638140639777 0.0840760272788528 0.0861024167511688 0.0908598105333097 0.0982298194437418 0.102214404227757 0.103805734273761 0.1048097416007 0.101080884780331 0.0840381108523974 0.0615782652922402 0.0524561913052525 0.0473164572116127 0.0394707788156274 0.0381297321810025 0.040458718091113 0.0444529185619348 0.0513054923484493 0.0586269844271157 0.0630332212986438 0.0646641559999358 0.0655413219962232
0.0374899075370384 0.0352904903103167 0.0340742310043682 0.0333346824308044 0.0336888679161912 0.0357130142047728 0.0383009216898465 0.0396812295508794 0.0418946483696204 0.0448323854797688 0.0465202708116163 0.0496396502112707 0.0554402204519294 0.0599294779665783 0.0648431159974738 0.072626490529702 0.0774641639792692 0.0809546870981967 0.0853747536850422 0.0888400046137493 0.0905787063496229 0.0895979717446373 0.0862996777657908 0.0836554956167463 0.08310865188319 0.0832093871854245 0.0817664564987664 0.0851544373422225 0.0902423229985067 0.094579626741581 0.105979896431634 0.113731187660801 0.109486030128783 0.107417228159264 0.107701842611729 0.0908250351535847 0.0686653767515243 0.0572926681220181 0.0477792589389343 0.0410250938896173 0.0373979767241241 0.037573841729451 0.0440034901443286 0.0497717679016994 0.0561645223533554 0.0622320587605996 0.06200115489105 0.0612622247261893
0.0431466150874216 0.038908677567736 0.038624607972077 0.0359865617679627 0.0353065977431254 0.0365143780110644 0.0374169236281535 0.0404372132520897 0.0428511188212907 0.0439654677321107 0.0478044664929077 0.0544556216656955 0.0586024901960478 0.0617162402499421 0.0712536514009657 0.0791364754339316 0.0818861974083017 0.0858334952492441 0.092702989044455 0.0970132934621053 0.0970998842502959 0.0963902186929646 0.0952632221273905 0.0917092917782095 0.0894964695194717 0.0896166616414709 0.0907274642513535 0.0909791987625595 0.0912568240047825 0.102391711001498 0.112138164673261 0.11346777169984 0.114193233644956 0.11180405514139 0.10754121162128 0.0972183177708585 0.0791003823882016 0.0651934382560033 0.0560864960153356 0.0443823364924267 0.0379554473265114 0.0384685084076291 0.0429122482384878 0.0484036725231254 0.0522865644130127 0.0567938981984711 0.0588136028067668 0.0575125167687577
0.0545885051790532 0.0491678075756016 0.0471414458755946 0.0434232382961141 0.0380666285746199 0.0365831249362393 0.0371865048169978 0.0404284964757176 0.0429265383619041 0.0439525672771423 0.0513023189135027 0.057399773770738 0.0600980546919595 0.067904978471078 0.0770586256661581 0.0859289451928902 0.0914615174529864 0.098136412025769 0.106809824757812 0.110983017421744 0.112601605598266 0.110686582981831 0.107235205712065 0.102490238819859 0.0947008439982181 0.0903410595198434 0.0912966298117012 0.0937497627556206 0.0938088007786147 0.0984133692209117 0.108537348846757 0.113502577987067 0.113447935494889 0.115349309530205 0.115830413901079 0.100424490691369 0.0775343190912987 0.0619272251866099 0.0497873047149464 0.0415010654783005 0.0392831815973185 0.0429790177130265 0.0499689515866383 0.0571955456999826 0.063201797454915 0.0641175772894296 0.0623426855288127 0.0603637872624781
-9999 0.0540940016508102 0.0515916355178613 0.0491739231584319 0.0438771780990044 0.0383506507111332 0.0370429334723756 0.0404272123563151 0.0429653995437423 0.0523121088162525 0.0626232951875105 0.0664259331419743 0.0738297642462198 0.0799669379246493 0.0848802649123592 0.090419009079899 0.0936319405636342 0.100816820565221 0.112262252188929 0.118314511132494 0.117887434998241 0.11615355574882 0.113294466029902 0.106597187565319 0.0995458058080392 0.0962560734496521 0.0945178327713877 0.0914292566697679 0.0921550080041703 0.0978920797071989 0.100527903020141 0.103784160940239 0.107705584786414 0.110190268716936 0.111035100992524 0.0973845416729282 0.0737448068378132 0.0598615245070932 0.0513663239973486 0.0430963080513107 0.042063321306395 0.0459197524367273 0.0545299077767806 0.0616649453376187 0.0646521334033859 0.0664011107800938 0.0654584182080699 0.061598576377622
-9999 -9999 -9999 -9999 -9999 -9999 -9999 -9999 -9999 -9999 -9999 -9999 -9999 -9999 -9999 0.097291998565197 0.100220415671529 0.109806917793378 0.117959492900182 0.120658067219847 0.121164498285649 0.121438031532435 0.120624769146165 0.115064977462972 0.106873840641699 0.102015046735263 0.100233259703419 0.0942649995270822 0.0886491415430843 0.0904133797515994 0.0915441381008743 0.0911440121438716 0.0893745220204937 0.0858096167402912 0.0837809303402204 0.0786446886987667 0.0699676243869424 0.0632645527722365 0.0594551317063887 0.0543053951666109 0.0512256647954497 0.0540345860040608 0.0597559210171089 0.0645143022517618 0.0646852257172572 0.0646201712186089 0.0650570419256743 0.0628769830404003
-9999 -9999 -9999 -9999 -9999 -9999 -9999 -9999 -9999 -9999 -9999 -9999 -9999 -9999 -9999 -9999 -9999 0.112153211612258 0.121063788128222 0.125483386405101 0.124535337805248 0.125463177060162 0.124776900254833 0.115699756758493 0.107906832639852 0.105370498158144 0.0999224006429431 0.0915224544199296 0.0859740597847149 0.0819940544835366 0.0804767514035075 0.08052540530202 0.0782803793086118 0.0754150818297063 0.0732232294487919 0.0706782616902493 0.0659616405439325 0.0579180090326821 0.0524108574344461 0.0541372478588942 0.0575388663787655 0.062210642816477 0.0679395079732015 0.072493324285862 0.073385437901032 0.0696494917266454 0.0664512290049412 0.0640205075198159
-9999 -9999 -9999 -9999 -9999 -9999 -9999 -9999 -9999 -9999 -9999 -9999 -9999 -9999 -9999 -9999 0.104993407805883 0.111542568961963 0.119403964177756 0.123117561944489 0.122331756005516 0.122351763749165 0.12196206987378 0.114401078330491 0.106219942524637 0.102186973844748 0.0974662837672217 0.0894301319544199 0.0836073424006746 0.0806352942619231 0.0752716652158313 0.0714437499468225 0.0734244292785862 0.0734113385060077 0.0703250011976301 0.067986900089978 0.0603732580319416 0.0548625838641817 0.0547416348817392 0.0564419282119875 0.0606781286977071 0.0647979393025273 0.0711947321914215 0.0752245255498309 0.073613583962172 0.0707355595988605 0.0686392934058493 0.0655406457535959
-9999 -9999 -9999 -9999 -9999 -9999 -9999 -9999 -9999 -9999 -9999 -9999 -9999 -9999 -9999 0.102383570979019 0.102883372207544 0.106146311899041 0.109415723792892 0.11059557145795 0.111974876212786 0.111527232429608 0.109705313859473 0.10765486522421 0.101501451517296 0.0959170204204925 0.0928577913860483 0.0859496840620196 0.0802239099861124 0.0777135759683055 0.0721484819021964 0.0674619008329581 0.0649601619922344 0.0614199669906067 0.0592712216035739 0.0586754899010348 0.0579577089547026 0.057628886441316 0.0596099417346512 0.063304889288178 0.06611672524184 0.0685843488356394 0.0718901148746698 0.0737734442981278 0.0723701628840299 0.0698856006926764 0.0683644070930975 0.0682353094487371
0.155576383836974 0.160550831902234 0.159445513794659 0.162237280685529 0.161217157753752 0.157137159902966 0.155139974063458 0.144046053667622 0.135166158775693 0.132600929663148 0.125687251523639 0.117267464693077 0.112492963741826 0.108230245104146 0.104428020187375 0.102599969779906 0.101946184175826 0.102158600688922 0.101648126621513 0.101253714568505 0.103721595337719 0.103584521730928 0.10021985152651 0.0992506795453932 0.0950492158940861 0.088135501702725 0.0863211747210334 0.0823295430041563 0.0772112827662063 0.0719816708820481 0.0654864757234538 0.0622027090487872 0.0602647221243825 0.0583237160359677 0.0560379874535955 0.0561448644351303 0.0582525694419087 0.0592847347420094 0.0615402706447925 0.0658738532978016 0.0699947693425154 0.0737174573559265 0.0755832500054721 0.075926980671188 0.074383013848082 0.0704100212848375 0.067593369195274 0.0653768953449837
0.155576383836974 0.160550831902234 0.159445513794659 0.162237280685529 0.161217157753752 0.157137159902966 0.155139974063458 0.144046053667622 0.135166158775693 0.132600929663148 0.125687251523639 0.117267464693077 0.112492963741826 0.108230245104146 0.104428020187375 0.101723100269808 0.10010294734873 0.100357607155228 0.0989483353231046 0.0969957868099934 0.100231521363486 0.0997595394064721 0.0969240237733394 0.0977521954555228 0.0925763848158062 0.0868499453449437 0.0846342720241695 0.0792901090849226 0.0749605197096515 0.0713475912381877 0.064566315392107 0.0601878308283595 0.0594336128191839 0.0575608937817106 0.0560782777422035 0.0568685595313118 0.0582348422374094 0.0601971028140848 0.0633809415406525 0.0680000902736411 0.0717244653614631 0.0740178311446539 0.0764743453611905 0.0765133185657849 0.0740022630703398 0.0701776286828544 0.0664098669153487 0.0621872157100353
0.168620023419536 0.173136152667208 0.171308979914556 0.166207105633954 0.160928316951001 0.156749970961267 0.153954403387492 0.146287196596478 0.138211296228341 0.134693949752195 0.131790536439574 0.122546459621197 0.116420608576674 0.115281246668656 0.109620051418848 0.105075069760043 0.104008085728996 0.101394193775686 0.0990895562641412 0.0983556547940175 0.0961839513613245 0.0952611216197554 0.0957776316886018 0.0938730103666791 0.0950736672662261 0.0971786732928863 0.090812779379576 0.0838899767179385 0.0813661137535925 0.0713574295515089 0.0637616134867458 0.0643965490647323 0.0614337663228066 0.0583101784663875 0.057846061428722 0.0584665073965473 0.0608461038836128 0.0634759069820118 0.0662318763368448 0.0705522885588921 0.0733893434068957 0.074035140948046 0.0744256686715436 0.0743738879768397 0.0724441769147406 0.068789888366769 0.0659276628462129 0.0628099955517422
