Spatial_Analysis/Maxent_Inputs/Inputs/Present/currentspeed_present.asc
NCOLS 638 
NROWS 314 
XLLCORNER -102.97071042 
YLLCORNER 3.973116569 
CELLSIZE 0.083 
NODATA_value -9999 
[rows 126 to 146 of 314, columns 192 to 239 of 638]
0.636699013265576 0.640849038466961 0.62534175570712 0.606762538736949 0.572930893628128 0.53373240658615 0.501068835195762 0.457758474547807 0.413395260806805 0.379314506360273 0.338508602325259 0.297803985197785 0.268400236001414 0.238147028688273 0.20940612785409 0.189522494590567 0.171930233782223 0.15563632123036 0.144498113626066 0.136280400909073 0.128014442393455 0.121568841989036 0.117425504124158 0.112185642631976 0.107109236654 0.103885731966402 0.0991396119070771 0.0940480736876359 0.0906811972463041 0.0858102756100108 0.0807099512311648 0.0777549243732252 0.0737029336104661 0.0695174911566863 0.0677745471882175 0.0650681023308607 0.0619141992612555 0.0612420284917994 0.059691461287132 0.0573404313257827 0.0574284782328692 0.0568692076479471 0.0552421635314032 0.0559675120538198 0.0564327449143089 0.0558298320771024 0.0573344635179808 0.0586104634032713
0.632406277040438 0.629201285207345 0.614199384019382 0.591353108557418 0.560013972584663 0.519660175302566 0.485087105227012 0.44677975368433 0.401596225180235 0.367246537288529 0.331400389008357 0.290628795310433 0.262619770397561 0.23625748828659 0.208068581896725 0.190331579269929 0.174541975945489 0.159032523926574 0.150111340080532 0.141514170083731 0.133520347063748 0.129102496298296 0.123534635172983 0.118148358416517 0.114940420493013 0.110025775762533 0.104937528259161 0.101695729551976 0.0967711450929783 0.0916083353513496 0.0884591747297405 0.0840191023186004 0.0796950510282109 0.0774300749096939 0.0740423314253156 0.0709715267360987 0.0696112626212469 0.0672127183223014 0.0652469099100001 0.064636345464544 0.0630897292246964 0.0620550914345496 0.0621237463030085 0.0613362687107549 0.0612280292766356 0.0620746117544094 0.0620519974797384 0.0627617425991966
0.601601719710705 0.594118755443611 0.575521710029771 0.558999428100541 0.532965633936839 0.487932195246469 0.456421038870448 0.425976643698457 0.378116079235719 0.346376411657488 0.319484145821449 0.279584321738541 0.254118107547174 0.234912258222541 0.208413040953966 0.19244709051694 0.180676048981778 0.166130701170351 0.158322095070175 0.151204224590443 0.143221230491786 0.139569145808283 0.134268663673825 0.128362142418857 0.125861004813328 0.120934172865324 0.115213107498142 0.112765183750384 0.107981152620057 0.102337100505937 0.100027357325419 0.0957605973025165 0.0909008115727596 0.089271465704277 0.085798037156012 0.0820250524324324 0.081194217049034 0.0784856714503823 0.0757419543460437 0.0756550096091846 0.0736572144753034 0.0718735745218664 0.0724856914990032 0.0711687587768855 0.0702958314632608 0.0714985024695006 0.0707386331556429 0.0703679912631208
0.576796879656998 0.563106859008317 0.545273652911137 0.528069960204912 0.496399738285192 0.458965120086573 0.42681100203061 0.392341831087038 0.354852961818695 0.323348641129098 0.294611260396182 0.266517411650723 0.243391775471167 0.224453697957655 0.207357286354451 0.193669522570787 0.183447373266621 0.173878620332405 0.166070217752579 0.160998406460523 0.155443782838782 0.150160497106546 0.146630169698444 0.141855686613081 0.136896676168986 0.133509690004255 0.128791830450528 0.123821458274276 0.12049805686485 0.116049445261175 0.111400092424124 0.108656422017807 0.104983815846548 0.100996727215896 0.0990766097366512 0.0962565461718782 0.092892788501905 0.0917909350130129 0.0898930238483073 0.0871915477934909 0.0868928671533487 0.0858822072162202 0.0837441068238024 0.0840584491537051 0.0837382577802136 0.0820555575436088 0.0826931355772899 0.0825122213276018
0.553024530451029 0.539737425943475 0.515781724662599 0.499275524679951 0.479888817094829 0.440838844606695 0.407952493993405 0.380450910068773 0.342094991052734 0.31163503442468 0.288440508033827 0.260074271089286 0.239324272763258 0.224125849337012 0.207435580095415 0.196132345764985 0.186958410039707 0.177833180378498 0.172179859030935 0.166351669867694 0.16086516550506 0.157536705077858 0.152562964728278 0.147653474117188 0.144625881062036 0.139640757694255 0.13464167521334 0.131711940290165 0.126885516219803 0.12210742348718 0.119620138922911 0.115367950037578 0.111302120454459 0.109514531927728 0.105969046715108 0.102665323502553 0.101514057790866 0.0987317289714644 0.0962811972554453 0.095786157417112 0.0937745409892546 0.0921494673143965 0.0921747057023106 0.0907401045752172 0.0897096654865533 0.0899910436482211 0.0888107935245585 0.0878898573113176
0.496102209037794 0.484998046336654 0.465905184181406 0.452188077114515 0.440122684319803 0.409221238562102 0.383601275683094 0.359540639663596 0.322881518481514 0.299301565641379 0.279617606115698 0.253094014320372 0.237633904095553 0.225181355402371 0.209842708832846 0.201655346917695 0.194000557781129 0.185431288112121 0.181449694118197 0.176068909042735 0.170248430658932 0.167813598607727 0.163025471881513 0.157617396732329 0.155325039363429 0.150603224266973 0.145140185584456 0.142866757625994 0.138428463903157 0.133332243667895 0.131418370886673 0.127484782804167 0.123095485416342 0.12177211088963 0.118377816200408 0.114746392911624 0.114066299971171 0.111242721391134 0.10842026283659 0.10842043776594 0.106131333998582 0.104006502971579 0.104576478203816 0.102650685372393 0.100870627578644 0.101670353581935 0.0998132199350373 0.0977621041802616
0.423922098439226 0.411445550240191 0.418783861343171 0.418519003882914 0.401362874251679 0.383004787856138 0.361460638385144 0.332714011886063 0.306875244887655 0.287230280103862 0.2664759916433 0.248855784523472 0.236475167528956 0.225342004662186 0.21541715868539 0.207966294212799 0.2021962706527 0.196044922349146 0.190794847922554 0.187447878600757 0.182986412798844 0.178406422600261 0.175434255277659 0.170932411860388 0.166058497986228 0.163080475535253 0.158729591067401 0.153909713815038 0.151314322005815 0.147570409088062 0.143139982643159 0.141186844270805 0.138174115473336 0.134155454912491 0.13281600494775 0.13049702654983 0.126914848237421 0.126253016288835 0.124767754640097 0.12172499535084 0.121676240047917 0.120816091420383 0.118088261419523 0.118339164827741 0.117661131389019 0.114874602652182 0.114946075692362 0.11383347229088
0.38386361395923 0.382634312399019 0.381166034449103 0.384107094507659 0.383673456504856 0.363774969773137 0.343265346637594 0.322720335265853 0.296499588534544 0.278820915132118 0.263296302168048 0.246108730307799 0.236049978852322 0.227128870454279 0.217784536426185 0.212471397047176 0.206607444789883 0.200764476359683 0.197456653390062 0.192903316123269 0.188474653688926 0.185802851375521 0.18128858832629 0.176641269274126 0.173806848820936 0.169284622809445 0.164657564738839 0.162081038891102 0.157990879795563 0.153863025758632 0.151853657944534 0.148361354348162 0.144860926296617 0.143386217729657 0.140398229929373 0.137493454935328 0.136568370476114 0.134168834882841 0.131997403874984 0.131685100301351 0.129801345659928 0.128154441462775 0.128151328337514 0.126447217199272 0.124881546155585 0.124706129614774 0.12272539079634 0.120660206908452
0.317646770087868 0.324007595376858 0.32620908029741 0.32508381763103 0.33110016393525 0.325029916993274 0.313675809404805 0.300929184126117 0.280157518386531 0.266370927074944 0.256871475155915 0.243776372309478 0.235963770616085 0.229963267399687 0.222750605059268 0.218943586978348 0.214247356024343 0.209196347867764 0.206990758870364 0.202633152122597 0.197992317429878 0.196147179136785 0.19171418300122 0.186856163590168 0.184971041660049 0.180571942067196 0.175801109663679 0.17416334891489 0.170149125618045 0.16596510836012 0.164896186194382 0.161330498608744 0.157767807575612 0.157272406442638 0.154086273155494 0.151086103778171 0.151186011525455 0.148416495460015 0.146011457144746 0.146723998897888 0.144280296702186 0.142194554412867 0.143233962465625 0.14081709545172 0.138465018882015 0.139321145436014 0.136595792934342 0.133396618344066
0.266455243829117 0.271271572421391 0.288661303815693 0.3028712417266 0.309575437055258 0.303906394556668 0.290161189981353 0.277848002088089 0.266220712821359 0.255639309830959 0.248311602993435 0.242692873790894 0.237191289787885 0.233603432350345 0.230166403702073 0.226272690530882 0.223801604798608 0.220506004777709 0.216727521507824 0.214619168394462 0.211220893514552 0.207113981365549 0.204972520828017 0.201305646528139 0.196733875328403 0.194789048362508 0.191476372846351 0.186984709461305 0.185714057532629 0.183209463735467 0.179044277035835 0.178443288303488 0.176588563717271 0.172607501515947 0.172494005753223 0.171152423970867 0.167387159119366 0.16777143219804 0.16701710245528 0.163552205497644 0.164244932126738 0.163773886653189 0.160335745742786 0.160860944257617 0.160053632936573 0.156173665289898 0.156058911588935 0.15442915716195
0.256204534472426 0.260077439292521 0.27464496552534 0.285189694666457 0.295857724415606 0.290771817245851 0.277798957419326 0.270815347692484 0.259801142261988 0.251416367878609 0.24743150246072 0.242355737444678 0.239030903932838 0.236359459361706 0.233274641988774 0.23146840292857 0.228463056438887 0.225255839517828 0.223564454926846 0.220273957972067 0.216814977186695 0.214988914176768 0.211402676299797 0.207492905637206 0.205516162763556 0.202066529481273 0.198365477489599 0.196774531634863 0.193879632114261 0.19084637371607 0.189837627973534 0.187432254672867 0.184925144658811 0.184294575432582 0.18215951413178 0.180060240307972 0.179758265712089 0.177879942962958 0.176264391138918 0.176316394140374 0.174547043159042 0.173083124192239 0.173141092785413 0.171091881622669 0.169173749638231 0.168709909751008 0.165999123213568 0.163170666319365
0.279844559118621 0.253685256016563 0.24636067602868 0.25538850410398 0.258540326888367 0.262711895844886 0.263955399686612 0.258423220929766 0.251900285978885 0.248646583895981 0.245734500461235 0.243332944342803 0.242676880044877 0.240472602954539 0.238926900454718 0.238766912367081 0.236028233979011 0.233776576802207 0.233337839249442 0.230011688582325 0.227024735853246 0.226353759875184 0.222659280570388 0.219330417405313 0.218755357350069 0.215081204357097 0.211991721331451 0.211924443352492 0.208545012561832 0.206015739826918 0.206650699139442 0.203515024662969 0.201356390318353 0.20253952036637 0.199522216445417 0.197497969518705 0.199064225460087 0.196143917951055 0.194150670858975 0.195986372792832 0.193072564008622 0.190800517757665 0.19256038042277 0.189392981329046 0.186304330030959 0.187487689265596 0.183845512408902 0.179582563108245
0.27912485735231 0.253901988248788 0.247379556844322 0.261934731913263 0.268440558687305 0.26418403007874 0.259029065522386 0.255347419464448 0.252058933949014 0.249926959290707 0.249481602485155 0.249193085489833 0.248521257437052 0.248701264874644 0.248299224417868 0.246987322563707 0.246612334530979 0.245494420459834 0.243369013437448 0.242547409094767 0.240916466647553 0.238162012269973 0.237263664859455 0.23557491352305 0.23252653907202 0.231993517199795 0.230785088448768 0.22787388429168 0.228025779316141 0.227472528126841 0.224749449854437 0.22542546715835 0.225216765446611 0.222431714430161 0.223303828857003 0.223110429068377 0.220141011612643 0.221089955134526 0.220795300892771 0.217581653763488 0.218443100702985 0.217836253010779 0.214118975374303 0.214497777926423 0.213177035095732 0.208605657617625 0.208152033750065 0.205855203139897
0.286713834485327 0.255757088240465 0.256541570119894 0.264391342737347 0.264914695513803 0.262626667864971 0.257897748492892 0.254905086312448 0.252947876104845 0.251963858723231 0.251423074653539 0.251801014085551 0.252564981244454 0.252086633293025 0.251973968261671 0.252501271234035 0.251204814893294 0.25007067388184 0.25017770245077 0.2482856520118 0.246471656046569 0.246409129538642 0.244265879560918 0.242203269160429 0.242334686763797 0.240382185839418 0.238635521861541 0.239300778103039 0.237732670516471 0.236508483970478 0.237668395090133 0.236254259905063 0.235251331435072 0.236570938135939 0.234985482181944 0.233877466967707 0.235129577306798 0.233276712770564 0.23194389400614 0.232978837361693 0.230778354489489 0.228996586956243 0.229516036374088 0.226737806515082 0.224094776397324 0.223731287839046 0.220174560439863 0.216427794825466
0.330876776261932 0.306089832668746 0.274785567584689 0.260779946224784 0.258237231774718 0.257755309094146 0.258543033072055 0.256019453069075 0.255041340153668 0.255698428194599 0.25516843672363 0.256308817671751 0.257913300545344 0.257427192849959 0.258330160551352 0.259705748162922 0.258522823215362 0.258526717732766 0.259524092595543 0.257761231262403 0.257177851224696 0.258115517218524 0.256067519532808 0.255427716820069 0.256751824959745 0.254722758004708 0.254418523059352 0.256401984394563 0.25445127241831 0.254433149073673 0.25701527904623 0.254945777090739 0.254781830839653 0.257647460228299 0.255249425892455 0.254530676995461 0.257380511015577 0.254593086865506 0.253102701467966 0.255703141632291 0.252475107421947 0.249993241144549 0.252085374887434 0.248308091703686 0.244562754100665 0.245865506949648 0.241477583490185 0.236322395549559
0.309669162923981 0.280636890320693 0.269656737388334 0.270752683490125 0.269916287132441 0.264776963374563 0.262413671741613 0.261706561361868 0.260609606081944 0.260766839745868 0.262318689517568 0.263492470671813 0.264293932506728 0.265856648369577 0.266942962876392 0.267127889407975 0.268118616082807 0.268900600750037 0.268576309430442 0.269194070043777 0.26983545452991 0.269252408416873 0.269913118005183 0.270845857512782 0.270390381435982 0.271430030486322 0.272868808969745 0.272700919447738 0.274144337053376 0.275861041319944 0.275752701913347 0.277281476734897 0.27874297189284 0.278258685200368 0.279545380984063 0.280412079143129 0.279280651618894 0.280168729698249 0.280302717801756 0.278354952347079 0.278707904394379 0.277955954723585 0.274995987930098 0.274656407990417 0.272929775702402 0.268815389383462 0.267660378565592 0.264905266870601
0.301928792358456 0.285704590207747 0.278691026055911 0.27738505420252 0.271924032662712 0.268427276128089 0.266315502260975 0.264048949445891 0.263972327097083 0.264793121597876 0.265049307903492 0.266784033033446 0.268614902429615 0.269051380775777 0.270367061483252 0.272069883441662 0.272095201315111 0.27284253952943 0.274540823974349 0.274240767070695 0.274668099816727 0.276618719170159 0.276257349307371 0.276814206400757 0.279369333053712 0.279164876951843 0.28008407914951 0.283307664858488 0.283169986345383 0.284247294940821 0.287806383207962 0.287359331926183 0.288072890560807 0.291495517523596 0.290461791235042 0.290429301571274 0.29340122807041 0.291717564718198 0.290783338899695 0.293060448048212 0.29064063485273 0.288663689095351 0.29003580036932 0.286823101648075 0.283692249843275 0.284049462518561 0.280060910229766 0.275696133381221
0.316655393754439 0.30864305329838 0.293475178695486 0.283862683319337 0.278832080220926 0.274187300652711 0.272570693712997 0.270664213417991 0.270092552413001 0.270795797276135 0.270763531433829 0.272418036967328 0.274265874597289 0.274548548797915 0.276488402257119 0.278495021088432 0.278624567227688 0.280409269508896 0.28246037601824 0.282484250383625 0.284322092606298 0.286654536520261 0.286712924363929 0.288890840464234 0.291773033139819 0.291936108828782 0.294492205545604 0.297954699075127 0.298033869908843 0.300552892264347 0.304292433350765 0.303938926083784 0.305828982038157 0.309468189597691 0.308460594996668 0.309326494463077 0.312600625222463 0.310862004107754 0.31046234335268 0.313143126262573 0.310597675372158 0.308748403028079 0.310688634347879 0.307324198707722 0.303978727498527 0.305160383315001 0.301034256692595 0.296222205864103
0.310909896323724 0.2998360962759 0.29336817982499 0.288674182219978 0.284298702576403 0.279935203121833 0.277667044502394 0.276962729696724 0.276356196855346 0.27655668177759 0.278042709511712 0.279218943881855 0.280209432123613 0.282099161894508 0.283691421926112 0.284664866174893 0.286467956212742 0.288401229625006 0.289518893146314 0.291298914542077 0.293633615856756 0.295094818926855 0.297043983701766 0.299908671902802 0.301902391676008 0.304125678181302 0.307415681645862 0.309829422490524 0.312115239183535 0.315360231171658 0.317749424293617 0.319688844022402 0.322333165714141 0.324224871432553 0.325578855107394 0.327414742980767 0.328576096313212 0.329216260241177 0.330057307847701 0.330244872049347 0.330063718779168 0.32975119627264 0.328767622529797 0.327828671541328 0.326505336021813 0.324320399956981 0.322772946303108 0.320677581433139
0.306792449900686 0.301600725073633 0.295807545103917 0.291759935258198 0.286588888607565 0.282880337170256 0.281437556601317 0.279773982373998 0.279815820950164 0.280656841153401 0.280846388259 0.282479426251532 0.284252180683015 0.284948189931673 0.286773824632485 0.288790963075575 0.289590379500597 0.29159642295961 0.294066065726039 0.29494336942143 0.297211619437104 0.300328155572925 0.301376056992705 0.304070980597059 0.307967479058512 0.309167536123005 0.312193032177544 0.316703651634454 0.317792756295059 0.320683028113326 0.325355980458787 0.325943563559043 0.328124904885094 0.332525593946183 0.332431991803273 0.333654659751808 0.337562979129541 0.336690468086797 0.336750067551984 0.339938257132239 0.338188978310832 0.336904976433039 0.339234401311835 0.336717172049369 0.334183837580894 0.33572414998934 0.332655435766812 0.329039872829101
0.306645771877258 0.303105957786255 0.298394730773161 0.295616248205093 0.292112760382166 0.288773191667314 0.287541425059633 0.286212236686988 0.286071490474759 0.286809427772102 0.2867140672022 0.288158638402334 0.28982662850182 0.290317148802606 0.292380910700242 0.29438778458549 0.295196140724042 0.297683358390037 0.300015412305807 0.301188968970126 0.304239442073841 0.30702268587206 0.30858827470884 0.31224001575386 0.315498280517663 0.317320084648038 0.321341146555203 0.32491626843788 0.326681604745171 0.330567832257022 0.334129491650073 0.335504452793896 0.338760045228607 0.342010729258748 0.342795601667089 0.345117172186496 0.347879631596007 0.34792559231732 0.349072700051456 0.351226473337401 0.35043232043402 0.350284071179107 0.351837215777656 0.350253351153442 0.34893334792705 0.350084124057458 0.347821380436304 0.345500320637659
