Spatial_Analysis/Maxent_Inputs/Inputs/Present/currentspeed_present.asc
NCOLS 638 
NROWS 314 
XLLCORNER -102.97071042 
YLLCORNER 3.973116569 
CELLSIZE 0.083 
NODATA_value -9999 
[rows 126 to 146 of 314, columns 336 to 383 of 638]
0.0628253938448707 0.0596680348479873 0.0520026174179994 0.0485259462128658 0.04657401970562 0.0400367614817786 0.0418125500156281 0.0404508893555439 0.0355752510471708 0.0422087234512716 0.0436672766617103 0.0520288278840216 0.0738218992854799 0.0879642594732685 0.108585069638987 0.129112828652552 0.137928951467616 0.136713629244206 0.134746999422524 0.132362324442422 0.129037097168272 0.116399156527835 0.102048979893281 0.0983511652725631 0.0772745893144414 0.0349014795684927 0.0272874556150485 0.0612523974521086 0.0555585285641868 -9999 -9999 -9999 -9999 -9999 -9999 -9999 -9999 -9999 -9999 -9999 -9999 -9999 -9999 -9999 -9999 -9999 -9999 -9999
0.0594743795987893 0.0522010001131887 0.0481216256149099 0.0413345634779505 0.0355920563735096 0.034062076539371 0.0310210509551184 0.0290216599645672 0.0294800265142847 0.0322491522884079 0.0385719280286095 0.0501035031810366 0.0700008355227256 0.084580001401459 0.106940517608848 0.127168031324422 0.133252260916625 0.133768523088229 0.129313239919751 0.127983388710884 0.123655783035344 0.113464712346821 0.101325502823189 0.0966282650441483 0.091068673847092 0.0860733417896993 0.0697051702394607 0.065681754170147 0.0563397712771687 0.0599841247252616 -9999 -9999 -9999 -9999 -9999 -9999 -9999 -9999 -9999 -9999 -9999 -9999 -9999 -9999 -9999 -9999 -9999 -9999
0.0528117957653517 0.0493454804448418 0.0411213030031342 0.0289216651597941 0.0260737160569035 0.0226140380806448 0.0147081125077753 0.0140011285651151 0.0196061873101136 0.0249858217819155 0.029756854061607 0.0505820661442217 0.0698911351599775 0.0785505250946676 0.098662218572056 0.113429635346511 0.117252070322211 0.120491931134138 0.118688542041777 0.117245100183971 0.113697989996647 0.10409511897767 0.0975147724540731 0.0928242579970327 0.0885075239340973 0.0842634441879159 0.0724403358047764 0.0691566213571681 0.0669646178002739 -9999 -9999 -9999 -9999 -9999 -9999 -9999 -9999 -9999 -9999 -9999 -9999 -9999 -9999 -9999 -9999 -9999 -9999 -9999
0.0548942067583771 0.04930305702675 0.0409190015894883 0.0271647719489863 0.0228964876681949 0.0164231338608926 0.0110901236450041 0.0120227286679126 0.0147272650675084 0.0201617818262623 0.0286755181472934 0.0417182580789515 0.0605281989190235 0.076116509072426 0.0921632379409165 0.106463354109001 0.112923552893701 0.112564499915921 0.112038365835592 0.111166937213749 0.104359189230749 0.100672052717437 0.0986045449147141 0.0916828382644753 0.0829650616518157 0.0808609961327663 0.0786910024849914 0.0723489567162766 0.0735405783657137 -9999 -9999 -9999 -9999 -9999 -9999 -9999 -9999 -9999 -9999 -9999 -9999 -9999 -9999 -9999 -9999 -9999 -9999 -9999
0.0592410132257405 0.0520155458390679 0.0431653069708167 0.0335203483329131 0.0266455345084476 0.0202608523417117 0.0213386940845166 0.0219279139471163 0.0202853366706683 0.0287347373795661 0.0314741076118707 0.0423108599301041 0.06036019387676 0.0693418481785553 0.0879636071808898 0.0998233558069736 0.103853436448801 0.106993476995702 0.10274810911949 0.10253816207318 0.101165760281758 0.0985472439871813 0.0967991941981591 0.0862926818830327 0.0820325504951602 0.0796201891499303 0.0780243169076567 0.076279632163082 0.0748229614132268 -9999 -9999 -9999 -9999 -9999 -9999 -9999 -9999 -9999 -9999 -9999 -9999 -9999 -9999 -9999 -9999 -9999 -9999 -9999
0.0660419462033604 0.0626479472021907 0.0497974251221949 0.0424685534878136 0.0398154523295065 0.0330277548336939 0.0348488681859362 0.0352645647205725 0.0354068311463019 0.039855002986663 0.0413356014943716 0.0470602056350334 0.0575847023033658 0.0623817797863569 0.0733523692903487 0.0827093907033986 0.0849797248362538 0.0896192446734309 0.0894636350599818 0.0896244474035239 0.0903908431097937 0.0880759168585546 0.0868589889046512 0.0834970431409408 0.0800034349065045 0.0787462566162102 0.0775732896629278 0.0751090275244359 0.0746891027025541 -9999 -9999 -9999 -9999 -9999 -9999 -9999 -9999 -9999 -9999 -9999 -9999 -9999 -9999 -9999 -9999 -9999 -9999 -9999
0.0811147454387925 0.0753766445521292 0.0711859967040564 0.0594203547460822 0.0548228440235056 0.0475659083401762 0.0429984277188947 0.043704081624473 0.0406303627747195 0.0434331693842276 0.0456387644288701 0.044656433310292 0.0517703426101133 0.0598321657086181 0.0671723879031348 0.0745823327043086 0.0781350415308009 0.0797965613804853 0.0816995847429937 0.0820321866929399 0.0819721817471913 0.0836982777387763 0.0832637882560973 0.0793576486743059 0.0777277012754966 0.0771639089720103 0.0750339748191223 0.0751156667571342 0.0749195916801575 -9999 -9999 -9999 -9999 -9999 -9999 -9999 -9999 -9999 -9999 -9999 -9999 -9999 -9999 -9999 -9999 -9999 -9999 -9999
0.0887669017654434 0.0862126607064844 0.0769339946099406 0.0700643435930567 0.0623339901550945 0.0518730329164755 0.0497372947611638 0.0454389778639225 0.0418127559528981 0.0457273194101778 0.0439224002501332 0.0438362710175328 0.0508668145004116 0.0530980864680747 0.063143185267411 0.0685333372098567 0.0709910607992929 0.0753807357290533 0.0720411138280308 0.0721735717952228 0.0779546231800267 0.0765193673790199 0.0767625708225473 0.078760232220019 0.0750608010382673 0.0746276841291519 0.074454822688446 0.074799706446793 0.0748340261182847 0.0737834362661711 -9999 -9999 -9999 -9999 -9999 -9999 -9999 0.0850861751704026 0.0921654701628833 -9999 -9999 -9999 -9999 -9999 -9999 -9999 -9999 -9999
0.101531945673446 0.0998697217645814 0.0883287827312411 0.0811183080503837 0.0769391689437342 0.0629488223576212 0.0543183455520383 0.0514240736791536 0.0465131243253413 0.0428479865204706 0.042260846035686 0.0428665804845154 0.0435890101353293 0.0451485272008653 0.0499953522165917 0.0554803862331785 0.0571825823252193 0.0608884936592684 0.0682679467466775 0.0696168007161573 0.0667796820854702 0.0744903494217521 0.0734256619852542 0.0725555785059405 0.0743000768925839 0.0743541800278296 0.0736441610224545 0.0735702288689619 0.0735014861393864 0.0736072101688598 0.0748279439181007 0.0756592103996319 -9999 -9999 -9999 -9999 0.084636002779007 0.0850861751704026 0.0921654701628833 -9999 -9999 -9999 -9999 -9999 -9999 -9999 -9999 -9999
0.118853044973562 0.115166950285536 0.113925227785567 0.102545584238642 0.0941254709828498 0.0760860578259749 0.056968210644527 0.0514103008283475 0.0411500350223729 0.0391089192542147 0.038433863312752 0.0384785771599762 0.0395004630606201 0.0407103512071021 0.0456932119715295 0.0518618825150302 0.0534578740710218 0.0582474893068245 0.0608795412723278 0.0648365753686829 0.0669190825454065 0.0707291003034558 0.073087994934737 0.072557148333722 0.0733200426073438 0.0731865658371886 0.073298317911104 0.0719342788126591 0.0716182700205015 0.0727715394865322 0.0747559511968331 0.0756744031643437 0.0793706588897764 -9999 -9999 -9999 -9999 -9999 -9999 -9999 -9999 -9999 -9999 -9999 -9999 -9999 -9999 -9999
0.12517088079748 0.1272445719138 0.119688553474309 0.112391098510328 0.1015379563584 0.0803507000696797 0.0645557733687107 0.0599170433964242 0.0419859780336772 0.0370690829003868 0.037158804059011 0.037816581879832 0.038624794918927 0.0397418867358629 0.0444459575824393 0.0509006314462634 0.0525982973833427 0.057290631983914 0.0605156647974522 0.0647506514931959 0.0669431754793333 0.0708180668348893 0.0731316405817911 0.0726064666736027 0.0732792489434736 0.0731675950017102 0.07326558462793 0.0718052741887158 0.0714638288520499 0.0737982674561059 0.0752163460455464 0.0762742940832707 0.079570014981084 0.0817547207715343 -9999 -9999 -9999 -9999 -9999 -9999 -9999 -9999 -9999 -9999 -9999 -9999 -9999 -9999
0.136829788298289 0.137263187291496 0.128326802561418 0.120242603886775 0.114405519218947 0.0917133999776705 0.0796600653001751 0.0737471979462177 0.06217182827943 0.0414467339553374 -9999 0.0405610017478466 0.0384430643850982 0.0421323898022629 0.0447411887284035 0.051690101042973 0.057729368946419 0.057719422369897 0.0666868628670928 0.0698743185456916 0.0715572104973605 0.0727162029705329 0.0722741722872055 0.0729634274271459 0.0729810195622445 0.0728303042619562 0.0724320893888773 0.0744943348563104 0.0744824862656056 0.0752900215139316 0.0784090366837039 0.0822668867248357 0.0840868676850871 0.086232133848027 -9999 -9999 0.0971833881452707 0.100546396528757 -9999 -9999 0.103707444377981 0.111882617554331 -9999 -9999 -9999 -9999 -9999 -9999
0.148777538278374 0.148478670181357 0.149141678456575 0.142672411230776 0.13129377555182 0.111004594764832 0.0833610602818657 0.0779087482856083 -9999 -9999 -9999 -9999 -9999 0.0516909994184971 0.0581198962381921 0.0631052270647836 0.0653717491105369 0.069752137582012 0.0768811692161958 0.0777658830540818 0.0789278580934483 0.0745727292377361 0.0775115936710406 0.0772095000715887 0.0767938783392408 0.0775399833609473 0.0772524172367855 0.0764588483698491 0.0786765349057301 0.0820739666421045 0.0836086882185006 0.0842374042559344 0.0883287322874223 -9999 -9999 -9999 0.100824996829033 0.101097231437075 0.101034958584449 0.111731000244617 0.103712664995696 0.111891545759094 0.105621413658985 -9999 -9999 -9999 -9999 -9999
0.150982340018632 0.155732033965887 0.152419521857042 0.148222691603564 0.142836883998242 0.117299659620915 0.103166646259533 0.130970300473523 -9999 -9999 -9999 -9999 -9999 -9999 -9999 -9999 -9999 -9999 -9999 -9999 -9999 0.0919099971652031 0.0900328466200035 0.0844681049012618 0.0890991727595797 0.0877873713984162 0.0827768122945462 0.0848679327518829 0.088086877471619 -9999 -9999 -9999 -9999 -9999 -9999 -9999 -9999 0.10088399797678 -9999 -9999 0.102491997182369 0.112245535417059 0.10568228838819 -9999 -9999 -9999 -9999 -9999
0.15421400415078 0.156523801689135 0.152674488609372 0.153049948836327 0.149669639046069 0.142522705806632 0.133621293035199 0.131881153069495 0.144415479897911 0.145257279635855 0.146281924746481 0.141273147420359 -9999 -9999 -9999 -9999 -9999 -9999 -9999 -9999 -9999 -9999 -9999 -9999 -9999 -9999 -9999 -9999 -9999 -9999 -9999 -9999 -9999 -9999 -9999 -9999 -9999 -9999 -9999 -9999 -9999 -9999 -9999 -9999 -9999 -9999 0.118779346707754 0.116920442190507
0.154453783801064 0.158561765885821 0.16169618369385 0.167071611362119 0.159036538338712 0.148646546417302 0.146488452119031 0.14544341266277 0.144825099831497 0.145293943163336 0.146311546504143 0.141399507468587 0.149515722132389 -9999 -9999 -9999 0.126929427763316 0.125206167086066 0.119497350033025 0.118633261806588 0.118500162266945 0.117357686590811 0.115227878783249 0.11402191065336 0.113330201785908 -9999 -9999 -9999 -9999 0.102961505936063 0.102215152886403 0.100443500932377 0.098329553187624 0.0982118701022375 0.0981321420099419 0.0993044347871775 0.10076053810828 0.10152836143559 -9999 -9999 -9999 -9999 -9999 -9999 -9999 0.117741003632545 0.118779346707754 0.116920442190507
0.152699566306315 0.157254238975625 0.16103404812096 0.165994266060411 0.166472240896096 0.151973544049747 0.151749396838533 0.15147722352765 0.14896535155765 0.148259037896137 0.148720799033517 0.151321506335891 0.149960799075525 0.148978752647719 -9999 0.129387496287138 0.126958086078093 0.125223261646745 0.119519077425528 0.118653328807454 0.118671740010788 0.117375780501535 0.115243744764769 0.114023698151674 0.113331008168249 0.110723980594004 0.10966200080954 0.108640729644253 0.104092194615082 0.102962481220623 0.102220549479666 0.10045643900336 0.098331928068805 0.0982144998703023 0.0981348461766477 0.0993074149266884 0.100776466009227 0.101550368477337 0.110846263802362 -9999 -9999 -9999 -9999 -9999 -9999 -9999 -9999 -9999
0.147062668493567 0.149815280873736 0.155996156073538 0.1600730818861 0.160570520059745 0.160699293341146 0.161093532460809 0.160684477053725 0.160537831099858 0.158904711740391 0.158899113040561 0.153723937804717 0.15125529435303 0.149057025884829 0.141233858807655 0.132666312899459 0.130276772703719 0.127189306144396 0.122026545602604 0.120969850241996 0.119381470317524 0.117844485827597 0.117073586823087 0.114235250671656 0.113422408152637 0.110740391054808 0.109662406429883 0.108635163774623 0.105910328564484 0.103084131834865 0.102841753385094 0.10194652632179 0.0986174204516931 0.0985185255237595 0.0984457849290637 0.0996587382110616 0.102613274281008 0.104086497146118 0.111251051057321 0.12143345437104 -9999 -9999 -9999 -9999 -9999 -9999 -9999 -9999
0.138549327303515 0.144644545670104 0.149037023819162 0.155027560574642 0.156133357268271 0.155755437679338 0.159287512417393 0.158081774475008 0.157749828256356 0.16225874665442 0.162517997353353 0.156881980654879 0.155090520263334 0.153497421173583 0.141462252559513 0.135719057256289 0.133617061364678 0.126252963638691 0.122697416998914 0.121734768802078 0.11881027669336 0.11799899825572 0.117307430337859 0.11542966711595 0.113088186858475 0.112283723895095 0.109750495479001 0.107431437694415 0.106783693774469 0.105082669127424 0.102664272076165 0.101688952532875 0.101161275395664 0.0987166238865386 0.0982851120733235 0.101352178619675 0.102810875846315 0.103988892538732 0.115984667990864 0.122272342466072 0.132831091852729 -9999 -9999 -9999 -9999 -9999 -9999 0.124931116961177
0.134893006510662 0.138098031818003 0.145983393718453 0.149783124777638 0.15230544406408 0.153570120244547 0.154842645485716 0.157097670037704 0.157062679812974 0.160584840095916 0.161148453459644 0.158401155623822 0.15515239394827 0.153626207029433 0.145821102566964 0.138398547731565 0.134857063045024 0.126796858139684 0.123496053362277 0.122309147686544 0.119345767458979 0.118870601992444 0.118409765743913 0.115938763123586 0.113563835346155 0.112750982696556 0.110311797836309 0.108046937788081 0.107400643161601 0.10578158345225 0.104257126333553 0.103787660616662 0.102200955854785 0.100721609560503 0.101698577500203 0.103157148159211 0.105093526124174 0.112152063434024 0.120132182908938 0.125210758410385 0.133275420522119 -9999 -9999 -9999 -9999 -9999 0.140155002474785 0.13027067459363
0.127026232228263 0.128986517033918 0.135586712245544 0.139780965093961 0.141159704230673 0.146990750962282 0.149625482742832 0.150718643802524 0.154999493269859 0.155188680982526 0.155396551641675 0.154838590757808 0.150633777495216 0.148859139688836 0.14387838719774 0.136938954387424 0.134655929043619 0.130404923024471 0.12540083102505 0.124323993242621 0.122290723466882 0.120175105813483 0.119553435068111 0.11700103645023 0.115509619163555 0.114733293626404 0.11181474347425 0.110625146448013 0.110077434460844 0.107662217060248 0.10708557223056 0.106699403985715 0.104690798085637 0.106436384797899 0.10711036100294 0.109089376898137 0.118317090469835 0.122648507933035 0.127884666741155 0.140607853299581 0.154017758760772 0.15228879537623 -9999 -9999 -9999 0.163259997963905 0.157172875865617 0.138087102070687
