Spatial_Analysis/Maxent_Inputs/Inputs/Present/PAR_present.asc
NCOLS 638 
NROWS 314 
XLLCORNER -102.97071042 
YLLCORNER 3.973116569 
CELLSIZE 0.083 
NODATA_value -9999 
[rows 56 to 83 of 314, columns 64 to 127 of 638]
39.0020904541016 39.1159782409668 39.2513809204102 39.8366584777832 39.9723091125488 40 39.7810516357422 39.4495811462402 39.0568199157715 39 39 39 39 39 39 39 39 39 39 39 39 39 39 39 39 39.0234985351562 39.1688919067383 39.4349899291992 39.7293586730957 39.9536895751953 39.9777297973633 40 40 40 40 40 40 40 40 40 40 40 40 40 40.0619583129883 40.1467208862305 40.8379211425781 40.921630859375 41 41 41 40.7125396728516 40.2872200012207 40.1897010803223 40.8647499084473 40.9269905090332 41 41 41 41 41 41 41 41
39.0020904541016 39.1923217773438 39.5478515625 39.9486503601074 40 39.979850769043 39.7274398803711 39.2765083312988 39 39 39 39 39 39 39 39 39 39 39 39 39 39 39 39 39.0281600952148 39.0889205932617 39.5868682861328 39.4509811401367 39.9100608825684 40 40 40 40 40 40 40 40 40 40 40 40 40 40 40 40.090461730957 40.1713409423828 40.8934097290039 40.924919128418 40.9674987792969 40.9694709777832 40.9672088623047 40.7553100585938 40.3335494995117 40.1802291870117 40.5501213073731 40.868278503418 41 41 41 41 41 41 41 41
38.5276298522949 39.2206802368164 39.7866287231445 40 40 39.9594993591309 39.708438873291 39.2099990844727 39 39 39 39 39 39 39 39 39 39 39 39 39 39 39 39 39.093090057373 39.1624183654785 39.8150787353516 39.8256988525391 39.95458984375 40 40 40 40 40 40 40 40 40 40 40 40 40 40 40.0200805664062 40.1996002197266 40.6243896484375 40.9115104675293 40.9227714538574 40.4737091064453 40.807861328125 40.4831809997559 40.8596687316895 40.7825088500977 40.7600288391113 40.8313217163086 40.9255104064941 41 41 41 41 41 41 41 41
38.9495315551758 39.0111465454102 39.7866287231445 40 39.968318939209 39.9051818847656 39.2329292297363 39.0957908630371 39 39 39 39 39 39 39 39 39 39 39 39 39 39 39 39.0183601379395 39.2397689819336 39.7315711975098 39.963020324707 39.9616012573242 40 40 40 40 40 40 40 40 40 40 40 40.0307388305664 40.0498809814453 40.0778617858887 40.0806083679199 40.0706901550293 40.2131690979004 40.2630310058594 40.9288902282715 40.938648223877 40.9039192199707 40.8919982910156 40.8857192993164 40.9629707336426 40.9600410461426 40.9833908081055 40.9796295166016 41 41 41 41 41 41 41 41 41
39.0727615356445 39.5132217407227 39.8518409729004 40 39.9471588134766 39.9014701843262 39.1249198913574 39.0563583374023 39 39 39 39 39 39 39 39 39 39 39 39 39 39 39.0145416259766 39.0264701843262 39.2799491882324 39.8541793823242 39.9814796447754 40 40 40 40 40 40 40 40 40 40 40 40 40.098560333252 40.0923881530762 40.1596298217773 40.1698188781738 40.1330108642578 40.2703018188477 40.2379608154297 40.9554290771484 40.9598197937012 40.9754600524902 40.950008392334 40.9742698669434 40.9820404052734 41 41 41 41 41 41 41 41 41 41 41 41
39.7932014465332 39.5132217407227 39.9031295776367 39.9848213195801 39.8697700500488 39.7754707336426 39.0699005126953 39.0212593078613 39 39 39 39 39 39 39 39 39 39 39 39 39 39.0735092163086 39.1293182373047 39.1779708862305 39.4445190429688 39.8952102661133 40 40 40 40 40 40 40 40 40 40 40 40 40.055980682373 40.2735404968262 40.7227897644043 40.7295799255371 40.7516593933105 40.8974304199219 40.9126892089844 40.9500885009766 40.980110168457 41 41 41 41 41 41 41 41 41 41 41 41 41 41 41 41 41
40.0873794555664 39.9669418334961 39.9759902954102 39.9620590209961 39.6949195861816 39.190071105957 39.021541595459 39 39 39 39 39 39 39 39 39 39 39 39 39 39.0171394348145 39.1244888305664 39.5418510437012 39.7067108154297 39.7636299133301 39.9288291931152 40 40 40 40 40 40 40 40 40 40 40 40 40.0726509094238 40.5342292785645 40.2396697998047 40.2231712341309 40.3120307922363 40.9026718139648 41 41 41 40.9796905517578 41 41 41 41 41 41 41 41 41 41 41 41 41 41 41 41
40.4422988891602 40.0665817260742 40.0221710205078 39.9579391479492 39.6064109802246 39.1762084960938 39 39 39 39 39 39 39 39 39 39 39 39 39 39 39 39.0273895263672 39.0783386230469 39.1410789489746 39.4142799377441 39.8225898742676 40 40 40 40 40 40 40 40 40 40 40 40 40.1003799438477 40.340690612793 40.5519485473633 40.2082786560059 40.547191619873 40.7728691101074 40.957950592041 40.9801788330078 40.9324798583984 40.8392601013184 40.9504585266113 41 41 41 41 41 41 41 41 41 41 41 41 41 41 41
40.9310493469238 40.2669906616211 40.1255416870117 39.8885383605957 39.4920997619629 39.1510200500488 39 39 39 39 39 39 39 39 39 39 39 39 39 39 39 39.104320526123 39.2117500305176 39.3511695861816 39.5901412963867 39.8689117431641 40 40 40 40 40 40 40 40 40 40 40 40 40.1438217163086 40.5711402893066 40.2614402770996 40.3140487670899 40.3734016418457 40.5108413696289 40.9469299316406 40.9764709472656 40.82080078125 40.4657897949219 40.874080657959 41 41 41 41 41 41 41 41 41 41 41 41 41 41 41
40.8260803222656 40.4661407470703 40.1550788879395 39.8874092102051 39.4460105895996 39.3346214294434 39.0513305664063 39.0256309509277 39 39 39 39 39 39 39 39 39 39 39 39 39 39.1635208129883 39.4515991210938 39.859260559082 39.9657897949219 39.9748306274414 40 40 40 40 40 40 40 40 40.0278015136719 40 40 40 40.1561584472656 40.4945602416992 40.4017181396484 40.6648406982422 40.820728302002 40.9435501098633 41 41 40.8697204589844 40.6355094909668 40.9045486450195 41 41 41 41 41 41 41 41 41 41 41 41 41.0268592834473 41.0237884521484 41
40.7288589477539 40.3890914916992 40.1940994262695 39.9504089355469 39.7207489013672 39.5245704650879 39.057918548584 39.0275917053223 39 39 39 39 39 39 39 39 39 39 39 39 39 39.0830993652344 39.1473693847656 39.8391609191895 40 40 40 40 40 40 40 40 40 40.074821472168 40.2018508911133 40.0769309997559 40.0513801574707 40.083610534668 40.3303909301758 40.4155387878418 40.7119293212891 40.6967887878418 40.8911094665527 41 41 41 40.9733085632324 40.9673614501953 40.976261138916 41 41 41 41 41 41 41 41 41 41 41.0862503051758 41.1127700805664 41.2758407592774 41.1542701721191 41.1462097167969
40.8269004821777 40.6170806884766 40.245979309082 39.950080871582 39.639461517334 39.2826614379883 39 39 39 39 39 39 39 39 39 39 39 39 39 39 39 39.0542182922363 39.0889892578125 39.6012992858887 39.9495086669922 39.9757118225098 40 40 40 40 40 40 40 40.0804100036621 40.2376289367676 40.0827598571777 40.1524391174316 40.3620414733887 40.742130279541 40.6982192993164 40.8678398132324 40.9687690734863 40.9734115600586 41 41 41 41 41 41 41 41 41 41 41 41 41 41 41 41.0994911193848 41.43994140625 41.505199432373 41.7611503601074 41.5999183654785 41.5902099609375
40.9048614501953 40.3707084655762 40.1710586547852 39.925220489502 39.5785598754883 39.2030906677246 39 39 39 39 39 39 39 39 39 39 39 39 39 39.0293006896973 39.0315895080566 39.1598205566406 39.3749809265137 39.6906318664551 39.950309753418 39.9759712219238 40 40 40 40 40 40.0266189575195 40.0319786071777 40.0233688354492 40.0302696228027 40.023509979248 40.1479187011719 40.318229675293 40.5446090698242 40.6631088256836 40.8664283752441 41 41 41 41 41 41 41 41 41 41 41 41 41 41 41 41.0261497497559 41.0321006774902 41.2003517150879 41.5777397155762 41.8080711364746 41.975399017334 41.9700393676758 41.9706192016602
40.898250579834 40.1387786865234 40.0769691467285 39.8377990722656 39.3116607666016 39.1174507141113 39 39 39 39 39 39 39 39 39 39 39 39 39.0242881774902 39.1862602233887 39.406909942627 39.3737716674805 39.7256698608398 39.9724502563477 40 40 40 40 40.0250511169434 40.0335502624512 40.0251693725586 40.1057090759277 40.3164405822754 40.0702705383301 40.0297698974609 40.0558700561523 40.2161293029785 40.4624290466309 40.6535911560059 40.7609405517578 40.9014205932617 41 41 41 41 41 41 41 41 41 41 41 41 41 41.0293312072754 41.0557708740234 41.1869010925293 41.427188873291 41.6260108947754 41.7570190429688 41.8983497619629 42 42 42
40.8607292175293 40.1077690124512 40.0518493652344 39.7944793701172 39.1582298278809 39.0695610046387 39 39 39 39 39 39 39 39 39 39 39 39 39.0453987121582 39.2831115722656 39.6655807495117 39.7732391357422 39.9171409606934 40 40 40 40 40 40.1090812683106 40.3407402038574 40.1103897094727 40.1099815368652 40.2339897155762 40.1627082824707 40.2390289306641 40.5346984863281 40.7439613342285 40.8622894287109 40.9745788574219 40.9730415344238 41 41 41 41 41 41 41 41 41 41 41 41.0270004272461 41.0337715148926 41.1040191650391 41.2308311462402 41.5294303894043 41.7422714233398 41.8351402282715 41.974609375 41.9731712341309 42 42 42 42
40.6853103637695 40.1263313293457 40.0496215820312 39.8660888671875 39.4154510498047 39.1018981933594 39 39 39 39 39 39 39 39 39 39 39 39 39 39.182861328125 39.2996101379395 39.8612594604492 39.945671081543 40 40 40 40 40 40.1441383361816 40.4852104187012 40.1691513061523 40.16796875 40.5242118835449 40.6839714050293 40.7576484680176 40.8929595947266 40.975959777832 41 41 41 41 41 41 41 41 41 41 41 41 41.0303802490234 41.055591583252 41.2112312316895 41.5242385864258 41.6871910095215 41.7562789916992 41.8902282714844 41.9761505126953 42 42 42 42 42 42 42
40.7885513305664 40.1549606323242 40.0732917785645 39.8740386962891 39.2812690734863 39.0981216430664 39 39 39 39 39 39 39 39 39 39 39 39 39 39.0282211303711 39.0877799987793 39.4110908508301 39.8176307678223 40 40 40 40 40 40.0791091918945 40.2551193237305 40.198299407959 40.6373901367188 40.4267082214356 40.9137992858887 40.9765090942383 41 41 41 41 41 41 41 41 41 41 41 41 41 41.0208015441895 41.1721305847168 41.5596885681152 41.7785415649414 41.880729675293 41.9792785644531 41.9767417907715 42 42 42 42 42 42 42 42 42
40.869068145752 40.5548896789551 40.1416091918945 39.8874397277832 39.5080490112305 39.0914993286133 39 39 39 39 39 39 39 39 39 39 39 39 39.0229415893555 39.0674285888672 39.0918884277344 39.3161506652832 39.7891311645508 39.9824600219727 40 40 40 40 40.1175804138184 40.6917304992676 40.8020896911621 40.8789291381836 40.8634796142578 40.9574813842773 41 41 41 41 41 41 41 41 41 41 41 41.0210990905762 41.0324211120606 41.0273094177246 41.0222206115723 41.196949005127 41.2866096496582 41.9251708984375 41.9740715026855 42 42 42 42 42 42 42 42 42 42 42
40.2994918823242 40.1565093994141 40.0501289367676 39.8401184082031 39.1888198852539 39.0583114624023 39 39 39 39 39 39 39 39 39 39 39 39 39.1327285766602 39.6690292358398 39.7964515686035 39.847728729248 39.9263305664062 40 40 40 40.0254402160645 40.0525398254394 40.1989784240723 40.894889831543 40.9658699035645 41 40.9820213317871 41 41 41 41 41 41 41 41 41 41 41 41.0290298461914 41.0547103881836 41.5600395202637 41.1619911193848 41.1684188842773 41.7222785949707 41.828971862793 41.9640502929688 41.979549407959 42 42 42 42 42 42 42 42 42 42 42
40.2229194641113 40.0789413452148 40.008129119873 39.8064498901367 39.1036605834961 39.0319404602051 39 39 39 39 39 39 39 39 39 39 39.0150985717773 39.0139617919922 39.0777282714844 39.8300590515137 39.9244995117188 39.9509506225586 39.9766387939453 40 40 40 40.0613288879395 40.106689453125 40.2306594848633 40.9328117370605 40.9850387573242 41 41 41 41 41 41 41 41 41 41 41 41 41 41.0270805358887 41.0463104248047 41.6626205444336 41.225341796875 41.2198295593262 41.8690986633301 41.9393501281738 41.981819152832 42 42 42 42 42 42 42 42 42 42 42 42
40.9077110290527 40.1696586608887 40.036979675293 39.2460784912109 39.0761489868164 39 39 39 39 39 39 39 39 39 39.024600982666 39.0489196777344 39.1400604248047 39.1538505554199 39.1759605407715 39.8940696716309 39.9831695556641 40 40 40 40 40.0150413513184 40.1385192871094 40.6249313354492 40.9043083190918 40.9785308837891 41 41 41 41 41 41 41 41 41 41 41 41 41 41.0145988464355 41.018970489502 41.0488510131836 41.2257881164551 41.7439498901367 41.9385299682617 41.9787406921387 42 42 42 42 42 42 42 42 42 42 42 42 42 42
41.0163803100586 40.7012481689453 40.1720809936523 39.8163986206055 39.1961898803711 39.0622787475586 39 39 39 39 39 39 39 39.0171813964844 39.1302108764648 39.1747398376465 39.6583099365234 39.7044296264648 39.2586212158203 39.8914108276367 39.9812507629395 40 40 40 40 40 40.0886116027832 40.1629104614258 40.8852005004883 41 41 41 41 41 41 41 41 41 41 41.0206604003906 41 41.0195693969727 41.0377998352051 41.159740447998 41.2654304504395 41.2200202941895 41.3798294067383 41.8375587463379 41.983039855957 42 42 42 42 42 42 42 42 42 42 42 42 42 42 42
40.9420318603516 40.5745811462402 40.1288299560547 39.7646903991699 39.4377708435059 39.0943603515625 39 39 39 39 39 39.0224189758301 39.0417098999023 39.1914710998535 39.3524398803711 39.6610107421875 39.3252716064453 39.3330993652344 39.3981399536133 39.9271697998047 39.9796104431152 40 40 40 40.027099609375 40.0444297790527 40.2536506652832 40.3256797790527 40.8972091674805 41 41 41 41 41 41 41 41 41 41.0696907043457 41.1230392456055 41.0722007751465 41.0661582946777 41.1169281005859 41.7966804504395 41.9119300842285 41.9233894348145 41.9456100463867 41.9724311828613 42 42 42 42 42 42 42 42 42 42 42 42 42 42 42 42
40.8429107666016 40.152099609375 40.0156707763672 39.3499794006348 39.0994682312012 39.0237693786621 39 39 39 39 39 39.0270309448242 39.0582008361816 39.5710716247559 39.5493392944336 39.3492202758789 39.7097816467285 39.7953910827637 39.9454002380371 39.9776382446289 40 40 40 40.0213890075684 40.0611000061035 40.1150398254395 40.7919616699219 40.8891906738281 40.9774017333984 41 41 41 41 41 41 41 41.0229797363281 41.0446090698242 41.2373809814453 41.5449905395508 41.3110389709473 41.3232688903809 41.3819999694824 41.8900299072266 42 42 42 42 42 42 42 42 42 42 42 42 42 42 42 42 42 42 42 42
40.9072494506836 40.3073806762695 40.1013717651367 39.7443199157715 39.1203308105469 39.0224494934082 39 39 39 39 39 39 39.0226898193359 39.0823287963867 39.1941299438477 39.4727516174316 39.2841186523438 39.6116790771484 39.946949005127 40 40 40.0248603820801 40.048168182373 40.1572608947754 40.1258506774902 40.1356887817383 40.7140884399414 40.8704490661621 41 41 41 41 41 41 41 41 41.0511512756348 41.1058616638184 41.7156791687012 41.6316413879395 41.858081817627 41.9167213439941 41.9381217956543 41.9766502380371 42 42 42 42 42 42 42 42 42 42 42 42 42 42 42 42 42 42 42.0245895385742 42
41.0459518432617 40.6796684265137 40.2354202270508 39.8385200500488 39.2597999572754 39.1105003356934 39 39 39 39 39 39 39 39 39.0574188232422 39.0606307983398 39.1051902770996 39.1935882568359 39.8743782043457 40 40 40.028148651123 40.060001373291 40.4794502258301 40.4034194946289 40.3759002685547 40.5587005615234 40.8620185852051 41 41 41 41 41 41 41 41 41.027530670166 41.0818214416504 41.6436882019043 41.9191017150879 41.9520797729492 42 42 42 42 42 42 42 42 42 42 42 42 42 42 42 42 42 42 42 42 42.0777397155762 42.1727981567383 42.0601081848145
41.0595092773438 40.6846618652344 40.2912406921387 39.8511810302734 39.4025382995605 39.128719329834 39 39 39 39 39 39.0236015319824 39.0272216796875 39.0513191223145 39.1689300537109 39.2810707092285 39.2305908203125 39.3654403686523 39.9071083068848 40 40 40 40 40.2646408081055 40.7823181152344 40.8445587158203 40.9669494628906 40.9725189208984 41 41 41 41 41 41 41 41 41.0768394470215 41.1036605834961 41.4858894348145 41.8933296203613 41.9484405517578 42 42 42 42 42 42 42 42 42 42 42 42 42 42 42 42 42 42 42 42 42.100528717041 42.3444900512695 42.1242904663086
41.0021514892578 40.6517601013184 40.2718391418457 39.8620185852051 39.3543395996094 39.1457099914551 39 39 39 39 39 39.1508293151855 39.3075103759766 39.4369888305664 39.5393905639648 39.6362991333008 39.4282417297363 39.7447395324707 39.9765396118164 40 40 40.0276985168457 40.0556182861328 40.3586196899414 40.6056213378906 40.6756591796875 40.9445304870605 40.9723892211914 41 41 41 41 41 41 41.0319595336914 41.0629692077637 41.3908081054688 41.4465103149414 41.7471008300781 41.6586494445801 41.6991996765137 41.9436416625977 41.971851348877 42 42 42 42 42 42 42 42 42 42 42 42 42 42 42 42 42.0548706054688 42.0282592773438 42.1922302246094 42.3495903015137 42.3876991271973
