Spatial_Analysis/Maxent_Inputs/Inputs/Present/PAR_present.asc
NCOLS 638 
NROWS 314 
XLLCORNER -102.97071042 
YLLCORNER 3.973116569 
CELLSIZE 0.083 
NODATA_value -9999 
[rows 252 to 279 of 314, columns 192 to 255 of 638]
45 44.9784889221191 44.9632301330566 44.9166984558105 44.945240020752 44.9841117858887 45 45 45 44.9557609558106 44.9628601074219 44.8111381530762 44.7502212524414 44.1444511413574 44.0548400878906 44.0206794738769 44 44 43.9579086303711 43.8614311218262 43.9035301208496 43.7085609436035 43.2287406921387 43.0842704772949 43.0961799621582 43.0654602050781 43.0303192138672 43.0456085205078 43.0476913452149 43.0652809143066 43.0850105285645 43.2189407348633 43.6963310241699 43.9846305847168 44.2253303527832 44.721378326416 44.8589096069336 44.9060287475586 44.9139404296875 44.4846611022949 44.8052291870117 45.1802406311035 -9999 -9999 -9999 -9999 -9999 -9999 -9999 -9999 -9999 -9999 -9999 -9999 -9999 -9999 -9999 -9999 38.8145904541016 38.1237602233887 37.9912490844727 37.7785911560059 37.8693008422852 36.9942398071289
44.8440818786621 44.2788391113281 44.2049102783203 44.1082992553711 44.2293395996094 44.2042007446289 44.3389205932617 44.7140808105469 44.2686195373535 44.2396697998047 44.1614990234375 44.0396499633789 44.0214881896973 44 43.9666709899902 43.8959617614746 43.319091796875 43.2484016418457 43.1562690734863 43.1331901550293 43.1147689819336 43.0397300720215 43.0218811035156 42.957160949707 42.7448806762695 42.2903900146484 42.2340888977051 42.2200508117676 42.2647895812988 42.453540802002 42.8261985778809 42.9265289306641 43.0005111694336 43.1604309082031 43.4456901550293 43.8226509094238 44.033748626709 44.1907501220703 44.8858184814453 45.092399597168 45.5552482604981 45.29443359375 44.9801940917969 -9999 -9999 -9999 -9999 -9999 -9999 -9999 -9999 -9999 -9999 -9999 -9999 -9999 -9999 -9999 -9999 38.0968017578125 38.0038604736328 37.921199798584 37.8693008422852 37.3876991271973
44.2017211914062 44.0664291381836 44.0446510314941 44 44.0221290588379 44 44.0926208496094 44.1472702026367 44.0495986938477 44.0220909118652 44 44 43.9779205322266 43.9455986022949 43.8498992919922 43.7813110351562 43.1281089782715 43.0737190246582 43 43 42.977668762207 42.9417610168457 42.9193000793457 42.7932090759277 42.2463607788086 42.1033706665039 42.0206718444824 42.0207481384277 42.020450592041 42.1365509033203 42.1948585510254 42.3137092590332 42.3510894775391 42.8738594055176 43.1128005981445 43.1953201293945 43.4724197387695 43.8885917663574 44.3068313598633 44.9421081542969 45.033618927002 44.6659545898438 44.9801940917969 -9999 -9999 -9999 -9999 -9999 -9999 -9999 -9999 -9999 -9999 -9999 -9999 -9999 -9999 -9999 -9999 -9999 38.0038604736328 37.921199798584 37.8693008422852 37.3876991271973
44.02294921875 44 44 44 44 44 44 44.0235290527344 44 44 43.976619720459 43.910530090332 43.8542289733887 43.4026489257813 43.3420715332031 43.2705917358398 43.0514984130859 43.026969909668 42.9752998352051 42.9313011169434 42.8779411315918 42.4247398376465 42.3690986633301 42.2384910583496 42.0714988708496 42.023509979248 42 42 42 42.0223503112793 42.0230102539062 42.0497894287109 42.0743713378906 42.3593292236328 42.8874816894531 42.9718704223633 43.2689208984375 43.653678894043 43.9858093261719 44.2664909362793 44.2982902526855 43.891975402832 -9999 -9999 -9999 -9999 -9999 -9999 -9999 -9999 -9999 -9999 -9999 -9999 -9999 -9999 -9999 -9999 -9999 -9999 -9999 -9999 -9999 -9999
44 44 44 44 44 44 44 44 43.9749794006348 43.9021911621094 43.8439788818359 43.4486312866211 43.3641090393066 43.0899314880371 43.0511016845703 43.025749206543 43 43 42.8529281616211 42.5908088684082 42.6902084350586 42.1705017089844 42.109260559082 42.025749206543 42 42 42 42 42 42 42 41.9726295471191 41.9738693237305 42.1502113342285 42.5454597473145 42.7965812683105 43.0624504089355 43.2403984069824 43.3603096008301 43.4523391723633 43.4856605529785 43.4856605529785 -9999 -9999 43.3810501098633 -9999 -9999 -9999 -9999 -9999 -9999 -9999 -9999 -9999 -9999 -9999 -9999 -9999 -9999 -9999 -9999 -9999 -9999 -9999
44 44 44 44 44 44 44 44 43.8825798034668 43.5210304260254 43.4224281311035 43.1130218505859 43.0829010009766 43 43 43 42.9689292907715 42.9364891052246 42.4542388916016 42.2446594238281 42.2938919067383 42.0606689453125 42.0304794311523 42 42 42 42 42 42 41.9376106262207 41.8949089050293 41.6522102355957 41.8423118591309 41.9709396362305 42.2100105285645 42.3546295166016 42.6272888183594 42.8266181945801 42.8392105102539 42.6645812988281 43.4856605529785 42.9187793731689 -9999 42.7404289245605 43.3810501098633 43.7291488647461 -9999 -9999 -9999 -9999 -9999 -9999 -9999 -9999 -9999 -9999 -9999 -9999 -9999 -9999 -9999 -9999 -9999 -9999
44 44 44 44 44 44 44 44 43.8563690185547 43.3741989135742 43.1904907226562 43 43 43 43 43 42.9156913757324 42.8343315124512 42.2066192626953 42.0278396606445 42.0300903320312 42 42 42 42 42 41.9713706970215 41.9750785827637 41.9717102050781 41.7384796142578 41.5613212585449 41.2316284179688 41.3605804443359 41.6161918640137 41.9173393249512 41.9980888366699 42.1903381347656 42.3785705566406 42.3866004943848 42.0392189025879 42.3518981933594 41.7166404724121 41.9873809814453 42.7258796691895 43.4040107727051 43.7291488647461 43.6585693359375 -9999 -9999 -9999 -9999 -9999 -9999 -9999 -9999 -9999 -9999 -9999 -9999 -9999 -9999 -9999 -9999 -9999
44 44 44 44 44 44 44 44 43.844108581543 43.3761405944824 43.1418991088867 43 43 43 42.9476203918457 42.9225997924805 42.6350402832031 42.572208404541 42.0856285095215 42 42 42 42 42 41.9654502868652 41.9350090026855 41.7573089599609 41.8804893493652 41.8699607849121 41.484058380127 41.2007484436035 41.023250579834 41.0518798828125 41.1714897155762 41.5471611022949 41.6418800354004 41.9415016174316 41.9781608581543 42.0047302246094 41.8461990356445 41.5882797241211 41.7166404724121 41.9873809814453 42.7258796691895 42.9800415039062 43.8876991271973 44.1899681091309 44.2740898132324 -9999 -9999 -9999 -9999 -9999 -9999 -9999 -9999 -9999 -9999 -9999 -9999 -9999 -9999 -9999 -9999
43.9766311645508 43.9759292602539 43.9761199951172 44 44 44 44 44 43.7644500732422 43.1360092163086 43.073860168457 43 43 42.9763107299805 42.7799606323242 42.6378288269043 42.1130714416504 42.0694389343262 42.0233116149902 42 42 42 42 41.9765892028809 41.9020614624023 41.8443298339844 41.3383598327637 41.5617980957031 41.5525588989258 41.1175689697266 41.0535087585449 41 41 41.0245704650879 41.0970993041992 41.1525688171387 41.6969299316406 41.8553504943848 42 41.9376106262207 41.9025917053223 41.7166404724121 41.9873809814453 42.7258796691895 42.9800415039062 43.0264892578125 44.130729675293 44.2740898132324 -9999 -9999 -9999 -9999 44.6747589111328 44.9627990722656 45 -9999 -9999 -9999 -9999 -9999 -9999 -9999 -9999 -9999
43.8193397521973 43.750129699707 43.7549591064453 43.9495811462402 44 44 43.9534492492676 43.9530715942383 43.6519889831543 43.0771598815918 43.0238304138184 43 43 42.8952293395996 42.5354385375977 42.1843185424805 42.0203399658203 42 42 42 42 41.9743309020996 41.9528503417969 41.7924385070801 41.673511505127 41.6842308044434 41.1059494018555 41.0814208984375 41.053150177002 41.0218811035156 41 40.9818687438965 41 41 41 41.0434989929199 41.2895202636719 41.727409362793 41.9782981872559 41.9779014587402 42 42.0941009521484 42.2366790771484 42.8821411132812 42.9800415039062 43.0264892578125 43.0000190734863 42.385570526123 41.4411087036133 -9999 -9999 -9999 44.6747589111328 44.9627990722656 45 45.0119400024414 -9999 -9999 -9999 -9999 -9999 -9999 -9999 -9999
43.3777809143066 43.2912788391113 43.2744483947754 43.8748893737793 43.9523010253906 43.9570999145508 43.8466300964355 43.8234481811524 43.1755409240723 43.0217399597168 43 43 42.9816093444824 42.8292999267578 42.1476287841797 42.0435485839844 42 42 42 42 42 41.9618301391602 41.8829002380371 41.1994705200195 41.0907707214356 41.0544281005859 41.021110534668 41 41 40.9551811218262 40.9582290649414 40.896900177002 40.9377517700195 41 40.9804000854492 41.0188217163086 41.1558609008789 41.5793609619141 41.7916488647461 41.8346290588379 41.9494781494141 42.1502799987793 42.5845909118652 42.9162712097168 42.9805183410645 42.981258392334 42.8434104919434 42.385570526123 41.4411087036133 42.203784942627 43.2093696594238 44.0541610717773 44.6747589111328 44.9627990722656 45 45.0119400024414 44.9950904846191 44.9552307128906 45.6470108032226 44.8912391662598 44.9223289489746 44.2334899902344 44.9431800842285 -9999
43.9027099609375 43.7459602355957 43.2745895385742 43.7648506164551 43.7357711791992 43.7845115661621 43.2495994567871 43.6323204040527 43.0742797851562 43 43 42.9809684753418 42.9501304626465 42.7649307250976 42.0885696411133 42.0178184509277 42 42 42 42 42 41.9585609436035 41.8764915466309 41.1211395263672 41 41 40.9515609741211 40.9181098937988 40.9049415588379 40.7803192138672 40.7988891601562 40.3081588745117 40.7865409851074 40.8743782043457 40.8783111572266 40.9453201293945 41.0229606628418 41.0496597290039 41.080680847168 41.2582588195801 41.743278503418 41.9167213439941 42.0462303161621 42.768310546875 42.80078125 42.8701210021973 42.9616394042969 42.9214286804199 42.9664611816406 43.0630989074707 43.2093696594238 44.1659088134766 44.7919616699219 44.9836616516113 45 45 44.9950904846191 44.9552307128906 45.6470108032226 44.8912391662598 44.9223289489746 44.2334899902344 44.9431800842285 44.9910888671875
43.1969718933105 43.2035102844238 43.1460113525391 43.5004806518555 43.0746002197266 43.022159576416 43 43.0191917419434 43 43 42.9784088134766 42.9188995361328 42.8783912658691 42.6646308898926 42.0612907409668 42.0230293273926 42 42 42 42 41.9785003662109 41.8926315307617 41.818531036377 41.1346092224121 41 41 40.8893699645996 40.8031196594238 40.2200508117676 40.061580657959 40.019718170166 40.0629806518555 40.132869720459 40.1467514038086 40.5200691223145 40.262580871582 40.3937683105469 40.7714614868164 40.9059181213379 40.9449615478516 40.9765815734863 41.0840606689453 41.1755485534668 41.3271598815918 41.9079704284668 41.9875183105469 42.3269691467285 42.8065910339356 43.159740447998 43.1193008422852 43.2467002868652 44.1806182861328 44.3035011291504 44.834098815918 44.9167213439941 44.9463081359863 45.0259094238281 45.1003494262695 45.6470108032226 45.4929084777832 45.1650505065918 44.958438873291 44.9431800842285 44.9910888671875
43.0462417602539 43.0489082336426 43.0495300292969 43.1414108276367 43.0446891784668 43.0219688415527 43 43 43 42.9340782165527 42.8499183654785 42.3777084350586 42.3427886962891 42.1945304870605 42.0428810119629 42.0221290588379 42 41.9741706848145 41.9447784423828 41.8794593811035 41.8267707824707 41.3513412475586 41.2956008911133 41.0547103881836 41 41 40.9481506347656 40.8463516235352 40.1745109558105 40 40 40 40.0223999023438 40.0614395141602 40.138240814209 40.0645408630371 40.120979309082 40.211498260498 40.3039016723633 40.5090484619141 40.8017501831055 40.9194602966309 40.9403495788574 41.0281486511231 41.2921485900879 41.3517684936524 42.0019493103027 42.1815299987793 42.8222503662109 43.1193008422852 43.2467002868652 43.9003105163574 43.9567489624024 44.1684417724609 44.3368682861328 44.3759613037109 44.8799095153809 44.9560890197754 45.1761703491211 45.1729888916016 44.9208602905273 45 44.9774703979492 45.0044288635254
43.0241203308105 43 43 43.0246200561523 43 43 43 43 42.9482803344727 42.7160911560059 42.4146385192871 42.0796508789062 42.0753288269043 42.0246696472168 42 42 41.9501991271973 41.9084701538086 41.4994888305664 41.3677101135254 41.2991218566895 41.0799713134766 41.0532112121582 41 41 41 40.9421882629395 40.8824005126953 40.194221496582 40 40 40 40 40 40.0255584716797 40 40 40.0251693725586 40.0485801696777 40.1832809448242 40.2616806030273 40.3661499023438 40.3700408935547 40.4728698730469 40.9900207519531 41.0319404602051 41.3663711547852 41.481861114502 42.1388702392578 42.6259117126465 42.8778495788574 43.2281684875488 43.281681060791 43.4490089416504 43.9604797363281 43.9734497070313 44.2870216369629 44.3773307800293 44.8646392822266 44.9654998779297 44.9208602905273 44.8896598815918 44.8532600402832 44.4642601013184
43 43 43 43 43 43 43 43 42.7993812561035 42.3521499633789 42.1598014831543 42 42 42 42 41.9757308959961 41.7896003723145 41.588809967041 41.4281997680664 41.1098518371582 41.0550994873047 41 41 41 41 41 40.9133415222168 40.8598289489746 40.4721908569336 40.0605010986328 40.0279998779297 40 40 40 39.9719581604004 39.9693984985352 40 40 40 40.0252304077148 40.027271270752 40.0510101318359 40.0518188476562 40.1564712524414 40.5651512145996 40.7949295043945 41.0798416137695 41.1092109680176 41.5434494018555 42.0818099975586 42.2252616882324 42.5262718200684 42.5619010925293 42.9982414245605 43.4231910705566 43.4664497375488 43.656551361084 43.8974990844727 44.3221282958984 44.4507598876953 44.4212989807129 44.415641784668 44.3885803222656 44.0592918395996
43 42.9706993103027 42.9749717712402 42.9470100402832 42.943359375 42.9709510803223 42.9433898925781 42.9078903198242 42.4864997863769 42.0840187072754 42.0268096923828 41.9748497009277 41.9722709655762 41.9734191894531 41.9375991821289 41.8505401611328 41.4584312438965 41.282958984375 41.2882194519043 41.0547714233398 41.0269393920898 41 41 40.9710311889648 40.9082298278809 40.8994407653809 40.5669288635254 40.5352592468262 40.3552398681641 40.0564498901367 40.027759552002 40 40 39.9734802246094 39.847900390625 39.7147598266602 39.8822593688965 39.9136009216309 39.9709587097168 39.970531463623 39.9760093688965 40 40 40.0263214111328 40.2504196166992 40.4553909301758 40.9362487792969 41.0024185180664 41.396598815918 41.5645484924316 41.6027717590332 42.0194091796875 42.0834808349609 42.5102615356445 42.9481582641602 42.9761810302734 43.2121696472168 43.4173889160156 43.8738899230957 44.0004997253418 44.0004692077637 43.9712104797363 43.9413681030273 43.5181694030762
42.904369354248 42.7167510986328 42.7964401245117 42.6546897888184 42.5903396606445 42.6575317382812 42.732120513916 42.5931015014648 42.1390686035156 42 42 41.8562698364258 41.7603607177734 41.6692085266113 41.7342910766602 41.568431854248 41.0953903198242 41.0576591491699 41.0302200317383 41 41 40.9472007751465 40.9149513244629 40.6568794250488 40.5200881958008 40.4903411865234 40.1225090026855 40.089298248291 40.0306587219238 40 40 39.9728889465332 39.9761810302734 39.9478187561035 39.6629600524902 39.3818511962891 39.4964904785156 39.5286407470703 39.6147994995117 39.7031402587891 39.8643798828125 39.9729194641113 39.9760513305664 40 40.0631484985352 40.1267395019531 40.6694602966309 40.8742599487305 41.3429908752441 41.1851806640625 41.243709564209 41.8449401855469 41.9123191833496 42.1669807434082 42.5318908691406 42.6237983703613 42.9442481994629 43.0099716186523 43.4578895568848 43.4810218811035 43.5337409973145 43.4820289611816 43.4440116882324 43.0548706054688
42.6651992797852 42.2653884887695 42.4638710021973 42.1536102294922 42.0991516113281 42.1562614440918 42.4256591796875 42.1698989868164 42.0176391601562 42 42 41.7385101318359 41.366870880127 41.2441711425781 41.5211715698242 41.2181091308594 41.0226898193359 41 41 41 41 40.8570289611816 40.7149391174316 40.1556205749512 40.0618095397949 40.056339263916 40.0227890014648 40 40 39.967830657959 39.9401512145996 39.8072204589844 39.9124488830566 39.8569297790527 39.448371887207 39.1946487426758 39.0583686828613 39.0820617675781 39.0815391540527 39.240119934082 39.5251617431641 39.7518692016602 39.8573799133301 40 40 40.0232696533203 40.304988861084 40.7233581542969 40.9832305908203 41.0093116760254 41.0924911499023 41.6635093688965 41.8225708007813 42.0003509521484 42.0476188659668 42.1272201538086 42.5533294677734 42.625431060791 42.7290687561035 42.5271682739258 42.5320892333984 42.6418609619141 42.5818710327148 43.0548706054688
42.1648788452148 42.0494613647461 42.0317993164063 42.0226783752441 42 42.0229110717773 42.0330581665039 42.0266914367676 42 41.9777603149414 41.9787216186523 41.7996482849121 41.425838470459 41.1883506774902 41.376781463623 41.1128196716309 41 41 41 41 40.9781684875488 40.8305816650391 40.4637794494629 40.0978813171387 40.0227088928223 40 40 40 40 39.9355506896973 39.876651763916 39.4058303833008 39.7339897155762 39.6511001586914 39.1121101379395 39.0496215820312 39 39 39 39.0292701721191 39.0751113891602 39.2426910400391 39.5848197937012 39.9234390258789 39.9774513244629 40.0213890075684 40.1623802185059 40.5076599121094 40.7296714782715 40.8000297546387 40.9535102844238 41.1962890625 41.5284690856934 41.7865600585938 41.7151412963867 41.799991607666 41.9867095947266 42.0321197509766 41.9755592346191 41.6440696716309 41.3003005981445 41.494499206543 40.100040435791 39.5131301879883
42.0222511291504 42 42 42 41.9797210693359 42 42 42 41.9299087524414 41.7930183410645 41.818531036377 41.8627281188965 41.805248260498 41.1523094177246 41.033519744873 41.022518157959 41 41 41 41 41 40.9476890563965 40.8698883056641 40.284610748291 40.1498908996582 40.0700798034668 40 40 39.9814605712891 39.8434104919434 39.7657585144043 39.2332992553711 39.5423011779785 39.1186294555664 39.0217590332031 39 39 39 39 39 39 39.050708770752 39.1109809875488 39.7140007019043 39.8300399780273 39.9277381896973 40.0248489379883 40.0532684326172 40.0935592651367 40.2859001159668 40.7096405029297 40.9746284484863 41.029239654541 41.0772018432617 41.1172981262207 41.1560401916504 41.6876411437988 41.6506195068359 41.6701011657715 40.9808197021484 40.8367805480957 40.1814613342285 40.100040435791 39.5131301879883
42 41.9474296569824 41.9180603027344 41.9093399047852 41.8419189453125 41.8860092163086 41.9458999633789 41.9302787780762 41.7750511169434 41.1660804748535 41.1561088562012 41.7164497375488 41.7004814147949 41.0927810668945 41 41 41 41 41 40.9573287963867 40.9652214050293 40.8480415344238 40.8110694885254 40.7705993652344 40.4982986450195 40.0928497314453 40.0165481567383 40 39.9278411865234 39.6380805969238 39.1565589904785 39.0594482421875 39.0299606323242 39.0186996459961 39 39 39 39 39 39 39 39 39.0200004577637 39.063419342041 39.2562484741211 39.7331199645996 39.868221282959 39.9251594543457 40 40.0575904846191 40.1190490722656 40.8152809143066 40.8986015319824 41 41 41.0188293457031 41.0481185913086 41.0739212036133 41.0258483886719 40.771411895752 40.2095184326172 40.0288391113281 39.9732093811035 39.5131301879883
41.9289703369141 41.7078399658203 41.2625694274902 41.1276397705078 41.0895309448242 41.0646781921387 41.1959114074707 41.1735610961914 41.0449409484863 41 41 41.0191612243652 41.0190200805664 41 41 41 40.9713287353516 40.9489898681641 40.8424987792969 40.4665794372559 40.7093887329102 40.1212882995605 40.0698013305664 40 40.0204696655273 40 40 39.957950592041 39.7670516967773 39.1381988525391 39.0432510375977 39 39 39 39 39 39 39 39 39 39 39 39 39 39 39.0195503234863 39.2381210327149 39.7290916442871 39.9797286987305 40 40 40.1004295349121 40.1734008789063 40.3210182189941 40.8894996643066 40.952579498291 40.9506797790527 40.92626953125 40.9184494018555 40.66796875 40.189281463623 40.093578338623 40.1731986999512 40.8648986816406
41.4136199951172 41.2105102539062 41.0992317199707 41 41 41 41.0222587585449 41.0220909118652 41 41 41 41 41 40.9752311706543 40.9274406433105 40.9006690979004 40.7833099365234 40.4697494506836 40.2388000488281 40.1608009338379 40.1625213623047 40.0488204956055 40.0259590148926 40 40 40 39.9444313049316 39.8830108642578 39.2863693237305 39.0446891784668 39.0226097106934 39 39 38.9759292602539 38.9375991821289 38.9214782714844 38.9457511901855 38.9727210998535 39 39 39 39 39 39 39 39.0217018127441 39.2348213195801 39.6785888671875 39.9322891235352 39.9323692321777 39.9195098876953 39.9458618164062 39.9948081970215 40.1049194335938 40.4213790893555 40.7131805419922 40.4556198120117 40.3569793701172 40.2543296813965 40.2068290710449 40.1538505554199 40.4814186096191 40.6223487854004 41.0497207641602
41.2085189819336 41.0251388549805 41 41 41 41 41 41 41 40.9706001281738 40.9451599121094 40.9438514709473 40.9698791503906 40.8593788146973 40.5023498535156 40.3973388671875 40.254810333252 40.1645393371582 40.0245895385742 40.0237312316895 40.0248413085938 40 39.9782600402832 39.9441184997559 39.9385414123535 39.9202499389648 39.7467994689941 39.4645500183105 39.111198425293 39 39 39 39 38.8848190307617 38.4898910522461 38.4142112731934 38.5083503723145 38.7884483337402 38.9759788513184 39 39 39 39 38.9709510803223 39 39 39.1530494689941 39.3354415893555 39.7317008972168 39.4508094787598 39.3830604553223 39.5033302307129 39.7834892272949 39.9517707824707 40.1484413146973 40.2001800537109 40.0730895996094 40.0535011291504 40 40.0537185668945 40.0851211547852 40.5102386474609 40.7152900695801 41.0395889282227
41.0788497924805 41 41 41 41 41 40.9735107421875 40.9692611694336 40.9173316955566 40.761791229248 40.5631103515625 40.5904388427734 40.7817802429199 40.723030090332 40.1663284301758 40.1065902709961 40.0275917053223 40.0239601135254 40 40 40 39.9082298278809 39.8790893554688 39.5230293273926 39.4539604187012 39.4229393005371 39.3232688903809 39.1814613342285 38.9755210876465 38.9689712524414 38.9752197265625 39 39 38.8135795593262 38.4230995178223 38.1747283935547 38.2318000793457 38.4121284484863 38.867488861084 39 39 38.9729881286621 38.9469299316406 38.6815299987793 38.9147911071777 38.9451713562012 39.0484504699707 39.0828590393066 39.248119354248 39.0990600585938 39.0535202026367 39.1785202026367 39.3776702880859 39.8411598205566 39.9940910339355 40.0022811889649 40 40 40 40 40.0244102478027 40.2355613708496 40.4059906005859 40.8370094299316
41 41 41 41 41 40.975658416748 40.8375015258789 40.6667518615723 40.5060501098633 40.3378791809082 40.1670684814453 40.1940383911133 40.3704414367676 40.3724098205566 40.0548706054688 40.027099609375 40 40 40 39.9087295532227 39.8852386474609 39.5437202453613 39.4782791137695 39.1275901794434 39.0570487976074 39.0535697937012 39.0046615600586 38.9965782165527 38.8870086669922 38.7240600585938 38.883731842041 38.9157600402832 38.884651184082 38.5807991027832 38.2881698608398 38.117488861084 38.1563186645508 38.3278999328613 38.5928115844727 38.8886108398438 38.9195785522461 38.888111114502 38.8284683227539 38.337158203125 38.5921211242676 38.8087692260742 38.9463081359863 38.9455108642578 39.0005798339844 38.9708595275879 38.9759788513184 39.054859161377 39.0900917053223 39.4336090087891 39.662410736084 39.8278503417969 39.9494209289551 39.9461288452148 40 40 40 40.1574592590332 40.3224906921387 40.5623893737793
40.9734992980957 40.949520111084 40.9500312805176 40.973461151123 40.9476089477539 40.9491081237793 40.6761207580566 40.3217010498047 40.0797004699707 40.0315093994141 40.0247001647949 40.0266494750977 40.0311012268066 40.0334396362305 40 40 40 39.9753303527832 39.8404998779297 39.5774192810059 39.524299621582 39.1474189758301 39.0892295837402 39 39 39 38.8541717529297 38.7176818847656 38.5071411132812 38.2925987243652 38.5027618408203 38.5385513305664 38.5041885375977 38.1571502685547 38.0314788818359 38.0488090515137 38.1090393066406 38.2966384887695 38.2475204467773 38.5054397583008 38.5676994323731 38.539421081543 38.5043907165527 38.1776390075684 38.345458984375 38.7356300354004 38.6353988647461 38.5991897583008 38.6233100891113 38.7370414733887 38.8886795043945 39 39 39.081241607666 39.2270088195801 39.4696617126465 39.599479675293 39.6228713989258 39.9296493530273 39.9484100341797 39.9967002868652 40.0937995910645 40.282299041748 40.2199211120606
