Spatial_Analysis/Maxent_Inputs/Inputs/Present/PAR_present.asc
NCOLS 638 
NROWS 314 
XLLCORNER -102.97071042 
YLLCORNER 3.973116569 
CELLSIZE 0.083 
NODATA_value -9999 
[rows 140 to 167 of 314, columns 448 to 511 of 638]
-9999 42.2779197692871 42.8087501525879 43.7579498291016 44.185001373291 44.3046493530274 44.4174308776855 44.3688697814941 43.8768615722656 43.5141410827637 44.8672294616699 44.3467903137207 44.3835105895996 44.8492088317871 44.9603500366211 45.3909111022949 45.3869590759277 45.4672889709473 45.9264183044434 46 46 45.973030090332 45.9193115234375 45.7018318176269 45.7080192565918 45.8374290466309 45.691780090332 45.6613311767578 45.5763893127441 45.2724418640137 45.1293487548828 45 45 45 45 45 45 45 45 45 45 45 45 45 45 45 45 45 45 45 45 45 45 45 45 45 45 45 45 45 45 45 45 45
-9999 -9999 42.7533493041992 43.7634506225586 44.2312316894531 44.4780197143555 44.8838310241699 44.9129905700684 44.7532806396484 44.3306617736816 44.8672294616699 44.3467903137207 45.0664291381836 45.2187309265137 45.2694702148438 45.3909111022949 45.8489189147949 45.9120216369629 45.9746017456055 46 46 45.8604202270508 45.6742515563965 45.2295188903809 45.3867797851563 45.7115783691406 45.5029792785645 45.4218902587891 45.2037315368652 45.3223991394043 45.0965805053711 44.9984092712402 44.9701881408691 45 45 45 45 45 45 45 45 45 45 45 45 45 45 45 45 45 45 45 45 45 45 45 45 45 45 45 45 45 45 45
-9999 -9999 -9999 43.7449684143066 44.3933906555176 44.4550399780273 44.9646797180176 45.0237503051758 45.2376594543457 45.2683906555176 45.5890083312988 45.4617385864258 45.4665794372559 45.7578506469727 45.6430397033691 45.8518104553223 45.9836883544922 46 46 46 46 45.7813110351562 45.40380859375 45.3550415039062 45.6095390319824 45.8330001831055 45.8025283813477 45.6458702087402 45.1257400512695 45.0334815979004 45.0268211364746 44.8431816101074 44.7603912353516 45 45 45 45 45 45 45 45 45 45 45 45 45 45 45 45 45 45 45 45 45 45 45 45 45 45 45 45 45 45 45
43.4097785949707 43.5886993408203 43.7079811096191 43.7449684143066 44.3933906555176 44.4550399780273 45.0061798095703 45.0615310668945 45.3989906311035 45.2626914978027 45.5003814697266 45.6805191040039 45.7997894287109 45.9516983032227 45.9678611755371 45.9757804870606 46 46 46 46 46 45.7857894897461 45.4415512084961 45.7897911071777 45.9667091369629 45.9745483398438 45.8657188415527 45.6042289733887 45.3161506652832 45.0989112854004 45.0277099609375 44.7873191833496 44.4303207397461 44.6762886047363 44.9508895874023 44.9756507873535 45.0255088806152 45.0228691101074 45 45 45 45 45 45 45 45 45 45 45 45 45 45 45 45 45 45 45 45 45 45 45 45 45 45
44.3005599975586 44.4065895080566 44.6775703430176 44.8804893493652 45 45 45 45.0227699279785 45.0320091247559 45.0298614501953 45.0555114746094 45.2281913757324 45.4934196472168 45.9151611328125 46 46 46 46 46 46 45.975700378418 45.8329811096191 45.5797386169434 45.911018371582 46 46 45.9732398986816 45.9443397521973 45.8118705749512 45.4480895996094 45.3784408569336 45.0026206970215 45.1931190490723 44.9806098937988 44.9736518859863 45.0307312011719 45.1731109619141 45.115291595459 45 45.0552406311035 45.0291404724121 45 45 45 45 45 45 45 45 45 45 45 45 45 45 45 45 45 45.0245704650879 45 45 45 45 45
44.8637390136719 44.9443397521973 44.9726409912109 45 45 45 45 44.9751815795898 44.9759101867676 44.9032211303711 44.9537811279297 45.0035018920898 45.0886001586914 45.6476707458496 45.9044799804688 45.9532585144043 46 46 46 46 46 45.9713706970215 45.9658584594726 45.9771881103516 46 46 46 46 45.9754791259766 45.936939239502 45.9191703796387 45.6557502746582 45.1931190490723 44.9806098937988 45.3551483154297 45.0942916870117 45.4745597839355 45.3109092712402 45.1714096069336 45.2578506469727 45.2414093017578 45.0533294677734 45.028018951416 45 45 45 45 45 45 45 45 45 45 45 45 45 45.0245399475098 45.0489807128906 45.1688117980957 45.0488395690918 45.0244293212891 45 45 45
44.9774894714356 45 45 45 45 45 44.8704795837402 44.7663612365723 44.5816192626953 44.2923393249512 44.3849716186523 44.4751091003418 44.5880012512207 44.9386100769043 45.611141204834 45.7066993713379 45.9488410949707 45.9733695983887 46 46 46 46 46 46 46 46 46 46 46 46 46 45.9254302978516 45.8598213195801 45.403881072998 45.3551483154297 45.3577499389648 45.4440307617188 45.7043991088867 45.4247589111328 45.5227813720703 45.5168304443359 45.0644111633301 45.0306282043457 45 45 44.9762496948242 44.9761695861816 44.9782218933105 45 45 45 45 45 45 45 45 45.0265197753906 45.0579605102539 45.4110908508301 45.0577392578125 45.0263710021973 45 45 45
45 45 45 45 44.9716796875 44.9458999633789 44.6042213439941 44.2762298583984 43.9060287475586 43.3601188659668 43.2587814331055 43.5998115539551 44.052848815918 44.4671783447266 45.2041397094727 45.3732414245605 45.9377517700195 45.9708290100098 46 46 46 46 46 46 46 46 46 46 46 45.9755592346191 45.9789009094238 45.9520416259766 45.9053115844727 45.7055397033691 45.6648902893066 45.7523918151855 45.6929206848145 45.689510345459 45.7231292724609 45.1660003662109 45.1059913635254 45.0227699279785 45 45 44.8573989868164 44.770149230957 44.6201705932617 44.5896606445312 44.8962707519531 45 45 45 45 45 45 45 45 45.022518157959 45.03173828125 45.0225105285645 45 45 45 45
45 45 45 45 44.9608612060547 44.9291915893555 44.4348983764648 44.3759994506836 44.1740112304688 43.8743896484375 43.8505706787109 45.8450698852539 45.9687385559082 45.9783592224121 45.6031799316406 45.8609008789062 45.9775695800781 46 46 46 46 46 46 46 46 46 46 46 45.9402198791504 45.7484817504883 45.7585296630859 45.658618927002 45.6174507141113 45.1974716186524 45.2257308959961 45.5058898925781 45.1712303161621 45.1724700927734 45.4927406311035 45.0786094665527 45.0250587463379 45 45 44.9187889099121 44.5433807373047 44.1943511962891 43.8089408874512 43.3905487060547 44.6093788146973 45 45 45 45 45 45 45 45 45 45 45 45 45 45 45
45 45.0218391418457 45 45 45 44.976978302002 44.9871406555176 44.9866981506348 45.1176414489746 45.2146797180176 45.3236198425293 45.8450698852539 45.9687385559082 45.9783592224121 45.9709091186523 45.9782600402832 46 46 46 46 46 46 46 46 46 46 46 46 45.8969612121582 45.4346313476562 45.2957305908203 45.1280403137207 45.0868797302246 45.0230407714844 45.029598236084 45.0318298339844 45.0224609375 45.022388458252 45.0314102172852 45.0456085205078 45 45 45 44.8989906311035 44.4000701904297 44.2828216552734 43.5507202148438 43.4078788757324 44.7648391723633 45 45 45 45 45 45 45 45 45 45 45 45 45 45 45
45.0527000427246 45.1178207397461 45.0483589172363 45 45.0384788513184 45.0686683654785 45.2573204040527 45.3343315124512 45.8275604248047 45.9159088134766 45.9476089477539 45.9789390563965 46 46 46 46 46 46 46 46 46 46 46 46 46 46 46 46 45.9764404296875 45.8745193481445 45.8040008544922 45.1291809082031 45.0541801452637 44.9500999450684 44.8969192504883 44.9489593505859 44.9572601318359 44.977840423584 45.0549583435059 45.1329803466797 45.0618400573731 45 45 44.9766693115234 44.9369506835938 44.8986396789551 44.6228408813477 43.933479309082 44.7648391723633 44.9382209777832 45 45 45 45 45 45 45 45 45 45 45 45 45 45
45.1012992858887 45.4131889343262 45.0952911376953 45.0742301940918 45.2603302001953 45.3023681640625 45.7204208374023 45.8483810424805 45.9808692932129 46 46 46 46 46 46 46 46 46 46 46 46 46 46 46 46 46 46 46 46 45.9682197570801 45.9130783081055 45.2750091552734 45.1268882751465 44.8873901367188 44.5066719055176 44.8176383972168 44.6643905639649 44.7040405273437 45.0271797180176 45.3905181884766 45.0911903381348 45 45 45 45 45 44.9306488037109 44.9071807861328 44.9313087463379 45 45 45 45 45 45 45 45 45 45 45 45 45 45 45
45.0128593444824 45.0542488098145 45.0296592712402 45.1789398193359 45.7626190185547 45.7991218566895 45.3813896179199 45.8205795288086 45.9805793762207 46 46 46 46 46 46 46 46 46 46 46 46 46 46 46 46 46 46 46 46 46 45.9782791137695 45.7318687438965 45.2647285461426 44.9936790466309 44.9397010803223 45.1074905395508 43.7744789123535 44.1369285583496 44.8648910522461 45.0338897705078 45.0242195129395 45 45 45 45 45 45 45 45 45 45 45 45 45 45 45 45 45 45 45 45 45 45 45
45.0437202453613 45.1326599121094 45.0833702087402 45.135181427002 45.5375900268555 45.6430702209473 45.3362197875977 45.774730682373 45.9811210632324 46 46 46 46 46 46 46 46 46 46 46 46 46 46 46 46 46 46 46 46 46 45.9814910888672 45.8289108276367 45.400089263916 45.1309013366699 45.2134819030762 45.1074905395508 44.7896003723145 44.3468399047852 44.8623809814453 45 45 45 45 44.981990814209 44.979419708252 44.9814300537109 44.9811096191406 44.9783096313477 45 45 45 45 45 45 45 45 45 45 45 45 45 45 45 45
45.1044502258301 45.6524085998535 45.2948112487793 45.0782203674316 45.0841102600098 45.1069602966309 45.381031036377 45.8153114318848 45.9819107055664 46 46 46 46 46 46 46 46 46 46 46 46 46 46 46 46 46 46 46 46 46 46 45.9513511657715 45.8912506103516 45.3829193115234 45.7100601196289 45.6439094543457 44.7896003723145 44.3468399047852 44.8525695800781 44.9795188903809 45 44.9801292419434 44.9606781005859 44.8371810913086 44.7368583679199 44.7856903076172 44.7621192932129 44.7545509338379 44.8756904602051 44.9614906311035 44.980598449707 45 45 45 45 45 45 45 45 45 45 45 45 45
45.0982818603516 45.69873046875 45.7523307800293 45.1177482604981 45.0572891235352 45.1169013977051 45.8369789123535 45.9276695251465 46 46 46 46 46 46 46 46 46 46 46 46 46 46 46 46 46 46 46 46 46 46 46 46 45.9789581298828 45.9527206420898 45.7545700073242 45.2406387329101 44.42578125 44.351390838623 44.456600189209 44.8483581542969 44.9314613342285 44.9582901000977 44.9087600708008 44.1930389404297 43.9921188354492 43.9386405944824 43.9177284240723 44.019458770752 44.1381416320801 44.9213485717774 44.9756088256836 45 45 45 45 45 45 45 45 45 45 45 45 45
45.0942611694336 45.2307586669922 45.6702499389649 45.1149711608887 45.0310287475586 45.094051361084 45.7978782653809 45.9004898071289 46 46 46 46 46 46 46 46 46 46 46 46 46 46 46 46 46 46 46 46 46 46 46 46 46 46 45.9421997070312 45.8595809936523 45.1743698120117 45.0823707580566 44.456600189209 44.4846000671387 44.8972282409668 44.9435195922852 44.8907203674316 44.1342506408691 43.8320617675781 43.3560791015625 43.3464813232422 44.7580604553223 45.6434288024902 45.037841796875 45.0167503356934 45 45 45 45 45 45 45 45 45 45 45 45 45
45.2700614929199 45.246150970459 45.657958984375 45.0893516540527 45.1093292236328 45.1473197937012 45.3654899597168 45.8722496032715 45.9839782714844 46 46 46 46 46 46 46 46 46 46 46 46 46 46 46 46 46 46 46 46 46 46 46 46 46 46 45.981128692627 45.8800201416016 45.7654685974121 45.1086006164551 44.9973907470703 44.994571685791 44.9775390625 44.9087295532226 44.2575302124023 44.1713905334473 44.1028289794922 43.7099800109863 44.7580604553223 45.6434288024902 45.1903495788574 45.0778999328613 45 45 45 45 45 45 45 45 45 45 45 45 45
45.9096984863281 45.751049041748 45.2816200256348 45.2015800476074 45.409049987793 45.8528709411621 45.9361305236816 45.9758796691895 46 46 46 46 46 46 46 46 46 46 46 46 46 46 46 46 46 46 46 46 46 46 46 46 46 46 46 45.9851608276367 45.8968696594238 45.4151306152344 45.7080993652344 45.0497894287109 45.0189094543457 44.9599189758301 44.9231185913086 44.9138298034668 44.9709396362305 45.0348587036133 45.1115112304688 45.2239990234375 45.8756103515625 45.7625007629395 45.2248497009277 45.0467185974121 45.0202598571777 45 45 45 45 45 45 45 45 45 45 45
45.9505195617676 45.3909416198731 45.8559989929199 45.9266700744629 45.945369720459 45.9817390441895 46 46 46 46 46 46 46 46 46 46 46 46 46 46 46 46 46 46 46 46 46 46 46 46 46 46 46 46 46 46 45.9595489501953 45.9063491821289 45.1815681457519 45.0681495666504 45.0139389038086 44.9375305175781 44.8454208374023 44.9138298034668 45.177318572998 45.7968292236328 45.9203414916992 45.9433097839355 45.9830894470215 45.9471397399902 45.8945808410645 45.1596412658691 45.0953102111816 45 45 45 45 45 45 45 45 45 45.0256500244141 45.0299911499023
46 45.9820785522461 46 46 46 46 46 46 46 46 46 46 46 46 46 46 46 46 46 46 46 46 46 46 46 46 46 46 46 46 46 46 46 46 46 46 46 46 45.9217910766602 45.6160888671875 45.1787300109863 44.9218482971191 44.423828125 44.6346244812012 44.8565292358398 45.7363204956055 45.9654808044434 45.9788093566895 45.9320411682129 45.7541809082031 45.311939239502 45.1534118652344 45.0874404907227 45 45 45 45 45 45 45 45.0204010009766 45.0298500061035 45.0862808227539 45.1291694641113
46 46 45.9787216186523 45.9704399108887 45.9788589477539 46 46 46 46 46 46 46 46 46 46 46 46 46 46 46 46 46 46 46 46 46 46 46 46 46 46 46 46.0214614868164 46.0293884277344 46.0217514038086 46 46 46 46 45.8823585510254 45.853099822998 45.6803703308105 45.5704116821289 45.6122016906738 45.678638458252 45.8346786499023 45.9212112426758 45.8630790710449 45.2770881652832 45.1371688842773 45.0490913391113 45.0182609558105 45 45 45 45 45 45 45 45.0287590026855 45.059268951416 45.5109481811523 45.1156387329101 45.1554107666016
46 45.9735412597656 45.942008972168 45.4956817626953 45.9474601745605 45.9780807495117 46 46 46 46 46 46 46 46 46 46 46 46 46 46 46 46 46 46 46 46 46 46 46 46 46 46.0504684448242 46.111198425293 46.5843505859375 46.1394004821777 46.0991706848145 46.0783386230469 46.060489654541 46.0219383239746 46 45.9809112548828 45.9805107116699 45.9588890075684 45.962760925293 45.898509979248 45.8851699829102 45.2991409301758 45.2422485351562 44.9398918151856 44.4946212768555 44.7587203979492 44.8543815612793 44.9257392883301 45 45 45 45 45 45 45.0186004638672 45.0429306030273 45.1156005859375 45.1391410827637 45.1927795410156
46 45.9763717651367 45.9554290771484 45.8749885559082 45.9579391479492 45.9799118041992 46 46 46 46 46 46 46 46 46 46 46 46 46 46 46 46 46 46 46 46 46 46 46 46 46.0220985412598 46.2097091674805 46.6020011901856 46.8558807373047 46.7424697875977 46.7477989196777 46.6947288513184 46.6507682800293 46.1690216064453 46.0559005737305 46.0245704650879 46 46 45.9785003662109 45.7752113342285 45.3692512512207 44.9903106689453 44.9429092407227 44.2876205444336 43.9173202514648 43.4868011474609 42.475040435791 44.8186359405518 44.9171409606934 44.9695892333984 44.9774894714356 45 45 45 45.029369354248 45.03173828125 45.0931701660156 45.3309097290039 45.7070693969727
46 46 46 45.9788093566895 46 46 46 46 46 46 46 46 46 46 46 46 46 46 46 46 46 46 46 46 46 46 46 46 46.0237197875977 46.095890045166 46.1458396911621 46.7307891845703 46.8449096679688 47 46.9770088195801 46.9786109924316 46.954891204834 46.9318199157715 46.7635612487793 46.4832496643066 46.1432418823242 46 46 45.9542007446289 45.6564903259277 45.1821708679199 44.6771507263184 43.9919815063477 43.8939208984375 43.0117797851562 42.1142311096191 42.475040435791 44.8186359405518 44.7201309204102 44.6303100585938 44.8392295837402 44.9454803466797 44.9730491638184 45.0221786499023 45.1328506469727 45.4375495910645 45.2372398376465 45.7358093261719 45.9011993408203
45.9754295349121 46 46 46 46 46 46 46 46 46 46 46 46 46 46 46 46 46 46 46 46 46 46 46 46 46 46 46 46.1061592102051 46.5821189880371 46.6895217895508 46.9270515441895 46.9732818603516 47 47 47 47 47 46.9545783996582 46.6873512268066 46.2903594970703 46.0549011230469 46.0282211303711 45.8964691162109 45.2646789550781 45.0079307556152 43.7716102600098 43.479061126709 43.5685348510742 43.0117797851562 42.1142311096191 -9999 -9999 44.7201309204102 44.5752296447754 44.3571815490723 44.5156707763672 44.8304405212402 44.9980316162109 45.0860900878906 45.1501808166504 45.2588081359863 45.8414993286133 45.9277000427246
45.8869094848633 46 46 46 46 46 46 46 46 46 46 46 46 46 46 46 46 46 46 46 46 46 46 46 46 46 46 46 46.1124801635742 46.5173492431641 46.8334693908691 47 47 47 47 47 47 47 47 46.8770408630371 46.736629486084 46.4718704223633 46.1562690734863 45.9364814758301 45.4945297241211 45.1184692382812 44.3639297485352 43.6580085754395 44.3106651306152 -9999 -9999 44.0413208007812 44.2461585998535 44.2530212402344 44.5752296447754 44.6420593261719 44.8154907226562 44.8807411193848 45 45 45.0239906311035 45.1237907409668 45.5384101867676 45.7674598693848
45.906421661377 46 46 46 46 46 46 46 46 46 46 46 46 46 46 46 46 46 46 46 46 46 46 46 46 46.0233192443848 46.0322914123535 46.0277900695801 46.1336708068848 46.7282295227051 46.8761596679687 47 47 47 47 47 47 47 47 46.9435691833496 46.9061393737793 46.3766288757324 46.2125205993652 46.0556907653809 45.8239288330078 45.7426795959473 45.3211097717285 44.963321685791 44.6433982849121 -9999 43.8666400909424 44.1101913452149 44.2461585998535 44.6374092102051 44.8997688293457 44.9486389160156 44.9739990234375 44.9767990112305 45 45 45 45.0526504516602 45.332088470459 45.7243614196777
