Spatial_Analysis/Maxent_Inputs/Inputs/Present/PAR_present.asc
NCOLS 638 
NROWS 314 
XLLCORNER -102.97071042 
YLLCORNER 3.973116569 
CELLSIZE 0.083 
NODATA_value -9999 
[rows 224 to 251 of 314, columns 448 to 511 of 638]
48.8277702331543 48.9687194824219 48.9733505249023 49 49 49 49 49 49 49 49 49 49 49 49 49 49 49 48.9444885253906 48.9400482177734 48.9205207824707 48.7766914367676 48.5301895141602 48.0929794311523 48 48 48 48 48 48 48 48 48 47.9434509277344 47.8071594238281 47.566951751709 47.4171295166016 47.2022285461426 47.0515899658203 47 47 47 47 47 47 47 47 47 47 46.9679183959961 46.9372406005859 46.6241798400879 46.5552787780762 46.2431488037109 46.3116302490234 46.1244583129883 46 45.9724998474121 45.973030090332 45.9234008789062 45.9457588195801 45.8296508789062 45.6910400390625 45.7137908935547
48.975040435791 49 49 49 49 49 49 49 49 49 49 49 49 49 49 49 49 49 49 49 49 48.9165687561035 48.8294410705566 48.1407318115234 48 48 48 48 48 48 48 48 48 48 47.9370193481445 47.897331237793 47.4664192199707 47.4559288024902 47.2700004577637 47.0995903015137 47.0503807067871 47.0251083374023 47.0227088928223 47 47.0257186889648 47 47 47 47 46.9664916992188 46.9303092956543 46.3840599060059 46.2182083129883 46.0483589172363 46.0093307495117 46.0008087158203 45.8692092895508 45.7025413513184 45.6368408203125 45.4412117004395 45.3855209350586 45.3345794677734 45.6910400390625 45.7137908935547
49 49 49 49 49 49 49 49 49 49 49 49 49 49 49 49 49 49 49 49 49 48.922981262207 48.8409194946289 48.1790084838867 48 48.0224990844727 48.0229110717773 48.0233116149902 48.0223388671875 48 48 48 48 48 48 47.9770584106445 47.9418792724609 47.9169883728027 47.8137397766113 47.3950805664062 47.3453598022461 47.2245101928711 47.1357002258301 47.0834617614746 47.1704292297363 47.0694389343262 47 47 47 46.9709701538086 46.9240188598633 46.5423698425293 46.190860748291 46.0232810974121 45.8596000671387 45.7742881774902 45.4536590576172 45.0525093078613 44.7485008239746 44.5937194824219 44.4331092834473 45.5345611572266 45.2574195861816 45.671558380127
49 49 49 49 49 49 49 49 49 49 49 49 49 49 49 49 48.9794387817383 49 49 48.9499015808105 48.9516105651855 48.7452507019043 48.6272201538086 48.1354484558106 48.1106796264649 48.1720695495605 48.2809181213379 48.2893218994141 48.1739082336426 48.043140411377 48.0212593078613 48 48 48 48 48 48 48 47.9769096374512 47.9378814697266 47.9022216796875 47.7917594909668 47.449649810791 47.3484497070312 47.580379486084 47.1777801513672 47 47 47 46.9413604736328 46.8671112060547 46.1640892028809 46.0848808288574 45.9251289367676 45.6017913818359 45.242748260498 44.9282417297363 44.5695686340332 44.307861328125 45.2468910217285 45.6926918029785 45.5345611572266 45.2574195861816 45.3706092834473
49 49 49 49 48.9634094238281 49 48.979808807373 49 49 49 49 49 49 49 48.9736709594727 48.9582710266113 48.8004302978516 48.8229103088379 48.8526000976563 48.7406387329102 48.7306594848633 48.1919097900391 -9999 48.9722290039063 48.2482681274414 48.6695098876953 48.8652114868164 48.8975296020508 48.7689590454102 48.09326171875 48.040901184082 48 48 48 48 48 48 48 48 47.9805908203125 48 47.9757499694824 47.9276695251465 47.9301910400391 47.7363395690918 47.3073310852051 47.0588188171387 47.0047912597656 47 46.9259414672852 46.8589897155762 46.139591217041 46.0528602600098 45.9083786010742 45.3425216674805 45.2200584411621 45.0169105529785 44.9702186584473 44.9888381958008 45.2468910217285 45.6926918029785 45.2943115234375 45.4210090637207 45.8142395019531
49 48.9808692932129 48.9654083251953 48.8466491699219 48.7554512023926 48.8689002990723 48.8929214477539 48.9404411315918 49.015079498291 49.083179473877 49.0773582458496 49.0345001220703 49.019660949707 48.9850196838379 48.8567810058594 48.7963790893555 47.9438285827637 48.4201202392578 47.8349990844727 48.109130859375 48.0152702331543 48.3454208374023 -9999 48.9722290039063 48.320499420166 48.3052597045898 48.9120597839356 48.9233093261719 48.7669486999512 48.0722007751465 48.019458770752 48 48 48 47.9826889038086 48 47.9822387695312 47.9651489257812 47.8720893859863 47.7740287780762 47.8278312683105 47.8204116821289 47.8008117675781 47.8366584777832 47.7193298339844 47.7093086242676 47.0070114135742 46.9041595458984 46.8368415832519 46.7315101623535 46.7360916137695 46.0895385742188 46.0268592834473 45.9665718078613 45.8148002624512 45.7466697692871 45.0705490112305 45.0439796447754 45.0801200866699 45.6969299316406 45.7807502746582 45.8309593200684 45.5379600524902 45.9177207946777
49 48.9782905578613 48.960090637207 48.7109489440918 48.2880516052246 48.7968597412109 49.0036506652832 49.101978302002 49.7279281616211 49.8083000183106 49.8912010192871 49.7917709350586 49.7197494506836 49.1382904052734 48.9579811096191 48.8695106506348 48.5494613647461 48.4201202392578 47.8349990844727 48.109130859375 48.6755714416504 48.3454208374023 48.9860305786133 48.9722290039063 48.9515190124512 48.9316596984863 48.7758712768555 48.356330871582 48.0404205322266 47.93798828125 47.9271507263184 47.8996391296387 47.8427696228027 47.2407989501953 47.1780090332031 47.1374702453613 47.1222114562988 47.1098403930664 46.9436111450195 46.9148292541504 46.9267196655273 46.9247512817383 46.9383392333984 46.9289398193359 46.9062995910645 46.8262710571289 46.1172599792481 45.9471092224121 45.2000617980957 45.1060485839844 45.0196495056152 45.0023803710938 45.0843696594238 45.1392593383789 45.0340003967285 44.4942092895508 44.3087310791016 44.3752517700195 44.4629783630371 44.9882888793945 45.01708984375 45.1733207702637 45.2941589355469 45.3146286010742
49 49.0264892578125 49.0540084838867 49.043098449707 49.103889465332 49.5815315246582 49.7406997680664 49.7590408325195 49.9503517150879 49.9781112670898 50 49.9555892944336 49.9341506958008 49.8005905151367 49.6641006469727 49.6374092102051 49.0191383361816 48.983959197998 48.8212394714355 48.109130859375 48.9200782775879 48.9799499511719 48.9616508483887 48.9211082458496 48.7358818054199 48.345329284668 48.1339797973633 48.0154304504395 47.7709999084473 47.2520294189453 47.1495018005371 47.1136512756348 47.1215896606445 46.3734893798828 46.241340637207 46.215030670166 46.3345909118652 46.3169593811035 45.8210296630859 46.286678314209 46.2907791137695 46.2137298583984 46.1211204528809 46.0107002258301 46.0743408203125 46.0386695861816 45.2673492431641 44.6413116455078 44.0088195800781 43.4349899291992 43.0271797180176 43.314811706543 43.2685699462891 45.1392593383789 44.685359954834 44.4942092895508 44.3087310791016 44.3752517700195 44.4629783630371 44.9510498046875 44.9762001037598 45.0201416015625 45.0920600891113 45.1701316833496
49 49.1720504760742 49.4979095458984 49.7046813964844 49.7606086730957 49.8889007568359 49.9768600463867 49.9767608642578 50 50 50 50 50 49.9775314331055 49.9106597900391 49.8272399902344 49.1379013061523 49.0574188232422 48.9773902893066 48.9754981994629 48.9805717468262 48.9342994689941 48.8525390625 48.4414291381836 48.2510604858399 48.040828704834 47.4750785827637 47.3319206237793 46.724250793457 46.378288269043 46.1196594238281 45.5838584899902 46.2025299072266 45.5400390625 44.3607902526856 45.480899810791 46.3345909118652 46.3169593811035 45.8210296630859 46.286678314209 46.2907791137695 45.2953300476074 44.2588195800781 44.2737197875977 44.2550582885742 44.9658203125 45.2673492431641 44.6413116455078 41.9640617370605 41.9102897644043 43.0271797180176 43.314811706543 43.2685699462891 -9999 -9999 -9999 -9999 44.7585639953613 44.9170989990234 44.9774703979492 45 45 45.0337600708008 45.0834007263184
49 49.2880096435547 49.6851692199707 49.9749717712402 49.9739685058594 50 50 50 50 50 50 50 50 50 49.9032402038574 49.8106307983398 49.1213607788086 49.0377006530762 49.0027542114258 48.8566398620605 48.7663497924805 48.4931602478027 48.2545509338379 47.8276290893555 48.2510604858399 48.040828704834 47.2927398681641 47.0620498657227 46.724250793457 46.378288269043 46.1196594238281 45.5838584899902 46.2025299072266 45.5400390625 44.3607902526856 45.480899810791 46.3345909118652 46.3169593811035 45.8210296630859 46.286678314209 46.2907791137695 45.2953300476074 44.2588195800781 45.7925987243652 45.5196495056152 45.182788848877 44.4080200195312 43.6675415039062 42.4697418212891 41.4704895019531 41.2232208251953 40.923168182373 -9999 -9999 -9999 -9999 -9999 44.7585639953613 44.6000289916992 44.9401016235352 44.9717903137207 45 45 45.048770904541
49.0239410400391 49.3180389404297 49.6806602478027 49.9760093688965 50 50 50 50 50 50 50 50 50 49.9489593505859 49.7347106933594 49.4710693359375 49.0294189453125 48.9678115844727 48.5620613098145 48.2248802185059 48.0051994323731 47.4811706542969 47.4007110595703 47.0792503356934 47.0738792419434 47.1184310913086 47.2927398681641 -9999 -9999 -9999 -9999 -9999 -9999 -9999 -9999 -9999 -9999 46.4068489074707 46.1604309082031 46.2628402709961 46.4569396972656 46.7309494018555 46.2755317687988 45.7925987243652 45.5196495056152 45.182788848877 44.3566093444824 44.079288482666 42.9305000305176 42.1907806396484 41.670768737793 40.923168182373 40.9184112548828 -9999 -9999 -9999 -9999 44.5055046081543 44.4109802246094 44.8542404174805 44.9181098937988 45 45.0389099121094 45.1306610107422
48.9999618530274 49.2955207824707 49.6478996276855 49.9759902954102 50 50 50 50 50 50 50 49.9746017456055 49.9702301025391 49.8329200744629 49.3618507385254 49.1650886535645 48.9401588439941 48.9132499694824 48.5620613098145 48.0754699707031 47.9353904724121 47.4346313476562 47.1985588073731 47.0792503356934 47.0738792419434 47.1184310913086 -9999 -9999 -9999 -9999 -9999 -9999 -9999 -9999 -9999 -9999 46.4209098815918 46.4068489074707 46.1604309082031 46.2628402709961 46.4569396972656 46.7309494018555 46.5609588623047 46.0719108581543 45.7517204284668 45.4416007995606 44.584171295166 44.4500007629395 43.5247497558594 42.4874801635742 42.0093116760254 40.9136505126953 40.747257232666 -9999 -9999 -9999 -9999 44.4751396179199 44.3620796203613 44.6432800292969 44.8476295471191 45 45.0381317138672 45.1025505065918
48.8886795043945 49.1686210632324 49.4096603393555 49.8791084289551 49.9457397460938 49.9722099304199 49.9719696044922 49.9756317138672 50 49.9741592407227 49.9721984863281 49.8192291259766 49.670768737793 49.4273414611816 48.858341217041 48.7030296325684 48.549388885498 48.6446189880371 48.5620613098145 48.0754699707031 47.9353904724121 47.4346313476562 47.1985588073731 47.0792503356934 47.0738792419434 -9999 -9999 -9999 -9999 -9999 -9999 -9999 -9999 -9999 -9999 -9999 46.4209098815918 46.4068489074707 46.7216300964355 46.421070098877 46.7113800048828 46.7726097106934 46.5866813659668 46.103099822998 45.7397613525391 45.5585594177246 44.7583885192871 44.5088691711426 43.4538497924805 42.1972007751465 41.6863708496094 40.5808601379395 40.4994659423828 -9999 -9999 -9999 -9999 44.4751396179199 44.5881996154785 44.6747093200684 44.8726387023926 45 45 45
48.5463485717774 48.7699584960938 48.947151184082 49.4951400756836 49.5823707580566 49.6195182800293 49.7318992614746 49.8308486938476 49.9496383666992 49.8075408935547 49.6961517333984 49.4604301452637 49.1939010620117 48.9468994140625 48.3935508728027 47.9655494689941 -9999 -9999 -9999 -9999 -9999 -9999 -9999 -9999 -9999 -9999 -9999 -9999 -9999 -9999 -9999 -9999 -9999 -9999 -9999 -9999 -9999 46.9984397888184 46.9226493835449 46.3332099914551 46.5470886230469 46.4560089111328 46.1668510437012 45.9271583557129 45.3645095825195 45.097728729248 44.3464202880859 43.773738861084 42.7365188598633 41.6973991394043 41.1526184082031 40.4180717468262 40.3866081237793 -9999 -9999 -9999 -9999 44.8268699645996 44.8952903747559 44.9679794311523 44.9741516113281 45 45 45
48.5463485717774 48.217700958252 48.4733200073242 48.7593803405762 49.0127983093262 49.030158996582 49.2020606994629 49.4885215759277 49.6458015441895 49.3945083618164 49.1973304748535 48.9999694824219 48.8858299255371 48.5461807250977 47.9633293151855 -9999 -9999 -9999 -9999 -9999 -9999 -9999 -9999 -9999 -9999 -9999 -9999 -9999 -9999 -9999 -9999 -9999 -9999 -9999 -9999 -9999 -9999 46.9984397888184 47.0742301940918 45.9576797485352 45.9350318908691 45.7495307922363 45.6887283325195 45.4776382446289 44.6053810119629 44.3377304077148 43.1727485656738 42.6042594909668 41.6107292175293 41.1864585876465 41.1526184082031 40.3551406860352 -9999 -9999 -9999 -9999 -9999 44.8268699645996 44.7584495544434 44.9509582519531 44.9751091003418 45 45 45
-9999 -9999 48.4733200073242 48.2038192749024 48.7372207641602 48.7323112487793 48.7773895263672 48.8268890380859 48.9472503662109 48.8107414245605 48.7860412597656 48.6327590942383 48.5437889099121 48.5461807250977 47.9633293151855 -9999 -9999 -9999 -9999 -9999 -9999 -9999 -9999 -9999 -9999 -9999 -9999 -9999 -9999 -9999 -9999 -9999 -9999 -9999 -9999 -9999 -9999 -9999 -9999 45.9576797485352 45.4008293151855 44.8538589477539 44.7699089050293 44.4278182983398 43.4077911376953 42.7690811157227 41.6864891052246 41.1002197265625 40.4183807373047 41.1864585876465 -9999 -9999 -9999 -9999 -9999 -9999 44.8098793029785 44.385311126709 44.3911514282227 44.9418487548828 44.9741096496582 45 45 45
-9999 -9999 -9999 48.2038192749024 48.7372207641602 48.2238883972168 48.7773895263672 48.8268890380859 48.7755088806152 48.2203712463379 48.7860412597656 48.6327590942383 48.5437889099121 48.5461807250977 -9999 -9999 -9999 -9999 -9999 -9999 -9999 -9999 -9999 -9999 -9999 -9999 -9999 -9999 -9999 -9999 -9999 -9999 -9999 -9999 -9999 -9999 -9999 -9999 -9999 45.9576797485352 44.1764602661133 44.1513290405273 44.018970489502 43.3087615966797 42.7585792541504 41.7512016296387 41.007080078125 41.1002197265625 40.4183807373047 -9999 -9999 -9999 -9999 -9999 -9999 -9999 44.8098793029785 44.385311126709 44.8314514160156 44.978458404541 45 45 45 45
-9999 -9999 -9999 -9999 -9999 -9999 -9999 -9999 -9999 -9999 -9999 -9999 -9999 -9999 -9999 -9999 -9999 -9999 -9999 -9999 -9999 -9999 -9999 -9999 -9999 -9999 -9999 -9999 -9999 -9999 -9999 -9999 -9999 -9999 -9999 -9999 -9999 -9999 -9999 -9999 -9999 44.4797782897949 -9999 -9999 43.0262489318848 43.0549201965332 42.990779876709 43.045841217041 43.1387100219727 43.3627281188965 43.4385299682617 44.1614418029785 44.2834396362305 44.8346405029297 44.3446197509766 44.3058815002441 44.8195114135742 44.4495010375977 44.9177093505859 44.9830894470215 45 45 45 45
-9999 -9999 -9999 -9999 -9999 -9999 -9999 -9999 -9999 -9999 -9999 -9999 -9999 -9999 -9999 -9999 -9999 -9999 -9999 -9999 -9999 -9999 -9999 -9999 -9999 -9999 -9999 -9999 -9999 -9999 -9999 -9999 -9999 -9999 -9999 -9999 -9999 -9999 -9999 -9999 -9999 -9999 -9999 -9999 43.0262489318848 43.0549201965332 44.7893295288086 44.1206893920898 43.455680847168 44.1395416259766 43.4385299682617 44.8992500305176 44.9269485473633 44.9790306091309 44.9807090759277 45 45 44.9808311462402 45 45 45 45 45 45
-9999 -9999 -9999 -9999 -9999 -9999 -9999 -9999 -9999 -9999 -9999 -9999 -9999 -9999 -9999 -9999 -9999 -9999 -9999 -9999 -9999 -9999 -9999 -9999 -9999 -9999 -9999 -9999 -9999 -9999 -9999 -9999 -9999 -9999 -9999 -9999 -9999 -9999 -9999 -9999 -9999 -9999 -9999 -9999 -9999 -9999 44.7893295288086 44.1206893920898 43.455680847168 44.1395416259766 -9999 44.8992500305176 44.9269485473633 44.9324493408203 44.9714889526367 44.9688415527344 44.9778099060059 45 45 45 45 45 45 45
-9999 -9999 -9999 -9999 -9999 -9999 -9999 -9999 -9999 -9999 -9999 -9999 -9999 -9999 -9999 -9999 -9999 -9999 -9999 -9999 -9999 -9999 -9999 -9999 -9999 -9999 -9999 -9999 -9999 -9999 -9999 -9999 -9999 -9999 -9999 -9999 -9999 -9999 -9999 -9999 -9999 -9999 -9999 -9999 -9999 -9999 -9999 -9999 -9999 -9999 -9999 -9999 -9999 44.5221252441406 44.7808494567871 44.5247993469238 44.8742790222168 44.8841018676758 44.9448585510254 44.9775314331055 45 45 45 45
-9999 -9999 -9999 -9999 -9999 -9999 -9999 -9999 -9999 -9999 -9999 -9999 -9999 -9999 -9999 -9999 -9999 -9999 -9999 -9999 -9999 -9999 -9999 -9999 -9999 -9999 -9999 -9999 -9999 -9999 -9999 -9999 -9999 -9999 -9999 -9999 -9999 -9999 -9999 -9999 -9999 -9999 -9999 -9999 -9999 -9999 -9999 -9999 -9999 -9999 -9999 -9999 -9999 44.5221252441406 44.2634010314941 44.0139503479004 44.3294105529785 44.3841400146484 44.4951400756836 44.8800888061523 44.8912010192871 44.9455413818359 45 45
-9999 -9999 -9999 -9999 -9999 -9999 -9999 -9999 -9999 -9999 -9999 -9999 -9999 -9999 -9999 -9999 -9999 -9999 -9999 -9999 -9999 -9999 -9999 -9999 -9999 -9999 -9999 -9999 -9999 -9999 -9999 -9999 -9999 -9999 -9999 -9999 -9999 -9999 -9999 -9999 -9999 -9999 -9999 -9999 -9999 -9999 -9999 -9999 -9999 -9999 -9999 -9999 -9999 -9999 -9999 -9999 44.0853881835938 44.138801574707 44.4449005126953 44.4677200317383 44.4621391296387 44.6440200805664 44.9479598999023 44.9744987487793
-9999 -9999 -9999 -9999 -9999 -9999 -9999 -9999 -9999 -9999 -9999 -9999 -9999 -9999 -9999 -9999 -9999 -9999 -9999 -9999 -9999 -9999 -9999 -9999 -9999 -9999 -9999 -9999 -9999 -9999 -9999 -9999 -9999 -9999 -9999 -9999 -9999 -9999 -9999 -9999 -9999 -9999 -9999 -9999 -9999 -9999 -9999 -9999 -9999 -9999 -9999 -9999 -9999 -9999 -9999 -9999 44.0853881835938 44.138801574707 44.4449005126953 44.1818809509277 44.2254409790039 44.5449981689453 44.9192695617676 44.9745407104492
-9999 -9999 -9999 -9999 -9999 -9999 -9999 -9999 -9999 -9999 -9999 -9999 -9999 -9999 -9999 -9999 -9999 -9999 -9999 -9999 -9999 -9999 -9999 -9999 -9999 -9999 -9999 -9999 -9999 -9999 -9999 -9999 -9999 -9999 -9999 -9999 -9999 -9999 -9999 -9999 -9999 -9999 -9999 -9999 -9999 -9999 -9999 -9999 -9999 -9999 -9999 -9999 -9999 -9999 -9999 -9999 -9999 -9999 -9999 -9999 44.3516311645508 44.5588607788086 44.7222099304199 44.8767204284668
-9999 -9999 -9999 -9999 -9999 -9999 -9999 -9999 -9999 -9999 -9999 -9999 -9999 -9999 -9999 -9999 -9999 -9999 -9999 -9999 -9999 -9999 -9999 -9999 -9999 -9999 -9999 -9999 -9999 -9999 -9999 -9999 -9999 -9999 -9999 -9999 -9999 -9999 -9999 -9999 -9999 -9999 -9999 -9999 -9999 -9999 -9999 -9999 -9999 -9999 -9999 -9999 -9999 -9999 -9999 -9999 -9999 -9999 -9999 -9999 44.3516311645508 44.231559753418 44.3085594177246 44.6316795349121
-9999 -9999 -9999 -9999 -9999 -9999 -9999 -9999 -9999 -9999 -9999 -9999 -9999 -9999 -9999 -9999 -9999 -9999 -9999 -9999 -9999 -9999 -9999 -9999 -9999 -9999 -9999 -9999 -9999 -9999 -9999 -9999 -9999 -9999 -9999 -9999 -9999 -9999 -9999 -9999 -9999 -9999 -9999 -9999 -9999 -9999 -9999 -9999 -9999 -9999 -9999 -9999 -9999 -9999 -9999 -9999 -9999 -9999 -9999 44.5276412963867 44.6641387939453 44.2283592224121 44.0670890808105 44.1352806091309
-9999 -9999 -9999 -9999 -9999 -9999 -9999 -9999 -9999 -9999 -9999 -9999 -9999 -9999 -9999 -9999 -9999 -9999 -9999 -9999 -9999 -9999 -9999 -9999 -9999 -9999 -9999 -9999 -9999 -9999 -9999 -9999 -9999 -9999 -9999 -9999 -9999 -9999 -9999 -9999 -9999 -9999 -9999 -9999 -9999 -9999 -9999 -9999 -9999 -9999 -9999 -9999 -9999 -9999 -9999 -9999 -9999 -9999 -9999 44.5276412963867 44.6641387939453 44.5468597412109 43.9065704345703 43.8861083984375
