Spatial_Analysis/Maxent_Inputs/Inputs/Present/pH_present.asc
NCOLS 638 
NROWS 314 
XLLCORNER -102.97071042 
YLLCORNER 3.973116569 
CELLSIZE 0.083 
NODATA_value -9999 
[rows 110 to 131 of 314, columns 539 to 587 of 638]
8.1980619430542 8.19834518432617 8.19833946228028 8.19852638244629 8.19880962371826 8.19906139373779 8.19940376281738 8.19943714141846 8.19999313354492 8.20015716552734 8.20034313201904 8.20065975189209 8.20089435577393 8.20127582550049 8.20138359069824 8.20196533203125 8.20230197906494 8.20228481292725 8.20260715484619 8.20302391052246 8.20333480834961 8.20365428924561 8.20389270782471 8.20424270629883 8.20428943634033 8.2045431137085 8.20524787902832 8.20523834228516 8.20548629760742 8.20582580566406 8.20622730255127 8.20640563964844 8.20637798309326 8.20696353912354 8.20715522766113 8.20728397369385 8.20743560791016 8.20743370056152 8.20815658569336 8.20823860168457 8.20828342437744 8.20837116241455 8.20828533172607 8.2084493637085 8.2086181640625 8.20918846130371 8.20937061309815 8.20928478240967 8.20929145812988
8.19847011566162 8.19896697998047 8.19898128509522 8.19925689697266 8.19930553436279 8.19951725006104 8.2000732421875 8.20018196105957 8.20051193237305 8.20080852508545 8.20103740692139 8.20137786865234 8.20140171051025 8.20199489593506 8.20216369628906 8.20249080657959 8.20307064056396 8.20315647125244 8.20350170135498 8.20383071899414 8.20421409606934 8.20448017120361 8.20448207855225 8.20516586303711 8.20524787902832 8.2054557800293 8.20609283447266 8.20618057250976 8.20638561248779 8.20647144317627 8.20716667175293 8.20738220214844 8.20731925964355 8.20761108398438 8.20805168151855 8.20829582214355 8.20844745635987 8.20844745635986 8.20916557312012 8.20924758911133 8.20929527282715 8.20941162109375 8.20935535430908 8.20974731445312 8.21014213562012 8.21027183532715 8.21038246154785 8.21029663085938 8.21030139923096
8.19906711578369 8.19939708709717 8.19941329956055 8.19995594024658 8.19996929168701 8.20027446746826 8.20067977905274 8.20089817047119 8.20131015777588 8.20131587982178 8.2015266418457 8.20207595825195 8.20218944549561 8.20254611968994 8.20286083221436 8.20327377319336 8.20367431640625 8.20389747619629 8.20431900024414 8.2044038772583 8.20496845245361 8.2053804397583 8.20537853240967 8.20597267150879 8.20617294311523 8.20637989044189 8.20680046081543 8.20710277557373 8.20736885070801 8.2074499130249 8.20815181732178 8.20839214324951 8.20830631256104 8.20858955383301 8.20903205871582 8.20930576324463 8.20945644378662 8.20945930480957 8.21017646789551 8.2102575302124 8.21028423309326 8.21047306060791 8.2104663848877 8.21116161346436 8.21123695373535 8.21130657196045 8.21138954162598 8.21130752563477 8.21131229400635
8.19951629638672 8.19996929168701 8.20000743865967 8.20040607452393 8.20044040679932 8.2009744644165 8.20139503479004 8.20142269134521 8.2019567489624 8.20197010040283 8.20228290557861 8.20268440246582 8.2028980255127 8.20339775085449 8.20341300964355 8.20397186279297 8.20445346832275 8.20448303222656 8.2052526473999 8.20528984069824 8.2055835723877 8.20627403259277 8.20629215240478 8.20670795440674 8.20704460144043 8.20736503601074 8.20777606964111 8.20808601379395 8.20837879180908 8.20845985412598 8.20916080474854 8.20940113067627 8.20931625366211 8.20960140228272 8.21008586883545 8.21031665802002 8.21049118041992 8.21049690246582 8.21118354797363 8.21133518218994 8.21134090423584 8.2116174697876 8.21175289154053 8.21223258972168 8.21235847473145 8.21231746673584 8.21240043640137 8.21231746673584 8.21234798431397
8.20026683807373 8.20048332214355 8.20048046112061 8.20105171203613 8.20118713378906 8.20149898529053 8.20208358764648 8.20220565795898 8.20246505737305 8.20247554779053 8.20297431945801 8.20346164703369 8.20349502563477 8.20426177978516 8.20432186126709 8.20459747314453 8.2053165435791 8.2053747177124 8.20604801177979 8.20620727539063 8.20648860931396 8.20710468292236 8.2072057723999 8.20759677886963 8.20787906646729 8.20831394195557 8.20876026153564 8.20906734466553 8.20945644378662 8.20951557159424 8.21014308929443 8.21041011810303 8.21032619476318 8.21070384979248 8.21109294891357 8.21134853363037 8.21160888671875 8.21170520782471 8.2123384475708 8.21237182617188 8.21237373352051 8.21275043487549 8.21306228637695 8.21330833435059 8.21340274810791 8.2133264541626 8.21340847015381 8.21332740783692 8.21349811553955
8.20090198516846 8.20114040374756 8.20123767852783 8.20158958435059 8.20183563232422 8.20209789276123 8.20259094238281 8.20281505584717 8.20311260223389 8.20324420928955 8.20360946655273 8.20432567596436 8.20438385009766 8.20505142211914 8.20521545410156 8.20549964904785 8.20611000061035 8.20623779296875 8.20663928985596 8.20691013336182 8.20734786987305 8.20780563354492 8.20810127258301 8.20849418640137 8.20855808258057 8.20922756195068 8.20965671539307 8.20987224578857 8.21038436889649 8.21044254302979 8.21094799041748 8.21136856079102 8.21131134033203 8.21171379089356 8.2121000289917 8.21238327026367 8.21275806427002 8.21306610107422 8.21340847015381 8.21341037750244 8.21338367462158 8.21381187438965 8.21409702301025 8.2144079208374 8.21441078186035 8.21433353424072 8.21447277069092 8.21442317962646 8.21490287780762
8.20133972167969 8.20164680480957 8.20183944702148 8.2021427154541 8.20228290557861 8.20256614685059 8.20312023162842 8.20325183868408 8.20365142822266 8.20391464233398 8.20444774627686 8.20508861541748 8.20521926879883 8.20564937591553 8.20591354370117 8.2063570022583 8.20681667327881 8.20710945129395 8.20750331878662 8.2075662612915 8.20823574066162 8.20866584777832 8.20887470245361 8.2094202041626 8.20950603485107 8.21018600463867 8.21052169799805 8.21053409576416 8.21130180358887 8.21136093139648 8.21161079406738 8.21232223510742 8.21229457855225 8.21272277832031 8.21310710906982 8.21339225769043 8.21379566192627 8.2141056060791 8.21441745758057 8.21441841125488 8.21446514129639 8.21500778198242 8.21517944335938 8.21541595458984 8.21541786193847 8.21536636352539 8.21565246582031 8.2157096862793 8.21632099151611
8.20190334320068 8.20217514038086 8.20228290557861 8.20265960693359 8.20291805267334 8.20331382751465 8.20371246337891 8.20390510559082 8.20442962646484 8.20452499389648 8.20524311065674 8.20570945739746 8.20590400695801 8.20642852783203 8.20652389526367 8.2072172164917 8.20767402648926 8.20787715911865 8.20842838287354 8.20851516723633 8.20916652679443 8.20952892303467 8.2095422744751 8.21036624908447 8.21048545837402 8.21116542816162 8.21149921417236 8.21151065826416 8.21230792999268 8.21236801147461 8.21258735656738 8.21332836151123 8.21330165863037 8.21373176574707 8.21411323547363 8.21440029144287 8.2148027420044 8.21511173248291 8.21542453765869 8.21542453765869 8.21555900573731 8.21629333496094 8.21627616882324 8.21642398834229 8.21642589569092 8.21647262573242 8.21698760986328 8.21715545654297 8.21742343902588
8.20235157012939 8.2026891708374 8.20290756225586 8.20340824127197 8.20347499847412 8.20398235321045 8.20442676544189 8.20446300506592 8.20508861541748 8.20529556274414 8.20595836639404 8.20642566680908 8.20646190643311 8.20711135864258 8.2073221206665 8.20795631408691 8.20845890045166 8.20852661132812 8.20931720733643 8.20941257476807 8.2099552154541 8.21045684814453 8.21049404144287 8.21134471893311 8.21143627166748 8.21195411682129 8.21245574951172 8.21249294281006 8.21331405639649 8.21337413787842 8.21359443664551 8.21433353424072 8.21430778503418 8.2147388458252 8.21511936187744 8.215407371521 8.21580982208252 8.21611785888672 8.2164306640625 8.21643161773682 8.21661853790283 8.21733283996582 8.21730804443359 8.21743106842041 8.21743202209473 8.21759223937988 8.21829891204834 8.21828269958496 8.21843147277832
8.20290470123291 8.20321559906006 8.20336818695068 8.20406246185303 8.20423889160156 8.20453453063965 8.20509624481201 8.20523643493652 8.20566940307617 8.20591926574707 8.20649814605713 8.2070951461792 8.20723533630371 8.207763671875 8.20813179016113 8.2085599899292 8.20915508270264 8.20933532714844 8.21008205413818 8.2102632522583 8.21063709259033 8.2114086151123 8.21147537231445 8.21229267120361 8.2123556137085 8.2126350402832 8.21340847015381 8.21347427368164 8.21432018280029 8.21438026428223 8.21460247039795 8.21533870697021 8.21531391143799 8.21574592590332 8.21612453460694 8.21641254425049 8.21681594848633 8.21712303161621 8.21746444702148 8.21749401092529 8.217848777771 8.21838855743408 8.21833896636963 8.21846485137939 8.21849346160889 8.21884727478028 8.21938800811768 8.21933841705322 8.21943664550781
8.20336246490479 8.20369720458984 8.203932762146 8.20456314086914 8.20481204986572 8.20510578155518 8.20564556121826 8.20588397979736 8.20644569396973 8.20654296875 8.20725917816162 8.20772171020508 8.20790672302246 8.20858383178711 8.20886421203613 8.20938110351563 8.20986652374268 8.21018314361572 8.21076679229736 8.21113395690918 8.2116117477417 8.21235084533691 8.21241569519043 8.2130823135376 8.21326732635498 8.21360969543457 8.21441268920898 8.21448040008545 8.21532440185547 8.21538352966309 8.21560764312744 8.21634387969971 8.21631908416748 8.21675109863281 8.21712875366211 8.21741962432861 8.21782112121582 8.2181282043457 8.21849918365479 8.21855926513672 8.21917533874512 8.21944713592529 8.21936988830566 8.21952247619629 8.2195873260498 8.22017478942871 8.2204475402832 8.22036933898926 8.2204418182373
8.20395183563232 8.20421886444092 8.20437622070313 8.20509147644043 8.20527839660645 8.20559597015381 8.20619201660156 8.20637798309326 8.20709323883057 8.20730781555176 8.20796203613281 8.20847225189209 8.20854473114014 8.20938873291016 8.20951652526855 8.21026229858398 8.21081256866455 8.21111106872559 8.21164321899414 8.21189117431641 8.2124719619751 8.21312141418457 8.21327018737793 8.21379375457764 8.2141637802124 8.21461486816406 8.21541595458984 8.21548461914063 8.21632957458496 8.21638965606689 8.21661281585693 8.21734809875488 8.21732425689697 8.21775722503662 8.21813297271729 8.21842384338379 8.218825340271 8.21913242340088 8.21950435638428 8.21956443786621 8.22021102905273 8.22045135498047 8.22037410736084 8.22062110900879 8.22080898284912 8.22127723693847 8.22145080566406 8.22137546539307 8.22149753570557
8.20441627502442 8.20470333099365 8.20493412017822 8.20559883117676 8.20587158203125 8.2064323425293 8.20685386657715 8.20716571807861 8.20768165588379 8.20792198181152 8.20851039886475 8.20916175842285 8.20934867858887 8.21011734008789 8.21033763885498 8.21098709106445 8.21164321899414 8.21185779571533 8.21248054504394 8.21257400512695 8.21331882476807 8.21387100219727 8.21416568756104 8.21476745605469 8.21514129638672 8.21561908721924 8.21642017364502 8.2164888381958 8.21730422973633 8.21736907958984 8.21761703491211 8.21835136413574 8.21832847595215 8.2187614440918 8.21913623809814 8.21942806243896 8.21985816955567 8.22013568878174 8.22050762176514 8.22056865692139 8.22121524810791 8.22145462036133 8.22137832641602 8.22172927856445 8.22210025787354 8.22235488891602 8.22245502471924 8.22237873077393 8.22262382507324
8.20495319366455 8.20522117614746 8.20538234710694 8.2061243057251 8.20634746551514 8.20705986022949 8.20762157440186 8.20786094665528 8.20845603942871 8.2085542678833 8.20936489105225 8.20985412597656 8.21016693115234 8.21078205108643 8.21114635467529 8.21165752410889 8.21242523193359 8.21252632141113 8.2133674621582 8.21349239349365 8.21427345275879 8.21484184265137 8.21514415740967 8.21576976776123 8.21614360809326 8.2166223526001 8.21735954284668 8.21742630004883 8.21808433532715 8.21827507019043 8.21862125396729 8.21935367584229 8.21933078765869 8.21976470947266 8.22014045715332 8.22050952911377 8.22106647491455 8.22121906280518 8.221510887146 8.22157192230225 8.22221946716309 8.22245788574219 8.22238159179687 8.22278785705566 8.22315979003906 8.22338104248047 8.22345733642578 8.22345161437988 8.22375965118408
8.20541954040527 8.20570659637451 8.20593452453613 8.20660305023194 8.20687294006348 8.20755863189697 8.20816802978516 8.20835781097412 8.20909595489502 8.20931529998779 8.21005916595459 8.21062088012695 8.21086025238037 8.21159553527832 8.2118673324585 8.21255302429199 8.21316242218018 8.21335220336914 8.21414661407471 8.21439933776855 8.21524715423584 8.21581745147705 8.21611785888672 8.21674728393555 8.21711730957031 8.2175464630127 8.21812343597412 8.2182788848877 8.21880054473877 8.21917057037354 8.21962356567383 8.22035598754883 8.22033405303955 8.2207670211792 8.22114181518555 8.22159767150879 8.22232341766357 8.22230815887451 8.22253799438477 8.22260284423828 8.22322082519531 8.22349262237549 8.22351932525635 8.22401714324951 8.22426128387451 8.22438430786133 8.2244930267334 8.22451972961426 8.22501564025879
8.20592498779297 8.20622253417969 8.20638561248779 8.20712566375732 8.20734977722168 8.20808696746826 8.20865535736084 8.20890998840332 8.20963191986084 8.20989608764648 8.2105884552002 8.2112283706665 8.21145534515381 8.21239852905273 8.21252918243408 8.21336841583252 8.21388053894043 8.21419715881348 8.2148380279541 8.21523761749268 8.21598720550537 8.21664619445801 8.21685695648193 8.21759414672852 8.21786403656006 8.2183952331543 8.21887493133545 8.21917152404785 8.21977233886719 8.2201452255249 8.22062587738037 8.22135734558105 8.22133541107178 8.22176933288574 8.22214317321777 8.22262382507324 8.22335720062256 8.22333526611328 8.22363567352295 8.22382926940918 8.22429084777832 8.22452926635742 8.22459125518799 8.22530746459961 8.22537326812744 8.22538566589355 8.22555446624756 8.22561931610107 8.22630500793457
8.2061882019043 8.2066593170166 8.20691108703613 8.20760536193848 8.20787334442139 8.20856094360352 8.20923042297363 8.20945739746094 8.21040153503418 8.21053123474121 8.21137046813965 8.21189403533936 8.21224403381348 8.21312046051025 8.21334457397461 8.21410846710205 8.21477317810059 8.21509742736816 8.21575355529785 8.21612167358398 8.21675491333008 8.21745777130127 8.21753120422363 8.21842765808105 8.2185525894165 8.21930122375488 8.21984386444092 8.22014713287354 8.2207727432251 8.22114658355713 8.2216272354126 8.22235870361328 8.222336769104 8.22277069091797 8.22314453125 8.22362518310547 8.22435760498047 8.22440624237061 8.22474193572998 8.22511100769043 8.22536373138428 8.22552967071533 8.22559261322021 8.22633838653564 8.22640132904053 8.22641181945801 8.2266731262207 8.22685718536377 8.22739696502686
8.20656299591064 8.20716953277588 8.20736217498779 8.20812606811523 8.20835018157959 8.20913600921631 8.20984840393067 8.2102222442627 8.21109771728516 8.21131801605225 8.21208381652832 8.2126522064209 8.21288394927979 8.21373081207275 8.2141227722168 8.21478366851807 8.21559715270996 8.21583366394043 8.21659755706787 8.21686553955078 8.21763515472412 8.21840000152588 8.2185001373291 8.21940135955811 8.21952247619629 8.22027778625488 8.22084426879883 8.22114753723144 8.22177410125732 8.22214698791504 8.22262763977051 8.22335910797119 8.22333717346191 8.22377109527588 8.22414493560791 8.2246265411377 8.2253589630127 8.22540664672852 8.22576904296875 8.22614192962646 8.2263879776001 8.22653007507324 8.22659301757812 8.22733879089355 8.22740173339844 8.22743701934814 8.22780323028565 8.22815608978271 8.22845935821533
8.20708847045898 8.2076587677002 8.20791053771973 8.20860576629639 8.20887279510498 8.20969867706299 8.21057319641113 8.21086120605469 8.21160411834717 8.21187114715576 8.21267032623291 8.21343040466309 8.21353340148926 8.21451091766357 8.21481418609619 8.21563720703125 8.21642971038818 8.21653270721436 8.21742916107178 8.21755409240722 8.21848392486572 8.21919536590576 8.21942138671875 8.22037124633789 8.22049713134766 8.22127723693848 8.22184467315674 8.22214698791504 8.22277355194092 8.22314643859863 8.22362804412842 8.22432994842529 8.22433662414551 8.22477054595947 8.2251443862915 8.22562599182129 8.22635555267334 8.2263355255127 8.22676944732666 8.22714138031006 8.22738742828369 8.2275562286377 8.22762203216553 8.22833824157715 8.22840118408203 8.22843742370606 8.22886085510254 8.22921085357666 8.22945976257324
8.20756244659424 8.20817089080811 8.20836067199707 8.20915508270264 8.2094087600708 8.2104606628418 8.21116924285889 8.21135997772217 8.21217823028564 8.21243667602539 8.21345806121826 8.21416473388672 8.21435546875 8.21517658233643 8.21543407440186 8.21645641326904 8.21719741821289 8.21742153167725 8.2183723449707 8.21849727630615 8.21930313110352 8.2199125289917 8.22026824951172 8.22114562988281 8.22139930725098 8.22224807739258 8.22281646728516 8.22311782836914 8.22374820709229 8.22411632537842 8.22454738616943 8.22512245178223 8.22525596618652 8.22576999664307 8.2261438369751 8.22663021087646 8.22730159759521 8.22733497619629 8.22767066955567 8.22813415527344 8.22841167449951 8.22867393493652 8.22885704040527 8.22939682006836 8.22942924499512 8.22951412200928 8.23006916046143 8.23029136657715 8.23045825958252
8.20808792114258 8.20865726470947 8.20891094207764 8.20963478088379 8.20993518829346 8.21102142333984 8.21165561676025 8.21190929412842 8.21276187896729 8.21318531036377 8.21413326263428 8.21480655670166 8.21514415740967 8.21584033966065 8.2162389755249 8.21713161468506 8.21783924102783 8.21821594238281 8.21914768218994 8.21940040588379 8.22024822235107 8.22084522247314 8.22116947174072 8.22183513641357 8.22223377227783 8.22298526763916 8.22364330291748 8.22385597229004 8.22459125518799 8.22486209869385 8.22539329528808 8.22587108612061 8.22616767883301 8.22676753997803 8.22714233398438 8.22755527496338 8.22812843322754 8.22826290130615 8.22877311706543 8.22909927368164 8.22943115234375 8.22980403900147 8.2301549911499 8.2304573059082 8.23045825958252 8.23059558868408 8.23132228851318 8.23137855529785 8.2314567565918
8.20855903625488 8.20916938781738 8.20935726165772 8.21015453338623 8.21040630340576 8.21148872375488 8.21220207214355 8.21242523193359 8.21350860595703 8.21381568908691 8.21469211578369 8.21556758880615 8.21583461761475 8.21669483184814 8.21709156036377 8.21768569946289 8.21859359741211 8.21885585784912 8.2197790145874 8.22020626068115 8.22101211547852 8.22176647186279 8.22209072113037 8.22277164459229 8.22314453125 8.22365570068359 8.22445297241211 8.22452545166016 8.22542190551758 8.22554779052734 8.22629547119141 8.22683715820312 8.22714138031006 8.2277660369873 8.22813987731934 8.22844505310058 8.22887134552002 8.22917366027832 8.22978019714355 8.23013496398926 8.23042869567871 8.23083019256592 8.2311372756958 8.23145484924316 8.23145580291748 8.23161792755127 8.2323522567749 8.23240089416504 8.23248291015625
