Spatial_Analysis/Maxent_Inputs/Inputs/Present/pH_present.asc
NCOLS 638 
NROWS 314 
XLLCORNER -102.97071042 
YLLCORNER 3.973116569 
CELLSIZE 0.083 
NODATA_value -9999 
[rows 198 to 219 of 314, columns 588 to 636 of 638]
8.26810646057129 8.26898384094238 8.2697868347168 8.27003383636475 8.27089786529541 8.27107238769531 8.27183341979981 8.27223587036133 8.27262401580811 8.27302932739258 8.27313423156738 8.27387523651123 8.27423286437988 8.27462196350098 8.27497863769531 8.27505493164063 8.27567672729492 8.27595615386963 8.27597808837891 8.27624607086182 8.27671241760254 8.2769775390625 8.27700042724609 8.27700042724609 8.27724361419678 8.27770900726318 8.27797794342041 8.27799987792969 8.27799987792969 8.27799987792969 8.27799987792969 8.27802181243897 8.27827453613281 8.27873516082764 8.27897834777832 8.2790002822876 8.2790002822876 8.2790002822876 8.2790002822876 8.2790002822876 8.2790002822876 8.2790002822876 8.2790002822876 8.2790002822876 8.2790002822876 8.2790002822876 8.27895545959473 8.27877712249756 8.27841567993164
8.26800346374512 8.26890563964844 8.26938056945801 8.26992225646973 8.27076816558838 8.27095985412598 8.27173137664795 8.27204704284668 8.27216053009033 8.27294254302979 8.27306842803955 8.27384185791016 8.27408695220947 8.27417945861816 8.27489566802979 8.27496814727783 8.27521800994873 8.27590370178223 8.27597618103027 8.27623176574707 8.27670383453369 8.27698040008545 8.27700042724609 8.27702045440674 8.27723026275635 8.27772045135498 8.27797985076904 8.27799987792969 8.27799987792969 8.27799987792969 8.27799987792969 8.27802085876465 8.27829360961914 8.27878093719482 8.2790002822876 8.2790002822876 8.2790002822876 8.2790002822876 8.2790002822876 8.2790002822876 8.2790002822876 8.2790002822876 8.2790002822876 8.2790002822876 8.2790002822876 8.2790002822876 8.2790002822876 8.27897262573242 8.2789478302002
8.26783084869385 8.26878261566162 8.26926517486572 8.26983070373535 8.27023696899414 8.27077674865723 8.27118396759033 8.27196502685547 8.27209854125977 8.27289009094238 8.27302646636963 8.27376365661621 8.27401733398438 8.27411937713623 8.27486610412598 8.27495002746582 8.27517127990723 8.27586841583252 8.27597808837891 8.27616214752197 8.27661895751953 8.27694034576416 8.27700042724609 8.27701759338379 8.27721309661865 8.2777156829834 8.27798175811768 8.27799987792969 8.27799987792969 8.27799987792969 8.27799987792969 8.27803516387939 8.27828121185303 8.2787971496582 8.2789831161499 8.2790002822876 8.2790002822876 8.2790002822876 8.2790002822876 8.2790002822876 8.2790002822876 8.2790002822876 8.2790002822876 8.2790002822876 8.2790002822876 8.2790002822876 8.2790002822876 8.2790002822876 8.2790002822876
8.26775932312012 8.2681827545166 8.26914215087891 8.2697343826294 8.27010822296143 8.27067470550537 8.27110385894775 8.27190589904785 8.27205467224121 8.27279567718506 8.27293682098389 8.27317810058594 8.2739429473877 8.27405452728271 8.2747974395752 8.27491569519043 8.27511501312256 8.27578735351562 8.27592277526855 8.27606010437012 8.27615261077881 8.27687454223633 8.27700042724609 8.27701663970947 8.27714920043945 8.27764701843262 8.2779483795166 8.27799987792969 8.27799987792969 8.27799987792969 8.27799987792969 8.27803039550781 8.27826595306396 8.27881717681885 8.27898406982422 8.2790002822876 8.2790002822876 8.2790002822876 8.2790002822876 8.2790002822876 8.2790002822876 8.2790002822876 8.2790002822876 8.2790002822876 8.2790002822876 8.2790002822876 8.2790002822876 8.2790002822876 8.2790002822876
8.26715755462646 8.26805114746094 8.26891040802002 8.26905632019043 8.2698802947998 8.27005767822266 8.27093601226807 8.27142143249512 8.27187347412109 8.27217483520508 8.2727108001709 8.27311229705811 8.27385425567627 8.27395629882812 8.27421855926514 8.27474021911621 8.27501678466797 8.27530956268311 8.27580261230469 8.27600193023682 8.27603816986084 8.2762622833252 8.27692604064941 8.2769775390625 8.27704238891602 8.2771110534668 8.27782440185547 8.27797889709473 8.27799987792969 8.27799987792969 8.27799987792969 8.27803516387939 8.27825355529785 8.2787675857544 8.27896213531494 8.2790002822876 8.2790002822876 8.2790002822876 8.2790002822876 8.2790002822876 8.2790002822876 8.2790002822876 8.2790002822876 8.2790002822876 8.2790002822876 8.2790002822876 8.2790002822876 8.2790002822876 8.2790002822876
8.26692295074463 8.26788425445557 8.26845741271973 8.26891040802002 8.26942253112793 8.26990032196045 8.27083206176758 8.27128124237061 8.27175998687744 8.27208709716797 8.27225780487061 8.27297782897949 8.27344512939453 8.27386283874512 8.27420997619629 8.27469253540039 8.27499675750732 8.27527523040771 8.27575492858887 8.27595996856689 8.27600002288818 8.27616500854492 8.27684879302979 8.27693271636963 8.27702140808105 8.27704238891602 8.27729797363281 8.27792263031006 8.27797603607178 8.27799987792969 8.27799987792969 8.27799987792969 8.27812957763672 8.27826118469238 8.27889728546143 8.27897071838379 8.2790002822876 8.2790002822876 8.2790002822876 8.2790002822876 8.2790002822876 8.2790002822876 8.2790002822876 8.2790002822876 8.2790002822876 8.2790002822876 8.2790002822876 8.2790002822876 8.2790002822876
8.2667064666748 8.26732063293457 8.26823997497559 8.26872062683105 8.26925182342529 8.26973342895508 8.27027225494385 8.27103519439697 8.2712459564209 8.27196598052979 8.27209758758545 8.27282047271729 8.27328968048096 8.27374172210693 8.27409553527832 8.27426147460938 8.2748498916626 8.27512168884277 8.27527046203613 8.27588176727295 8.27594184875488 8.27607917785645 8.27646732330322 8.27683258056641 8.27700042724609 8.27700042724609 8.27717876434326 8.2778434753418 8.27792739868164 8.27799987792969 8.27799987792969 8.27799987792969 8.2780590057373 8.27813625335693 8.27883243560791 8.27891254425049 8.2790002822876 8.2790002822876 8.2790002822876 8.2790002822876 8.2790002822876 8.2790002822876 8.2790002822876 8.2790002822876 8.2790002822876 8.2790002822876 8.2790002822876 8.2790002822876 8.2790002822876
8.26622676849365 8.26707553863525 8.26799964904785 8.26823043823242 8.26901054382324 8.26925277709961 8.26998901367188 8.27056884765625 8.27097892761231 8.27185344696045 8.27196407318115 8.27237510681152 8.2730770111084 8.27327728271484 8.27390480041504 8.27401447296143 8.27437400817871 8.2749490737915 8.27505111694336 8.2754373550415 8.27578639984131 8.2760009765625 8.27631664276123 8.27672481536865 8.2769775390625 8.27700042724609 8.27708625793457 8.27746486663818 8.27779388427734 8.27797698974609 8.27799987792969 8.27799987792969 8.27802753448486 8.27805328369141 8.27840614318848 8.27874755859375 8.27895259857178 8.2790002822876 8.2790002822876 8.2790002822876 8.2790002822876 8.2790002822876 8.2790002822876 8.2790002822876 8.2790002822876 8.2790002822876 8.2790002822876 8.2790002822876 8.2790002822876
8.26587104797363 8.26690006256104 8.2675838470459 8.26788234710693 8.26851177215576 8.2689323425293 8.26978206634521 8.27038860321045 8.27078056335449 8.27142715454102 8.27175807952881 8.27215671539307 8.27291393280029 8.27300643920898 8.27347469329834 8.27378845214844 8.27417945861816 8.27485847473145 8.27492141723633 8.27526760101318 8.27566146850586 8.27595233917236 8.27618789672852 8.27633380889893 8.27687835693359 8.27694034576416 8.27700042724609 8.27721214294434 8.27733325958252 8.27787780761719 8.27793979644775 8.27799987792969 8.27799987792969 8.27799987792969 8.27815914154053 8.27833366394043 8.27883911132812 8.2790002822876 8.2790002822876 8.2790002822876 8.2790002822876 8.2790002822876 8.2790002822876 8.2790002822876 8.2790002822876 8.2790002822876 8.2790002822876 8.2790002822876 8.2790002822876
8.26533699035645 8.26637363433838 8.2671422958374 8.26734161376953 8.26826763153076 8.2686882019043 8.26944828033447 8.27011394500733 8.27034091949463 8.27113246917725 8.27133464813233 8.27202224731445 8.27255153656006 8.27279472351074 8.27330112457275 8.27365875244141 8.27409934997559 8.27455043792725 8.27479362487793 8.27516746520996 8.27534008026123 8.27586555480957 8.27605724334717 8.27608966827393 8.27650165557861 8.2767562866211 8.27697563171387 8.27705669403076 8.27708911895752 8.2774772644043 8.27775382995606 8.27797508239746 8.27799987792969 8.27799987792969 8.27802753448486 8.2780818939209 8.27841567993164 8.27888202667236 8.27891540527344 8.278977394104 8.2790002822876 8.2790002822876 8.2790002822876 8.2790002822876 8.2790002822876 8.2790002822876 8.2790002822876 8.2790002822876 8.2790002822876
8.2648868560791 8.26593399047852 8.2667064666748 8.26699733734131 8.26802253723145 8.26828384399414 8.26902866363525 8.26970386505127 8.26999473571777 8.2709264755249 8.27105808258057 8.2717981338501 8.27223968505859 8.27242660522461 8.27311134338379 8.27333736419678 8.27387046813965 8.27423763275146 8.27442455291748 8.27495670318604 8.27502727508545 8.27547931671143 8.27591228485107 8.27594757080078 8.27620315551758 8.27639198303223 8.27684307098389 8.27700042724609 8.27700042724609 8.27720260620117 8.27739143371582 8.27784156799316 8.27799987792969 8.27799987792969 8.27799987792969 8.27799987792969 8.2781286239624 8.27845001220703 8.27851009368896 8.27890205383301 8.2790002822876 8.2790002822876 8.2790002822876 8.2790002822876 8.2790002822876 8.2790002822876 8.2790002822876 8.2790002822876 8.2790002822876
8.26440334320068 8.26545143127441 8.26632499694824 8.2667350769043 8.2676305770874 8.26786518096924 8.26854705810547 8.2693510055542 8.26975631713867 8.27060413360596 8.27083396911621 8.27149391174316 8.27200984954834 8.27211570739746 8.2728967666626 8.27300071716309 8.27351665496826 8.27397537231445 8.27404689788818 8.27459621429443 8.27480030059815 8.27513694763184 8.27560520172119 8.27580070495605 8.27605438232422 8.27608871459961 8.27651405334473 8.27691459655762 8.27694797515869 8.27705383300781 8.27708911895752 8.277512550354 8.27791404724121 8.27794742584229 8.27799987792969 8.27799987792969 8.27799987792969 8.27808952331543 8.27812194824219 8.27856636047363 8.27889347076416 8.27894592285156 8.27897071838379 8.27897453308105 8.2790002822876 8.2790002822876 8.2790002822876 8.2790002822876 8.2790002822876
8.26390552520752 8.26502132415771 8.26589298248291 8.26638507843018 8.26713275909424 8.26740646362305 8.2681999206543 8.2690896987915 8.26946640014648 8.27013111114502 8.27040386199951 8.27106857299805 8.2716703414917 8.27192783355713 8.27260684967041 8.27278232574463 8.27318954467773 8.2736349105835 8.2738561630249 8.27430725097656 8.27466106414795 8.2750244140625 8.27525329589844 8.27549457550049 8.27591037750244 8.27594375610352 8.27618789672852 8.27663230895996 8.2768087387085 8.27700042724609 8.27700042724609 8.27718734741211 8.27763080596924 8.27780723571777 8.27799987792969 8.27799987792969 8.27799987792969 8.27799987792969 8.27799987792969 8.27818393707275 8.27849292755127 8.27855396270752 8.2786865234375 8.27883338928223 8.27894973754883 8.27894592285156 8.27897262573242 8.2789478302002 8.27894878387451
8.2634744644165 8.26460266113281 8.26535987854004 8.26585292816162 8.26674747467041 8.26694393157959 8.26796817779541 8.26872730255127 8.26896953582764 8.26971912384033 8.26988887786865 8.27066421508789 8.27118587493896 8.27155494689941 8.27213668823242 8.27243614196778 8.27293395996094 8.27326107025146 8.27355575561523 8.27410316467285 8.27440452575684 8.27488327026367 8.27506160736084 8.27512454986572 8.27566146850586 8.27579116821289 8.27604961395264 8.27625846862793 8.27655220031738 8.27691745758057 8.27694702148438 8.27705001831055 8.27725601196289 8.27755069732666 8.27791500091553 8.27794647216797 8.27799987792969 8.27799987792969 8.27799987792969 8.27802562713623 8.27806282043457 8.27810478210449 8.27822113037109 8.27848815917969 8.27861881256104 8.27857971191406 8.27864646911621 8.27858734130859 8.27861785888672
8.26299476623535 8.26400947570801 8.26495265960693 8.26547527313232 8.26617431640625 8.26660537719727 8.26759433746338 8.26819610595703 8.26859569549561 8.26914405822754 8.26954174041748 8.27008247375488 8.27077579498291 8.27100276947021 8.27174854278564 8.27194499969483 8.27265071868896 8.27298927307129 8.27309989929199 8.27374839782715 8.2739429473877 8.27464866638184 8.27492618560791 8.27499866485596 8.2752161026001 8.27553939819336 8.27589130401611 8.27606201171875 8.27612400054932 8.27669239044189 8.27682495117187 8.27700042724609 8.27706146240234 8.27712345123291 8.27769184112549 8.27782344818115 8.27797603607178 8.27799987792969 8.27799987792969 8.27799987792969 8.27799987792969 8.27799987792969 8.27802753448486 8.27805519104004 8.27808094024658 8.27806377410889 8.27807903289795 8.27808380126953 8.27808094024658
8.26253604888916 8.26361846923828 8.26435661315918 8.26487731933594 8.2658052444458 8.26602840423584 8.26698970794678 8.26780128479004 8.26799011230469 8.2688045501709 8.26900482177734 8.26987457275391 8.27035427093506 8.27079486846924 8.27121543884277 8.2716007232666 8.27206230163574 8.27273845672607 8.27288818359375 8.27321338653564 8.27359771728516 8.27406024932861 8.27473640441895 8.27486419677734 8.2750301361084 8.27511405944824 8.27568626403809 8.2759313583374 8.27600002288818 8.27620983123779 8.27656936645508 8.27690124511719 8.27700042724609 8.27702331542969 8.27718544006348 8.27752113342285 8.2777624130249 8.27793121337891 8.27797698974609 8.27799987792969 8.27799987792969 8.27799987792969 8.27799987792969 8.27799987792969 8.27799987792969 8.27799987792969 8.27799987792969 8.27799987792969 8.27799987792969
8.26184940338135 8.26292324066162 8.26395988464355 8.2645959854126 8.26517391204834 8.26567459106445 8.26670074462891 8.26720523834229 8.26771640777588 8.2681713104248 8.2686710357666 8.26967716217041 8.27016925811768 8.27064895629883 8.27098846435547 8.27108764648438 8.27178955078125 8.2721996307373 8.27267074584961 8.27298641204834 8.27308654785156 8.27378845214844 8.27417087554932 8.27462291717529 8.27481937408447 8.27490425109863 8.27515029907227 8.2757625579834 8.27589702606201 8.27604961395264 8.2761116027832 8.27672386169434 8.27693653106689 8.27697944641113 8.27702522277832 8.27705478668213 8.27717113494873 8.27776145935059 8.27789497375488 8.27799987792969 8.27799987792969 8.27799987792969 8.27799987792969 8.27799987792969 8.27799987792969 8.27799987792969 8.27799987792969 8.27799987792969 8.27799987792969
8.26150417327881 8.26218700408936 8.26321697235107 8.26382541656494 8.26478099822998 8.26497936248779 8.26594257354736 8.26680946350098 8.26702213287354 8.26785659790039 8.26803779602051 8.26903343200684 8.26984691619873 8.27003955841064 8.27078914642334 8.2708911895752 8.27115726470947 8.27184581756592 8.27203845977783 8.27278900146484 8.27288913726807 8.27315616607666 8.2738151550293 8.27397727966309 8.27421188354492 8.2746410369873 8.27497959136963 8.2752513885498 8.27572536468506 8.27594375610352 8.27599811553955 8.27613830566406 8.27672100067139 8.27681446075439 8.27696132659912 8.27697658538818 8.27703952789307 8.2772216796875 8.27768230438232 8.27784729003906 8.2779426574707 8.27798366546631 8.27799987792969 8.27799987792969 8.27799987792969 8.27799987792969 8.27799987792969 8.27799987792969 8.27799987792969
8.26074886322021 8.26188659667969 8.26279354095459 8.26305961608887 8.26400375366211 8.26464653015137 8.26516532897949 8.26615428924561 8.26677417755127 8.26715564727783 8.26777076721191 8.26878643035889 8.26920127868652 8.26979160308838 8.27013111114502 8.27067947387695 8.27098560333252 8.27124881744385 8.27180480957031 8.27212905883789 8.27267646789551 8.27298545837402 8.2732458114624 8.27376842498779 8.27399253845215 8.27409839630127 8.27481746673584 8.27500343322754 8.27509880065918 8.27581977844238 8.27587890625 8.27601909637451 8.27608680725098 8.27613735198975 8.2768383026123 8.27690601348877 8.27700042724609 8.27702713012695 8.27706241607666 8.27717208862305 8.27773475646973 8.27786159515381 8.2779655456543 8.27798366546631 8.27799987792969 8.27799987792969 8.27799987792969 8.27799987792969 8.27799987792969
8.25971794128418 8.26034355163574 8.2614803314209 8.26204204559326 8.26305866241455 8.26371383666992 8.26430225372314 8.26531887054443 8.26583671569824 8.26628684997559 8.2668285369873 8.26730060577393 8.26831436157227 8.26883411407471 8.26928424835205 8.26982593536377 8.27021503448486 8.27088737487793 8.2709846496582 8.27129936218262 8.27182388305664 8.27221393585205 8.27291584014893 8.2730131149292 8.27329730987549 8.27376174926758 8.2740421295166 8.27438735961914 8.27481460571289 8.27503395080566 8.27511405944824 8.27529716491699 8.27589130401611 8.275954246521 8.27609252929688 8.27621746063232 8.27682209014893 8.27694606781006 8.27697658538818 8.27700042724609 8.27705097198486 8.27704524993896 8.27724647521973 8.2772741317749 8.27784729003906 8.27791213989258 8.27795028686523 8.27797889709473 8.27799987792969
8.25895977020264 8.26001071929932 8.26101684570312 8.26125621795654 8.26236629486084 8.2629566192627 8.2639274597168 8.26457500457764 8.26506614685059 8.2659969329834 8.26619052886963 8.26696872711182 8.26756954193115 8.26806354522705 8.26896953582764 8.26915836334229 8.2698802947998 8.27023029327393 8.27029132843018 8.27101707458496 8.27118968963623 8.27194690704346 8.27240180969238 8.27278232574463 8.27307796478271 8.27321910858154 8.27385139465332 8.27413654327393 8.27425479888916 8.27485847473145 8.27492809295654 8.275071144104 8.27541732788086 8.27577877044678 8.27597045898438 8.27601528167725 8.27621459960938 8.27645874023438 8.27679920196533 8.27694702148438 8.2769775390625 8.27700042724609 8.27704811096191 8.27706718444824 8.27722644805908 8.27734661102295 8.27734088897705 8.27785968780518 8.2778959274292
8.25805473327637 8.25922870635986 8.26036357879639 8.26082706451416 8.26158428192139 8.26214218139648 8.26316356658936 8.26407241821289 8.26431846618652 8.26530933380127 8.26577091217041 8.26629161834717 8.26709270477295 8.26731586456299 8.2681999206543 8.26837158203125 8.26909923553467 8.2695369720459 8.2698974609375 8.27040100097656 8.27082443237305 8.27128887176514 8.27202796936035 8.2721700668335 8.2724723815918 8.27285003662109 8.27328777313232 8.27388668060303 8.27399158477783 8.27426910400391 8.27435874938965 8.27484321594238 8.27511596679688 8.27522087097168 8.27544403076172 8.27577495574951 8.27597522735596 8.27613830566406 8.27622127532959 8.276442527771 8.27688312530518 8.27692222595215 8.2769775390625 8.27700042724609 8.27702236175537 8.27708053588867 8.27708053588867 8.27728080749512 8.2772912979126
