Spatial_Analysis/Maxent_Inputs/Inputs/Present/pH_present.asc
NCOLS 638 
NROWS 314 
XLLCORNER -102.97071042 
YLLCORNER 3.973116569 
CELLSIZE 0.083 
NODATA_value -9999 
[rows 88 to 109 of 314, columns 392 to 440 of 638]
8.22896862030029 8.22894382476807 8.22890758514404 8.22885417938232 8.22845554351807 8.22842979431152 8.22836399078369 8.22839260101318 8.22833442687988 8.22808456420898 8.22805404663086 8.22800254821777 8.22799015045166 8.22794532775879 8.22791957855225 8.22774505615234 8.22746753692627 8.22742080688477 8.22739124298096 8.22728729248047 8.22706985473633 8.22699356079102 8.22696113586426 8.2269287109375 8.22645568847656 8.2263650894165 8.22626686096191 8.22601318359375 8.22595405578613 8.22543239593506 8.22524929046631 8.22506332397461 8.22482299804688 8.22457027435303 8.22420597076416 8.22382831573486 8.2235164642334 8.22324180603027 8.22306823730469 8.22243309020996 8.22221660614014 8.22199153900146 8.2213020324707 8.22109794616699 8.22043323516846 8.22021770477295 8.21999454498291 8.21930313110352 8.21909999847412
8.22873306274414 8.22843742370605 8.22836875915527 8.22830963134766 8.22808074951172 8.22805213928223 8.22802543640137 8.22804927825928 8.22800254821777 8.22794246673584 8.22789764404297 8.22782135009766 8.22745418548584 8.22739219665527 8.22733879089355 8.22726154327393 8.22709083557129 8.22702121734619 8.22697067260742 8.22691917419434 8.22674179077148 8.22644138336182 8.22636795043945 8.22628974914551 8.225998878479 8.22579669952393 8.22546768188477 8.22536754608154 8.22529029846191 8.22499942779541 8.22477340698242 8.22446537017822 8.22422122955322 8.22401523590088 8.22343158721924 8.22323322296143 8.22305870056152 8.22279453277588 8.22242546081543 8.22200107574463 8.22174453735352 8.2213830947876 8.22084712982178 8.2204761505127 8.22003364562988 8.21974754333496 8.21940898895264 8.21888256072998 8.218505859375
8.22829532623291 8.22810554504395 8.22802543640137 8.22802352905273 8.22799968719482 8.22799968719482 8.22797584533691 8.22790718078613 8.22785472869873 8.22740268707276 8.22735595703125 8.22725296020508 8.22707366943359 8.22704887390137 8.22699928283691 8.22696018218994 8.22689819335938 8.22676467895508 8.22646808624268 8.22631454467773 8.22624778747559 8.2260627746582 8.22593402862549 8.22587966918945 8.22538089752197 8.22524929046631 8.22506332397461 8.22493457794189 8.22488021850586 8.22437953948975 8.22421836853027 8.2240104675293 8.22376823425293 8.22342300415039 8.22302913665771 8.22276973724365 8.22243785858154 8.22218132019043 8.22201061248779 8.22138118743896 8.22118473052979 8.22098255157471 8.22029781341553 8.22013282775879 8.21980953216553 8.21930313110352 8.21910953521729 8.21869087219238 8.21824264526367
8.22806739807129 8.22799968719482 8.22799968719482 8.22799968719482 8.22797393798828 8.22789669036865 8.22782516479492 8.22735977172852 8.22729206085205 8.22707366943359 8.22704887390137 8.22699928283691 8.22693729400635 8.22691822052002 8.22680377960205 8.22641754150391 8.22630882263184 8.22622013092041 8.22609424591064 8.22596454620361 8.22592258453369 8.22582721710205 8.2253589630127 8.22529602050781 8.22504901885986 8.22492408752442 8.22482872009277 8.22435855865479 8.22427368164062 8.22399234771729 8.22376346588135 8.22338962554932 8.22319316864014 8.22306346893311 8.22278690338135 8.22228813171387 8.22206115722656 8.22179317474365 8.22140407562256 8.22102642059326 8.22073841094971 8.22033882141113 8.22001552581787 8.21990871429443 8.21929359436035 8.21900367736817 8.21889591217041 8.21825313568115 8.21804428100586
8.22799968719482 8.22799968719482 8.22799968719482 8.22797775268555 8.22782611846924 8.22736930847168 8.22723293304443 8.22706699371338 8.22704410552979 8.226975440979 8.22689723968506 8.22682952880859 8.22636413574219 8.22631931304932 8.22620677947998 8.22608757019043 8.22599792480469 8.22593212127686 8.22585868835449 8.22535228729248 8.22531795501709 8.22521305084229 8.22503852844238 8.22498989105225 8.22480964660645 8.22436904907227 8.22423458099365 8.22401142120361 8.2239294052124 8.22333145141602 8.22322273254395 8.2230339050293 8.22281646728516 8.22242546081543 8.22218227386475 8.22196483612061 8.22183322906494 8.22126293182373 8.22111797332764 8.22081470489502 8.22025299072266 8.22005653381348 8.21977424621582 8.21938514709473 8.21902370452881 8.21871471405029 8.21831798553467 8.21798896789551 8.21786403656006
8.22799968719482 8.22799968719482 8.22794246673584 8.22788619995117 8.22725009918213 8.22706317901611 8.22702026367188 8.22700023651123 8.22697830200195 8.22683143615723 8.2263298034668 8.2262134552002 8.22606372833252 8.22604179382324 8.22599601745605 8.22589683532715 8.2258358001709 8.22531890869141 8.22525405883789 8.22506523132324 8.22499084472656 8.22494697570801 8.22476959228516 8.22439765930176 8.22418975830078 8.22403144836426 8.22394752502441 8.22374725341797 8.22335624694824 8.22304058074951 8.22292137145996 8.22283744812012 8.22224617004395 8.2221097946167 8.22185802459717 8.22132873535156 8.22121620178223 8.22100925445557 8.22090911865234 8.22025299072266 8.21999835968018 8.21986198425293 8.21924686431885 8.21911144256592 8.21882152557373 8.21824169158936 8.21805286407471 8.2177791595459 8.21736717224121
8.22799968719482 8.22795963287354 8.22776031494141 8.22732257843018 8.22706127166748 8.22700023651123 8.22700023651123 8.22694396972656 8.22688961029053 8.22623252868652 8.22606086730957 8.22601795196533 8.22599983215332 8.22597885131836 8.22583770751953 8.22531414031982 8.22519588470459 8.22506141662598 8.22501945495605 8.22492408752442 8.22470474243164 8.22431182861328 8.22417736053467 8.22407722473145 8.22394275665283 8.22370719909668 8.22331237792969 8.22317695617676 8.22307777404785 8.22284126281738 8.2223129272461 8.22219657897949 8.22200679779053 8.22191047668457 8.22123336791992 8.22106075286865 8.22097873687744 8.220778465271 8.22034168243408 8.2200174331665 8.21971130371094 8.21927261352539 8.21900653839111 8.21891117095947 8.21823501586914 8.2180290222168 8.21789741516113 8.21725368499756 8.21710586547852
8.22796535491943 8.22789669036865 8.22723960876465 8.22711086273193 8.22700023651123 8.22700023651123 8.22696208953857 8.22676658630371 8.22630500793457 8.22605609893799 8.22599983215332 8.22597885131836 8.22591209411621 8.22586822509766 8.22521495819092 8.22505855560303 8.22501754760742 8.22494602203369 8.22489356994629 8.22426509857178 8.22416877746582 8.22406101226807 8.22396564483643 8.22389316558838 8.22326374053955 8.22316837310791 8.2230396270752 8.22293281555176 8.22286796569824 8.22221565246582 8.22205829620361 8.22197914123535 8.22178077697754 8.22131824493408 8.22105693817139 8.2209358215332 8.22087097167969 8.22021770477295 8.22009754180908 8.21983337402344 8.21921825408936 8.2190637588501 8.21881771087646 8.21835041046143 8.21807479858398 8.21791076660156 8.21783256530762 8.21708583831787 8.21696853637695
8.22793769836426 8.22786331176758 8.22712707519531 8.22703838348389 8.22700023651123 8.22693252563477 8.22687435150146 8.22620487213135 8.22610378265381 8.22599983215332 8.22593307495117 8.22587490081787 8.225266456604 8.22519969940186 8.22505283355713 8.22500038146973 8.2249641418457 8.22477722167969 8.224289894104 8.22405242919922 8.22402000427246 8.22396373748779 8.22377967834473 8.22329330444336 8.22305202484131 8.22295475006104 8.22287654876709 8.22226238250732 8.22220325469971 8.22205257415771 8.22193622589111 8.2218770980835 8.22120380401611 8.22110939025879 8.2209587097168 8.2207088470459 8.22023105621338 8.22000408172607 8.21991539001465 8.21919822692871 8.21905612945557 8.21896362304688 8.21873378753662 8.21821022033691 8.21797657012939 8.21771717071533 8.21723365783691 8.21696662902832 8.21687889099121
8.22790622711182 8.22784519195557 8.22708415985107 8.22703647613526 8.2269811630249 8.22672367095947 8.22622299194336 8.22605133056641 8.2260160446167 8.22598075866699 8.22572708129883 8.22522354125977 8.22505187988281 8.22503280639648 8.22500038146973 8.22493457794189 8.22488307952881 8.22419261932373 8.22409915924072 8.22399997711182 8.2239351272583 8.2238826751709 8.22319126129151 8.22309970855713 8.22296047210694 8.2227029800415 8.22220897674561 8.2220516204834 8.2220344543457 8.22196102142334 8.22170734405518 8.22120952606201 8.22105121612549 8.22099781036377 8.22084712982178 8.22019863128662 8.22005367279053 8.21982574462891 8.21930694580078 8.21904945373535 8.21893787384033 8.21888446807862 8.21819019317627 8.21808910369873 8.2178783416748 8.21722030639648 8.21705436706543 8.21683120727539 8.2163143157959
8.22786808013916 8.22779941558838 8.2270679473877 8.22701835632324 8.22696781158447 8.22666645050049 8.22614669799805 8.22601985931396 8.22599983215332 8.22596740722656 8.22567081451416 8.22514820098877 8.22502040863037 8.22500038146973 8.22498607635498 8.22485446929932 8.22481918334961 8.22410011291504 8.22404098510742 8.22398567199707 8.22385406494141 8.2238187789917 8.22309875488281 8.22304153442383 8.22293090820312 8.22259330749512 8.22211742401123 8.22202014923096 8.22200012207031 8.22193145751953 8.22159862518311 8.22111797332764 8.22100067138672 8.22095394134521 8.22079277038574 8.2201042175293 8.22002029418945 8.2197904586792 8.21922397613525 8.21901798248291 8.21887874603271 8.21882057189941 8.21809864044189 8.21804428100586 8.21786880493164 8.21713733673096 8.21703338623047 8.21681213378906 8.21623039245605
8.22767639160156 8.22715663909912 8.22702121734619 8.22700023651123 8.22692203521729 8.22653198242188 8.22609424591064 8.22599983215332 8.22599983215332 8.22592258453369 8.22553634643555 8.22509574890137 8.22500038146973 8.22500038146973 8.22492408752442 8.22457408905029 8.22412300109863 8.22402000427246 8.22399997711182 8.22392463684082 8.22357654571533 8.22312355041504 8.22299957275391 8.22296619415283 8.22276973724365 8.22210597991944 8.22203540802002 8.22198009490967 8.22195053100586 8.22177314758301 8.22110557556152 8.22103595733642 8.22088527679443 8.2208137512207 8.22011375427246 8.21999645233154 8.21993637084961 8.21966552734375 8.21915531158447 8.2189826965332 8.2186918258667 8.21816635131836 8.21800136566162 8.21796703338623 8.21775817871094 8.21706962585449 8.21700191497803 8.21676254272461 8.21620941162109
8.22763919830322 8.22713756561279 8.22700023651123 8.22700023651123 8.22683525085449 8.22614192962646 8.22603702545166 8.22597789764404 8.2259635925293 8.22572994232178 8.22510623931885 8.22503757476807 8.22497940063477 8.2249641418457 8.22473335266113 8.22410583496094 8.22403717041016 8.22397899627686 8.22394752502441 8.22373485565186 8.22310543060303 8.22303676605225 8.22295379638672 8.2228946685791 8.22215557098389 8.22202205657959 8.22200012207031 8.22187805175781 8.2218017578125 8.22111892700195 8.22099494934082 8.22094631195068 8.22067165374756 8.22019004821777 8.22001934051514 8.21986770629883 8.21978569030762 8.21910381317139 8.2190465927124 8.21892166137695 8.2185525894165 8.21810626983643 8.21795654296875 8.2179126739502 8.21715641021729 8.21699619293213 8.21694660186768 8.21665668487549 8.21616554260254
8.22763729095459 8.22716236114502 8.22700023651123 8.22700023651123 8.22680377960205 8.22610664367676 8.22601795196533 8.22595119476318 8.22590637207031 8.22514533996582 8.225022315979 8.22500038146973 8.22495174407959 8.22488975524902 8.22414493560791 8.22402191162109 8.22399997711182 8.2238883972168 8.22378921508789 8.22310638427734 8.2230224609375 8.22299957275391 8.22287082672119 8.22276782989502 8.22207736968994 8.22197341918945 8.22194290161133 8.22165393829346 8.22119235992432 8.22101974487305 8.22093963623047 8.22086524963379 8.22014427185059 8.22006702423096 8.21996307373047 8.21969795227051 8.21918296813965 8.21902084350586 8.2189998626709 8.21883964538574 8.21814441680908 8.21804046630859 8.21795463562012 8.21788787841797 8.21713447570801 8.21694183349609 8.21688365936279 8.21614360809326 8.21606826782227
8.22763156890869 8.22715282440186 8.22700023651123 8.22700023651123 8.2267951965332 8.22610855102539 8.22601890563965 8.22594928741455 8.22588157653809 8.22511959075928 8.22500038146973 8.22500038146973 8.22488307952881 8.22475528717041 8.22407913208008 8.22399997711182 8.2239818572998 8.22374439239502 8.2232494354248 8.22302055358887 8.22297191619873 8.22293853759766 8.22263526916504 8.22219562530518 8.22202110290527 8.22193908691406 8.22185802459717 8.22114753723144 8.22106838226318 8.22098159790039 8.22085666656494 8.22073173522949 8.2200756072998 8.22002410888672 8.21996212005615 8.21964073181152 8.21916103363037 8.2189998626709 8.2189998626709 8.21880912780762 8.21811103820801 8.21801853179932 8.21795272827148 8.21786499023438 8.21712303161621 8.21694087982178 8.21685695648193 8.21611499786377 8.21604442596436
8.22762870788574 8.22717761993408 8.22700023651123 8.22700023651123 8.22680759429932 8.22611141204834 8.22601890563965 8.22594928741455 8.22587776184082 8.22512435913086 8.22500038146973 8.2249813079834 8.22475624084473 8.2242546081543 8.22402095794678 8.22397136688233 8.2239351272583 8.22359085083008 8.22316646575928 8.22299957275391 8.22293663024902 8.22286891937256 8.2221508026123 8.22206974029541 8.22198104858398 8.22185134887695 8.22171592712402 8.22107601165771 8.22102355957031 8.22095966339111 8.2206859588623 8.22019672393799 8.22002220153809 8.22000026702881 8.2199068069458 8.21951675415039 8.21911811828613 8.2189998626709 8.2189998626709 8.21878337860107 8.21811294555664 8.21802043914795 8.21788597106934 8.21774291992188 8.21708393096924 8.21693992614746 8.21685123443603 8.21611785888672 8.21604633331299
8.22772407531738 8.22730827331543 8.22703075408936 8.22702026367188 8.22678375244141 8.22611618041992 8.22602081298828 8.22593688964844 8.22587490081787 8.22513580322266 8.22500038146973 8.22498035430908 8.22472286224365 8.22422885894775 8.22399997711182 8.2239351272583 8.22386264801025 8.22315311431885 8.22307109832764 8.22299957275391 8.22293567657471 8.22284126281738 8.22212028503418 8.2220458984375 8.22195816040039 8.22167873382568 8.22120094299316 8.22102165222168 8.2209997177124 8.22095775604248 8.2206506729126 8.22017192840576 8.22000026702881 8.22000026702881 8.21981811523438 8.21914863586426 8.21904373168945 8.21897602081299 8.21895694732666 8.21865272521973 8.21807384490967 8.21800231933594 8.21776866912842 8.21727752685547 8.21702194213867 8.21693897247314 8.21684646606445 8.21612071990967 8.2160472869873
8.22790336608887 8.22780704498291 8.22706413269043 8.22704410552979 8.22679710388184 8.22611236572266 8.22603893280029 8.22594356536865 8.22584629058838 8.22513580322266 8.22500038146973 8.22498035430908 8.22471809387207 8.22423458099365 8.22399997711182 8.22393417358398 8.22383594512939 8.22312164306641 8.22304630279541 8.22299957275391 8.22293472290039 8.22283554077149 8.22212219238281 8.22204780578613 8.22195625305176 8.22164440155029 8.22117519378662 8.2209997177124 8.2209997177124 8.22095680236816 8.22064781188965 8.22017669677734 8.22000026702881 8.22000026702881 8.21978855133057 8.21911525726319 8.21902179718018 8.21894836425781 8.21889591217041 8.21818733215332 8.21802234649658 8.21798038482666 8.21773624420166 8.21724987030029 8.21700000762939 8.21693801879883 8.21684169769287 8.21612358093262 8.21604919433594
8.22793197631836 8.22782802581787 8.22712230682373 8.22704696655273 8.22677040100098 8.22611904144287 8.2260217666626 8.22594547271729 8.22586727142334 8.22513389587402 8.22500038146973 8.22497940063477 8.22471523284912 8.22423934936523 8.22399997711182 8.22393321990967 8.22383117675781 8.22312355041504 8.22304725646973 8.22299957275391 8.22293376922607 8.22283267974854 8.22212409973145 8.22204875946045 8.22195529937744 8.22161865234375 8.2211799621582 8.2209997177124 8.2209997177124 8.22095489501953 8.22062301635742 8.22018146514893 8.22000026702881 8.22000026702881 8.21978282928467 8.21914005279541 8.21902179718018 8.21897220611572 8.21891784667969 8.21829986572266 8.21804237365723 8.21798038482666 8.21773147583008 8.21725463867188 8.21700000762939 8.21693706512451 8.21683692932129 8.21612644195557 8.21605014801025
8.22793102264404 8.22782421112061 8.22714805603027 8.22704792022705 8.22683238983154 8.22628021240234 8.22607898712158 8.22594356536865 8.22586536407471 8.22513771057129 8.22500038146973 8.22497940063477 8.22473335266113 8.22425842285156 8.22399997711182 8.22393321990967 8.22382736206055 8.22312545776367 8.22304821014404 8.22299957275391 8.22293281555176 8.22282886505127 8.22212600708008 8.22204971313477 8.22195434570312 8.22163963317871 8.22120571136475 8.2209997177124 8.2209997177124 8.22095394134521 8.22062015533447 8.22018527984619 8.22000026702881 8.22000026702881 8.21984195709229 8.21926116943359 8.21908187866211 8.2189998626709 8.2189769744873 8.21874809265137 8.21809577941895 8.21800231933594 8.21772766113281 8.21728134155273 8.21700000762939 8.2169361114502 8.21685409545898 8.2161283493042 8.21605110168457
8.22800540924072 8.22787857055664 8.22730255126953 8.22711944580078 8.22692489624024 8.2265157699585 8.22614765167236 8.22594261169434 8.22586345672607 8.22516345977783 8.22500038146973 8.22497844696045 8.22465991973877 8.22426319122314 8.22399997711182 8.22393226623535 8.22382545471192 8.22315120697021 8.22304916381836 8.22299957275391 8.22293281555176 8.222825050354 8.22212791442871 8.22205066680908 8.22197532653809 8.22173976898193 8.2213659286499 8.22104740142822 8.22102355957031 8.2209529876709 8.22064113616943 8.22021198272705 8.22000026702881 8.22000026702881 8.21992874145508 8.21958637237549 8.21916580200195 8.2189998626709 8.2189998626709 8.21877574920654 8.21809673309326 8.21800231933594 8.21780300140381 8.21744060516357 8.21705341339111 8.21693515777588 8.21685123443604 8.21613025665283 8.21605205535889
8.22809600830078 8.22797584533691 8.2276668548584 8.22722244262695 8.22695159912109 8.22663402557373 8.22622680664062 8.2259693145752 8.22591304779053 8.22532844543457 8.22504425048828 8.22499942779541 8.2247896194458 8.22443580627441 8.22405338287354 8.22396278381348 8.22387599945068 8.22328758239746 8.22312545776367 8.22299957275391 8.22293186187744 8.22282218933105 8.22215366363525 8.2220516204834 8.22200012207031 8.22190189361572 8.22179222106934 8.22113132476807 8.22105121612549 8.22097492218018 8.22074317932129 8.22037887573242 8.22004890441895 8.22002506256104 8.2199535369873 8.21964359283447 8.21921730041504 8.2189998626709 8.2189998626709 8.21877288818359 8.21812343597412 8.21804523468018 8.21791744232178 8.21783447265625 8.21712398529053 8.21693420410156 8.2168493270874 8.21613121032715 8.2160530090332
