Spatial_Analysis/Maxent_Inputs/Inputs/Present/pH_present.asc
NCOLS 638 
NROWS 314 
XLLCORNER -102.97071042 
YLLCORNER 3.973116569 
CELLSIZE 0.083 
NODATA_value -9999 
[rows 88 to 109 of 314, columns 588 to 636 of 638]
8.18861389160156 8.18848037719727 8.18792629241943 8.18781757354736 8.18759346008301 8.18758964538574 8.18748188018799 8.18692874908447 8.18681812286377 8.18659400939942 8.18659019470215 8.18651485443115 8.18590545654297 8.18579196929932 8.1856632232666 8.18558979034424 8.18566608428955 8.18523597717285 8.18491077423096 8.18466377258301 8.18458938598633 8.18469047546387 8.18458652496338 8.18466567993164 8.18443298339844 8.18428611755371 8.18415546417236 8.18370819091797 8.18377208709717 8.18375110626221 8.18374252319336 8.18377017974854 8.18364906311035 8.18374633789063 8.18386936187744 8.18401336669922 8.18430328369141 8.18429470062256 8.18453216552734 8.18463706970215 8.18465232849121 8.18486309051514 8.18532752990723 8.18551826477051 8.18571281433105 8.18587779998779 8.18626499176025 8.18656826019287 8.18675899505615
8.18949794769287 8.18903827667236 8.18868541717529 8.18871688842773 8.1886625289917 8.18855857849121 8.188063621521 8.1876859664917 8.18771743774414 8.18768978118896 8.18761730194092 8.18752288818359 8.18674087524414 8.18674278259277 8.18669033050537 8.18661689758301 8.18669509887695 8.18626594543457 8.18593406677246 8.18569087982178 8.18561553955078 8.18571853637695 8.18561267852783 8.18569278717041 8.18569087982178 8.18558883666992 8.18562793731689 8.18526172637939 8.18535327911377 8.18532657623291 8.18521785736084 8.18538093566895 8.18521404266357 8.18532752990723 8.18542861938477 8.1854419708252 8.18569278717041 8.18558692932129 8.18571567535401 8.18577671051025 8.18590927124023 8.18635368347168 8.18656444549561 8.18674755096436 8.18693447113037 8.18725872039795 8.18762969970703 8.18785953521728 8.18826007843018
8.19003868103027 8.1898250579834 8.18963527679443 8.18972110748291 8.18963718414307 8.18954753875732 8.18891906738281 8.18863582611084 8.188720703125 8.18871593475342 8.18868732452393 8.18852233886719 8.18773746490479 8.18776702880859 8.18771553039551 8.18770980834961 8.18772220611572 8.18732452392578 8.18698692321777 8.18673992156982 8.1867094039917 8.18674468994141 8.18663787841797 8.18671989440918 8.18671703338623 8.1867094039917 8.18674468994141 8.18659019470215 8.18669509887695 8.18669319152832 8.18668270111084 8.1867208480835 8.18659019470215 8.18669414520264 8.18669319152832 8.18670845031738 8.18676853179932 8.18673324584961 8.18686485290527 8.18733882904053 8.18738079071045 8.18767929077148 8.18780994415283 8.18789577484131 8.18842697143555 8.18862247467041 8.18889713287354 8.18940925598145 8.18960762023926
8.1907844543457 8.19076919555664 8.1907262802124 8.19072341918945 8.19052600860596 8.19015979766846 8.18984413146973 8.18972587585449 8.18974590301514 8.1897144317627 8.18965339660645 8.18911361694336 8.18877220153809 8.1887674331665 8.18874073028564 8.18873310089111 8.18876934051514 8.18857955932617 8.18845558166504 8.18785858154297 8.18778991699219 8.18776893615723 8.18772792816162 8.187744140625 8.18774127960205 8.18773174285889 8.18776702880859 8.18772506713867 8.18774127960205 8.18774032592773 8.18773078918457 8.18776988983154 8.18772888183594 8.187744140625 8.18776893615723 8.18778705596924 8.18794536590576 8.18836975097656 8.18845367431641 8.18867015838623 8.18869304656983 8.18892097473145 8.18937015533447 8.18945693969727 8.18972110748291 8.18995761871338 8.1904411315918 8.19072914123535 8.19085788726806
8.19175720214844 8.19179153442383 8.19168472290039 8.19165134429932 8.19102764129639 8.1909065246582 8.19079208374023 8.19074726104736 8.19076919555664 8.19071483612061 8.19063186645508 8.18997764587402 8.18974781036377 8.18976879119873 8.18976306915283 8.18975353240967 8.18979263305664 8.18972110748291 8.18969917297363 8.18939208984375 8.18901443481445 8.18889141082764 8.18880558013916 8.18879318237305 8.18876457214355 8.18875312805176 8.18879127502441 8.18873119354248 8.18876171112061 8.18876361846924 8.1887731552124 8.18884754180908 8.18883609771729 8.18884754180908 8.18896579742432 8.18928527832031 8.18956184387207 8.18968391418457 8.18972301483154 8.18981647491455 8.18998336791992 8.1904878616333 8.19068431854248 8.19074535369873 8.19096374511719 8.19139957427979 8.19174098968506 8.19199657440186 8.19240188598633
8.19277763366699 8.19277000427246 8.19250011444092 8.19211864471436 8.19184875488281 8.19180011749268 8.19181442260742 8.1917667388916 8.19179153442383 8.19173908233643 8.19167804718018 8.19100189208984 8.19078922271729 8.19079113006592 8.19078540802002 8.19077491760254 8.19081401824951 8.19076824188232 8.19079113006592 8.19068241119385 8.19058322906494 8.19055271148682 8.19030857086182 8.18997955322266 8.189866065979 8.18985652923584 8.18986892700195 8.18981170654297 8.18982315063477 8.1898889541626 8.18991184234619 8.19046688079834 8.19047737121582 8.19052028656006 8.19059753417969 8.19064998626709 8.19079494476319 8.19079971313477 8.190842628479 8.19100379943848 8.19151973724365 8.191725730896 8.19182968139648 8.19190216064453 8.19253921508789 8.19276142120361 8.19295787811279 8.19352722167969 8.19368362426758
8.19377517700195 8.19368839263916 8.19301414489746 8.1929235458374 8.19280433654785 8.192795753479 8.19283485412598 8.19278430938721 8.1928129196167 8.19278430938721 8.1927547454834 8.19254398345947 8.19186019897461 8.19183254241943 8.19180583953857 8.19179439544678 8.19183540344238 8.19178676605225 8.19181156158447 8.19180679321289 8.19177341461182 8.19181632995605 8.1916675567627 8.19163799285889 8.19155502319336 8.19152164459229 8.19161415100098 8.19150352478027 8.19152736663818 8.19158172607422 8.19157123565674 8.1917724609375 8.19176769256592 8.19179153442383 8.1917896270752 8.19181346893311 8.1919059753418 8.19203186035156 8.19244861602783 8.19263458251953 8.19274520874024 8.19290542602539 8.19304752349854 8.19347953796387 8.19379234313965 8.19408798217773 8.19457054138184 8.19478702545166 8.19489860534668
8.19468116760254 8.19408893585205 8.1938591003418 8.19385147094727 8.19382286071777 8.19381427764893 8.1938533782959 8.19380187988281 8.19383239746094 8.19382381439209 8.19381332397461 8.19370460510254 8.19294738769531 8.19289207458496 8.1928243637085 8.19281196594238 8.19285297393799 8.19280338287354 8.19283103942871 8.19282531738281 8.19281101226807 8.1928539276123 8.19280433654785 8.1928129196167 8.19280815124512 8.19279003143311 8.19283676147461 8.19278526306152 8.19280815124512 8.19281005859375 8.19278907775879 8.1928539276123 8.19280624389649 8.19284915924072 8.19290447235107 8.19294357299805 8.19357109069824 8.19364070892334 8.19374084472656 8.19385528564453 8.19407844543457 8.19456958770752 8.19463729858398 8.19468879699707 8.19500637054444 8.19557094573975 8.1958122253418 8.19603729248047 8.19652080535889
8.19504928588867 8.19492340087891 8.19481563568115 8.1948823928833 8.19483852386475 8.1948299407959 8.19486999511719 8.19481658935547 8.19484996795654 8.19484043121338 8.19482898712158 8.1948127746582 8.19443988800049 8.1940336227417 8.19389152526855 8.19385528564453 8.19387054443359 8.19381904602051 8.19384860992432 8.19384288787842 8.19382762908936 8.19387054443359 8.19381999969482 8.19384860992432 8.19384384155273 8.19382667541504 8.19387054443359 8.19382095336914 8.19384765625 8.19386768341064 8.19388008117676 8.19393920898438 8.19393253326416 8.19397258758545 8.1945972442627 8.19459438323975 8.19481658935547 8.19483184814453 8.19489574432373 8.19503974914551 8.19559574127197 8.19579982757568 8.19585132598877 8.19591331481934 8.19664859771729 8.19681739807129 8.19699382781983 8.19761085510254 8.19770431518555
8.19588279724121 8.19588565826416 8.19583034515381 8.19589710235596 8.19585609436035 8.19584560394287 8.19588661193848 8.19583129882812 8.19589614868164 8.19586086273194 8.19584941864014 8.19588565826416 8.19572830200195 8.19576454162598 8.1955509185791 8.19505977630615 8.19496631622314 8.1948881149292 8.19491672515869 8.19485855102539 8.19484233856201 8.19488620758057 8.19483470916748 8.19489479064942 8.19486045837402 8.19486141204834 8.19493293762207 8.19491863250732 8.19497776031494 8.19503402709961 8.19547367095947 8.19570732116699 8.19563102722168 8.19570541381836 8.1958122253418 8.19580078125 8.19592189788818 8.19604969024658 8.19657039642334 8.19672966003418 8.19679546356201 8.19696140289307 8.19707775115967 8.19758224487305 8.1978588104248 8.19811820983887 8.1986665725708 8.19884777069092 8.19894027709961
8.19613838195801 8.19609928131104 8.1961555480957 8.19608974456787 8.19612884521484 8.19613933563232 8.19609928131104 8.19615459442139 8.19609069824219 8.19613933563232 8.19615840911865 8.19609642028809 8.19612503051758 8.19603157043457 8.19595432281494 8.19547843933105 8.19523334503174 8.19528961181641 8.195143699646 8.19514083862305 8.19515895843506 8.19511127471924 8.19516754150391 8.19509220123291 8.19515514373779 8.19519329071045 8.19521331787109 8.1953649520874 8.1952657699585 8.19535732269287 8.19589138031006 8.19602298736572 8.19606781005859 8.196044921875 8.19607639312744 8.19616317749023 8.19615745544433 8.19647407531738 8.19691753387451 8.19704818725586 8.19726657867432 8.19722652435303 8.1974983215332 8.19794654846191 8.19813537597656 8.19859218597412 8.19898128509521 8.19923877716064 8.19925594329834
8.19715213775635 8.19711303710938 8.19716835021973 8.19710159301758 8.1971435546875 8.19715309143066 8.19711303710938 8.19716739654541 8.19710254669189 8.19713878631592 8.19716167449951 8.19711399078369 8.19716644287109 8.19710445404053 8.19711780548096 8.19710063934326 8.19701480865479 8.19691562652588 8.19638347625732 8.19633769989014 8.19637584686279 8.19627571105957 8.19637393951416 8.1962366104126 8.19634914398193 8.19642543792725 8.1969747543335 8.19708061218262 8.19703578948975 8.19708919525146 8.19711685180664 8.19711303710938 8.19717502593994 8.19710540771485 8.19716739654541 8.19730377197266 8.19735145568848 8.19805812835693 8.19809532165528 8.19823169708252 8.1986255645752 8.19897365570068 8.19912815093994 8.19916439056396 8.19939231872559 8.20010280609131 8.20014190673828 8.20049095153808 8.20096778869629
8.198166847229 8.19812774658203 8.19818115234375 8.19811534881592 8.19815826416016 8.19816780090332 8.19812774658203 8.19818019866943 8.19811534881592 8.19815731048584 8.19817161560059 8.19813060760498 8.19817924499512 8.19814777374268 8.19815635681152 8.19816875457764 8.19807434082031 8.19814968109131 8.19810009002686 8.19808101654053 8.19808959960938 8.19805908203125 8.19808387756348 8.19803524017334 8.19808387756348 8.19811153411865 8.19810676574707 8.1981782913208 8.19812107086182 8.19819259643555 8.19816207885742 8.19820117950439 8.19834613800049 8.19832801818848 8.19844818115234 8.19894504547119 8.19907379150391 8.19919300079346 8.19920253753662 8.19942855834961 8.20008945465088 8.20008945465088 8.20030307769776 8.20034885406494 8.20106506347656 8.20133399963379 8.20134353637695 8.20208930969238 8.20216178894043
8.19918060302734 8.19914245605469 8.19919490814209 8.19916152954102 8.19917297363281 8.19918155670166 8.19914245605469 8.19919395446778 8.19916152954102 8.1991720199585 8.19918346405029 8.19914245605469 8.19919300079346 8.19916343688965 8.19917106628418 8.19918060302734 8.19913673400879 8.19919013977051 8.19916439056396 8.19917011260987 8.19918441772461 8.19914245605469 8.19918918609619 8.19916343688965 8.19916343688965 8.19918441772461 8.19915771484375 8.19923305511475 8.19922161102295 8.19944858551026 8.19941997528076 8.19965553283691 8.20004081726074 8.20007228851319 8.20005416870117 8.20017147064209 8.20024108886719 8.2004337310791 8.2004280090332 8.20105934143066 8.20123481750488 8.20121669769287 8.20155143737793 8.20198535919189 8.20225524902344 8.20266532897949 8.20300769805908 8.20329856872559 8.20337867736816
8.20019435882568 8.20015621185303 8.20020771026611 8.20017719268799 8.20018672943115 8.2001953125 8.20015621185303 8.2002067565918 8.20017719268799 8.20018577575684 8.20019626617432 8.20015621185303 8.20020580291748 8.2001781463623 8.20018482208252 8.20019626617432 8.20015621185303 8.20020484924316 8.2001781463623 8.2001838684082 8.20021724700928 8.20017337799072 8.20022583007812 8.20019626617432 8.20021915435791 8.20025730133057 8.20032215118408 8.20049953460693 8.20047760009766 8.20105743408203 8.201096534729 8.20114612579346 8.20127391815186 8.20119285583496 8.20126914978028 8.20136642456055 8.20145606994629 8.20207023620605 8.20210742950439 8.20224189758301 8.20250701904297 8.2024564743042 8.20310020446777 8.2031831741333 8.20353889465332 8.20414161682129 8.20415687561035 8.20457553863525 8.20499420166016
8.20120811462402 8.20117092132568 8.20124053955078 8.20121097564697 8.20122146606445 8.20122909545898 8.2011890411377 8.20124053955078 8.20121097564697 8.20121955871582 8.2012300491333 8.2011890411377 8.20124053955078 8.20121192932129 8.20121955871582 8.20123100280762 8.2011890411377 8.20123958587646 8.20121288299561 8.20129776000977 8.20139217376709 8.20139598846436 8.20149898529053 8.20144557952881 8.20147800445557 8.20154094696045 8.20200824737549 8.20213031768799 8.20213890075684 8.20217609405518 8.20221328735352 8.20219230651855 8.20233821868896 8.20237255096436 8.2025671005249 8.20297431945801 8.20309829711914 8.20323753356934 8.20325374603271 8.20354270935059 8.20409774780273 8.20409870147705 8.20435333251953 8.20439338684082 8.20511245727539 8.20543098449707 8.20544242858887 8.20612716674805 8.20621109008789
8.20224285125732 8.20225620269776 8.20248889923096 8.2024507522583 8.20248889923096 8.20250606536865 8.20242595672607 8.20252895355225 8.20247173309326 8.20248794555664 8.20250797271729 8.20242500305176 8.20252704620362 8.20247268676758 8.20248603820801 8.2025089263916 8.20242500305176 8.20252513885498 8.20247364044189 8.20260715484619 8.20299053192139 8.20308876037598 8.20314407348633 8.2031307220459 8.20313262939453 8.20316314697266 8.20316219329834 8.20322895050049 8.20322895050049 8.2032527923584 8.20328998565674 8.20339584350586 8.20368194580078 8.20401668548584 8.20415687561035 8.20419788360596 8.20425319671631 8.20450687408447 8.20451545715332 8.20509433746338 8.20538425445557 8.20527076721191 8.20563125610352 8.20601940155029 8.20630073547363 8.20669555664062 8.20703601837158 8.20733165740967 8.20745944976807
8.20343399047852 8.20355415344238 8.20410442352295 8.20411968231201 8.20414733886719 8.20415210723877 8.20412158966064 8.20415782928467 8.20414257049561 8.20414733886719 8.20415210723877 8.20412063598633 8.20415687561035 8.20414257049561 8.20414638519287 8.20415306091309 8.20412063598633 8.20415687561035 8.20414352416992 8.20417213439941 8.20420932769775 8.20419788360596 8.20424270629883 8.20422267913818 8.20422554016113 8.20426082611084 8.20421886444092 8.20437145233154 8.20442295074463 8.20453453063965 8.2045955657959 8.20502853393555 8.20518493652344 8.20519828796387 8.20526790618896 8.2053050994873 8.20549488067627 8.20610046386719 8.20614242553711 8.20630741119385 8.20666122436523 8.20654582977295 8.2071533203125 8.20724201202393 8.20758247375488 8.20820999145508 8.20817375183105 8.20851993560791 8.20896053314209
8.20501899719238 8.20513725280762 8.20523452758789 8.20523452758789 8.20524215698242 8.20524787902832 8.2052116394043 8.20525646209717 8.20523452758789 8.20524120330811 8.20524883270264 8.2052116394043 8.20525646209717 8.20523452758789 8.20524024963379 8.20524883270264 8.2052116394043 8.20525646209717 8.20523452758789 8.20524024963379 8.20524978637695 8.20523262023926 8.20527839660645 8.2052583694458 8.20535087585449 8.20545768737793 8.20550155639648 8.205735206604 8.20604038238525 8.20615863800049 8.2061882019043 8.2061882019043 8.20630359649658 8.20630741119385 8.20651245117188 8.2065954208374 8.20706176757812 8.20725631713867 8.20730781555176 8.20760631561279 8.20821571350098 8.2081356048584 8.20839023590088 8.20851039886475 8.20911502838135 8.20937919616699 8.209303855896 8.2097053527832 8.21006870269775
8.20623207092285 8.20622539520264 8.20626926422119 8.20624828338623 8.20625495910645 8.20626068115234 8.20622539520264 8.20626831054688 8.20624828338623 8.20625400543213 8.20626068115234 8.20622539520264 8.20626735687256 8.20624923706055 8.20625400543213 8.20626163482666 8.20622444152832 8.20629119873047 8.20627212524414 8.206298828125 8.20633220672608 8.20645141601562 8.2065954208374 8.20655727386475 8.20668888092041 8.20702362060547 8.20712375640869 8.20720863342285 8.20722484588623 8.20727443695068 8.2072868347168 8.20730304718018 8.2075777053833 8.20760059356689 8.20810699462891 8.20817089080811 8.20822334289551 8.20843029022217 8.20853424072266 8.20913219451904 8.20940017700195 8.20932388305664 8.20970153808594 8.21004867553711 8.21025085449219 8.21057319641113 8.2105541229248 8.21117687225342 8.21126937866211
8.20727157592773 8.20723724365234 8.20734691619873 8.20726108551025 8.20726680755615 8.20727252960205 8.20723724365234 8.20727920532227 8.20726108551025 8.20726680755615 8.20727252960205 8.20723724365234 8.20730400085449 8.20728492736816 8.20728969573975 8.20729732513428 8.20732021331787 8.20766830444336 8.20756530761719 8.20761585235596 8.20766544342041 8.20806217193604 8.20819187164307 8.20817565917969 8.20820999145508 8.20824527740479 8.20823764801025 8.20833015441895 8.20833778381348 8.20853710174561 8.20858383178711 8.20863056182861 8.20922565460205 8.20917987823486 8.20928764343262 8.20934677124023 8.20949554443359 8.20977401733399 8.21008396148682 8.21028804779053 8.21058177947998 8.2105712890625 8.21116256713867 8.21121311187744 8.21140670776367 8.21193027496338 8.2121467590332 8.21239471435547 8.21251773834229
8.20828342437744 8.20825004577637 8.20835876464844 8.20827388763428 8.20827865600586 8.20828342437744 8.20825004577637 8.20838165283203 8.20829772949219 8.20830154418945 8.20830917358398 8.20833587646485 8.20868492126465 8.20858287811279 8.20861434936523 8.2086296081543 8.20870399475098 8.20925521850586 8.20921325683594 8.20919609069824 8.2092227935791 8.20922565460205 8.20934391021729 8.20923900604248 8.2092981338501 8.20930957794189 8.20933341979981 8.20962142944336 8.20964336395264 8.21013164520264 8.21017074584961 8.21021747589112 8.21030521392822 8.21035385131836 8.21058177947998 8.21066188812256 8.2110710144043 8.21125888824463 8.2113265991211 8.21158313751221 8.21196079254151 8.2120943069458 8.21231746673584 8.21235275268555 8.21267795562744 8.21334743499756 8.21336841583252 8.21374130249023 8.21407127380371
