Spatial_Analysis/Maxent_Inputs/Inputs/Present/salinity_present.asc
NCOLS 638 
NROWS 314 
XLLCORNER -102.97071042 
YLLCORNER 3.973116569 
CELLSIZE 0.083 
NODATA_value -9999 
[rows 220 to 241 of 314, columns 49 to 97 of 638]
33.5244184735362 33.52731082384 33.5296638848577 33.5334172124591 33.5377021972494 33.5407462683991 33.5448190466615 33.5491882854409 33.5520622245284 33.5556452297021 33.5596698599679 33.5623083945754 33.5657249306327 33.5696464634996 33.5718492765314 33.5749270486359 33.5784321325973 33.5800991286212 33.5827506606559 33.5858412407423 33.5872949703456 33.5893556891677 33.591350147635 33.591895207907 33.5917998288005 33.5916391383565 33.5911058707968 33.5899726187024 33.5891806117728 33.5883140529266 33.5871558940112 33.5857700018615 33.5847032604014 33.5834074502547 33.5807960447895 33.5791169350826 33.5771865685506 33.5733849073396 33.5709956455228 33.5684160731779 33.5641317002585 33.561381990429 33.5581150587417 33.5528340731389 33.549203978672 33.5439394924036 33.5363944529447 33.5316805962297 33.5251252841748
33.5254812234525 33.5282051338999 33.5299799023294 33.53403471045 33.5382119071713 33.5404940597191 33.5451404315819 33.5495203405225 33.5516634335783 33.5559779720007 33.5599735924824 33.561883492742 33.5658587144413 33.5691307856971 33.5705527087964 33.5739454158495 33.5761893578234 33.5771200926539 33.5801045779576 33.5816814102156 33.582531966461 33.5851519712437 33.5856845919146 33.5860699917984 33.5872741354984 33.5858127218287 33.5854534855554 33.5855572847883 33.5828566124503 33.5821241214339 33.5818065978374 33.5784317496841 33.5774991086498 33.5768625124659 33.5724643128784 33.5712056793379 33.5699798041011 33.5643930796999 33.5627690046812 33.5609109488044 33.5546698475213 33.5528349411885 33.5501124371796 33.5428954685241 33.54045497371 33.5359655404913 33.5270810693175 33.5239655656677 33.5184211594882
33.5254760852623 33.5279191120512 33.5300677784482 33.5336054394626 33.5376938350442 33.5404340121239 33.544671665701 33.5489330216046 33.55148490845 33.5552253092799 33.5590861573597 33.5613617832252 33.5644982105591 33.5676247739087 33.5693913652572 33.5708671202068 33.572434998075 33.5737295149425 33.5743743888862 33.5757060600333 33.5768515327421 33.577352460833 33.5786740835751 33.5790802678734 33.5783183075876 33.5785434820314 33.5779885561016 33.5758806933525 33.5750855023052 33.574166316626 33.5715649529584 33.5701672142791 33.5689914513346 33.5662051988142 33.5640139280084 33.5624218213849 33.5589178577253 33.5555241302617 33.5535477418731 33.5493631954245 33.5452620570688 33.5430056359665 33.5386435430638 33.5338728149308 33.5307486168244 33.5252559910884 33.5189499805877 33.5148768585239 33.5090078944245
33.525337526397 33.5277475909549 33.5298234177521 33.5331762015346 33.537165870399 33.5401274074531 33.5442074399659 33.5482579232922 33.5509548049623 33.5545400374687 33.5581241039791 33.5603785742619 33.5634133368618 33.5662153825214 33.5675041036723 33.5688709291284 33.5697884059919 33.5701228179031 33.5709416375564 33.5714207441559 33.5716071478038 33.5727555529197 33.5732187451578 33.5729598356875 33.5729415184869 33.5722882126293 33.571430674791 33.5700683433412 33.5684569708651 33.5673943779688 33.5656655051465 33.5634293153001 33.5621782636575 33.5603859684445 33.5573670192214 33.55553653172 33.5530643006688 33.5488355874501 33.5463440229443 33.543291685367 33.5383111516861 33.5356215876493 33.5326660122393 33.5271254354396 33.5239506462481 33.5197883791059 33.5127691678185 33.5089369030913 33.5042517204312
33.526130873443 33.5280879125485 33.5295965502978 33.5333046595213 33.5369053851433 33.5390921803851 33.5436624533678 33.5474856451549 33.5494597161343 33.5536097061273 33.5568378406108 33.5584132435016 33.5616903387302 33.5636904145769 33.5644411201159 33.5661491136515 33.5660936111869 33.5660600771206 33.5671517180318 33.5660592046341 33.5659615208302 33.5673283729117 33.565800319179 33.5655425204522 33.5663300222416 33.5638546469036 33.5632923054528 33.5633635392698 33.5599733263235 33.5592668993674 33.5590717427218 33.5551338482951 33.5543124321848 33.5537137606559 33.5490920744877 33.5478674034921 33.5462741489147 33.5405690471262 33.5388543606704 33.5364747307931 33.5301504324404 33.5283177089147 33.5255627305502 33.5189888605389 33.5169349789153 33.5131947455218 33.5058815157549 33.5034855608307 33.4991781165581
33.5247257406785 33.5269049919581 33.5286185716344 33.53165179724 33.5355376165852 33.538071163628 33.541894696988 33.5458617027941 33.5481602246973 33.551146809313 33.554326278017 33.5561961985206 33.5581359721336 33.5603427469138 33.5611888411012 33.5609153060054 33.5612182661009 33.5611275780877 33.55960203822 33.5592645345752 33.5591801439486 33.5573601850205 33.5569036542525 33.5566879649007 33.5546049233963 33.5539122113683 33.5531835863177 33.5512534736591 33.550382775626 33.5493295881275 33.5475044519532 33.5462413347478 33.5450399832673 33.5428019610275 33.540788605676 33.5391493642056 33.5356153158335 33.532392716845 33.5301817634927 33.5259674127661 33.5222804941645 33.5199234943888 33.5157707806165 33.5119015817534 33.5091892927874 33.5047893385359 33.5003578159857 33.4972048402567 33.4925040350424
33.5234927240453 33.5255928537289 33.5274958800182 33.5304119899235 33.5342020960177 33.5369576878018 33.5406743371499 33.5443583607473 33.546635399086 33.5495058358073 33.5522082083616 33.5537012419328 33.5558202531228 33.5575386284287 33.557756731831 33.5576323347056 33.5572254609349 33.5563203179424 33.5550446877702 33.5539727588702 33.5527738229074 33.5514847506878 33.5501533159578 33.5489922273401 33.5477212735902 33.5459719041034 33.5451219748064 33.5441903634704 33.54239137398 33.541715367837 33.5409094690435 33.5389003497207 33.5379047636579 33.5367270118695 33.5340772150156 33.532281886419 33.5297707163078 33.5258736808447 33.5235473076509 33.5203209712458 33.5160268890536 33.5137018695579 33.5106793394896 33.5063926760441 33.5039445430838 33.5005448844145 33.4958158178426 33.4930305663622 33.4891444460879
33.5231224371129 33.5245735316908 33.5260986098787 33.5297944718885 33.5328535481793 33.5349183408682 33.5392217769868 33.5423071192287 33.5439440120826 33.5474177847793 33.5492872041267 33.5502332761417 33.5525238793548 33.5528275673898 33.5528510367373 33.5532778252134 33.5513735091569 33.5505937123534 33.5500512912185 33.5467393272471 33.5456650887826 33.5451021071376 33.5413293277915 33.5403300284997 33.5401924800554 33.5365280944955 33.5359880606557 33.536609561631 33.533294846901 33.5330199295123 33.5338179771524 33.5303901534712 33.5298553227132 33.5298616244456 33.5256329266488 33.5244826483853 33.5230605751394 33.517809153259 33.5163209141057 33.5142637375349 33.5087080882245 33.5072403745805 33.5051315537728 33.4998298429765 33.4983486927327 33.4957699875287 33.4904408568133 33.4887695421967 33.4853646035646
33.5185577484888 33.5214142058154 33.522914585674 33.525464265811 33.5297229912346 33.5319468666227 33.5348092989435 33.538828793463 33.5406030660372 33.5422598410517 33.5448481213367 33.5459209620782 33.5461153743542 33.5470016323013 33.5470370117388 33.5453804115142 33.5442783499502 33.543297665701 33.5404578500179 33.5381853725412 33.5369045317646 33.5336777915741 33.5311416661214 33.5299336606672 33.5276356500122 33.5260505754243 33.5252281596189 33.524477881911 33.5238365889088 33.523263400054 33.5229160861442 33.5219129004399 33.5211208934733 33.5196730054748 33.5173601746469 33.5159033092838 33.5129908142428 33.5097424543384 33.5077652414191 33.5047456000203 33.5016411508213 33.4996594003219 33.4968514740723 33.4938016310654 33.4918134709039 33.4892316889396 33.4860458831806 33.4838414832197 33.4806405483017
33.5149995858587 33.5177395437211 33.5196473152181 33.5221906287947 33.5262954998027 33.5287499209299 33.531640105792 33.5352882024693 33.5370858804137 33.5387223394513 33.5407265595554 33.5415460800017 33.5419935784813 33.5422076548176 33.5417364639281 33.5404651753128 33.5385204804924 33.5368912401357 33.5345794862386 33.5315323105169 33.5294734442962 33.5269115339128 33.5234869189747 33.521865544853 33.5204357417913 33.5179980509871 33.5174324882294 33.5176698686151 33.5163723032422 33.5163358865829 33.5169063391883 33.5152977279625 33.5146282084592 33.5141130680978 33.5111690001671 33.5094632412747 33.5074903966693 33.5035550135812 33.5015804177202 33.4995349038302 33.4960085416163 33.4943205138848 33.4923990456735 33.4890587104751 33.4875657836592 33.4858239913762 33.4824970876566 33.4806697527379 33.4782462302163
33.5121144194355 33.5132954180272 33.5150625650709 33.5192773019888 33.5216691206767 33.5236492880778 33.527947745572 33.530013937184 33.5314080678128 33.5343928611939 33.5348996584477 33.5354362145967 33.5368478249433 33.5353923613443 33.5349448256321 33.5345416143983 33.5309742645345 33.5297161898571 33.5281224811349 33.5232613399225 33.5216783075163 33.5199845731918 33.5149993714057 33.5138406828218 33.5135068271559 33.5098378223919 33.5096105754288 33.51094536166 33.5087275764592 33.5089253283369 33.5104245263945 33.5080032255833 33.5076406983682 33.5077073472 33.5039031512468 33.5027618225191 33.5014487113768 33.4967752604516 33.4955597727999 33.494212348897 33.4899456005586 33.4889897287641 33.4878254590907 33.4841909042719 33.4833982005715 33.4821372559918 33.4786339288936 33.477593544203 33.475204468208
33.5044141707043 33.5067125899386 33.5085171599273 33.5118763108772 33.515165939342 33.5173037432577 33.5204060844397 33.5231216493707 33.5246103861066 33.5263661187488 33.5277268396437 33.5281960753461 33.5282002627881 33.5277921852944 33.5271334677435 33.5252218604342 33.5229248498075 33.5213409169702 33.5182451391208 33.5147722079219 33.512794345065 33.5096613461722 33.5062779342147 33.5047241209356 33.503098052149 33.5014463588191 33.5009603305859 33.5011212067433 33.5011423448291 33.5011752085728 33.5014830384739 33.5011712305891 33.500641804764 33.4991975776702 33.4971056137554 33.4956841234717 33.4929870748045 33.4902187517874 33.4886346086738 33.4862632846598 33.4841681543494 33.4828346005333 33.4812186134111 33.4797970073699 33.478626344855 33.4774675844788 33.4758828002001 33.4744962369352 33.4722803688252
33.4991898205649 33.5011173881223 33.5032967443079 33.5068823769756 33.5097241628762 33.512108914853 33.5154897564864 33.5175397979278 33.5190975756706 33.5212435540383 33.5218835359412 33.5223353987538 33.5228772781321 33.5217970460629 33.5209871485557 33.5196791487205 33.5167120073178 33.5149547920532 33.512545601165 33.508455232746 33.5063631577958 33.5039129472882 33.4999454878452 33.4983375814127 33.4973929737668 33.4953140075007 33.4948806680843 33.4957711480123 33.4954392138055 33.4956188117836 33.4966462823775 33.495923699435 33.4954310847324 33.4946540914684 33.4920210831374 33.4904908811804 33.4884518265312 33.4852142861542 33.4835725039197 33.4819354702457 33.4796152321502 33.4786304233273 33.4776563447918 33.4760834979196 33.4756041359683 33.4750828671496 33.4735628198839 33.4726524241748 33.4709800794873
33.4947947118995 33.4958032238133 33.4976540217914 33.5021028822239 33.5040255475111 33.5058909454286 33.5100772253661 33.5112781936965 33.5124665947012 33.5153193962678 33.5150643109224 33.5154321794564 33.5165935207413 33.5145406994064 33.5139827210253 33.5132963545685 33.5094968425266 33.5082767866971 33.5064510902482 33.5016731581966 33.5002714319836 33.4984949996746 33.4939131146473 33.4929056250829 33.492564455749 33.489649882357 33.48946658375 33.4908351756039 33.4895379857365 33.4897654639927 33.4912247588949 33.4896819016538 33.4894013353315 33.4892877572563 33.4860421060932 33.4850419732844 33.483826071651 33.4798200279857 33.478792624356 33.4778939447998 33.4748753241442 33.4743924541786 33.4742918839852 33.4724673937802 33.4724164702783 33.472446432534 33.470823069845 33.4704133069947 33.4688863466448
33.4875902309592 33.4896229447025 33.4915081329869 33.4948024759228 33.4977021080406 33.4996212595332 33.5022960438073 33.5044030185588 33.5056019228511 33.5068959266193 33.5077777059918 33.5080480004001 33.5077755192456 33.5071273500835 33.5063048033018 33.5043334319811 33.5022720061959 33.5006348388194 33.4980178709595 33.495398442912 33.4934958761274 33.4908962694749 33.4882513612743 33.4868885658804 33.4853948943417 33.4839675774028 33.4837060594698 33.4836720835246 33.4835051998114 33.4837947721761 33.4840088390912 33.4836741398257 33.4832909094791 33.4823803085805 33.4805838315884 33.4792903825244 33.4775935740441 33.4749007035199 33.4736094981977 33.4722321020294 33.4702807289273 33.4695578609445 33.4696293716789 33.4692547427486 33.4689857106879 33.4694462311232 33.468985878247 33.4683333767119 33.4673608969629
33.4832924672594 33.4850072084672 33.487004664394 33.4904835057381 33.4929308218741 33.4948755882447 33.4977431216128 33.4992248692511 33.5003529749133 33.5019716991184 33.502202265959 33.502397472987 33.5026468602516 33.5014227762974 33.5005111149648 33.4991531962324 33.4966231536645 33.4951909434285 33.4932516178979 33.490402333731 33.4888596372297 33.4867210991068 33.4839270048973 33.4826607747751 33.4814596153242 33.4798724517702 33.4794401740149 33.4797469374912 33.4792724176871 33.4793086801847 33.4800976645885 33.4793302027818 33.4790202329503 33.4786991466177 33.4764468817596 33.4755383096094 33.4743304880787 33.4713448019841 33.4701758219145 33.4692784043167 33.4671304599863 33.4666158722505 33.4672019803001 33.4667815584136 33.4670167351365 33.4680014851207 33.4675956189394 33.46733411241 33.4668351522048
33.4799541153061 33.4808985753522 33.4824560064098 33.4863081603712 33.4879101656411 33.4893648368433 33.4927282976271 33.4934448120278 33.4942672287491 33.4964441443374 33.4957960376888 33.4959584132445 33.4967793071362 33.4946149671552 33.4940378700885 33.4934609652625 33.4902608470928 33.4894546736339 33.488369162436 33.4849416601586 33.4841319442609 33.4829396013152 33.4796448656522 33.4789079817025 33.478372123802 33.4760335747549 33.4757097094897 33.4763288471199 33.4749644483045 33.4748961205021 33.4757916134342 33.4745010851814 33.4743350881801 33.4743750205686 33.4722278745352 33.4717917129954 33.4710751834549 33.4682167536277 33.4675273891238 33.4669306559018 33.4648821386293 33.4646647856492 33.4652648173323 33.4649292771377 33.4653057155673 33.4662131567874 33.4660699680102 33.466093104284 33.4654439771232
33.4737467637974 33.4757366932249 33.4772712584961 33.4795062610056 33.4821592859953 33.4836338351136 33.4851976792034 33.4868603848784 33.4876525714203 33.4883065245499 33.4889174633309 33.488965948034 33.4885019447455 33.4876751964591 33.4868824671627 33.4853498843409 33.4836972892073 33.4825623901581 33.4811738581506 33.4797301837237 33.4785369315863 33.477123135181 33.4755147935284 33.4744776327104 33.4733348999787 33.4721041988806 33.4716803725957 33.4712916403624 33.4706300296936 33.470611384 33.4706014869025 33.4700363149954 33.469790202881 33.4699596516186 33.4691146600409 33.4683447129507 33.468306445572 33.4665679269575 33.4655895982431 33.4653384211976 33.463552458146 33.4632503017834 33.4643908217343 33.4641495435098 33.4645275685955 33.466003688331 33.4657652229035 33.4657008924744 33.4657532277534
33.469728784228 33.4715103988891 33.4729487438044 33.4752220202494 33.4775150179826 33.4789478073865 33.4805817469181 33.481662129696 33.4824570578329 33.4833855199686 33.4834957622245 33.4836725562988 33.4836288310885 33.4823376723034 33.4816576148575 33.4806146933445 33.4785737183615 33.4776908366675 33.4769414650588 33.4754438156339 33.4746898037524 33.4736888598989 33.4720506295652 33.4712889255814 33.4703720167526 33.4691015390012 33.4686721382712 33.468474028482 33.4676438590067 33.467617527715 33.4679658207982 33.4670679141935 33.467250226732 33.4679815083622 33.4669296301456 33.4669785475709 33.4673681135767 33.465654786314 33.4653101376121 33.465129779449 33.4632960125216 33.4632596905126 33.4646190154281 33.4644442454867 33.4648582146788 33.4666030812434 33.4663210884016 33.4661878229033 33.4665549004757
33.4665577572238 33.4669409792741 33.4680543297234 33.471032331441 33.4719657891803 33.4730560993672 33.475644161341 33.4757180451349 33.4763498805151 33.4781283501079 33.4773319019112 33.4775606086604 33.4783310469734 33.4763765256859 33.476033810534 33.4759063145114 33.4733613331584 33.4729631130199 33.472887186538 33.4708514443362 33.4706210263687 33.4704314640512 33.4684796303202 33.4681495762442 33.4679076384397 33.4661965994186 33.465927150277 33.4660422620013 33.4648910882977 33.464843065167 33.4653938955164 33.4647445919852 33.4650197972557 33.465821770124 33.4655475416212 33.4659332432907 33.4661652312264 33.4656836795392 33.4657244763584 33.4653437595313 33.4648580283942 33.4649423232361 33.4653705021382 33.4659729071483 33.4662845309646 33.4667768066579 33.467312783944 33.467261033754 33.4665507336741
33.4600343570337 33.4608996440645 33.462013017798 33.4638046777885 33.4654554349412 33.4665056753372 33.4678076869556 33.46879523584 33.4693365023611 33.4700977249767 33.4706654617835 33.4707353373162 33.4708679522993 33.4705028738618 33.4699086241815 33.4692134796848 33.468098593167 33.4674910178256 33.4670116071586 33.4663476581538 33.4659217360003 33.4656831833494 33.4650983394187 33.4645540054172 33.4640919592088 33.4633050227333 33.4629108320375 33.4626475422932 33.4622746011814 33.4621229717229 33.4624939029388 33.462870216294 33.4629982816264 33.4641318369648 33.4651908888767 33.4653683406921 33.4663209011999 33.4671032423333 33.4668463401598 33.467259818708 33.4675800345278 33.4675587971881 33.4683114473429 33.4687701406067 33.4692209862875 33.4699165373453 33.4697731018782 33.4697935894077 33.4696141773211
33.4555948689666 33.4561288671616 33.457121398634 33.4591034101942 33.4603883728856 33.4613977979128 33.4628516471175 33.4633319226279 33.4639956657428 33.4651124386505 33.465358210677 33.465836676412 33.4664214601331 33.4658328501199 33.465693920215 33.4653017987417 33.4639763438573 33.4636297348721 33.4635825414583 33.4628739941993 33.4627427298078 33.4628846456316 33.4622721615067 33.4620738014581 33.4618266271598 33.4610103355949 33.4608102267019 33.4607594363379 33.4603507394381 33.4605394629975 33.461116171755 33.4614623916671 33.462189231605 33.4636206257917 33.46483522412 33.4657456882248 33.466954978742 33.467966462334 33.4685955423683 33.4688791091593 33.469484825714 33.4701004335031 33.4706400269889 33.4714172529515 33.4720328114944 33.4726073815834 33.4724754493917 33.4724719102525 33.4723105486935
