Spatial_Analysis/Maxent_Inputs/Inputs/Present/salinity_present.asc
NCOLS 638 
NROWS 314 
XLLCORNER -102.97071042 
YLLCORNER 3.973116569 
CELLSIZE 0.083 
NODATA_value -9999 
[rows 44 to 65 of 314, columns 490 to 538 of 638]
36.6910578686574 36.6933486877987 36.6966827499206 36.6989487768129 36.7013342110277 36.7043889782853 36.7061536709827 36.7077627925561 36.7098473965624 36.7110674390934 36.7124606658631 36.7146722396335 36.7160431015278 36.7171985224053 36.718661278915 36.71891027422 36.718901644842 36.718676333216 36.7180335320975 36.7180628686415 36.7185713768424 36.7191224115144 36.720093472598 36.7217956606838 36.7230402298403 36.7241313169977 36.7255757223492 36.7264275497378 36.7271818485361 36.7281564808196 36.728497541782 36.7292114875875 36.7307152594146 36.73170328709 36.7334533840868 36.737237453726 36.7400815525978 36.7428512840892 36.7479431933011 36.7513784229641 36.7542289025277 36.759213147405 36.7626777383216 36.7656592842001 36.7709717334061 36.7749086425586 36.7781444123887 36.783896232991 36.7879108640861
36.685627401721 36.6877030765448 36.690436814276 36.6930741118495 36.6951931788792 36.6975794417218 36.6996112191121 36.7008361790816 36.7021671029739 36.7037766033063 36.7051755103932 36.7072774948937 36.7095688162869 36.7109665463818 36.7124993425704 36.7135477700695 36.7132437507417 36.7124382243944 36.7121720269155 36.7117588120163 36.7118663665101 36.7132286064593 36.7138969934437 36.7150206782783 36.7170297377212 36.7177842296739 36.7183718786065 36.7197667573864 36.7202521011557 36.720425370019 36.7213742498626 36.7219748751798 36.7226197077633 36.7242157939674 36.7262174685425 36.7295375595042 36.7333179336191 36.7364368698772 36.7407570336023 36.7449018734663 36.7478933930697 36.7515060722221 36.7552887248719 36.7583783869079 36.7622864667984 36.7666082547558 36.7700905255476 36.7744823422036 36.7789806992741
36.6810072622863 36.6833074736516 36.6863669110921 36.6876801731723 36.6898199562334 36.6925573031226 36.6932589189498 36.6948114907151 36.6968767188189 36.6973580010836 36.6993663743883 36.7021411912552 36.7032587419959 36.7053676901154 36.7075030137595 36.7074708196486 36.707974110082 36.7080626902989 36.7067283152355 36.7069324202497 36.7077061453445 36.7074862677052 36.7085465258803 36.7103727764348 36.7106517293243 36.711663885604 36.7132197996364 36.7130536919121 36.7139002319089 36.7151731699225 36.714778578611 36.7160087184815 36.7180333475075 36.7184750960928 36.7209410094585 36.7253237315023 36.7276975544795 36.7309289669309 36.736254082339 36.7390299767119 36.7418871378366 36.7467320602401 36.7490321025505 36.7517883689956 36.7570455110752 36.7596337815551 36.7627384834091 36.7685733343724 36.7712746758031
36.6752872575855 36.6770724726236 36.679457657634 36.6808839658135 36.6825015038327 36.6843873611441 36.6852334255625 36.686495550588 36.6882706939505 36.6891855773349 36.69090521038 36.6936811187715 36.6953397470392 36.6970869379218 36.6992334431066 36.6998636193456 36.7001814142114 36.7002416020252 36.6994571678253 36.6994569603976 36.6996605870908 36.6995201131876 36.7002822003527 36.7013779980956 36.7017827123369 36.702447839097 36.703283064053 36.7035928672633 36.7041140710869 36.7051975416737 36.7060336377717 36.7069396871873 36.7092675993382 36.711249879947 36.7132356880063 36.717323008692 36.7206471013078 36.7233668070895 36.7279118514422 36.731348242271 36.7337737219772 36.73783644319 36.740779435975 36.7430897248087 36.7473240420873 36.7504662296289 36.7530954628964 36.7579044226992 36.7614340983504
36.6698270362053 36.6713405740123 36.673068824451 36.6749360808963 36.6762600754574 36.6774469081341 36.6785815147129 36.6795352900359 36.6805987928873 36.68185679382 36.6834259059007 36.6858997994564 36.6883239477449 36.6900421815873 36.6920318902334 36.6934053708851 36.6933496055797 36.6926827643796 36.692315708612 36.69168547606 36.6911702604914 36.691739470968 36.6918713444742 36.6921924919926 36.6933453051623 36.6933714354133 36.6932521220802 36.6943569343438 36.6944807481326 36.6949912896596 36.6972656354881 36.6982009648231 36.699824078143 36.703401002771 36.7056754123269 36.7088702481179 36.7135275376628 36.7164985749295 36.7198646046743 36.7240223048116 36.7265575353015 36.7292562837997 36.7328007821913 36.7351722895376 36.7379609231695 36.7418103005149 36.7445836119662 36.7480197480393 36.7523324324502
36.6645458189226 36.6664891957999 36.6687205057498 36.669379985282 36.6709406718647 36.6726608537566 36.672744274181 36.674179155788 36.6759069668862 36.6760240660524 36.6780006124593 36.6809494507034 36.6819210738831 36.6838934436451 36.6863488184016 36.6864712208694 36.6871409837749 36.6873241046816 36.6856390340944 36.685663177876 36.6859259750802 36.6845658946743 36.684938491629 36.6859788724961 36.6849383883508 36.6853660904677 36.6864472274698 36.685427329964 36.6862912734298 36.6882675714529 36.6885924737759 36.6907552953386 36.6941171265304 36.6958303365914 36.6989773802975 36.7038077142359 36.7065058679558 36.7096258240104 36.7144962004012 36.7168200076201 36.7194302701685 36.7237064113223 36.725417640299 36.7278631885635 36.7323059261064 36.7341194865812 36.7367912254691 36.7419021269087 36.7439442851845
36.6573903161307 36.658783421692 36.6606899037315 36.6619233394503 36.6629673028419 36.6644594447777 36.665384793635 36.6663372973314 36.6678595485527 36.668815669241 36.670186102112 36.6722708761619 36.6736432676856 36.6751034647136 36.6768169187017 36.6775075481764 36.677948088598 36.6780821417654 36.6771662297251 36.6768185315934 36.6760809655166 36.67478574028 36.6747923123528 36.6745586192751 36.6736494197091 36.6738199262738 36.6739373330755 36.6731989364979 36.6739300246149 36.6757000143017 36.676727397378 36.6787509451858 36.6829813032182 36.6857807587208 36.6885288302462 36.6936016462311 36.6968196845384 36.6995171415695 36.7041412801334 36.7070093629673 36.7092267581775 36.7130853519441 36.7154314726844 36.7174820566205 36.721378377963 36.7238377458439 36.7260933944951 36.7303273392607 36.7327883889532
36.6499545287474 36.6510310009611 36.6523697384812 36.6545848011541 36.6554326899362 36.6565534306293 36.6584319047933 36.6589721480823 36.6598096348758 36.6616496457854 36.6625267702297 36.6637573014281 36.6659858246484 36.667283899003 36.6684788553018 36.669820288074 36.669895595892 36.669469783873 36.6691716433653 36.6678489420648 36.6660315427717 36.6654645863422 36.6645551998941 36.6633765692891 36.6634288550538 36.6627728733065 36.6615975235952 36.6617219975883 36.661917339861 36.6627349510434 36.6651504782225 36.6671926616285 36.6707470503764 36.6753987753215 36.67843699496 36.6824550258131 36.687172161446 36.6901711643051 36.6936308677213 36.6976025111802 36.6999001664147 36.7023934831657 36.7057162381606 36.7077394039223 36.7101979992874 36.7138548504063 36.7162252710336 36.7189045155797 36.7224313584158
36.6418579031903 36.6440317592702 36.6463058879172 36.6470207663565 36.6489093057778 36.6508599639718 36.6512154769729 36.652757674935 36.6544558590107 36.6546355234636 36.6561335841846 36.6581980420627 36.6586828663781 36.6603944910972 36.6623620616551 36.6620640040444 36.6628415083095 36.663167121254 36.6610590121425 36.66043372538 36.6595638695583 36.6568676309285 36.6563470997531 36.6560834804415 36.6537672969555 36.6537547465698 36.6539944196553 36.6518984977763 36.6528685694995 36.6553024894079 36.6554395232837 36.6583350754433 36.6634627217986 36.6658302367258 36.6696439491606 36.6754689015761 36.6781062043565 36.6815698485457 36.6867871261878 36.6886256641485 36.6912929060702 36.6956367555255 36.6967888271683 36.6991046841323 36.7034103482387 36.7047812121214 36.7073687627284 36.7119559911542 36.7130733365732
36.6302780876401 36.6321548325308 36.634821948932 36.636308821309 36.6379070228636 36.6402029469892 36.6412958656042 36.6425387393417 36.6442277296017 36.6448979787148 36.6460204822586 36.6477410480083 36.6486467563135 36.6498430838251 36.6513974712059 36.651811537837 36.652096844891 36.6517217386909 36.6502810042287 36.6493721602717 36.6474957722618 36.6451596119289 36.6444114963271 36.6432033628995 36.641277908619 36.6411074659244 36.6410247238407 36.6396592812106 36.6404247657816 36.6425639024568 36.643256396464 36.6458678370491 36.6510096514406 36.6539614265095 36.6573773121687 36.6633643764839 36.6665684922905 36.6695990591192 36.6748218943307 36.6772201850792 36.6795078833819 36.683518126576 36.6851200989694 36.6871501752479 36.6911557283609 36.6930875915469 36.6953295492796 36.699771876012 36.7014720913595
36.61865637667 36.6200616158954 36.6222150349405 36.6253478492558 36.6266890232475 36.6286168056347 36.6313481949667 36.6321415238103 36.633059893688 36.6350034153784 36.6356545426405 36.6366473141776 36.6387793704932 36.6395510070047 36.6405703161694 36.642256738903 36.6417853217587 36.6405283322988 36.6401678780137 36.638254994245 36.6352527025064 36.6340086809683 36.6326260267106 36.630870667185 36.6303744439788 36.6297200580223 36.6288791209613 36.6287783355002 36.629129029526 36.6301834428065 36.6321783911809 36.6348942512924 36.6391978611156 36.6434936181338 36.6472695907161 36.6522017222025 36.6563595805735 36.6596751953041 36.6638599196003 36.6672455599669 36.6695254805461 36.6720851117732 36.6745410581139 36.6766356763031 36.6794297500247 36.6825166036154 36.6851771717261 36.6887116802722 36.6916194858658
36.6072657243782 36.6101650370676 36.6134314706126 36.614485905818 36.6174280671886 36.6204950263804 36.6211582919033 36.6233447149104 36.625485439689 36.6254304559265 36.6272346846451 36.6293424969378 36.6292499581112 36.6309072802595 36.6328327460845 36.6320716955417 36.6324292859606 36.6323002430722 36.6297068027181 36.6288961395277 36.6273218896802 36.6239667980848 36.6237395081774 36.6233165398261 36.6207897178498 36.6212874752923 36.6218294436243 36.6199870721269 36.6213424426745 36.6238775839446 36.6241121759904 36.6272569035442 36.6328020536452 36.6352356320593 36.6392332681617 36.6455288263412 36.6479787437415 36.6514691187074 36.6569822251485 36.658528050066 36.6610206778436 36.6652140146493 36.665889789431 36.6682589033189 36.6727494816355 36.6740405861745 36.6770899659407 36.6821334295683 36.6832675044603
36.5917441892317 36.5944069965797 36.5981785503817 36.5999740799535 36.602567751958 36.6060583098411 36.6074114230691 36.6092450114355 36.6116796928686 36.612439951254 36.613818727414 36.6157570768874 36.6162654626898 36.6173861396608 36.6184699380477 36.6180402041879 36.6180145953199 36.6171420711615 36.615212090391 36.6143046021717 36.6129274558845 36.6108624262485 36.6103622090199 36.6100490070537 36.6088411314459 36.609032757996 36.6098362923158 36.6095872737148 36.6105372769081 36.6130094214444 36.6145299461008 36.6170288863485 36.6219981673777 36.6255151078957 36.6287601920796 36.6342714061057 36.6378352714594 36.640645503066 36.6452130464709 36.6477985595047 36.649827193573 36.6533797466618 36.6552217050331 36.6571480229724 36.6612461656639 36.6638599705645 36.6663066616512 36.6710587251683 36.6737164871914
36.5773558254074 36.5793722677986 36.5825992644295 36.5861852112255 36.5883260637463 36.5912283485731 36.5943347251416 36.5955234914938 36.597142152157 36.5995811449196 36.6001745922956 36.6011454079617 36.6034099301558 36.6037271432183 36.6037834352494 36.6049029567385 36.6039427728271 36.6020583433267 36.6015806993716 36.5998937693622 36.598044112665 36.5981030446471 36.5972009064805 36.596660253749 36.5977692357283 36.5977535112191 36.5981047699653 36.5998038604481 36.6005084439101 36.6019287392017 36.6050991385162 36.6077092649422 36.6116799561815 36.6167435070807 36.6201557930993 36.6241806756893 36.628699542653 36.6316214521473 36.6348224506378 36.6384380801213 36.6405763660021 36.6427066949736 36.6454983689072 36.6476016527754 36.6505552201867 36.6544890803507 36.6574209677669 36.6614826064534 36.6656580616181
36.5653201979342 36.5685061442065 36.5725690918937 36.5736199502127 36.5772044477195 36.5812353806365 36.581836372084 36.5844695601713 36.58734771733 36.5871948029688 36.5892281786434 36.5914956741388 36.5908495821797 36.592294863985 36.5936745085953 36.5918022426352 36.5920283390414 36.591784595041 36.5887422709065 36.5888196678357 36.5886573865823 36.5863041172537 36.5873478100347 36.5885213613454 36.5874525341664 36.58908526326 36.5910750643889 36.5908271638615 36.5928837816562 36.5960218110064 36.5972764878581 36.6005455899984 36.605922940642 36.6087979056412 36.612387269503 36.6179634900151 36.6204261813924 36.6234002035539 36.6281787197806 36.6298564729306 36.6324246985904 36.6363721746293 36.637336989396 36.639984152576 36.6447405939393 36.6467645705143 36.6500333643295 36.655572558938 36.6579356752452
36.5494988402007 36.5518187981186 36.5552552413935 36.5572559638748 36.5600285909204 36.563606702042 36.5651272372133 36.5671918654464 36.5697729455075 36.5704611726933 36.5720275660642 36.573910576905 36.5738580913988 36.5747774398651 36.5754138840393 36.5740904500761 36.5739845107966 36.5734073758931 36.5714698222926 36.5714573801393 36.5719015953756 36.5710589317832 36.5719083231983 36.5738194396448 36.5740875458519 36.5755165640069 36.5783618134934 36.5794044484833 36.5812487463478 36.5850526179931 36.5871531014082 36.5900065617147 36.5954019697062 36.5985707807777 36.601642523956 36.6067354451195 36.6094024540368 36.6118983086003 36.6161713082083 36.6185575603714 36.6206853120104 36.624769741095 36.6270521048252 36.6291514405234 36.6335105525707 36.6365375760803 36.6391544515196 36.644001412381 36.6477019689158
36.534078263823 36.5350663813071 36.5374498186944 36.541611787067 36.5433891321961 36.5456680633185 36.5491872502009 36.5502977821202 36.5515712512692 36.5542393252421 36.5548591154693 36.5555783955525 36.5576260014127 36.5576026469595 36.5571605418423 36.5578359498454 36.5565890762189 36.5548398200088 36.5550092643645 36.5542677018835 36.5542009484462 36.5561837019645 36.5567527273189 36.5581188974181 36.5610667931883 36.5625290650262 36.5648091983882 36.5682253968495 36.5701175451247 36.5727881287481 36.5767376153629 36.5799260529143 36.5843630288792 36.5891751517806 36.5923998582252 36.5958670627836 36.5992929049051 36.6017075327907 36.604619946032 36.6081200712961 36.6101937300452 36.6129668885774 36.6168360501979 36.6187215684014 36.621116200815 36.6257472741019 36.6283924779171 36.6317236939274 36.6374304470244
36.5205157915555 36.5227302959207 36.5260782081479 36.5267327517465 36.5300130294264 36.53370265735 36.5339383850716 36.536749281419 36.5396504146194 36.5390350994477 36.5413136099493 36.5436350010819 36.5423020195715 36.5438445353843 36.5450741366664 36.5424528188878 36.542959272554 36.543221772849 36.5404510065189 36.5417653608529 36.5436220757839 36.5427247728676 36.5453608831538 36.5487874712385 36.5492970552046 36.5525390085789 36.5567251918876 36.5580227918123 36.5614559130458 36.5660916531962 36.5681659386968 36.5722006443306 36.5781053658925 36.5808086930402 36.5843046029759 36.5893719068026 36.5907528141401 36.5931968826683 36.5977133761055 36.5989729826301 36.6014824049728 36.6059646526866 36.6072437639909 36.609613398993 36.6142042509995 36.6159446640615 36.6186219249468 36.6241603701143 36.6268104033757
36.5020565632993 36.5037344982288 36.5059956314935 36.5065401863835 36.5093591270244 36.5128920653242 36.5136593723251 36.516103796304 36.519097810512 36.5190902728364 36.5209802771957 36.5231490705257 36.5223531978777 36.5234786907688 36.5243629663434 36.5224334791094 36.5227913404361 36.5232406062648 36.5215731565558 36.5228041816075 36.5254559233859 36.5257572636533 36.5281579223807 36.5326080011765 36.5343275798602 36.5372613420923 36.5426568866577 36.5453051252336 36.5484203278721 36.5543210518719 36.5576037312403 36.5610710577886 36.5673062293559 36.5706104722502 36.5735388916511 36.5782330517429 36.5799620965969 36.5820385727962 36.5857432246381 36.5871011325951 36.5893107020486 36.5933304708478 36.5946669639142 36.5967587279536 36.6006917748145 36.6020033170864 36.6043964683755 36.6091542965023 36.6115876761042
36.4840075443612 36.4840655869123 36.4850634967439 36.4877963635011 36.4895853995088 36.492046709773 36.495153584701 36.4968359084051 36.4987739373473 36.5010176761915 36.5021428903141 36.5033414493157 36.5046678083825 36.5048461652617 36.5047403879233 36.504893646016 36.5041486538652 36.5033920309114 36.5039793716858 36.5047147865421 36.5068644559138 36.5100945289502 36.5124248939828 36.516054728741 36.5202526926792 36.5234789000558 36.5283063421037 36.5334106183722 36.5369837914267 36.5419411071364 36.5471991002703 36.5513685680742 36.5569455261672 36.5619463022565 36.5651505305433 36.5683160779656 36.5707107343704 36.5726510140043 36.5746857452519 36.5766529223346 36.5785456461876 36.5809466769654 36.5832912402924 36.5846591975341 36.5859193279093 36.5882517074502 36.5902241658865 36.5927475727829 36.5969450865376
36.4691008744042 36.4706130201465 36.4727638371098 36.4719662972198 36.4752506113863 36.4790855336847 36.4790764574588 36.48269276016 36.4862323154991 36.485464288969 36.4883551220888 36.4911161093361 36.4893354782112 36.4910353476656 36.4925237510072 36.4897452465174 36.4908296176233 36.4920345054367 36.4899442883602 36.4926076770598 36.4965467686618 36.4970703055726 36.5011747875124 36.5067899130332 36.5087082020128 36.5134237571447 36.5200902336666 36.5232727031237 36.5283425358621 36.5351503469102 36.5387504881383 36.5438703420571 36.5508648163169 36.5541654328433 36.5577779074415 36.5623581945372 36.5632318410953 36.5653107892193 36.5687363290756 36.5686671426429 36.5703056149998 36.5739847365496 36.5736833051398 36.5747343154225 36.5779309585921 36.577340329101 36.5790063999067 36.5838506216357 36.58476623211
36.4503182254778 36.4513524803243 36.4526277028041 36.4519330624667 36.4546623256909 36.4583616808871 36.4591739272506 36.4622789764128 36.46630366315 36.4667315035482 36.4689995711602 36.4715557469867 36.4706463894181 36.4718466594721 36.4729477159843 36.4712000096093 36.4720776380752 36.4736785930579 36.4729860825091 36.4752722954834 36.4797531882807 36.4815463538999 36.4851704841669 36.4916264616273 36.4948989697379 36.4990415830435 36.5065104137174 36.5110108939531 36.515523689799 36.5237124785706 36.5288669255201 36.5331616255138 36.5404825816989 36.5447113107929 36.547667276714 36.552272218397 36.5542974415826 36.5558062554252 36.5583180086408 36.5587530893519 36.5598633878306 36.5614662541345 36.5611224056615 36.5619675425357 36.5634811054652 36.5630232546273 36.5644643214762 36.5680475157509 36.5691176135144
