Spatial_Analysis/Maxent_Inputs/Inputs/Present/salinity_present.asc
NCOLS 638 
NROWS 314 
XLLCORNER -102.97071042 
YLLCORNER 3.973116569 
CELLSIZE 0.083 
NODATA_value -9999 
[rows 220 to 241 of 314, columns 245 to 293 of 638]
35.671575458856 35.6694772266363 35.6689107238084 35.6690136775168 35.669277425835 35.6697579765267 35.6703630907065 35.6708122359095 35.6715855035294 35.6728070282069 35.6737126897177 35.6743720287214 35.6750255484624 35.6753468358316 35.6757414268944 35.6763514287584 35.6767798889472 35.6771870942857 35.6777334498564 35.6781902106125 35.6787045695625 35.6794028395398 35.680133684872 35.680953763462 35.6821310233811 35.6832794055053 35.6842470598464 35.6856429754388 35.6869454044308 35.6877807180586 35.6889474842301 35.6901853501668 35.6909472628114 35.691960504442 35.6932420070298 35.6940884067086 35.6951121908886 35.696467876545 35.6973248950304 35.6982809441796 35.699660202331 35.7006126774759 35.7015206153526 35.7026962913614 35.7035319526247 35.7039437362925 35.7041350238148 35.7042345924541 35.7036123165155
35.6666455025094 35.6655137917287 35.6653559952947 35.6653852551472 35.6648060205536 35.6656848725005 35.6667882645197 35.6666741614898 35.6675751617904 35.6689178281212 35.6690034014511 35.6698485439494 35.6709156164497 35.6705699674596 35.6711868777428 35.6721379309768 35.6717660466639 35.672455502751 35.6735448132081 35.6732781842257 35.6740922493116 35.67547908235 35.6754581209981 35.6764954389254 35.6783197107216 35.6785454258695 35.679635646074 35.6815985360208 35.6818405785777 35.6828137775576 35.6846645090538 35.6848122691322 35.6857591674858 35.6876668854369 35.6878656415195 35.6889124323787 35.6909943873073 35.6912903068798 35.6923454640414 35.6944694387594 35.6949629705351 35.6960434500553 35.6981047521179 35.6986812857593 35.6995952740959 35.7010005088069 35.7009628930631 35.7012535435182 35.701419171719
35.6608694506585 35.6596006985062 35.6589488162077 35.6591782691626 35.6601351137443 35.6603335423927 35.6604519779952 35.6611023835435 35.6614729897037 35.662152735684 35.6634551661195 35.6636507078641 35.6636857616149 35.6644418484114 35.6643919538775 35.6643388761324 35.6653394834727 35.6653457314061 35.665356744424 35.6666432833494 35.6668258044883 35.667289778871 35.6691059789813 35.6695340056349 35.6701797109719 35.6721094677127 35.6726791292795 35.6732773813282 35.6750637962449 35.6755489501068 35.6759049007288 35.6775134581839 35.6780045410872 35.6785629896988 35.6804877004265 35.6810726798848 35.6817802991983 35.6839867427671 35.6846005501186 35.6853196202713 35.6879195591475 35.6886260638643 35.6896238818222 35.6926821746384 35.6932403157903 35.693899422257 35.6964719119771 35.6963429676667 35.6957963102929
35.6573810515226 35.6550349031236 35.6545358965117 35.6551926844166 35.6560388061994 35.6562777609545 35.6563985390625 35.6564754949649 35.656795308236 35.657720215841 35.6585962277051 35.6588223597178 35.6589638659935 35.659104207312 35.6590421820941 35.6592265197267 35.659667929671 35.6596582360984 35.6599115273033 35.6606822650458 35.6610471080833 35.661766465909 35.6631412186569 35.6638536333958 35.6647274206868 35.6661731357864 35.6669547552456 35.667778850218 35.6689604408995 35.6695674496076 35.6701907085795 35.671110602772 35.6717005758623 35.6726072258656 35.6738696340549 35.6745937532321 35.6756987444828 35.6772768162943 35.6780561790618 35.6791808045614 35.6812010641298 35.6823290803545 35.683819312647 35.686481363013 35.6877916827125 35.6889410891073 35.6912594814299 35.6919792325135 35.6917943741889
35.6527465870646 35.651089706493 35.6510021449078 35.6511815210259 35.650516745883 35.6511809304885 35.65180916723 35.6510267703737 35.6516105845643 35.6525341122817 35.6520012396958 35.6526610175365 35.6533531535579 35.6522818862458 35.6527245188616 35.6533681591657 35.6521977108676 35.6527600599395 35.6537818699885 35.6529460960716 35.6538998948221 35.6556209802646 35.6552744962241 35.6565031826108 35.6585695711584 35.658327689188 35.6595009853048 35.6614779868072 35.6609818001088 35.6619628356712 35.6637734573173 35.6630213626022 35.6639775441037 35.6660291131047 35.6654224656684 35.6665079073747 35.6688977957679 35.6684688501376 35.6696484544463 35.6724216852952 35.6723928371673 35.6739035983775 35.6773182728288 35.6779280290673 35.6796104173482 35.6829214045382 35.683427157366 35.6846584366835 35.686820195176
35.6461656785977 35.6446839003564 35.6439790161508 35.6439763599425 35.6447124697617 35.6446506613096 35.6440279388642 35.6438666826042 35.6438183390235 35.643787553335 35.6442941426048 35.6443025401101 35.643936806881 35.6439303940679 35.6436530499318 35.643088772289 35.6430634116358 35.6429129271892 35.6425820772855 35.64299960516 35.6433592984981 35.6440365521853 35.6453322814636 35.645980782202 35.6468992258081 35.648336640937 35.6489731259177 35.6498840105784 35.6512285007 35.6515744534165 35.6518781033721 35.6528403819162 35.6531913161605 35.6535713248061 35.6548225967197 35.6553509903377 35.6558102452696 35.6571980955504 35.6578805899466 35.658710830137 35.6606768028869 35.6617948066562 35.6634806810873 35.6663592625526 35.6677609964115 35.6697787534395 35.6728353621635 35.6737063413731 35.6746891683969
35.6419707321211 35.6394104594588 35.638745622786 35.6392240388288 35.639829628644 35.6397447811318 35.6390247711997 35.6380638677883 35.6379139472955 35.6381778161816 35.6381110859723 35.638073515385 35.6378705767726 35.6371035109723 35.636814666331 35.6365089615945 35.635714346922 35.6354637128687 35.6353897047141 35.6349932600751 35.6354240797766 35.636503432511 35.637095590096 35.6379760310786 35.6392888258289 35.6400129593054 35.6410157788852 35.6423716986476 35.642989447439 35.6435881571289 35.6442726992607 35.6443981147308 35.6448119686764 35.6456243631887 35.6460179449023 35.6465655933278 35.6474761185551 35.6479023073349 35.6486168415055 35.6499240905914 35.6508984672475 35.6522141963833 35.6545143230832 35.6564833050177 35.6583296128132 35.6610984285804 35.6633143518581 35.6647523284458 35.6664586285572
35.6366076070973 35.6346960455939 35.6344016767847 35.6342581235397 35.6332208293952 35.6335850062067 35.633466339895 35.6317678367979 35.6318920395533 35.6320403813514 35.6306134475914 35.6309138557852 35.6310182585628 35.6292220142612 35.6293555012435 35.6293475994989 35.6272652945033 35.6274768238682 35.6279173012132 35.6261807621654 35.6269837647834 35.6285814463873 35.6276370125176 35.6288792712148 35.6310847025435 35.630446379628 35.6317840294362 35.6340546198046 35.6331804727883 35.6341940269158 35.6359734197113 35.6345498073149 35.6353305902088 35.6370968289247 35.6356465894695 35.6365078854968 35.638550110138 35.6371127990715 35.6381343761537 35.6408116655564 35.6398378913317 35.6413627488964 35.645198916843 35.6450990872113 35.6470575999853 35.6515052298607 35.6516268633865 35.6533185723582 35.6569177406836
35.629027395765 35.6276388271538 35.6267503511509 35.6263493093746 35.6264933643472 35.6260659147718 35.6248977581551 35.6240670753808 35.6232976489121 35.6222781768738 35.6220766460477 35.621588185999 35.6206405918291 35.6202863973568 35.619580337306 35.6184317642272 35.6178357964019 35.6171796237366 35.6162172200774 35.6159710710137 35.6160219060502 35.6162238504192 35.6169428677916 35.6174622202112 35.6180919357523 35.6192290165517 35.6198909817724 35.6207484511023 35.6220329756393 35.6222536675788 35.6221326597541 35.6227627856089 35.6227205308415 35.6223478144926 35.6232095113083 35.623186600822 35.6226777588055 35.6238286644221 35.6239965266979 35.6240033056959 35.6260261385909 35.6268668802588 35.6280680364311 35.6310469329121 35.6325607388338 35.6346572106108 35.6377256550752 35.639038440017 35.640341504504
35.6239215988585 35.6214800487752 35.6210921014335 35.6212982297814 35.6212187293567 35.6205881689287 35.6193939888551 35.6177512214198 35.6167672249902 35.6160326040601 35.6152840697875 35.6147218319867 35.6140059873029 35.6130202687678 35.6124238621043 35.611556694633 35.6103329978382 35.6097035797925 35.6089409044378 35.607960916509 35.6080327078783 35.608585895082 35.6085649271621 35.6090292534405 35.6099908513461 35.6102852488813 35.6109993816968 35.612346804527 35.6128572758992 35.6131085352554 35.6133469539152 35.6130068873929 35.6128228846001 35.6129492037434 35.6128452653533 35.61252513928 35.6125098382492 35.6126609526622 35.6126992396094 35.6131876760053 35.6142845600219 35.6154266670244 35.6171356483091 35.6191977415703 35.6213164248588 35.6240532605554 35.6261102484078 35.6279178556418 35.629957693869
35.6190550347683 35.6160706615926 35.6162089278679 35.6160681001035 35.614306115528 35.6140874553503 35.6131183763985 35.6106517304424 35.6101589907994 35.609372543913 35.6071594626644 35.6070903134547 35.6067190650775 35.6045407913329 35.604526378942 35.6041614976656 35.6017536614302 35.6017386990113 35.6016385319459 35.5994110486837 35.5998743858678 35.6008149306776 35.5991769251275 35.5999711985255 35.6015474249595 35.6002180090223 35.6012147329836 35.6031153807026 35.6017231607125 35.6024505257702 35.6037383434538 35.6014242038118 35.601778112818 35.6028701115888 35.6001397430242 35.6004145368048 35.6017191397483 35.5991168633333 35.5997868038006 35.6021501332001 35.6005260486051 35.6021248398468 35.6061424067955 35.6057137202831 35.6079772846749 35.6128797743958 35.6126330553344 35.6144881205545 35.6182906016581
35.6097902920734 35.6088982982929 35.6079899256827 35.6072356101471 35.6069523229576 35.6060246001592 35.604071018163 35.6025480030085 35.6013298206977 35.5995599070424 35.5981697530448 35.5974100775513 35.5961753939363 35.5951251390737 35.5943838614226 35.5932746061363 35.5923495372017 35.5915241653108 35.5904147187026 35.5897320295823 35.5893380698204 35.5887777979454 35.5886905103941 35.5885498868397 35.5879319822815 35.5881910685386 35.5883007353372 35.5879863859396 35.5887044726347 35.5884307220869 35.5872175533794 35.587299760663 35.5865040476626 35.5845154981282 35.5843981921536 35.5835340099886 35.5813713629906 35.5817250801055 35.5813382415199 35.5804990838992 35.5826121603127 35.5832566346065 35.5843960045992 35.5883716489455 35.5898160206105 35.5919031966093 35.5962145336087 35.5973126894012 35.5979469633962
35.6031059746741 35.6021375138326 35.6015781505187 35.6012375899527 35.6009664878174 35.6002249235783 35.5982209142853 35.5960559510942 35.5950167782793 35.5934837884358 35.5914406524811 35.5905191170224 35.5896277849076 35.5879553501969 35.5871567750285 35.586400526698 35.584946581273 35.5841937559755 35.583339596198 35.5820270266146 35.5815039959897 35.581242867244 35.58038854195 35.579732267288 35.5793052880758 35.5785388405448 35.5780866869345 35.5782211573943 35.5779606471266 35.5772128488534 35.5763783478984 35.5752911233546 35.5738957010084 35.5723810131553 35.5710822127036 35.5695269403091 35.5678451428576 35.5669232496038 35.5661920492986 35.5660054263963 35.5670419977931 35.5679397407014 35.5698065279115 35.5729081936176 35.5751119427863 35.5779909128334 35.5814687386346 35.5833261970034 35.584742375212
35.5943350356639 35.5945289836544 35.5947066610703 35.5945786004357 35.5931439529965 35.593058564295 35.5919267211949 35.5892771063621 35.5888052693187 35.587488981054 35.5844742310391 35.5838852036854 35.582859715846 35.5801995227492 35.5798365608644 35.5791781826328 35.5767417779154 35.5766003826679 35.5761866008598 35.5736163152999 35.5735403204795 35.57340628249 35.5706643924497 35.5704401066562 35.5703438015341 35.5673300719057 35.5672542973866 35.5676536404937 35.5645790329942 35.5644544989018 35.5644914056862 35.5603645054322 35.5597846623798 35.5593879092675 35.5544877156552 35.5538767208382 35.5539599602682 35.5492414367645 35.549495865432 35.5517194727279 35.5487358609416 35.5504672697859 35.555360721712 35.5545011178653 35.5572558662558 35.56338635907 35.563067128529 35.5653776231966 35.569984760289
35.5846904998875 35.5862324829732 35.5862651628464 35.5861724548673 35.5851902067935 35.5846785840108 35.5838302108387 35.5823192440353 35.5809111333275 35.5788805241776 35.5771082081479 35.5754554743291 35.5727991817152 35.5712769751179 35.5700573392932 35.5682628179109 35.5675276674544 35.5664969076468 35.5648751810351 35.5640069362686 35.5629631087296 35.5609488661747 35.5596266578592 35.5582658895565 35.5553700347652 35.5536941734353 35.5524005182875 35.5495611411775 35.5483773641555 35.5469666644348 35.543605268778 35.5420575051837 35.5399920140411 35.5355800121518 35.5336712132673 35.5315598978347 35.5276035874108 35.5267470545842 35.5256302625165 35.5238834299129 35.5252367588729 35.5258819691425 35.5270384380666 35.5308454891733 35.5327303744162 35.5353655470252 35.5399722263995 35.5414107036598 35.5425287826696
35.5781904021952 35.5789255282526 35.5808279491233 35.5812148745212 35.5797385874487 35.5792814081048 35.5788534154441 35.576878771432 35.5752143559198 35.5734284544054 35.5711675834319 35.5689457372118 35.5663786835312 35.5641990325399 35.5626076174522 35.5611210894455 35.5599252404729 35.5588348835925 35.557420922053 35.5559479280336 35.5546252932006 35.5528600099852 35.5506602451263 35.5484063528748 35.5455938813808 35.5426040361901 35.5400597031767 35.5376191307848 35.5351348971476 35.5325056640384 35.5295890167254 35.5265779086611 35.5233510625096 35.5195016995508 35.5161389329452 35.5130795145921 35.5097119338048 35.5075313155233 35.5061432717321 35.505029583617 35.5051513787173 35.5059506152894 35.5078757234202 35.5104652987298 35.5128044443957 35.5164247347748 35.5198012107183 35.5217939674263 35.524040153685
35.569657920886 35.5719630777014 35.5746410230064 35.5762993211251 35.5745353612932 35.5741941533824 35.5731940271964 35.5706910651469 35.5695029679597 35.5672936942444 35.5638404093144 35.562277805284 35.5597851530852 35.5560879833099 35.555116379567 35.5537733352753 35.5508631523911 35.550491426719 35.5495762152266 35.546370520274 35.5456419317089 35.5440402814372 35.5395661478534 35.5379619692592 35.5353033030336 35.5294232131433 35.5275057379964 35.5250190027424 35.5187514567423 35.5169359601286 35.5144952630712 35.5072958735735 35.5052584184669 35.5027157416078 35.4948245733719 35.4931872918676 35.4920027631407 35.4852045371396 35.4851954067133 35.4871412590079 35.4825340813213 35.4842756850618 35.489558089812 35.4873092346582 35.4901763709197 35.4971922985372 35.4957398920653 35.4982894258855 35.5041944040743
35.5451820196836 35.5615141042318 35.5623882419933 35.5649171483945 35.5686765100467 35.5678518635436 35.566292569932 35.5651004195043 35.5638600053916 35.5611215631332 35.5572557586657 35.5553856173703 35.5520088909057 35.5476474972138 35.5461576238327 35.543818071274 35.541003546922 35.5399346450586 35.5379458383119 35.5356998535255 35.5337123594391 35.5296241209288 35.5263697677753 35.5231760288133 35.5170729834825 35.5131276104303 35.5090655657509 35.5011386227156 35.497218747018 35.4933762792287 35.4859468134979 35.4829777296813 35.4785997554514 35.4700369007822 35.4667454327788 35.4630062456482 35.4568060124018 35.4563201856917 35.4545167366175 35.4521795768943 35.4540710611351 35.4542060452414 35.4544250490442 35.4580285895013 35.4595677242913 35.4611438414056 35.4657626796469 35.4670760842777 35.4673439806992
35.519884201916 35.5418155409936 35.5520508106621 35.5543443672746 35.5603620573607 35.5634807846364 35.5617886766787 35.5607566107368 35.5607758054451 35.5581787291171 35.5535640762081 35.5513387155021 35.5480769571586 35.5425829727739 35.5400335307682 35.5380810918908 35.5343045968576 35.5321454033862 35.5305686014066 35.5272313970877 35.5237665799917 35.5200108652213 35.5154983608913 35.5104412154943 35.5045007420163 35.4988550196807 35.4921543552933 35.4844768814152 35.4788284612522 35.4725914182519 35.4657118757168 35.4611628643984 35.4550007729928 35.4469444134068 35.4420756386013 35.4372384133251 35.4318100564484 35.430401992908 35.4293126726453 35.4277415826111 35.4286840938561 35.4293872955477 35.4302993446866 35.4326267017475 35.4340998160853 35.4365117611382 35.4396531872943 35.4408935210234 35.442181188521
35.485355780442 35.5082597460267 35.5259206203877 35.54196937141 35.5478088214856 35.5535727324272 35.557315814393 35.5566745798981 35.5570884069329 35.5553094509022 35.551405324432 35.5490512893651 35.5447254235109 35.5393686764035 35.5365736910141 35.532769210004 35.5279304910716 35.5257081358367 35.5223916975975 35.5168097122219 35.5137747775715 35.508903900794 35.5011650738053 35.497082754708 35.4904109309809 35.4796866052744 35.4744401726355 35.4669197957541 35.4549945221954 35.4504085267289 35.4443019603182 35.4324308633667 35.4286111789682 35.4235886417466 35.4116701796794 35.4093068172265 35.4079993997707 35.3999726350961 35.4011388753513 35.4047556734087 35.3993039686593 35.4015580090461 35.40734692866 35.4030443711849 35.4053850650312 35.4120521759362 35.4081949233213 35.4103036301756 35.4164351702955
35.4124130968088 35.4535747817067 35.4669096557813 35.4924357779999 35.5202629317986 35.5213310168177 35.5281157434425 35.5434731951244 35.5399090065527 35.5373468012133 35.5442857500833 35.5387671758269 35.5314781542842 35.5327279007291 35.5272070531031 35.5188357255706 35.5178932112423 35.513600338899 35.5060128851963 35.5035360926613 35.497908415894 35.4866019987019 35.4808833628025 35.4743851504852 35.4623385688104 35.4553541173985 35.4465709931633 35.4295887938514 35.4203931505153 35.4130312831378 35.4005634511795 35.3955485950089 35.3887407033063 35.3765245343802 35.3708144397629 35.3663526048733 35.3611255284923 35.3614141025915 35.361123078333 35.3631397278952 35.3653547421495 35.3650440692093 35.3624685820439 35.3631190370642 35.3636092602516 35.3632656302851 35.3685139919769 35.3690467210674 35.3680953551873
35.3501906814468 35.3932623551943 35.4143143700225 35.4418364160499 35.4767529783444 35.4886005906118 35.4963384911355 35.5169816538875 35.5200956230159 35.51762747702 35.5277593548052 35.5259527409348 35.518186700893 35.5204828551334 35.515789036345 35.5069273499429 35.5058723715373 35.5010186770889 35.4933036267658 35.4896271854411 35.4815603551178 35.4699946297257 35.4623315493194 35.4530203211488 35.4413255498065 35.4322487284126 35.4193494621144 35.4020455653134 35.3901347825287 35.3793907021404 35.3680652913753 35.3619010460448 35.3540792493108 35.3422880465325 35.3350592027601 35.3312404833524 35.3274207679132 35.3275775558868 35.3307410809242 35.33428469602 35.335183651732 35.3331972958619 35.3311688910357 35.3297729328653 35.327796421056 35.3282174874478 35.3323678563312 35.3345614605927 35.3345033761188
