Spatial_Analysis/Maxent_Inputs/Inputs/Present/salinity_present.asc
NCOLS 638 
NROWS 314 
XLLCORNER -102.97071042 
YLLCORNER 3.973116569 
CELLSIZE 0.083 
NODATA_value -9999 
[rows 176 to 197 of 314, columns 245 to 293 of 638]
35.7052547900239 35.7161988348568 35.7214662745738 35.7297959950044 35.7349540752625 35.738435053393 35.7429395464744 35.7452406828245 35.7454265954173 35.7447389207055 35.7432320775637 35.7424721627288 35.7413751031264 35.7397607589334 35.7390211894837 35.7366802142876 35.7336082653682 35.7295464083176 35.7203110896085 35.7119025435893 35.7050682230045 35.6915024846954 35.6795986127471 35.6721656500543 35.6579871763911 35.6462903137273 35.6394795780464 35.6270405181103 35.617505231539 35.6123587467192 35.6032933437589 35.5966224709857 35.5934504813449 35.5879299864056 35.5841305899972 35.5823209310512 35.5790503842191 35.5770287493531 35.5761914624719 35.5748708158136 35.5743881083232 35.5743117459138 35.5743096167892 35.5747778637546 35.5750574900874 35.576000360082 35.5773267303326 35.5782345545706 35.5806566682963
35.7017773711483 35.7124351481037 35.7183782300512 35.7269079831578 35.7333272487458 35.738271545238 35.7436660382381 35.7460387446591 35.7460801356147 35.7447690130549 35.742484137499 35.7405004187979 35.7375174267401 35.7361037308491 35.7354228724063 35.7325030245238 35.729361704657 35.7251667764871 35.7177498986 35.7092204947957 35.7009362257509 35.6912401277308 35.6811457488581 35.6718150551791 35.6603171944561 35.6492432709876 35.6407947103267 35.6303094718349 35.6204777965646 35.6140113634213 35.6060679130214 35.5986241419337 35.5948434658349 35.5906025547696 35.586145954282 35.5840746828413 35.5820327962377 35.5793073848475 35.5784154075726 35.5783007937628 35.577219217519 35.5772906992206 35.5776716721747 35.5769522754674 35.5774365989281 35.5781559935637 35.5782555156242 35.579558473276 35.5815132306417
35.6973012172103 35.7071920462419 35.7170487016871 35.7256448385797 35.7321591169319 35.7379990285751 35.743404330504 35.7457038531722 35.746190764506 35.7447621152935 35.7417256597719 35.7387523887237 35.7362691787627 35.7340437389089 35.7321661251894 35.7300302204213 35.7262037391261 35.7225975408116 35.7155905135059 35.7066570629386 35.7001185139719 35.6906274080483 35.6809332197737 35.6729220794964 35.661266174178 35.6508435666326 35.6428050711096 35.6320534751197 35.6229529791017 35.6161839807098 35.6079056668397 35.6011257733434 35.5967356650311 35.5922902716277 35.58854906015 35.5861238285133 35.5836729125379 35.5815987345047 35.5806901155521 35.5801166141247 35.5797214319506 35.5794596099319 35.5794134668118 35.5792487204056 35.579055427134 35.5794122077512 35.579865397522 35.5804295630149 35.5821967872574
35.6824679652645 35.7020140533326 35.7109148427435 35.7236060423199 35.7307854102817 35.7349782268929 35.7406195388246 35.7437582446622 35.7441019655555 35.742962991164 35.7404458338627 35.7379892066145 35.7338992700352 35.7304660659749 35.7283115897872 35.7242061506098 35.7204090843203 35.7174115838283 35.7106657314117 35.7037846940754 35.6987743192029 35.6888123950641 35.6804082850522 35.6743963329163 35.6626215878882 35.6533643303669 35.6471966947461 35.6355786007742 35.6269493212461 35.6217168479449 35.6122345995109 35.6058601953196 35.602296147943 35.5960857107605 35.5926209430328 35.5906396475775 35.5871883668849 35.5859832734468 35.5851263580245 35.5835675402154 35.5836537829054 35.5832449612245 35.5822827861013 35.5826202589719 35.5823251321645 35.5818943928206 35.5826442876687 35.5828956836401 35.5837709746997
35.6812202773215 35.6998680000128 35.7098556114804 35.7221078814274 35.7299001425875 35.735708239735 35.7424054404454 35.7458536339953 35.7464343069267 35.7446887125844 35.7407419651985 35.7377906703543 35.7326149163578 35.7273395622042 35.7256638876939 35.7235999181785 35.7195359343738 35.7160694572166 35.7107869781652 35.7036406813982 35.6979525757346 35.6905493240814 35.6824300783944 35.6753994661728 35.6664477558502 35.6573335022632 35.6498886109206 35.6409556940331 35.6324166408598 35.626043572871 35.6184232241195 35.6114079205018 35.6072501984755 35.602576854371 35.5980448129202 35.596005013514 35.5939806286713 35.5913169263417 35.5907461335153 35.5906446767737 35.5890819083562 35.5890346640232 35.5890032020951 35.5872271832389 35.5872038226696 35.5873307823816 35.5860567726036 35.5867324890301 35.5880534604789
35.6770887520944 35.6948057918886 35.709054784966 35.7211383624464 35.7290947822344 35.7360433169863 35.7426210329578 35.746192107295 35.7473419563108 35.7454110918265 35.7412748859404 35.7379457167045 35.7326903978873 35.72718881965 35.7253451800001 35.7236789250348 35.7195982723434 35.7160544336503 35.7109756867693 35.7039259385599 35.6984212685683 35.6911715840325 35.6835099995277 35.6769879429374 35.6679321740997 35.6595958195814 35.6526706805816 35.6433517363397 35.6358862483676 35.6297122387265 35.6214734354438 35.6156235414542 35.6112098502002 35.6058777177381 35.6025796915925 35.600179896183 35.5973679903699 35.5958663556919 35.5949442362437 35.5940763696087 35.5936384528526 35.592992755078 35.5922044175745 35.5914074975721 35.5906585504346 35.5900488727729 35.5896194645032 35.5896127556158 35.5903108055297
35.6589829204784 35.687647339535 35.7000565588699 35.7174681805789 35.728057156053 35.733207788407 35.7403606409238 35.7447819807603 35.7451608762718 35.7438681213158 35.7421182628393 35.7391134582216 35.7338826443946 35.7301875416601 35.7277542014638 35.7233515960977 35.7197738975128 35.7163878704848 35.709646927997 35.7045600009421 35.6999517916197 35.6912271866175 35.6845885822969 35.6795040659673 35.669734306797 35.6624384260008 35.6571916088953 35.6472956665367 35.6404634154986 35.6358291600671 35.6272284295479 35.621833026831 35.6183811063875 35.6122190007063 35.6092803452041 35.6072676827908 35.6036450670378 35.6028743782022 35.6018414285881 35.5997048248782 35.5999954762799 35.5991542001734 35.5970956580749 35.5973462976521 35.5965021632044 35.5947116768136 35.5952979602347 35.5949732773803 35.5942920359766
35.6637231612643 35.687813117907 35.7022279999607 35.7172393616826 35.7263849034676 35.733205612925 35.7415407207254 35.7468695584754 35.7473965196745 35.7458909852511 35.7436166518102 35.7395515585271 35.7350446037932 35.7327919460116 35.7294803906383 35.7252396454411 35.722661018728 35.7188427458277 35.7121601410217 35.7065279182267 35.7013808684059 35.6944458841476 35.6878791963695 35.6820922035482 35.6742872941135 35.6665210603879 35.6607088347634 35.6537549460167 35.6464901890286 35.6412591314817 35.6352726362813 35.6287805263521 35.6250448167665 35.6213324626515 35.6169757559167 35.6150605844047 35.6135408956717 35.6109100981282 35.6103292510123 35.6101674149552 35.6082111919422 35.6078119658065 35.6072378059976 35.6047922185568 35.6042732373594 35.6039230118 35.6020926785958 35.6021668318553 35.6028321425745
35.6636530649734 35.6861229230819 35.7020184719527 35.7166059133183 35.725187208035 35.732661562703 35.7411990835283 35.7463877293406 35.7472680266721 35.7458659674515 35.7435332977158 35.7397886682707 35.735081624195 35.7329931072359 35.7299595433314 35.7259083654243 35.7237427168305 35.7197541110242 35.712897471052 35.7074438738322 35.7026911952224 35.6957276769317 35.6897472073913 35.6842945788246 35.676257563077 35.6693495054809 35.6640494507744 35.6566563137783 35.6505871222856 35.6458253414909 35.6391153475949 35.6340232726763 35.6303462922981 35.6257760522198 35.622996246145 35.6208698297702 35.6183251388265 35.6172766354804 35.6163011339194 35.6151059989542 35.6146819093707 35.6136029019124 35.611972833491 35.6109461800997 35.6097274254331 35.6082892175331 35.607815010728 35.6072706141504 35.6069141930139
35.64845836941 35.6805124668857 35.6933962187416 35.7117616770408 35.7236587371886 35.7292567765988 35.7372000660025 35.7417729542148 35.7427689071155 35.7425978249042 35.740945775608 35.7388134964825 35.7350344376706 35.7317643231252 35.7296770414717 35.7255899299146 35.7220500672114 35.7191065148332 35.7131505228145 35.7080953978011 35.7043573475569 35.6971533586196 35.6914728204351 35.6872127684104 35.6791051224282 35.6734515158551 35.6692722486972 35.6614259969028 35.6565003210276 35.6527844495791 35.6457437918661 35.6419716476212 35.6390028809284 35.6336112704889 35.6317588377425 35.6298907038845 35.6263987547541 35.6263450471149 35.6251995824219 35.6226183685731 35.6231220092553 35.6219169845649 35.6190006867007 35.6192273259705 35.6180154997093 35.6153505096875 35.6159098273571 35.6151930710282 35.6133961444089
35.6576437122453 35.6832147274949 35.6984621747382 35.7125748581717 35.7215238216467 35.7286211588083 35.7361538379585 35.7405325677682 35.7416830413858 35.7402026334374 35.7373429081016 35.7351063019992 35.7324956580944 35.729600797376 35.7277801572165 35.7255738310545 35.7217255648384 35.7188047346808 35.7152588665101 35.7099953433697 35.7059947667662 35.7012433960244 35.6952333563319 35.6906518182017 35.6850462580464 35.6787906803932 35.6743496898329 35.6695899304674 35.6641854625444 35.6602746240833 35.6559795722881 35.6509824393041 35.6480016705538 35.6450896130534 35.6414798833774 35.6399608254566 35.6387801577276 35.6364520859498 35.6359055602711 35.6355864469551 35.6334185080424 35.6326892730401 35.6315830617626 35.6287472659484 35.6278582846239 35.6269789719218 35.6248544332867 35.6244890092962 35.6241049310664
35.6600320425704 35.6837387202245 35.699316196382 35.7125608684061 35.7202619486857 35.727358121499 35.7353064567048 35.7391183934849 35.74001926844 35.7385446950489 35.7351372547221 35.7336285290973 35.7310845883218 35.7281825955322 35.7274251982983 35.725471026731 35.7219417954787 35.7197956434961 35.7161950866302 35.7114017131141 35.7080169016393 35.703232055999 35.6980698888374 35.6937770355969 35.6878345546003 35.6826496606543 35.6786904413824 35.6734210794254 35.6694945587661 35.66598600967 35.6608191580376 35.6574459447206 35.6545676855406 35.650612042492 35.6487926811859 35.6470408409315 35.644681568399 35.6441554167498 35.6431604756586 35.6416538903604 35.6412451090452 35.6397889836932 35.6374361019482 35.6362356824551 35.6345243553085 35.6324137138102 35.6318657685072 35.6305376144108 35.6290502875145
35.6461847892864 35.6789059335796 35.6914224690631 35.7086547169603 35.7192611529996 35.7240453199419 35.7306516553401 35.7342852292696 35.734735190842 35.7342926309281 35.7333119805447 35.7320730616711 35.7299516067488 35.7283119832547 35.7273737691367 35.7251919522153 35.7232590748304 35.7212453643322 35.7171649508566 35.7142833322053 35.7113343948357 35.7056634534774 35.7019222043407 35.6984466914173 35.6920615854515 35.6883682201543 35.6851887146701 35.6793456072615 35.6765467629978 35.6737657796984 35.668409106864 35.6663701111756 35.6640134167978 35.6595903701949 35.658797562184 35.6571777876355 35.6540010956226 35.6544555631112 35.6532574356198 35.6503839449373 35.6509567777383 35.6494746667419 35.6458874796256 35.6458422190135 35.6442609702348 35.6407414316781 35.6407289502314 35.6394188241643 35.6362051005938
35.6572673960427 35.6815363036007 35.6963373185557 35.7105448563953 35.7187834862762 35.7246926177845 35.730436715734 35.7333632954867 35.734190804957 35.7335255907391 35.7318117388861 35.7305344692242 35.7303343917801 35.7299487989074 35.7288639692197 35.7278111239594 35.7264825844718 35.7244893387049 35.7217645880977 35.7189140689525 35.7159231799417 35.7118333806248 35.7075155458458 35.7038915814279 35.6993051040193 35.6947795321729 35.6916019974251 35.6880998849924 35.6845235613621 35.6817800306066 35.6786891034088 35.6755238627652 35.6732533248463 35.6710192012622 35.66888589368 35.6675774675375 35.6664179892362 35.6650845131488 35.6643742243884 35.6634164638896 35.6617632947633 35.660570332876 35.6584516611193 35.6558618004377 35.654436541582 35.6523010095615 35.6499330019415 35.6488652096789 35.6468570210424
35.6610595006246 35.6831406718055 35.6977656868225 35.7110652196712 35.7182849176545 35.7242305514286 35.7302800018045 35.7329960769388 35.7338299745934 35.7329293477176 35.7309839789646 35.7305757800224 35.7305543158632 35.7306577137704 35.7300689858184 35.7289662396215 35.7282745085399 35.7267648261352 35.7237925864304 35.7216645317166 35.719099430726 35.7146973498891 35.7112723223257 35.70781096557 35.7027541469676 35.6992827778232 35.6961791292906 35.6921847736146 35.6899402074781 35.687211785415 35.6833769755739 35.6816774290688 35.679430591632 35.6762567335643 35.6757549075559 35.6743486341646 35.6721090945992 35.672433304701 35.6713343535239 35.6693085381751 35.6692791476116 35.6674019299982 35.6641171532448 35.6630178356848 35.6608027542562 35.6575452840864 35.6566414853106 35.6546754928569 35.6516557037226
35.6471267192074 35.6803657001314 35.6915619836991 35.7071977972963 35.7176160760832 35.7216424087013 35.7271379557372 35.7304601489499 35.7311445524147 35.7315529895318 35.7314356102846 35.7312847942211 35.7311364080704 35.7310028859214 35.7306497658632 35.7297949400693 35.7295306369833 35.7284207919762 35.7259725354115 35.7244424991745 35.7224119368336 35.7182526771803 35.7155899551393 35.7128941537338 35.7079091853237 35.7051681980875 35.7026907577557 35.698236826383 35.6963363871458 35.6942233834647 35.6902702912774 35.6891338051199 35.6874294049362 35.6842546144514 35.6840925676356 35.6829421671884 35.6805468357045 35.681045630339 35.6799682909216 35.6772554099201 35.6773538345075 35.6757407128278 35.6718911116632 35.6711145622634 35.6692635652303 35.6651304711909 35.6641931963819 35.662452077041 35.6582681568444
35.6618193175207 35.6837041908634 35.6974833762909 35.7103469652806 35.718249243951 35.723205919627 35.7278902739782 35.730350570578 35.7312558711089 35.7317855090899 35.7317047480652 35.7315073282079 35.7315797370367 35.7315649437604 35.7317307558873 35.7317546758027 35.7310780091348 35.730450642622 35.7299391416608 35.7282081676647 35.7263646320147 35.72407544268 35.7208176276371 35.7180668389551 35.7147441763292 35.7112137597172 35.7087462520672 35.7058514440093 35.7029530758471 35.7009602903312 35.6984967019064 35.6961261834273 35.6945884181791 35.693012845774 35.6916722897157 35.6908152862364 35.6900319635627 35.6892230291367 35.6884788389569 35.6871535406519 35.6855290849916 35.6840403672025 35.6814039079324 35.6788006858818 35.676955514316 35.6742569007781 35.6717024611999 35.6700384111352 35.66768344689
35.6682199428975 35.6870187351143 35.6993847254625 35.7114475806052 35.7184388600337 35.7234280868168 35.7281570538514 35.7304717616097 35.7314684165359 35.7317607901779 35.7316208032206 35.7317871829782 35.7318749193227 35.7321579782947 35.7325812131703 35.7325397051974 35.7322381573157 35.7322787583663 35.7316600265306 35.7305780137293 35.7292794681874 35.7267608116452 35.7243148241851 35.7217331497789 35.7179935179744 35.7153643332332 35.712784001578 35.7094697395483 35.7075895688836 35.7052974380341 35.7022783188116 35.7009320590167 35.6991659759834 35.69696676051 35.6967664458125 35.6957378472475 35.6942385718023 35.6945759057704 35.693496379343 35.6914801008002 35.6909617130233 35.6889423923657 35.6855319525534 35.6839772703663 35.6817288615156 35.6782640469678 35.6768777272544 35.6750635663135 35.6718830021754
35.660048078339 35.6867343889071 35.6957291406253 35.7086807765383 35.7177217615389 35.7213542617109 35.7263026561923 35.7293675637823 35.7302242506112 35.7312538534236 35.7319619402314 35.7321385949113 35.7324995853416 35.7330880165077 35.7333251460164 35.7336476308069 35.7342420329558 35.7341400279116 35.7335594802974 35.7335108497026 35.7323832166355 35.7298262366551 35.7284466203723 35.7263872033691 35.7225046125674 35.7205417494772 35.7184325247647 35.7146125351704 35.7129503260575 35.7111033485666 35.7077592392348 35.7066697186894 35.7052896332669 35.7028607628255 35.7027066751726 35.7018513415243 35.7000515857225 35.7002875393885 35.6993060245415 35.6968094707576 35.6962389815288 35.6946106995469 35.6909045069671 35.6895279772242 35.687761058951 35.6839397310118 35.6827742227684 35.6812863945196 35.6776606276306
35.6727636855819 35.6899418431999 35.7009903456386 35.7115819301412 35.7184744252671 35.7228324648907 35.7269136446525 35.7292712618502 35.7303481225921 35.7312357067679 35.7318250460489 35.7321759976264 35.7331879425503 35.7341665687775 35.734604484123 35.7356988356468 35.7366195265962 35.7369120629997 35.7375066411087 35.7375454552505 35.7366845725493 35.7352273559501 35.7332759463158 35.731297717848 35.7286643571512 35.7259433963147 35.723868545211 35.7212015288843 35.7185310143772 35.7167587714353 35.7144844738228 35.7122271760545 35.7109740243173 35.7095086499892 35.708119417255 35.7075496427275 35.7068523152685 35.7058982580249 35.7051512112691 35.7036288999539 35.7016627844402 35.7000567167294 35.6974564187643 35.6948053776457 35.6929763502183 35.690721333471 35.6886012144294 35.6871222140754 35.685591952694
35.678539243052 35.6929275860039 35.7028234825788 35.7129215259718 35.7190863715416 35.7231275342054 35.7270782266366 35.7291528677126 35.7302523831213 35.731064481327 35.731651429746 35.73238158941 35.73337068719 35.7346612153856 35.7356167995477 35.7366144275328 35.7380124333399 35.7387974968588 35.7392602150584 35.7399011189572 35.7394158048623 35.7376863472569 35.7363685478081 35.7345612118826 35.7315692772927 35.7295744550305 35.7274223746088 35.7243846578019 35.7225156644085 35.7204701433968 35.7177303227403 35.7162404289828 35.7146230301543 35.7126885875115 35.7120734263845 35.7110859761408 35.7099646727315 35.7097570967496 35.70858056015 35.7066487912153 35.7053726227282 35.7034231695643 35.7003440159307 35.698414055352 35.6965101733055 35.6937564327822 35.6925592703837 35.691280113269 35.6891556777605
35.676363849239 35.6939226271792 35.7010644725214 35.7113962431137 35.7185014101102 35.7214098952565 35.725477285029 35.7281787174281 35.7291484175274 35.7305920122588 35.7316488025913 35.7324334070244 35.7339134190396 35.7352643173252 35.7362388413382 35.7378900366068 35.739502477612 35.7401553202479 35.7409391858555 35.7419058425523 35.7415208910598 35.7402197313511 35.7396346094332 35.7381996268971 35.7353114626221 35.7338280066849 35.7320549839964 35.7287281668305 35.727190745686 35.7254893748869 35.7223619926736 35.7211517703291 35.7197930493571 35.7173865285768 35.7168354226336 35.7158850984632 35.7139915515982 35.7137198608099 35.7126237131409 35.7100435945237 35.7090216737429 35.7074624780271 35.7041030628144 35.7026072686283 35.7011707277408 35.6982371597264 35.6973804108708 35.696403469406 35.6940336849204
