Spatial_Analysis/Maxent_Inputs/Inputs/Present/SST_present.asc
NCOLS 638 
NROWS 314 
XLLCORNER -102.97071042 
YLLCORNER 3.973116569 
CELLSIZE 0.083 
NODATA_value -9999 
[rows 44 to 65 of 314, columns 343 to 391 of 638]
26.4030540511482 26.405227604442 26.3987171504588 26.3932838209103 26.3907675243644 26.3823313514992 26.3738434786939 26.3683949057244 26.3598544729836 26.3506533239478 26.3433969065304 26.3362222408379 26.3271515798162 26.321139800131 26.3115680433873 26.300450191034 26.2930148855041 26.2805771299476 26.2661903872565 26.2553301960319 26.2415670331311 26.2249842743115 26.2115355359082 26.19848384035 26.1822905479104 26.1696428179796 26.1590168239717 26.1468347028075 26.1364509775928 26.131807620342 26.1264259370407 26.1207647640412 26.1217878704404 26.1229038006774 26.12307805028 26.1274776487624 26.1331176238551 26.1381085111241 26.1435935358634 26.1510511302895 26.1588241321402 26.1636387099663 26.1705276175129 26.1788235270719 26.1820925702455 26.1870770185817 26.1940267993192 26.1959740045604 26.1991752349053
26.4394077109051 26.4387337598474 26.4372251296572 26.4295753873704 26.4268399678012 26.4227068591723 26.4099302996801 26.4056322067462 26.4007734267093 26.386572545359 26.3813289138286 26.3770483150637 26.3622733071296 26.3553420659814 26.3515743627619 26.3342760503324 26.3270500763112 26.3204478976737 26.2988859569943 26.2895303094614 26.2818392223741 26.2571845570565 26.2466907136006 26.2386329082147 26.2145824211128 26.2068435198116 26.1981073763068 26.1798111866667 26.1731170135211 26.1690165196075 26.1607458112122 26.1578629786997 26.1574634491217 26.1585610852852 26.1600377084707 26.1618247526134 26.1693667203956 26.1736615497524 26.1768356959117 26.1872976818842 26.1928775910565 26.1961594493688 26.2060579789495 26.2113544982398 26.213896712723 26.221409032711 26.2255325346174 26.2273286215178 26.2324671337939
26.4841059807095 26.4868694410898 26.4824923802281 26.4767792344743 26.4744642710247 26.4683284882569 26.4584949587299 26.4527098471333 26.446381699615 26.4353876000723 26.4300764589721 26.4222233173415 26.4105949119931 26.402750716128 26.3953145881986 26.3816862333411 26.3746532748816 26.3627943346539 26.3457823321131 26.3371203445553 26.3235936101152 26.3041645845103 26.2943728909677 26.2804680565913 26.2609794280198 26.2498376085048 26.2394233870217 26.2249945211715 26.2146113899379 26.2109158132911 26.2048678325984 26.200998833721 26.2008460498076 26.2018377828347 26.2029476513443 26.2057786292221 26.2117311966841 26.216120788206 26.2207620333863 26.2291113958932 26.2354973564091 26.2396571468268 26.2472234227758 26.2531996833002 26.256054680893 26.2616287020441 26.2663608712594 26.2682061771752 26.2720035274578
26.5031226745527 26.5067815933855 26.5009059255928 26.4970426755171 26.4951008075096 26.4872193650629 26.4794947365181 26.4735728686691 26.4656307622916 26.456426433462 26.449065274844 26.4412760548378 26.4312869698312 26.4234722502874 26.4140450869411 26.4019652517098 26.3937100268035 26.3806064640183 26.3659537411429 26.354138228916 26.3405976681644 26.3244070055658 26.3133567007667 26.2976917080131 26.2811095744864 26.266353141549 26.2567102974263 26.2447765878557 26.2342058309193 26.2292683053377 26.2241280043535 26.2196097600837 26.2196717669233 26.2204370216124 26.2214910494147 26.2249308094028 26.2297234669872 26.234551160209 26.2398410786699 26.2464894714652 26.2546331685649 26.2584836261711 26.2640364534082 26.2708309644027 26.2739562292818 26.2780099258792 26.2833963080106 26.2853295080839 26.2879753441805
26.5340612970333 26.53399819648 26.5335192517313 26.5285932938672 26.5251970970236 26.5226926769479 26.5114937970766 26.5058136167846 26.5026216448921 26.4885918866964 26.4822494368027 26.4788209567056 26.4629075131873 26.455522261482 26.451356077813 26.4321969271591 26.4248612314127 26.4174867789279 26.3947600684789 26.3830779775846 26.3771768774889 26.3526837816394 26.3450503162662 26.3344998783069 26.3103251175481 26.2983684401518 26.2930581239362 26.2754261043203 26.2697655459851 26.2646061202547 26.2561379675432 26.2531724792907 26.2527126731815 26.2533114404644 26.2540638377635 26.2559938622398 26.2625777003228 26.2654247648733 26.2691715305058 26.2783583725486 26.2839642117297 26.2863494622542 26.2943321100166 26.2976834566414 26.3005158217649 26.3066601807352 26.3092167324758 26.3112765252655 26.3153393657649
26.5720516669546 26.5756829097204 26.5734756760073 26.5701071894145 26.5695974456845 26.5640047161231 26.5554275868502 26.5508578072461 26.544444044926 26.5336607420195 26.5278076838206 26.5205520010502 26.5081093634579 26.5009495880901 26.4920193695832 26.4766343455595 26.4666025696296 26.4563709674052 26.4381811154467 26.4253243154946 26.4152785545742 26.3960099052644 26.3854633590681 26.3730134230357 26.354065522265 26.3405723321114 26.3330139158311 26.3190649630874 26.3101449496353 26.3053154284969 26.2987767703494 26.2938454028295 26.2940588690321 26.2946989422543 26.2948091971875 26.2973170665842 26.3023457444265 26.3050486490589 26.3092980032775 26.3165364195228 26.3219746314846 26.3247367982069 26.3306460778091 26.3347174165085 26.3370192207487 26.341396538307 26.3444759070038 26.3462038093672 26.3491342880456
26.5880388148256 26.5933510628117 26.5892606072198 26.5876648393882 26.5887489175109 26.5804501466078 26.574068418962 26.5697165010534 26.561324974865 26.5528410480443 26.5482811152378 26.5376767653768 26.5273852503867 26.5218830645882 26.5089629182302 26.4957463009154 26.4859143745734 26.4726685137638 26.4571254227146 26.4453718327984 26.4311607020034 26.4151969420445 26.400899452281 26.3884894565683 26.3733815803026 26.3585108485473 26.349508548947 26.3381194274116 26.3271181688095 26.3225495914965 26.3171362963109 26.3111735707501 26.3118469578998 26.3121445820301 26.3121207051733 26.315216774426 26.3188120149684 26.3213289671731 26.3266367694492 26.3321022440035 26.337447341951 26.3412355872233 26.3453958407833 26.3503726845697 26.352728832298 26.3555875926186 26.3589049027977 26.3608749794208 26.3628046277326
26.614651331531 26.6162921559031 26.6162576359239 26.6146799627683 26.6137149513321 26.6103748175689 26.601231083148 26.5968380832776 26.5930393887864 26.5798900631662 26.575454007022 26.570211723338 26.5540461729111 26.5485089013296 26.5421144700589 26.5217589315792 26.5118191280581 26.5062365773079 26.4827726835598 26.4756153552242 26.4656997430513 26.4411600922684 26.4304874534764 26.4233614021836 26.401042142966 26.3909659946489 26.3849628964087 26.3678752850233 26.3614949981207 26.3572077296963 26.3483528772843 26.3454612128483 26.3444743147177 26.3437251327461 26.3445329033162 26.3453418769931 26.3498542257702 26.3519304367743 26.3547680134009 26.3613709171888 26.3641484049965 26.366934593664 26.3727422488106 26.3760769371521 26.3773783488179 26.3813894517516 26.3833982031617 26.3850021650741 26.3875363309387
26.6468764653259 26.6524764431841 26.651197610132 26.6503867298943 26.6512803454527 26.6464756808505 26.6393530833645 26.6367727790916 26.6295531528184 26.6192179177312 26.6132237494697 26.6064255297258 26.5939795262617 26.5870272374379 26.5780304097415 26.5619890421586 26.5520985510367 26.5419335730102 26.5232457247596 26.5137838113263 26.5014190709059 26.4821525819844 26.4722510470003 26.4609666803133 26.4433347819135 26.4340289105149 26.4249415870998 26.4111683130363 26.4017202363673 26.3980255661308 26.3911874432048 26.3866576997127 26.3855402887789 26.3848840083767 26.3844167099496 26.3854417577071 26.388770686356 26.3909223964049 26.3930620426484 26.3978346123614 26.4012476158074 26.4029046824054 26.4067250510983 26.4092817231859 26.4108327220603 26.4138681293999 26.4161626919705 26.4175370032352 26.4194632563956
26.6602052153102 26.6670940262722 26.6649532377818 26.665220849762 26.6679106881072 26.6605509338269 26.655156176358 26.6525063952952 26.6436863566451 26.6355460239886 26.6307536158413 26.6205803442745 26.6107131073264 26.6054935329724 26.5921137357821 26.5792129016659 26.5692499282476 26.5558612499122 26.5410002000023 26.5280337033783 26.5152907236565 26.5005660660874 26.4888990223675 26.4758143107234 26.4623363404626 26.4498774295629 26.4407464504088 26.4302615334575 26.4194310644942 26.4152437552263 26.4097178881831 26.403478481936 26.4032378020453 26.4023859872342 26.4012749010514 26.4031086096931 26.4049673882077 26.4073035891636 26.4099502267222 26.4129139443416 26.4166101467777 26.4187401632507 26.42093222479 26.4235725180668 26.4255276625636 26.4276726183489 26.4298676080722 26.4315335735674 26.4330404866062
26.6841279799066 26.6868273957313 26.6876621303804 26.6886711844698 26.688517564098 26.6857445085194 26.6780472849924 26.6748556847133 26.670451897056 26.6576782615751 26.6543320541737 26.6480833332057 26.6321313634305 26.6267324482939 26.6202005789315 26.6005781728147 26.590633879698 26.5852185813605 26.5629944741959 26.5530515066315 26.5460615491237 26.5237755869131 26.5169670942635 26.5078397088933 26.4877439570075 26.4779036641983 26.4734734803109 26.4584714911236 26.4512269117987 26.448341209824 26.4395977383636 26.4359740166343 26.43489163916 26.4323116934718 26.4317869861792 26.4321780033424 26.4338590010148 26.4357379445544 26.4367665041123 26.439937442253 26.4414246866426 26.443269287603 26.4465747330174 26.4485008752768 26.4496341888464 26.4527118406184 26.4548095671084 26.4558238044928 26.4576581654419
26.7125538482815 26.7188689814794 26.7187828165992 26.7198374649852 26.7216262856256 26.7171738833145 26.7110564312226 26.7072574030927 26.7015093529346 26.6913672919691 26.6871441204196 26.6785709151972 26.6659276532873 26.658577834979 26.6505419532688 26.6352630192345 26.626107267921 26.616729221405 26.5991079695197 26.5906320338898 26.5789879788164 26.5612002346619 26.552704099879 26.5425876482878 26.5270107602751 26.5179643065764 26.5115576073775 26.4999202125573 26.4931596494612 26.4885967851946 26.4814667964515 26.4773571982756 26.4750333668855 26.4725056147004 26.4716994268929 26.4708123763663 26.4715218801877 26.4724204490156 26.4729125578591 26.4749746569349 26.4766837854153 26.4775410856788 26.4796592135734 26.4808012404345 26.4825722292334 26.4852228811428 26.4871696034969 26.4885055588284 26.4902878716038
26.7240373378417 26.7317180670027 26.7313124912822 26.7326317678762 26.7355588150526 26.7294729391752 26.7246393168839 26.7223610489688 26.7135071412885 26.7052868134113 26.7002835987516 26.6901000561731 26.6802219293728 26.6741804463874 26.6620016450322 26.6502043118556 26.6425027745287 26.6283974921834 26.6147639629206 26.6030938018465 26.5908191998042 26.577625241583 26.5676793250851 26.5556511808837 26.5442606846814 26.5356392024912 26.5262554730541 26.5176373574214 26.5104181254547 26.50454331245 26.4988710812558 26.4947507318098 26.4917221781299 26.4889899706478 26.487817576301 26.487144673765 26.4867978722352 26.4880033581779 26.4884830226458 26.4893918557936 26.4915823703716 26.4924016897464 26.4936098430961 26.4946880385973 26.496829734085 26.4990681416268 26.5009267319893 26.502573375359 26.5042254726241
26.747157670591 26.7499765564575 26.7517068683001 26.7540454511556 26.7534142489239 26.7516392716536 26.7443833235086 26.7410026407828 26.7366260078592 26.7234276278103 26.7198554402034 26.7134232489796 26.6974090534328 26.6920310997327 26.6857958173932 26.6674352990424 26.6610810178044 26.6534342834583 26.6328287580667 26.6221596784777 26.6168765644954 26.5970211989826 26.5898320363569 26.5826540343124 26.5658841957767 26.5608542587315 26.554496828008 26.541813365518 26.536249145185 26.533164798826 26.5247136347531 26.5214683430249 26.5195860297612 26.5150376615311 26.513512635902 26.5132565205817 26.5122498261403 26.5127061343358 26.5129937447126 26.5140049919335 26.5151774659218 26.5158281717876 26.5180724723543 26.519035994147 26.5204139350023 26.5236323746729 26.5254973056103 26.5264047163445 26.528067644552
26.7749972166853 26.7806909456679 26.7812872775773 26.7831120704519 26.7843592685437 26.7801023668176 26.7741048473956 26.7694417331219 26.7635620309553 26.7527800930026 26.7477986947553 26.739134582885 26.7262206380452 26.7182248912112 26.7113765697611 26.6971228892479 26.688588953155 26.6803165687805 26.664081339723 26.6536873676197 26.6455091798709 26.6295407733332 26.6190666712891 26.6128644267682 26.6002002189893 26.5939739870364 26.588021875262 26.5784064622989 26.5740805314637 26.5693669600423 26.5623679191588 26.5589010729309 26.5558570670357 26.5518449828139 26.5492176619066 26.548398547214 26.5473408179797 26.5464643863579 26.5466717081592 26.5473495526003 26.5475334376871 26.5487173566153 26.5507477609997 26.5518016920611 26.5536493565537 26.5564866831426 26.5586229163778 26.5593036730469 26.5605143983772
26.7861624000979 26.7932947965348 26.7939039551681 26.794972473753 26.7972943695225 26.7916177205124 26.7863179519202 26.7833145967406 26.7740692486617 26.7650341728828 26.7587610873684 26.7487316698018 26.7386488992138 26.7312664011193 26.7207469037163 26.710123444023 26.7012794866266 26.6898502730373 26.6776522500774 26.6666106677367 26.6556655142005 26.6437005396155 26.6331717167877 26.6240473285959 26.6149806234327 26.6075818031594 26.6002781385338 26.59362188885 26.5880341272897 26.5827925866456 26.5776103529335 26.5730530569772 26.5699604881233 26.566688340153 26.5637802768487 26.5627525748069 26.56155253857 26.5604229519744 26.5608153034538 26.5611932707651 26.5612124480965 26.5627546690659 26.5644637436826 26.5656840491845 26.5677565039033 26.5700151215653 26.5724016078743 26.573224833619 26.5738553149033
26.8109766726182 26.8131649194205 26.8150932281923 26.816418552163 26.8152765355977 26.8133003169273 26.8043770264009 26.8015964955949 26.7956974243656 26.7807367586379 26.775374530179 26.7698401894618 26.7534705175282 26.7480007604581 26.7421512155 26.7250552609052 26.7175189288165 26.7121680438485 26.6935052141953 26.6838301973301 26.679036738268 26.6611387351285 26.6546956094276 26.6485775080102 26.6345333360007 26.6298287174889 26.6253275828221 26.6153642656553 26.6108154491991 26.6082572207842 26.6008494231035 26.5974917767545 26.5957051811591 26.5907420276638 26.5889172034536 26.5880840139542 26.585884872404 26.5853540577129 26.5851779185919 26.5854962929472 26.5858154097909 26.5863289961933 26.5887051953854 26.5901019109177 26.5910449421387 26.593789495576 26.5950228119569 26.5957954509551 26.5960894515913
26.8423662875979 26.8461695648465 26.8461420729787 26.8467797551068 26.8453738027283 26.8410846194929 26.8333271295232 26.8294055971838 26.8207394026136 26.8080903742895 26.7988743926431 26.7931704980902 26.7800798225236 26.7711325742827 26.7655481187983 26.752245316142 26.7458495447547 26.7372292947308 26.7222004287094 26.7125243651821 26.7058818599609 26.6914694991048 26.681483439727 26.6772863808647 26.6666760377051 26.6593160827058 26.6566110375775 26.6493472240289 26.6451675982524 26.6418403534229 26.6359362714362 26.6323639980903 26.6301780398349 26.6261816065179 26.6231646229961 26.6226729647454 26.6210093968181 26.6194431695934 26.6194174646481 26.6195945209423 26.6186999177349 26.6198650982302 26.6220938613641 26.623376662481 26.6244629421979 26.6266799214605 26.6284715604352 26.6279578361002 26.6274861806677
26.855001214942 26.8610053852419 26.8602211627903 26.8592451414027 26.8599734304878 26.8528688145075 26.8455876804882 26.8405537719735 26.8306199806646 26.8201261489595 26.8097644083411 26.802062455249 26.7920755787895 26.7828218735896 26.7742400567265 26.7646636929374 26.7566325277135 26.746103227051 26.7353484789042 26.7243339848261 26.7155648948522 26.7052798865641 26.6941113616983 26.6881739122703 26.6809829458605 26.6725641890454 26.6687549366877 26.6639964443637 26.6587019288009 26.6549166201615 26.6508463425556 26.6458257691102 26.6438676755848 26.6412018719424 26.6374636647337 26.6369940947931 26.6358223195668 26.6333824537735 26.633984199933 26.633936796281 26.632376595878 26.6343021632449 26.6359604791152 26.6372154048182 26.6386383925274 26.6399228567459 26.6421157614372 26.6414277685731 26.6401324729697
26.8812584697067 26.883486293634 26.8836048387532 26.8805916015643 26.8784469361759 26.8756447242641 26.8630146079959 26.8580202478732 26.8526406483843 26.8354876575133 26.8273879868823 26.8235713274961 26.8069217807269 26.8024218034375 26.7959411900849 26.7798939137001 26.7753852882338 26.7685206438822 26.7519172932558 26.7440302846292 26.7393690891491 26.7242237143007 26.7188416351178 26.7137717022641 26.7022913370908 26.698416112392 26.6949987059202 26.6869759359937 26.6843584041499 26.681213458628 26.6749889116753 26.6718438056192 26.6702994936976 26.6662177670786 26.664768497339 26.6636162648972 26.6612748758871 26.660204388461 26.6598652059051 26.6592001345533 26.6588965268443 26.6591227847548 26.6602510821447 26.6606963164696 26.6616292415598 26.6626231887545 26.6627288568081 26.6628366603341 26.6605708374299
26.9158632114231 26.9188369234566 26.9159565968078 26.9126679593101 26.9098330832797 26.9038094545411 26.8927377192552 26.8844273343674 26.8777494306123 26.8635482824466 26.8536501204062 26.847772552576 26.8342904755811 26.827744332945 26.8204176586633 26.8075518643182 26.8013641543623 26.7943419535318 26.7812945138875 26.7747170498009 26.7682341808536 26.7562456307715 26.7488287986212 26.7453557041821 26.7367600340365 26.7315774904373 26.7290025400022 26.7228104121324 26.7193932369942 26.7164528389327 26.711479701269 26.7083865060336 26.7064227517399 26.7032885428284 26.7017686794553 26.7003802195266 26.698505184425 26.6975553998805 26.6965216809049 26.6955309429476 26.6944640720218 26.6943128814049 26.6948256161157 26.6946241164357 26.6947543157535 26.6952844837871 26.6954204353506 26.6935554964443 26.6907557748876
26.9292488584131 26.9356712637566 26.930017700312 26.9259329003371 26.9253906209798 26.9153488533302 26.9058103809821 26.897233612724 26.8875860274112 26.8764218310589 26.866137069079 26.8570042436715 26.8470054792107 26.8380510090105 26.8295751933414 26.8205824720466 26.8124622703562 26.8039713504414 26.7952386718327 26.786828156055 26.7789468839081 26.7711429573677 26.7628115236266 26.7576934551532 26.7522939676392 26.7466150601515 26.7427811592741 26.7385772898792 26.7341450208323 26.7309151804067 26.7272987056813 26.7226967731613 26.7211150158693 26.7191319125271 26.7172513452667 26.7155969094014 26.7141662482808 26.7135844330234 26.712017400022 26.7105269604869 26.7093277390022 26.709289424028 26.7088771654072 26.7084995719662 26.7087192789314 26.708369047156 26.7095267748344 26.7064947357698 26.7029099516304
