Spatial_Analysis/Maxent_Inputs/Inputs/Present/SST_present.asc
NCOLS 638 
NROWS 314 
XLLCORNER -102.97071042 
YLLCORNER 3.973116569 
CELLSIZE 0.083 
NODATA_value -9999 
[rows 286 to 307 of 314, columns 245 to 293 of 638]
28.1551957082275 28.1456863267444 28.1304096938853 28.1236565368829 28.1132444682416 28.0964449012612 28.0888618606461 28.0771979592171 28.0578440935848 28.0487430065145 28.0325838807005 28.0058448450068 27.9929313190958 27.9687867403274 27.9290772203014 27.9106413163384 27.8767094387446 27.8202550029481 27.7952540900914 27.7512227924546 27.6773763235447 27.6459953408063 27.5955961552525 27.510211901544 27.4754221904161 27.4256701475668 27.340420821592 27.3068896828032 27.2647504845382 27.1911261300289 27.1631215331624 27.1325281016383 27.0792019839269 27.0597101958115 27.0449500077674 27.0191021067258 27.0113569117847 27.0138478022496 27.0197623657605 27.0243956948339 27.044456289076 27.0827911801628 27.0996829759414 27.1337356913306 27.1977551149284 27.2230563208797 27.2616703203562 27.3337937652893 27.3597938492488
28.1308375475545 28.1163668858566 28.103536768547 28.0985173271187 28.0830178772015 28.0686954018791 28.0631215149629 28.0462268335158 28.0300537165824 28.0235724607353 27.9998511850567 27.9760421461468 27.9657939021525 27.9321780431141 27.8951502318182 27.879666986813 27.8350967313971 27.7814963151371 27.7604425178085 27.7055376138203 27.6345610420983 27.6077917574735 27.5478582174987 27.4649689066638 27.4349228404933 27.3786029469659 27.2959222840655 27.2675373603512 27.2225616140357 27.1519934072568 27.1297169589199 27.0990085885922 27.0484933177331 27.0337736722345 27.0213005332987 26.9976018185932 26.992888805127 26.9982954522237 27.00518043276 27.010446359574 27.0332710418151 27.0717796253004 27.0879086908195 27.1233294883679 27.1876321476135 27.213156708189 27.2504217032796 27.3235474104543 27.3525265807234
28.1094406316899 28.1036733924205 28.0855519111616 28.0765117663687 28.0700934524541 28.050180341431 28.04008735585 28.0327027941463 28.0106941835422 27.9994035744335 27.9851966320804 27.9546553867527 27.9388850302956 27.9157370554706 27.8711453233733 27.8489835320073 27.8167425280917 27.755611330283 27.7265266955579 27.6858457179322 27.6080536641577 27.5719251055821 27.5279035195322 27.4393791556348 27.399019555822 27.3596336678709 27.2728419171557 27.233874327295 27.2056936089716 27.1332550117442 27.1014647024114 27.0852678466914 27.034785825622 27.012278625438 27.0111502180927 26.988515442647 26.9780652405557 26.9914270832948 26.9990630321714 27.0000726143651 27.0285646101287 27.0667379277996 27.0793481764182 27.1194247008628 27.182446148048 27.2046777299214 27.2463767855658 27.318206406052 27.3440626505488
28.0864764258029 28.0765683981264 28.0607792776456 28.0534578831352 28.0422638495368 28.0243539514143 28.0161503389156 28.0030037869865 27.9811602142494 27.9710061487182 27.9521290103943 27.9207717073899 27.90603563699 27.8785016657443 27.8329873270776 27.8123738275686 27.775778796321 27.7148136853329 27.6881547320166 27.6432935100219 27.5681657443234 27.536225542148 27.486767321819 27.4035306302744 27.369456078566 27.322322108122 27.2424843034655 27.211309864812 27.1739541774024 27.1091412831492 27.0851617462787 27.0605630383482 27.0180434199665 27.0030746200639 26.993876251581 26.9781549311567 26.9741705495806 26.9803519881516 26.9931247697419 26.9999786940294 27.0212535380193 27.0620143965481 27.0794467990192 27.1126587368137 27.1755862893317 27.2002773720638 27.237726863242 27.3082136550695 27.3337172063297
28.0646179318687 28.0497514467255 28.0367053949471 28.0312815663819 28.0145696242242 27.9994672937653 27.9932969348979 27.9734122582029 27.9543124174146 27.9463359328782 27.91910751849 27.89056040668 27.8784452325398 27.84120768426 27.7983684602416 27.780960649527 27.7347415406137 27.6767840421506 27.654526229315 27.6011861595676 27.5297263172924 27.5034602786273 27.4467386152028 27.3667915151388 27.3382752929313 27.286230857858 27.2090054382586 27.1826997869001 27.143503641316 27.0811766701653 27.0617162791118 27.0373674165057 26.9966569178365 26.9847835125835 26.9779848874553 26.9638521212003 26.9619607197394 26.9702697863895 26.9837467735128 26.9910678528246 27.0142337476621 27.0551374576302 27.0720326802285 27.1055860233039 27.1684947761618 27.1931235800506 27.2285233370536 27.2996762231219 27.3276674994726
28.0450348051594 28.0382420398982 28.0201270887848 28.0110020473588 28.0025811591895 27.9819142629409 27.9716032573215 27.9604124725986 27.9351685264881 27.9224637424442 27.9046787526418 27.8693802302138 27.851615032638 27.8252114611671 27.7753954486381 27.751130496804 27.7176328045606 27.6533259309109 27.623127820727 27.58396106852 27.5075817093931 27.4728816133657 27.4305407564328 27.3470412707448 27.3100157229149 27.271938121725 27.1924065126976 27.1579977907183 27.1316418844746 27.0683667108372 27.0419115853806 27.0281975733886 26.9875437242272 26.9700688927402 26.9714638533126 26.9579367081115 26.9520796971854 26.9659364930035 26.9797319855205 26.9841223263226 27.0111738451779 27.0515526041865 27.0659920988228 27.1027547287812 27.1641769024722 27.1863051189241 27.2250868263758 27.2945382519006 27.3198166675771
28.0230588234702 28.0125704747771 27.9958632580591 27.9879113157331 27.9753335422036 27.955158005664 27.9459430749938 27.930497592649 27.9048443724914 27.8931149333473 27.8714669092756 27.8355017761733 27.8189286557824 27.7890581840837 27.7396942237632 27.7175682076118 27.680026876351 27.6177625020553 27.5906307923185 27.5470288358214 27.4743286354422 27.4434133440455 27.3968683153265 27.3189332271749 27.2870537898027 27.2436775117421 27.1707972819514 27.1426725257735 27.1095649865841 27.0527533784567 27.0323554150371 27.0122516465042 26.9779084214553 26.966488762128 26.9608987599727 26.9519150063634 26.9505738164101 26.9590649477036 26.9761244325755 26.9845189271511 27.0062650042604 27.0479217560454 27.0654535525868 27.0973633805703 27.1579100734256 27.1815312223346 27.21707977491 27.2843409783954 27.3086161573511
28.0028540590809 27.9860917605158 27.9723919457387 27.9664338407207 27.9469871213379 27.9297160712994 27.9225675166315 27.8993215571765 27.8769216350039 27.8678441324068 27.8369297214463 27.8043871283862 27.7913271461371 27.7516842124037 27.7059586889923 27.6882909724475 27.6413814345315 27.5830432919985 27.5614543995175 27.509459109405 27.4408661038688 27.4164657597652 27.3631824869942 27.2889063026049 27.2632828910453 27.2157209690402 27.1451845126353 27.1214906133389 27.0878716474605 27.0330880247268 27.016146093373 26.9970198693268 26.9639350190834 26.9543749087233 26.9508972887599 26.9424788317204 26.941713076105 26.9524391687394 26.9695257977202 26.9772868385875 27.0011649139689 27.0427052282785 27.0592377596846 27.0913478303879 27.1516134179497 27.1746170559673 27.2080134254091 27.2753937549465 27.3010494546292
27.9837046516036 27.9744254778929 27.9553132628469 27.9457511359227 27.9343913215501 27.9112325950349 27.8998654608627 27.8855613261604 27.856963593182 27.8429470961567 27.8220189479023 27.7831807680208 27.7642697600482 27.7359395106631 27.6842067937046 27.6597658027115 27.6254091979439 27.5618859291698 27.532963215667 27.4941112612865 27.421679026281 27.3898546499579 27.3493574122372 27.2727777409231 27.2400608101971 27.204167170259 27.1325214546062 27.1022944597793 27.0790263788566 27.0242345794308 27.0021038752647 26.9908201262925 26.9579937108331 26.9444867188886 26.9467655509063 26.9385791970115 26.9350190720569 26.9496533316119 26.9664887627831 26.9720097644378 26.9988729039877 27.0396291004526 27.054243498022 27.0888278158395 27.1473474340942 27.168081653961 27.2044557416206 27.2694836439273 27.2922916733602
27.9592831153919 27.947475112535 27.9285182947957 27.9195809221804 27.9051769838445 27.8818338632014 27.8712354396444 27.8536347928424 27.8243610256606 27.8109900136433 27.7875267296325 27.7485913259439 27.7306512391186 27.6999599108825 27.6493220381021 27.6265677381379 27.5895418715191 27.5282317124649 27.5015261919479 27.4599916184023 27.3909485772409 27.3617073434703 27.3190779126297 27.2477140738953 27.2186981375949 27.1801299347525 27.1154037513103 27.0906237008414 27.0621602685772 27.0134861051656 26.9964065338912 26.9801074385211 26.9523893870285 26.9437453716487 26.9405762808034 26.93585713815 26.9363190474851 26.9460096424483 26.9650082586157 26.9742410331794 26.9958661489007 27.0370294439952 27.0541911072405 27.0844295022976 27.1416171856748 27.1637357537167 27.1967953551486 27.2590250584078 27.2814022733208
27.9371908014007 27.9187504409938 27.9027183786369 27.8955746094055 27.8738469109974 27.8534726459883 27.845010750997 27.8193979031445 27.7935717098954 27.7831986267624 27.7506867900567 27.7155801178827 27.7017100474365 27.6616756174004 27.6152483596971 27.5977312850753 27.551645381061 27.4944945617388 27.473647787988 27.4239986636656 27.3588410030452 27.335882108367 27.2872670447128 27.2197909412863 27.1973271297349 27.1552999275091 27.093704643704 27.0742027814603 27.0449819866188 26.9984362288636 26.9849326864365 26.9695834176557 26.9430487782637 26.9360946627831 26.9346407074904 26.9300232880856 26.9302560318698 26.9423569323043 26.9611111632154 26.9691717749775 26.9926923274778 27.0333211215917 27.0488792524314 27.0795056883701 27.1363224877143 27.157586097508 27.1882157879182 27.2502234525489 27.2733116691864
27.916715791221 27.9061925208616 27.8841827154826 27.8731307123148 27.8601986854736 27.8334815104189 27.8203770103652 27.8046507945871 27.7723900165627 27.7566315522866 27.7350437306056 27.6936353356843 27.6735726570058 27.6455637275504 27.5934842726671 27.5692014465266 27.53565237381 27.4737080662654 27.4458049916478 27.4088085028604 27.3400589631489 27.3100080585219 27.2737441977518 27.2044910023074 27.1754920782933 27.1443446116437 27.082590287225 27.057514274518 27.0371676054545 26.9914710822357 26.9738700367626 26.9647440308244 26.9391528983083 26.9294744925459 26.9319661114162 26.9278594943094 26.9261239120332 26.9409255116336 26.9595298121591 26.9660665032248 26.9915753114894 27.0312604085381 27.04529115122 27.0778634564599 27.1328407247809 27.1522188778342 27.1852745796812 27.2446766727209 27.2650051233371
27.891117791277 27.8777223360986 27.8558380233947 27.8456631007541 27.8294835061142 27.8029006625666 27.7908425396109 27.7714430285954 27.7390264047915 27.7241316428292 27.699507166742 27.6584300357044 27.6394921639365 27.6089784950753 27.5581263579202 27.53537953335 27.4997845715554 27.4401197920523 27.4142459783966 27.3752682621715 27.3100218562723 27.2824980700536 27.2443451369592 27.1800807052506 27.1540597455734 27.1212347656972 27.0659674716146 27.0447507042227 27.0216831580203 26.9821632091544 26.9684611415841 26.9562936498664 26.9355824360012 26.9295922193823 26.928653496903 26.9281158745151 26.9300416775346 26.9404227755811 26.9608120066065 26.9705362830459 26.9913372829829 27.0310945815365 27.047602106337 27.0757509377284 27.1288933564608 27.1494234896878 27.1794755093526 27.2358236374298 27.2560586343146
27.867659108078 27.8466518070928 27.8280710839351 27.8200826399731 27.7959859465466 27.7727464874297 27.7631573344529 27.7352148992621 27.7066721014205 27.6951461726859 27.6606837615354 27.6238380838929 27.6095370940829 27.5690541881662 27.5225588945043 27.505499131208 27.4610152999787 27.4057986156602 27.3861917985397 27.3391954353247 27.2775080372686 27.25592698656 27.2126789714206 27.1518302626767 27.1317835206194 27.0968461668184 27.0446269455781 27.0285329443964 27.0058103062517 26.9685734386879 26.9584289802431 26.9481028721941 26.9285748520768 26.9240436866722 26.9259346485851 26.9256016502541 26.9269914587012 26.9403878527177 26.9603399906234 26.9682917445701 26.9912295963612 27.0302955798257 27.0447905503947 27.0732756165605 27.1258188029328 27.1451430049573 27.1729367328176 27.2288792694082 27.2493313167515
27.8458265894801 27.8336105970975 27.8087518840857 27.796436539998 27.7820457979139 27.752093704071 27.7374221921 27.7202609810108 27.6848737330788 27.6675932161064 27.6448172155483 27.6012638696666 27.580424066444 27.5526757844665 27.5003173060741 27.4761119786732 27.4449221840094 27.3851123820575 27.3582838384136 27.3242009982695 27.2589804350733 27.2301490606764 27.1994788239756 27.1367333751496 27.1101064646287 27.0862181717391 27.0339254612626 27.0125310310799 26.9983850832522 26.9624216472018 26.9486230987204 26.9439418273073 26.926057872679 26.9193405967614 26.9244026370071 26.9252256369671 26.9253913887704 26.9404133456518 26.9605873345769 26.9678587127527 26.9916143639091 27.0298397797964 27.043575734053 27.0729717451043 27.1237660029045 27.1418164093016 27.171229854422 27.2248171305355 27.2430685169887
27.8177489225936 27.803173220294 27.7789354042071 27.7676088118541 27.7499279567266 27.7204684024235 27.7070058931505 27.6857899773155 27.6500903728164 27.6337287537851 27.6079534206755 27.5645245964022 27.5448453394185 27.5149334360869 27.4642587381574 27.4418805387595 27.4085797335285 27.3515927368286 27.3270382842215 27.2915117442992 27.230962016036 27.2056802316871 27.1722097218709 27.115039799578 27.0922372941916 27.0652882686657 27.019388613242 27.0018675913501 26.9846238265379 26.9549552819188 26.9446459541842 26.937229224893 26.9248645440313 26.9215135025879 26.9233572553877 26.9280549252976 26.9314799899827 26.9426497604717 26.964551286635 26.9746889077633 26.9942675333172 27.0320741222633 27.047754006051 27.0733826993009 27.1220550989489 27.1409068755668 27.1679588682644 27.218659878965 27.2369905409906
27.7924333249826 27.7684786208124 27.7489155982502 27.7408572369723 27.7133843462748 27.688836800363 27.6790971930603 27.6465967318604 27.6155616378898 27.6034897966041 27.5658445297099 27.5271693787416 27.5129273530121 27.4719771554875 27.4265544330262 27.4109922663951 27.3678468032554 27.316264328604 27.2994697955467 27.2555835924692 27.1992678357302 27.1808830041503 27.1426320025256 27.0888028240964 27.0717718244414 27.0431472544598 26.9998234221495 26.9867890380256 26.9706351306668 26.943191410934 26.9362582976994 26.9310852583645 26.9203174596446 26.9189250299415 26.9232041058407 26.9284918836172 26.9321184960094 26.9456575564183 26.9672063801935 26.9758662423438 26.9972049140315 27.034086671669 27.0474376505815 27.0733726949031 27.1214083684352 27.139056331341 27.1638310554088 27.214140148684 27.2327252238421
27.7678765165292 27.7537058565984 27.7275585077042 27.7147697599461 27.6979317516931 27.6665211432219 27.6514564553269 27.6302333923593 27.5919031331334 27.5736418868369 27.54856193016 27.5027560417291 27.481391715668 27.4543647726168 27.4030858848741 27.379964161673 27.3510959495004 27.2956476280347 27.2715686129431 27.2408242323191 27.1820172311159 27.1565667178257 27.1305400722025 27.075565924906 27.0523208438274 27.0341077848882 26.9907157746796 26.9726936789161 26.9646609632249 26.93836352752 26.9282648415225 26.9280787452539 26.9190592016167 26.9162580814843 26.9226607941396 26.9294800604267 26.9328963179012 26.9466355212236 26.9688272125169 26.9777832336748 26.9985355259461 27.0348097795376 27.0481931613785 27.0739972159834 27.1205900449096 27.1377743945805 27.1631395776372 27.2117166944989 27.2288858698582
27.7330785911801 27.7178475060416 27.691688650119 27.6791652160706 27.6603912164273 27.6282223887849 27.6133377686828 27.5905476689155 27.5514707915001 27.5337059423323 27.5073662426975 27.4619828457432 27.4418478252731 27.4134239148311 27.3640378435982 27.3425317216216 27.3130219929153 27.2611595615691 27.2389318211699 27.2087662174139 27.1562118188549 27.1342420169679 27.1062951964535 27.058143877485 27.0388770371759 27.0172869158517 26.9804616894088 26.9665488883511 26.9544413696201 26.9336713994661 26.9266951908948 26.923537113013 26.9188178046363 26.9180822676261 26.9227267971307 26.9326105871506 26.9377417442748 26.9498841363795 26.9735643451488 26.9842400735023 27.0025480042367 27.0382787511656 27.0529887591058 27.0759056340037 27.1200500263108 27.1371472553575 27.1615844117446 27.2078492833253 27.2247388340969
27.7018000421769 27.6755723177649 27.655211881686 27.6467615618951 27.6160856347327 27.5898061457152 27.579597613891 27.5436509926847 27.5102347662405 27.4979370855727 27.4585957641513 27.4189285391719 27.4054611613382 27.3654634781737 27.3218734714796 27.3081571047839 27.269200746976 27.2230220489595 27.2093598042656 27.1730614954012 27.1258388585707 27.1118541533522 27.080364118137 27.0359613872202 27.0225568782719 26.999658504285 26.9652159958444 26.9552519813175 26.944051098904 26.9249976691588 26.9207212681057 26.9194966289619 26.9157943567215 26.9164330411448 26.9236014745616 26.9337339027826 26.9386885699899 26.9540724475465 26.9775987910548 26.9868103486001 27.0072712531506 27.0421098382226 27.0542793702748 27.0774412962346 27.1204890676532 27.1356246573706 27.1589923114416 27.2050572022353 27.2220981852392
27.6718915290083 27.6574459792416 27.6292154696398 27.6152346351028 27.5970764712554 27.5629302022934 27.5465469550177 27.52382923688 27.4825414612422 27.4630901935428 27.4383740422543 27.39146072933 27.3699728094364 27.3457548043651 27.2965088392738 27.2745317940759 27.2513557354592 27.2018518326851 27.1803479962258 27.1583997493785 27.1101225461171 27.0895051213524 27.0696017903351 27.0252689505493 27.0065902259634 26.9925501521804 26.9584384933876 26.9444521989828 26.9397889859311 26.9216167952529 26.9149702476085 26.9175130303256 26.9150749970116 26.9148225801174 26.9234156075956 26.9348878813032 26.9398518053643 26.9551771717902 26.9797066898757 26.9896555075108 27.0089050929502 27.0434553167503 27.0561867343665 27.0784945296017 27.1201729712224 27.1350042540514 27.1587919653111 27.2036404115516 27.219775345787
27.6304557589572 27.6145812478503 27.585612261139 27.5719185845181 27.5524339253135 27.5172835434455 27.5011548117314 27.4779604755468 27.4367494262625 27.4180827144835 27.3927904089271 27.3477609454174 27.3278869701753 27.3025582127528 27.2570253293225 27.2371677431216 27.2131799486779 27.1696166248855 27.1506380023104 27.1280084646484 27.0871502936191 27.069421454107 27.0482512467376 27.0112921330931 26.9958500759616 26.9794156172892 26.9514557667076 26.9409749835647 26.9329332217279 26.9191863291196 26.9151786614741 26.9151695814672 26.9159671028616 26.9174494172569 26.9244659241934 26.9387110291194 26.9452803630606 26.9587063233095 26.9846452547479 26.9956960355652 27.0131233902518 27.0471037951664 27.060718076299 27.0811193027539 27.1207931081198 27.1361624773792 27.1584484630612 27.2012901193898 27.216971558722
