Spatial_Analysis/Maxent_Inputs/Inputs/Present/SST_present.asc
NCOLS 638 
NROWS 314 
XLLCORNER -102.97071042 
YLLCORNER 3.973116569 
CELLSIZE 0.083 
NODATA_value -9999 
[rows 154 to 175 of 314, columns 294 to 342 of 638]
28.3177580133534 28.3176836576996 28.3172636195497 28.3147361453068 28.3070251518375 28.3031195833836 28.2981920200768 28.2839449677368 28.2775946357816 28.2717221487792 28.2544258031524 28.2478354489814 28.242422813078 28.2265969174103 28.2227368331148 28.2173422039809 28.2048739838562 28.2022946012584 28.1985964578451 28.1882011177821 28.185325970225 28.1823191687478 28.172549794565 28.1692160680477 28.1669466165296 28.1596885463955 28.1581649071368 28.1560864187401 28.1532402570812 28.1522892807804 28.1523453085514 28.1523402474229 28.1521339122133 28.1520704481786 28.1509018321076 28.1499078279108 28.1489637012946 28.1449759894191 28.1438265902903 28.1418747339749 28.1370288168846 28.1350031695042 28.1340801417333 28.1307022687047 28.1299241392203 28.1288953953247 28.1267880024993 28.1263447275452 28.1254639867596
28.3033506471959 28.3042717027112 28.3060398216503 28.2990874787821 28.2959513096912 28.2921332267306 28.281479850798 28.2744242792828 28.2646599746291 28.2545809511232 28.2463036601735 28.234065545736 28.226433209167 28.2190718064103 28.2076392647674 28.2034868825874 28.1988669802146 28.1916540087217 28.1872665019302 28.1836196380428 28.1783659879627 28.1729584231523 28.1688972852665 28.1627954618607 28.1592313651387 28.1559716890136 28.150494677607 28.1497312524792 28.1485457894205 28.1464793751988 28.1464817580382 28.1465839657801 28.1471563065252 28.1455659409112 28.14502651328 28.1449454753682 28.1414196673554 28.139489999096 28.1368007301428 28.1337525284832 28.1316899314385 28.1285227950035 28.1262474719796 28.1244013439304 28.12039820336 28.1208666029509 28.1202185934433 28.1183050097192 28.1169798104417
28.2890473896107 28.2898565040217 28.289688848445 28.2865640876991 28.2807624396591 28.2782800619706 28.2712357030722 28.2587214195197 28.2517579962825 28.2461769161247 28.2319371286352 28.2273289476345 28.218877605098 28.2063643765188 28.1997005265142 28.1967518283415 28.1885991272158 28.1862780045572 28.1814524911371 28.1751340415182 28.1731586120939 28.1683730673905 28.1617707290605 28.15961107302 28.155481645987 28.1494955465446 28.1467983985913 28.1457710505231 28.1424184231536 28.1419818874853 28.1416966640544 28.1402288400257 28.1402484529438 28.1402155808551 28.1381860506374 28.1377606969975 28.1361556136722 28.1324207394004 28.1313237332396 28.1290256415565 28.1243097201365 28.1224128957047 28.121315590184 28.1172581230373 28.1160389996782 28.1156665518225 28.1129756226668 28.1124684198474 28.1116161260066
28.2483631292109 28.2493654710057 28.2491480484278 28.2474355901612 28.2419206624865 28.2398039891367 28.2343898337927 28.2222135785157 28.2170140544904 28.2121969989955 28.1982040789491 28.1946467020864 28.1888783068775 28.1770360868875 28.1732390904258 28.1708659944994 28.1631309513074 28.1616710106821 28.1592837346243 28.1534405567718 28.1518440979383 28.1498529136955 28.1436745364205 28.142300188578 28.1397888680493 28.1339273323252 28.1320663511524 28.1308467091615 28.1271043486619 28.1263850868151 28.1253515729351 28.1234103495052 28.1224393338757 28.1220863118965 28.1198477426898 28.1192180181668 28.1174515627255 28.1137008829812 28.1118930187662 28.1108333442946 28.1060951717114 28.1050747611086 28.1033290702578 28.0990870078771 28.0974081690065 28.096882876135 28.0939287451613 28.0927871539684 28.0923556331534
28.2333952539216 28.2344215834616 28.2343333614237 28.2316210823107 28.2295891293902 28.2263530146086 28.2182707892476 28.2121828820023 28.203394912217 28.1964593051063 28.1897502837479 28.1796964943584 28.1749413301988 28.169394084358 28.1604172010336 28.1591163765014 28.1562737458017 28.151439376506 28.1494872969777 28.1478965696088 28.1461417859217 28.1414437840755 28.1391354951035 28.1369977332962 28.132326307982 28.12982364896 28.1270675919637 28.1241286914686 28.1221731651609 28.1193046743131 28.1186974185703 28.1177162724093 28.1156414073765 28.1148872309142 28.1139302628764 28.1122974088925 28.1096951865903 28.1080119444049 28.1055779293854 28.1027047399676 28.100880837452 28.0986919043559 28.0955919121338 28.0935090639231 28.0896063604492 28.0891609696394 28.0880689384489 28.0857228467632 28.0845437843643
28.2217815530651 28.2225586891453 28.2224139299877 28.2206300823115 28.2163097764569 28.2125699440088 28.2088030366575 28.1996851489613 28.1959632555268 28.188727276683 28.1776159718942 28.1713467263622 28.1680272584701 28.1591496066007 28.1543788981853 28.1525952421651 28.1471809558247 28.1443488420503 28.1431879169847 28.1397235325401 28.1387835216542 28.1356261204548 28.1317740568459 28.1305999244981 28.1273309292558 28.1229197986695 28.1209012099917 28.1195623922539 28.1158842304095 28.1149680695359 28.1141317615251 28.1113534622202 28.1107525335362 28.1100836740311 28.1071487639615 28.105817934737 28.1047760403699 28.1009781453097 28.0990191195257 28.0979226370601 28.0938016382271 28.0928525561849 28.0907199931148 28.0867753116177 28.0856442106185 28.0844305316075 28.0814087371095 28.0803587223935 28.0798241005116
28.1889331431753 28.1893491278126 28.1888842745414 28.1872247471076 28.1832040240541 28.1813065615005 28.1773427326742 28.168311031081 28.164548063139 28.1609454974915 28.150442554516 28.1467311168667 28.1440193558081 28.1357312728214 28.1336200689983 28.1311681645248 28.1258899759423 28.1246082107296 28.1229245403834 28.119369792908 28.1184654109536 28.1168534968729 28.1131989353943 28.1119192370434 28.1107721969747 28.106625144131 28.1052090302297 28.1041801508668 28.1004630671757 28.0990996221707 28.0984366828454 28.0954954508377 28.0948853117561 28.0934094327757 28.0901138651352 28.08916958822 28.0871620371046 28.0831245834481 28.0819911169246 28.0801217795854 28.0759146522187 28.0750149359892 28.073324793326 28.0694934825813 28.0679441262898 28.0671486267019 28.0638720805485 28.0631867751625 28.0620493374976
28.1771857927093 28.176908726262 28.1744273213421 28.1742237803984 28.1721235512058 28.1678069304782 28.1637955541283 28.15900201467 28.1511624920902 28.1479410082142 28.1429585678919 28.134709865835 28.1326787255786 28.1286902572099 28.121765440707 28.1213534407256 28.1188797117566 28.1139994547625 28.1140748309694 28.1124807946326 28.1090555022813 28.1084602688604 28.107006794238 28.1042111695196 28.1028581790537 28.1012995593541 28.0987781456092 28.0970210839916 28.095331240488 28.092394346609 28.0914930962862 28.090369901371 28.0886646406526 28.0863390827592 28.0846469899911 28.0819463177852 28.079571207934 28.0775082780698 28.0737671842502 28.0721789374471 28.070511060369 28.0675839825358 28.0655622573539 28.0640978254856 28.0622561818681 28.0597280023425 28.0582600630252 28.0563439224214 28.0546970904984
28.1702179245042 28.1688243125855 28.1681290300338 28.1670701276606 28.1630801332408 28.1611629281465 28.1570924499441 28.1503197410682 28.1473357891461 28.1422560221747 28.1346215377757 28.1298678844355 28.1277549362695 28.1214724080561 28.1180035911574 28.1167029899905 28.1122604391743 28.1108171084793 28.109271734601 28.1060679472261 28.1049950469252 28.1035164504569 28.1007650486975 28.0988806130991 28.0980895072869 28.095348615355 28.093500872649 28.0925763832885 28.0897525572884 28.0887985070451 28.0874493959488 28.084429474702 28.0836985200888 28.0822854328896 28.0783186521909 28.0766324347315 28.0754116231828 28.0708410593549 28.0695278741878 28.0677653014318 28.0636950728537 28.0626944070846 28.0608658979768 28.0572918262124 28.0564975063109 28.0547806352388 28.0516082645752 28.0508319518929 28.0497000865102
28.1483882241731 28.1463990845844 28.1454432798133 28.1431165654477 28.1387514325392 28.1371037474795 28.133804792719 28.1272836123974 28.1253164124298 28.1219633372481 28.1148254334394 28.1123420760583 28.1104354501351 28.1043907963878 28.102147402187 28.1007406906131 28.0961511580025 28.0949855999331 28.0928274106012 28.089310312022 28.0883566657606 28.0868971869191 28.0842124498115 28.0834947888666 28.0825975226616 28.0800240359374 28.0793124912318 28.0781966214557 28.0753912299051 28.0746420061805 28.0731870850023 28.0699253144622 28.0691598026511 28.0670446144993 28.0627397506875 28.0605640321882 28.0593241402895 28.05440338582 28.0524892353745 28.051500360029 28.0471536926829 28.0462135787534 28.0448016533212 28.0410011842602 28.0401096283172 28.0386431940909 28.035275009337 28.0343737085304 28.0331821386597
28.1404689615977 28.1388071994285 28.1358398273259 28.134026868082 28.13119392453 28.1263441357973 28.1241064064799 28.1207144340111 28.1152549466857 28.1127858233103 28.1094805850738 28.1043059510821 28.1024376283276 28.0996487663836 28.0950837716809 28.0935241655118 28.0912736762351 28.0876201706473 28.0859443628988 28.0838765925787 28.0802367167643 28.0800334634016 28.0788190160184 28.0763807700321 28.0759421935342 28.0749789053732 28.0732691659826 28.0718370613645 28.0705243812828 28.0684004585246 28.0666887695042 28.0653159958203 28.0635154369873 28.0601550127475 28.0580647274194 28.0554275198751 28.0519518294094 28.0494755337 28.0455513883474 28.0439388716273 28.0420213721324 28.0383854996335 28.0372772442768 28.0356342160678 28.0321659352868 28.0311907543474 28.0295760861104 28.0256906008139 28.025706516992
28.1362328646106 28.1326674664989 28.1314336291162 28.1295140279872 28.1246830331807 28.1227558485142 28.1196809247494 28.1141092405975 28.1105950095852 28.108749040109 28.1038384046969 28.1019482616217 28.0988830556048 28.0942456547736 28.0917005170489 28.0902967678635 28.0858482371241 28.0838584331288 28.0825366083205 28.0786692082818 28.077436370796 28.076244805678 28.0736795045112 28.0729396244579 28.0719321002013 28.0699805129872 28.0693353119247 28.0679496073831 28.06535916268 28.0639884860951 28.063072334214 28.0594562706479 28.0585188597098 28.0565252453264 28.0518309139489 28.0505586022435 28.0481863256034 28.0433033998748 28.0419199039498 28.040101230254 28.0360342488469 28.0342275909516 28.033489061447 28.0298350560988 28.028707231397 28.027322862524 28.0238882132436 28.0226944855857 28.0216767646432
28.1213301522087 28.1171013999553 28.1148810814765 28.1129722432094 28.1076637253986 28.1051788822319 28.1031419073066 28.0977728580687 28.0961826845823 28.0937178646098 28.0888936093476 28.0874519731791 28.0859186257943 28.0815114305133 28.080397409351 28.0783571403246 28.0735449988435 28.0713472326496 28.0699267232887 28.0657305319008 28.0646001906747 28.0628416969989 28.060126115939 28.0595818024022 28.0586469145352 28.0566576015165 28.0562147431546 28.0552497434965 28.0525836206648 28.0517889764932 28.0500792387468 28.0460300704402 28.0449573021385 28.042389245083 28.0372334758837 28.0358721980894 28.0336624796062 28.028684097258 28.0275894759405 28.0261483132898 28.0220185154057 28.0211203963448 28.0198532198012 28.0160339575733 28.0151773309041 28.0135964507959 28.0099589989468 28.0090589560494 28.0074340471342
28.1149980050411 28.112477925732 28.1088805649078 28.1058893636423 28.1028612265275 28.0984841533239 28.0958756892521 28.0930394223867 28.089022370238 28.0868972748187 28.084775857294 28.081917417113 28.0797166823642 28.0779724877247 28.0759258027234 28.0725587418842 28.0700388892251 28.0665608775052 28.0641236719839 28.0615852389608 28.0574841580109 28.0569334475686 28.0556892677058 28.0535959780995 28.0529069273611 28.0521672409891 28.0511602512933 28.0494746283453 28.0482164058168 28.0464944850228 28.0437462370996 28.0417380870403 28.0390445694257 28.0355156456183 28.0327441338225 28.0281868119449 28.0264741747399 28.0243160126834 28.0204402805473 28.0193028257868 28.0177379590225 28.0150134979325 28.0134131598545 28.0118300388918 28.0092216343463 28.0072839526647 28.0055660244147 28.0026053149008 28.0009524941892
28.111782318706 28.1070945850385 28.1054439685972 28.1025258399036 28.097030261412 28.0943374150466 28.0923420398576 28.0873338297237 28.0847707601927 28.0832989337403 28.0795764762962 28.0775687926847 28.0763654553501 28.0731469075326 28.0721260464009 28.0696269305253 28.065359370866 28.0638374865533 28.0613903561178 28.0567933120905 28.0547725436179 28.0538834714431 28.0509426001395 28.0499064263947 28.0494181670902 28.0475675732545 28.0467378010505 28.0459979192839 28.0433169804741 28.041974458872 28.0406965323128 28.0361773707537 28.0341573262213 28.032469490684 28.027110339251 28.0244260538944 28.0232710886859 28.0189829284479 28.0177234241554 28.016009231946 28.0127851186708 28.0118436578778 28.0102965423476 28.006951870101 28.0059369245946 28.0042898796065 28.0004438325967 27.9992844664106 27.9978228449947
28.0994763822137 28.0944244641249 28.0928971632108 28.089766623168 28.0841178032084 28.0823862173803 28.0793443853459 28.0741944211761 28.0726862357841 28.070461612017 28.0668007483207 28.0658941174707 28.0645700210232 28.0614184581334 28.060714656639 28.0587060411453 28.0542147695494 28.0521637965038 28.0503873351264 28.0454373845426 28.043285713256 28.042161049786 28.0388609845814 28.0381477469306 28.0370998342076 28.0351688880539 28.0344135049936 28.0337672176583 28.0310095380273 28.0302737816772 28.0282561718097 28.0232626245826 28.0209703389388 28.0194290361096 28.0137470937965 28.0114727183475 28.0104266530585 28.0060141185896 28.0051945950149 28.0037515192952 28.0004270845488 27.9991155688624 27.998250772313 27.9946882156067 27.9939386389299 27.9923260709769 27.9882046122575 27.9872990961782 27.9855849246887
28.093533053358 28.0906288894056 28.0869445370422 28.0834230612481 28.0802148178059 28.0759200601064 28.0729565484628 28.0698707185527 28.0655239996733 28.064321554994 28.0624943011758 28.0597504039348 28.0587738817459 28.057846245846 28.0569453171747 28.0531823598594 28.0510454043859 28.0487497302546 28.0447879901397 28.0420540520507 28.0386000528147 28.0366224743954 28.0347646493748 28.0320061909018 28.0315781533599 28.030994290183 28.030449246017 28.0280343011044 28.0269695911867 28.0266756562774 28.0220407151922 28.0194906634063 28.0166236158367 28.0128746563393 28.0099498659585 28.0054728984997 28.0039860154942 28.0021829412703 27.9994405462621 27.9977903726374 27.9965662217575 27.9954531112034 27.9924561005204 27.990849383306 27.989558329973 27.9863133758264 27.9844283634338 27.9825773228601 27.9793920353716
28.0903750797636 28.0856065890187 28.0838238210591 28.0805687764054 28.0749207054854 28.0721771713516 28.0700300742597 28.0648558270793 28.0624124024459 28.0611283235772 28.0576889136913 28.0561592576754 28.0553946540936 28.0529775686407 28.052325713906 28.0499569883236 28.0461829246917 28.0448626459249 28.0418794983365 28.0370844283266 28.0355687922826 28.0334958222476 28.0298388839989 28.0285742627616 28.0280242693379 28.0259078918774 28.0252415594483 28.0243379528598 28.0215953321506 28.0203670153141 28.018624268282 28.013969956359 28.0125222158401 28.0097022370548 28.0045421750194 28.0018911962572 28.0008334535278 27.9969845379458 27.9952848678838 27.9944893471354 27.9914428622437 27.9908096611201 27.9890804381449 27.9857649225846 27.9849818708432 27.9831214148921 27.979234208478 27.9775682147138 27.9762900922956
28.0785255134313 28.0735017216181 28.0716924604031 28.0694669088373 28.0636137150865 28.0612809985163 28.0591618077173 28.0537504051666 28.052181034792 28.050085478766 28.0464724090868 28.0455909066253 28.0443344061766 28.0416724290614 28.040982871281 28.0389863057743 28.0350237705457 28.0337852303461 28.0310005066108 28.0259126526907 28.0245408222941 28.0221198772392 28.0180777786604 28.0163511315137 28.0156840563603 28.0132209325342 28.0127013936066 28.0112757044303 28.008237272927 28.0068116867526 28.0055609553293 28.0007136509135 27.999487764221 27.9971917627329 27.9919146196258 27.9906178339945 27.9888894062347 27.984771443704 27.9831581781583 27.9823967919767 27.9789637905995 27.9782567383269 27.9764434282539 27.9728368811861 27.9714709829543 27.9706551713972 27.9666676346855 27.9652610000282 27.9642655623218
28.0724795962369 28.0699263451725 28.0669348704726 28.0634896882807 28.0606159058363 28.0571186261548 28.0534340587588 28.0500345984838 28.0454860592192 28.0444880472847 28.0424383243645 28.0391669682773 28.0388142528504 28.0377271648674 28.0360229716009 28.0333052353034 28.0312678043455 28.0286994966059 28.0250215534969 28.0221924301422 28.0184579629696 28.0161347290695 28.0139409051937 28.0106774051178 28.0096394085488 28.0085198795681 28.0071670048209 28.0049043561027 28.003560859398 28.0023028422065 27.9987737091665 27.9964467275512 27.9937795229951 27.9904376104195 27.9879248411432 27.98461610879 27.9824902236466 27.9807372163856 27.9785314629789 27.9761974186123 27.9745835918303 27.9728595475936 27.970091922781 27.9683074424148 27.9659607921376 27.964053108274 27.9625751097407 27.9612530232687 27.9578510744041
28.0689222652419 28.064908745438 28.0625978552757 28.0605352362858 28.055937283296 28.054195755271 28.0508753261559 28.0458586449203 28.0433085993327 28.04201898267 28.038345784543 28.0368667057157 28.0361274251187 28.0333558237904 28.032499959831 28.0305292969989 28.0264622608386 28.0242228845375 28.0222516011008 28.0173083253797 28.0156089396148 28.0131622376965 28.0087876605805 28.0071440666057 28.0061991256809 28.0030444070091 28.0021168474743 28.0010706072982 27.9978829240198 27.9964017424851 27.9949035246989 27.9908742416276 27.9895682506504 27.9868541026321 27.9825827258429 27.9812160629328 27.9791539718069 27.9753186187972 27.9738451863796 27.9727542708619 27.9690343130686 27.9681072217408 27.9663815679868 27.9628724581318 27.9611747081841 27.9603456745369 27.957139544528 27.9555446911952 27.954275774107
28.0574721130958 28.0536908474667 28.052489900337 28.0502042915249 28.0453461870547 28.0432775758007 28.0411415602708 28.0361401995951 28.0346740672769 28.0324597945618 28.0286208762693 28.0277504762125 28.0259458608196 28.022600249853 28.0209636059575 28.0194824164637 28.0151309457082 28.0137889285224 28.0111545939528 28.0058006989144 28.0038151460427 28.0022193108994 27.9974700644479 27.9962907739599 27.994170055325 27.9903022034733 27.9881445549066 27.987226653875 27.983618758607 27.9816645155199 27.9805628341199 27.9764093327763 27.9754675235223 27.9732949173712 27.9688853959107 27.9679919066211 27.9663510662705 27.9622048131196 27.9613885168489 27.9595268598777 27.9552873362665 27.953327719904 27.9522380098362 27.9484184285732 27.9472442187522 27.9467082911114 27.9433900966556 27.9427641162773 27.9417368415983
