Spatial_Analysis/Maxent_Inputs/Inputs/Present/SST_present.asc
NCOLS 638 
NROWS 314 
XLLCORNER -102.97071042 
YLLCORNER 3.973116569 
CELLSIZE 0.083 
NODATA_value -9999 
[rows 198 to 219 of 314, columns 539 to 587 of 638]
27.9371647569632 27.9333153030256 27.9301001030948 27.9240851767532 27.9206905676668 27.9146025221391 27.9084624765441 27.905700112789 27.9013858013578 27.8944044814198 27.8911852251043 27.8868043741346 27.8787941704906 27.8736626218862 27.8710554070764 27.8629361622942 27.852841279317 27.8482799711484 27.8383181631632 27.8342455034974 27.8275632808556 27.8176385872248 27.8134642395653 27.80760227826 27.7980113005982 27.7930162618487 27.7895735100702 27.7804270049019 27.7762255184449 27.7716931278315 27.7611910327505 27.7557690507671 27.7505732003812 27.7384066539914 27.7341533397281 27.7260460628842 27.7121193076364 27.704435058834 27.698578551012 27.6838431754275 27.6755974950088 27.6702749901467 27.6561625871113 27.6510503013395 27.6440203344032 27.6312236826698 27.6242613231601 27.6206015098777 27.6093983239467
27.9530112439299 27.9500739193223 27.943387289211 27.9387355757835 27.9364257990407 27.9315247193983 27.9261426437052 27.9239555492238 27.9193825564539 27.910914781107 27.9071948436672 27.9040456311099 27.8956046138099 27.8892385647596 27.8831342129802 27.8753046581203 27.8701321373505 27.8664552240943 27.8552147978379 27.8511436134254 27.8469212194547 27.8357214482415 27.8313288889551 27.8272779395628 27.8161865214395 27.811208889106 27.8079277963704 27.7969714014427 27.7939807136473 27.7881931700789 27.7758767608903 27.7704354661878 27.766667582422 27.7525783460564 27.747343284386 27.7426508291132 27.7269775794725 27.7226193729123 27.7163504887234 27.6996981535963 27.693012066759 27.6892095987803 27.6731496795294 27.6696727409952 27.6633270799204 27.6487176245368 27.6449903243928 27.6399922122554 27.6270847615996
27.963296444267 27.9599881069991 27.953884950807 27.9485413141001 27.9472305963355 27.9417360026646 27.9360306026391 27.9330243312135 27.9275034721195 27.9221669790309 27.9159786341041 27.9115046179908 27.9054215692116 27.8990797205593 27.8932546093681 27.887306814228 27.8791424996789 27.8737484522864 27.8678065234307 27.8614318732934 27.8549231955382 27.8488145124806 27.8424153671022 27.8353733430237 27.8291240752397 27.8224984800054 27.8152666511228 27.8089655044219 27.8028220989041 27.794349183843 27.7873565641481 27.7797331611458 27.7718851617178 27.7643187190011 27.7561436547858 27.7476378835151 27.7393466804867 27.7308484162758 27.7216602399735 27.7128638870576 27.7025901487168 27.6951160500173 27.6867594673247 27.6772821438995 27.669869838001 27.6622833986073 27.6534783958925 27.6469930612479 27.6403902850585
27.9682203035379 27.965698758021 27.9647180071118 27.9591087976847 27.9537906368606 27.9485629685697 27.9426389056209 27.940231574291 27.9352811648096 27.9274978631156 27.9235606437126 27.9196999849948 27.9132367233671 27.9082469305039 27.9034839389114 27.8917759929849 27.8857792419841 27.8818339116797 27.8730256706194 27.8694154052955 27.8632415851101 27.8540068748367 27.8503104676206 27.8438603303698 27.8336452857738 27.8298404072209 27.8235719326149 27.8126421200209 27.8087377448616 27.8022068117968 27.7907170905279 27.7864424732211 27.7795228103648 27.767542961499 27.7607780356755 27.7556347038724 27.7429915618497 27.735470457653 27.730300252926 27.7170862531111 27.709078916156 27.7044038205956 27.6914005485963 27.6837143765501 27.6794951636752 27.6672681906479 27.6624900635747 27.6566018793136 27.6451697953609
27.9825494812392 27.9790609382837 27.9767889031064 27.9725794422883 27.9710331984599 27.9664124663287 27.9598622837281 27.9579691542125 27.9534519408855 27.9447036676665 27.941234446922 27.9353906019704 27.9279232049276 27.9216258235987 27.9170083726651 27.9079984364119 27.9032657649187 27.8998250439807 27.8897616103059 27.8872394884572 27.8814008219425 27.8705972156327 27.8662511147918 27.8619027698779 27.8499788141809 27.8470192831388 27.840544838812 27.8275117362134 27.8242794259718 27.8179250461338 27.8045981757077 27.8014337409012 27.7952430536059 27.781670060084 27.7778629032213 27.7724797965756 27.7582371992767 27.7525538643319 27.748991322044 27.7342780644694 27.7302012183888 27.7246733960691 27.7098017580364 27.7036033843705 27.7003601058269 27.6862112049001 27.683208845486 27.6773814536966 27.6638831486395
27.9920804995559 27.9892847881058 27.9850496969376 27.9821530644799 27.979765187554 27.9750239067254 27.9715423809035 27.9685825125708 27.9619325675824 27.9568652475527 27.9521032685113 27.9457675871693 27.9400445449888 27.9322644766857 27.9258028711278 27.9202960598759 27.9136069703104 27.9076409629513 27.9020659514152 27.8968927718031 27.8891471838734 27.8831464920245 27.8774514399172 27.8690874127473 27.8622908182462 27.856326491532 27.8469576925052 27.839119680121 27.8309771536663 27.8234964871511 27.8159735971515 27.8078289815388 27.8006459804672 27.7933572655774 27.7856773759701 27.7783712611257 27.7709022701916 27.7624865308527 27.7556509925508 27.7481190616346 27.7404978924848 27.732194471959 27.7243588288687 27.7156360341221 27.7083556975622 27.700861310902 27.6931089703993 27.6853232061833 27.6782080193306
27.9972849014797 27.9963497577145 27.9928876038429 27.9890694736341 27.9850944313757 27.9816419201529 27.976581257282 27.9744393747951 27.9691087346145 27.9620917605088 27.9576869873131 27.9547396025332 27.9481497456304 27.943128724718 27.9343761717994 27.9249229616314 27.9197184271829 27.9154075336148 27.9064089535183 27.9030260240115 27.8967196298786 27.8870116462253 27.8820138179017 27.8766861082957 27.8659424125743 27.8619674852526 27.854564532514 27.8427911181925 27.8379117012587 27.8312146387374 27.8195449616943 27.8128735912703 27.8084627161183 27.7974395791855 27.7908406237736 27.7865269037303 27.7758024328217 27.7712731272334 27.764504837835 27.753402712162 27.7489282512936 27.7417486120377 27.7298785950092 27.7251634167456 27.7183328209825 27.7062798033748 27.7017533855174 27.6953978937445 27.6831599642078
28.0079659682477 28.0072451582203 28.0054510941636 28.0019685355488 27.9998541926045 27.9967562913388 27.9909006604381 27.9888281188835 27.9857150007634 27.978636308434 27.9736743072012 27.9672805985509 27.9601418507247 27.9570037539985 27.9518008135537 27.9410453464951 27.9377629655313 27.9323168877319 27.9216276244366 27.9189021301085 27.9129327374724 27.901427035109 27.8964153459875 27.892552666943 27.8798487716433 27.8749437936543 27.8702848845472 27.8567160430342 27.8516993138754 27.8472408777038 27.8339363977849 27.8302639965825 27.8250842684078 27.8125502897431 27.8090425244923 27.8044411729446 27.7923389241336 27.7896632119191 27.7843826294574 27.7716942747673 27.7688769231042 27.762982830325 27.7492552612107 27.7461727613239 27.7399812840777 27.7257827235382 27.7204494939951 27.716749135242 27.7021743399872
28.0189215783553 28.0164989768596 28.0119377170437 28.009469784528 28.0076072453348 28.0041605030597 28.0012125306778 27.9986042851591 27.9934957814176 27.9888486848328 27.9852467071423 27.9775490166053 27.9720939197957 27.9665660385616 27.9594535643362 27.9529120261099 27.9465085811394 27.9394754381373 27.9331024055044 27.9268265161075 27.9195371578145 27.9127817167876 27.9054447137444 27.8985914883514 27.8913848093771 27.8836517802891 27.8761016024519 27.8684511118649 27.8604115124432 27.8532395293757 27.8458585132357 27.8385574300456 27.8316761869555 27.8248404496866 27.8179097440059 27.8117498360991 27.8054734228451 27.7994811986731 27.79254151721 27.785936405585 27.7798752035203 27.7716524566968 27.7642170264859 27.7570543083574 27.7486669128446 27.7409638201257 27.7325508066054 27.7250112171409 27.7172961209353
28.0247743085988 28.0227789425854 28.0183190702113 28.0144291845871 28.0122133442233 28.0098548937323 28.0055241190006 28.0033354733078 27.9998279249674 27.9954582550131 27.9912238285191 27.9876122388688 27.9812922848842 27.9717860497707 27.9667564062567 27.9569936002988 27.951620651672 27.94687419096 27.9368798058378 27.9315714970841 27.9267870710721 27.9164401559838 27.9106333535249 27.9057952049469 27.895149810427 27.8906384374593 27.8834299165286 27.8724051588592 27.8677687812347 27.8607754111414 27.8500972667626 27.8456811861219 27.8394324578186 27.8295845098405 27.8236100599915 27.8199184096368 27.8108152952964 27.8052707728231 27.8013197272119 27.7917052992817 27.7879112226407 27.7811584462015 27.7699261223356 27.7633283149716 27.758625435597 27.7464937855491 27.7397363812998 27.7351719150382 27.7225344029991
28.0356218601418 28.0340542335873 28.0307857456421 28.0275140791877 28.0258953292078 28.0234081410817 28.0183022335444 28.0163480004111 28.0141495932265 28.0087475565593 28.0052207310869 28.0015375802567 27.9950396998308 27.987151268281 27.983221822585 27.9721641525413 27.9687537987917 27.9632013323773 27.9513826808678 27.9465207722804 27.9427398605892 27.930634058389 27.9254203329666 27.9215723329519 27.9088988067574 27.9038705454203 27.8992956823449 27.8865379521138 27.8833855607053 27.8773187316855 27.8650335093695 27.8621900840092 27.8568711235137 27.8456694018342 27.8424870771917 27.8385114012292 27.8281628794759 27.82528186895 27.8211121139252 27.8099241377255 27.8056887897345 27.8018105029435 27.7887417223338 27.7850842850304 27.7799140267126 27.7656154182572 27.7618440092278 27.7566721603343 27.7415484145381
28.0429448739083 28.0421618744128 28.0388254047085 28.0349659198312 28.0327414993656 28.0302682321073 28.0273441978869 28.0242302342936 28.021277252559 28.01809798373 28.0142524173614 28.0084315924004 28.0033803806716 27.9970800515601 27.9904167047988 27.9837677220293 27.977234470431 27.9701899438521 27.9631093306076 27.9554227305186 27.9494352884456 27.9424035477107 27.9346160312628 27.9280111267608 27.9205726916701 27.9123245164535 27.9056660405775 27.8982213853167 27.8905116654455 27.8840148092824 27.8771500309405 27.8701991168608 27.8643823797134 27.8581507100719 27.8515628446568 27.8467718986817 27.8414452010124 27.8364862840822 27.8299072979006 27.8240411615234 27.8187752539661 27.8106892994507 27.8035196835464 27.797511034015 27.7887068175204 27.7809029102077 27.7737570595489 27.7652988633257 27.7571556200225
28.0509748993347 28.0476765503677 28.0439150125404 28.0400001539427 28.0380349326672 28.035792165721 28.0318698072843 28.0296652238997 28.0272424766851 28.0239058927336 28.0214514638499 28.0177161095439 28.0071381465365 28.0022624317537 27.9975016431047 27.9883969598123 27.9841403784756 27.9776757936027 27.9676427542504 27.9616634585388 27.9571323934778 27.946762464221 27.9406252493431 27.9357816713264 27.9250384823294 27.92020656428 27.9134644089075 27.9025543052575 27.895998477495 27.891797685379 27.8820612083689 27.877834507918 27.8722502795618 27.8636192678144 27.8597151172249 27.854969779926 27.8469369325852 27.8422111075286 27.8384383587983 27.829585459452 27.8263679320715 27.8196016710567 27.8090418552248 27.8029743356978 27.7980744288308 27.7864818940745 27.7798533028815 27.7751151604184 27.7628030775184
28.0611869861252 28.0598835807624 28.0565122774748 28.052193004104 28.0505992248882 28.0484091314796 28.0440396841324 28.0425542316875 28.0388093583463 28.034914530668 28.0330466018408 28.0302788608022 28.0208022306287 28.0170288211397 28.0133038808942 28.0026723717676 27.998617645435 27.9941115753881 27.9827453960145 27.9793168895306 27.9739822598361 27.9620665023401 27.9585285832475 27.95273167456 27.9400520108655 27.9367827852847 27.9303091027777 27.9176891722083 27.9140133051499 27.9091627325743 27.8978651433604 27.8953181760303 27.8905799683915 27.8806429098159 27.8783762466585 27.8739695552669 27.8644319424817 27.8617513461816 27.8575206013816 27.8467975052326 27.8427409958447 27.8390756552791 27.8267011892896 27.8231267800616 27.8184850784858 27.8050037705437 27.8013975708237 27.796307239816 27.7817085352088
28.0684981821039 28.0669969997739 28.0633858827044 28.0606629239055 28.0582941343352 28.055242785816 28.0529548605806 28.0512641911243 28.0469420448743 28.0443527387562 28.0419879311479 28.0364794318389 28.0317502688232 28.0274441385383 28.0207178578648 28.0144443271881 28.0084265657841 28.0016717286768 27.9950027355808 27.9888769475229 27.9815569427926 27.9748103595466 27.9688986323562 27.9602847142371 27.9525720219175 27.9452032564481 27.9377226862481 27.9302526479725 27.9227739162314 27.9169779118103 27.9106442584664 27.9044129335177 27.8992384450139 27.8936917670367 27.8882012140674 27.8829898093017 27.8777676921707 27.8731062710392 27.8663696580748 27.8602975601116 27.8542460412829 27.8477038034541 27.8407733593469 27.8338589384039 27.8271208730972 27.8200787093225 27.8139588543795 27.8052281029552 27.7973221929573
28.0736035590817 28.0707853267153 28.0680594181502 28.0644100495813 28.0625200436044 28.0600583730575 28.0565184550685 28.0542126142109 28.0529224991416 28.0498989983698 28.047731588551 28.0421679494227 28.0361787648377 28.0332996434299 28.0271743734724 28.0190909502719 28.0152779551016 28.0087497580984 27.9994843551686 27.9939223715449 27.989096636879 27.9792059576045 27.973584136578 27.9680625243734 27.9573240185182 27.9524820210813 27.9456678617079 27.9351233874592 27.9287943506291 27.9249683065094 27.9162047245946 27.9123546740275 27.9073591432594 27.8994278927406 27.894637212255 27.8913805931996 27.8833175260077 27.8788675021903 27.8748925742989 27.8658561572914 27.8622215956864 27.8562788508294 27.8464429579274 27.8421488612254 27.8361051895541 27.8257469157155 27.8195571472615 27.8146897184416 27.8029533001955
28.0829324543394 28.080943383258 28.0785880922536 28.0743082100495 28.0727406916267 28.0707657622059 28.0669807250639 28.0640239730241 28.0608750991247 28.0578334735686 28.0583408205805 28.0547466503886 28.0478614497615 28.0452131596061 28.0413029480563 28.0319048670973 28.0284195455339 28.0241175046194 28.01341019268 28.009154904728 28.0055124109083 27.9940054025841 27.9905753353865 27.9850667887073 27.9723422151788 27.9675103452251 27.9629775045653 27.9507932175644 27.9473042246571 27.9427714157544 27.9324454049766 27.9290963186627 27.9259373781619 27.9166175368486 27.912800195543 27.9102360128945 27.9003512805415 27.8963253091148 27.8936321376181 27.8827384670186 27.8789897389849 27.8756491142241 27.8641424310789 27.8615918600391 27.8565385179486 27.8440595798597 27.8386516714532 27.835706675586 27.821584058106
28.0890468033936 28.0877609543029 28.0842716330089 28.0814425509586 28.0788876292203 28.0763007792912 28.0737969280622 28.0716745059187 28.0676584956739 28.0656036814715 28.0658943178486 28.0610985787 28.0573894591484 28.0544159505072 28.0480743672838 28.0426026988997 28.0378398327971 28.0312806171503 28.0250608792154 28.0194016508952 28.0129813837952 28.0064603800599 28.0008839755423 27.9928043321429 27.9851482344053 27.977407933563 27.9709135686759 27.9637084230215 27.9568240082793 27.9513340600483 27.9456107456562 27.9401178357949 27.9351642513167 27.9301047559188 27.9257713403581 27.9195577729891 27.9137999797159 27.9084530748053 27.9026848525859 27.8964202166516 27.8897990325261 27.8847324084709 27.87846218958 27.8725242023736 27.8658745854788 27.8590530224058 27.8521660750375 27.8449679945853 27.8371011094655
28.0923771125035 28.0909467567594 28.0881307137822 28.0843593773018 28.0826315924233 28.0803207161954 28.0778750535056 28.0758910345974 28.0738103732312 28.0715459450868 28.0694031419408 28.0655294962373 28.0607910726994 28.0575727528698 28.0533230381609 28.0463685155776 28.0418763797371 28.0373169381455 28.029239217339 28.024258755741 28.0197227348512 28.0110285112057 28.0071534605407 28.0001086730866 27.9900723864926 27.9853121641397 27.9785829150489 27.9687081062708 27.9627158574742 27.9590861517736 27.9510997077283 27.9478228328437 27.9429722325018 27.9355817922035 27.931611919262 27.9275641390652 27.9195476477321 27.9162322163039 27.9109532755822 27.9023881571695 27.8968349924702 27.8933974068639 27.8846304239654 27.8790340768302 27.8751087458804 27.8652695539981 27.85927242063 27.8546804834347 27.8431630390146
28.1005956471593 28.0990928413633 28.0967770226318 28.0923833403499 28.0911637589448 28.0890888272822 28.0857088937267 28.0834537464695 28.082149565437 28.0798956303064 28.0784580578326 28.0759653223143 28.0705964009867 28.0679827087234 28.0652384717836 28.0574669499343 28.0547423672466 28.0507549469844 28.0416865417188 28.0388598934063 28.034779605875 28.0245107116137 28.0209902388104 28.0165653996331 28.0047535604834 28.0004463408571 27.9960104794196 27.9843220371822 27.9795975209846 27.9768511974481 27.9672733071212 27.9651879584865 27.9608164313715 27.9517896585913 27.9479369936231 27.9453592589229 27.9358129489776 27.9335751211923 27.9293443401444 27.9194116812304 27.9155556368014 27.913162032301 27.9027220651432 27.8983980956517 27.8957651278828 27.8838244285444 27.8787088213766 27.8757984566714 27.8618789541614
28.106038439711 28.1045130375054 28.1013553322144 28.0983793374725 28.0957296723484 28.0938270407638 28.0913547528927 28.0881828430947 28.0868479300969 28.0859950214142 28.0843301167387 28.0813979592133 28.0785197452459 28.0758531713823 28.0711086004402 28.0664689137894 28.0623333744218 28.0571804364314 28.0520175078679 28.0475549015082 28.0419165332018 28.0362398845285 28.0312669783571 28.0243819289446 28.0173477195151 28.0106236892443 28.0043986431625 27.9972293077906 27.9895291445401 27.9856509104398 27.9801784143021 27.9749450818561 27.9698585582049 27.9647175733052 27.95974973257 27.9544164869409 27.9488029583761 27.9436041071587 27.9385755656681 27.9332922129229 27.9287105641438 27.9230947454391 27.9174296057838 27.9127208971344 27.9059557504766 27.8992335302694 27.8931434056548 27.8857281225011 27.8779903437219
28.1088013365153 28.1070155073852 28.1047079039875 28.1010444778399 28.0987703343296 28.0974201917366 28.0952631161002 28.0933502496369 28.0912659499118 28.0891600920509 28.0874861518565 28.0855301925307 28.0818220834027 28.0790862727646 28.0757706934892 28.0700879231905 28.065994209659 28.0625370438549 28.0562864572151 28.0532146724818 28.0480231949168 28.0408176173752 28.0360804634827 28.0313167883995 28.0224285634085 28.0165303140001 28.0119589003369 28.002701754103 27.9966843397171 27.9935111755869 27.9855424979083 27.9809398051549 27.9776341558299 27.9701873867566 27.9670807171055 27.9620516141439 27.9545141483141 27.9510687515964 27.9463731794368 27.939334780512 27.9365255845983 27.9313357880508 27.9237125394892 27.9207591100021 27.9148078533597 27.9055386774295 27.9017893428553 27.8951314096568 27.8843225862896
