Spatial_Analysis/Downscaled_EnvironmentalLayers/RCP8_5/2050/par_nearfuture.asc
ncols         648
nrows         324
xllcorner     -102.97071042
yllcorner     3.973116569
cellsize      0.083
NODATA_value  -9999
[rows 261 to 289 of 324, columns 132 to 197 of 648]
44.76165 44.76417 44.76669 44.76921 44.77187 44.7747 44.78645 44.80715 44.82802 44.84893 44.86983 44.89075 44.91166 44.93256 44.95348 44.97439 44.99519 45.01585 45.02645 45.02699 45.02737 45.02772 45.02806 45.02841 45.02876 45.0291 45.02945 45.02979 45.03045 45.03159 45.02829 45.02057 45.01334 45.00628 44.9992 44.99213 44.98505 44.97798 44.97091 44.96384 44.95704 44.95073 44.94725 44.94658 44.94641 44.94641 44.94641 44.9464 44.94641 44.9464 44.9464 44.9464 44.94667 44.94749 44.94917 44.95174 44.95485 44.95816 44.96148 44.96479 44.96811 44.97142 44.97474 44.97805 44.98127 44.98428
44.69016 44.69275 44.69534 44.69794 44.70073 44.70371 44.7146 44.73339 44.75241 44.7715 44.79058 44.80967 44.82875 44.84784 44.86692 44.886 44.90492 44.92366 44.93342 44.9342 44.93478 44.93528 44.93579 44.9363 44.93681 44.93731 44.93782 44.93833 44.93916 44.9404 44.93665 44.92791 44.91961 44.91148 44.90335 44.89523 44.8871 44.87897 44.87084 44.86272 44.85498 44.84779 44.8428 44.84001 44.83779 44.83583 44.83385 44.83189 44.82992 44.82795 44.82598 44.82402 44.82235 44.82113 44.819 44.81599 44.81344 44.81112 44.80879 44.80647 44.80414 44.80182 44.79949 44.79717 44.79471 44.792
44.61866 44.62133 44.624 44.62667 44.62956 44.6327 44.64272 44.65963 44.67681 44.69407 44.71133 44.72858 44.74585 44.7631 44.78036 44.79762 44.81468 44.83149 44.8404 44.84143 44.84218 44.84285 44.84352 44.84418 44.84486 44.84553 44.8462 44.84687 44.84782 44.84914 44.84494 44.83521 44.82588 44.81669 44.80751 44.79833 44.78914 44.77996 44.77077 44.7616 44.75286 44.74477 44.73828 44.73339 44.72916 44.72523 44.7213 44.71737 44.71344 44.7095 44.70557 44.70164 44.69796 44.69469 44.68876 44.68019 44.67203 44.66406 44.6561 44.64814 44.64017 44.63221 44.62425 44.61628 44.60816 44.59976
44.54717 44.54991 44.55265 44.55539 44.55836 44.56163 44.57079 44.58584 44.60121 44.61664 44.63208 44.64751 44.66294 44.67838 44.69381 44.70924 44.72446 44.73937 44.74744 44.74867 44.74958 44.75042 44.75124 44.75208 44.75291 44.75374 44.75457 44.7554 44.75644 44.75782 44.75317 44.74248 44.73214 44.7219 44.71167 44.70142 44.69118 44.68095 44.67071 44.66047 44.65066 44.64163 44.63364 44.6267 44.62054 44.61464 44.60875 44.60285 44.59695 44.59106 44.58516 44.57926 44.57354 44.56819 44.55846 44.54436 44.53062 44.51702 44.50341 44.48981 44.47621 44.4626 44.44901 44.4354 44.42165 44.40757
44.47568 44.47849 44.4813 44.48411 44.4871 44.4905 44.4988 44.51202 44.52561 44.53922 44.55282 44.56643 44.58004 44.59364 44.60725 44.62086 44.6343 44.64732 44.65455 44.65596 44.65699 44.65798 44.65897 44.65997 44.66096 44.66195 44.66294 44.66394 44.66504 44.66648 44.66138 44.64974 44.6384 44.62711 44.61581 44.60452 44.59323 44.58193 44.57064 44.55935 44.54835 44.53833 44.52885 44.51992 44.51192 44.50406 44.4962 44.48833 44.48046 44.4726 44.46474 44.45688 44.4491 44.44167 44.42813 44.40851 44.38921 44.36997 44.35073 44.33149 44.31224 44.293 44.27376 44.25452 44.23518 44.21545
44.40418 44.40707 44.40995 44.41284 44.4158 44.41926 44.42673 44.43822 44.45 44.46178 44.47357 44.48535 44.49714 44.50891 44.5207 44.53248 44.5442 44.5554 44.56175 44.56324 44.56439 44.56555 44.5667 44.56786 44.56901 44.57016 44.57132 44.57247 44.57366 44.57513 44.56958 44.55702 44.54467 44.53232 44.51997 44.50762 44.49527 44.48292 44.47057 44.45822 44.44596 44.4348 44.42385 44.41313 44.4033 44.39347 44.38364 44.37381 44.36398 44.35416 44.34433 44.3345 44.32469 44.31514 44.29781 44.27269 44.2478 44.22292 44.19804 44.17316 44.14828 44.12339 44.09851 44.07364 44.04873 44.02341
44.33315 44.33601 44.33879 44.34158 44.34452 44.3479 44.35457 44.36444 44.3745 44.38464 44.39473 44.40474 44.41465 44.42451 44.4343 44.44411 44.45406 44.4636 44.46905 44.47048 44.47188 44.47341 44.47493 44.47638 44.47772 44.47893 44.48001 44.48105 44.48233 44.48379 44.4778 44.46434 44.45109 44.4381 44.42505 44.41185 44.39845 44.38483 44.37103 44.35717 44.34369 44.331 44.31863 44.30647 44.29485 44.28352 44.2721 44.26048 44.24865 44.2366 44.22441 44.2122 44.20032 44.18864 44.16751 44.13691 44.10651 44.0764 44.04624 44.01592 43.9854 43.95469 43.9238 43.89286 43.86223 43.83148
44.26291 44.26583 44.2686 44.27122 44.27367 44.2764 44.2826 44.29134 44.29996 44.30842 44.31672 44.32488 44.33292 44.34085 44.34869 44.35643 44.36412 44.37195 44.37628 44.37825 44.38028 44.38226 44.38416 44.38594 44.38756 44.389 44.39019 44.39109 44.3917 44.39251 44.38618 44.37281 44.35944 44.34586 44.33203 44.31793 44.30355 44.28886 44.27381 44.25839 44.24258 44.22706 44.21361 44.20123 44.18876 44.17591 44.16269 44.14912 44.13523 44.12106 44.1066 44.09188 44.07692 44.06222 44.03731 44.00223 43.9672 43.93191 43.89634 43.86049 43.82437 43.78796 43.75123 43.71418 43.6768 43.63955
44.19334 44.19641 44.19934 44.20211 44.20472 44.20769 44.21297 44.21976 44.22647 44.23302 44.23942 44.24569 44.25183 44.25787 44.26381 44.26966 44.27546 44.28143 44.285 44.28729 44.28967 44.29201 44.29427 44.29641 44.2984 44.30019 44.30175 44.30303 44.30403 44.30533 44.29864 44.28424 44.26993 44.25541 44.24066 44.22563 44.21033 44.19472 44.17876 44.16243 44.14575 44.12952 44.11454 44.09992 44.08535 44.07041 44.0551 44.03946 44.02351 44.00727 43.99075 43.97396 43.95697 43.94035 43.91159 43.87078 43.83013 43.78924 43.74808 43.70664 43.66494 43.62293 43.58064 43.53801 43.49508 43.45242
44.07052 44.07368 44.07678 44.07989 44.08314 44.08688 44.09155 44.09704 44.10272 44.1085 44.11423 44.11989 44.12546 44.13096 44.13643 44.14191 44.14751 44.15269 44.15641 44.15871 44.16096 44.16333 44.16571 44.16802 44.17023 44.17231 44.17427 44.17622 44.17838 44.18057 44.17426 44.15945 44.14475 44.13032 44.11585 44.10123 44.08643 44.07141 44.05624 44.04104 44.0262 44.01225 43.99659 43.97911 43.9622 43.94561 43.92894 43.91209 43.89503 43.87778 43.86039 43.84301 43.82595 43.809 43.778 43.73292 43.68797 43.64331 43.59863 43.55379 43.50877 43.46356 43.41818 43.37278 43.3277 43.28242
43.89454 43.89774 43.90095 43.90416 43.90747 43.91137 43.91629 43.92226 43.92859 43.93492 43.94125 43.94757 43.9539 43.96023 43.96656 43.97289 43.97915 43.98489 43.98909 43.99173 43.99403 43.99633 43.99862 44.00092 44.00322 44.00552 44.00781 44.01011 44.0124 44.0146 44.00929 43.99648 43.98361 43.97073 43.95785 43.94498 43.93211 43.91923 43.90635 43.89347 43.88072 43.86935 43.85447 43.83614 43.81891 43.8017 43.78449 43.76728 43.75007 43.73286 43.71566 43.69845 43.68125 43.66419 43.63257 43.58639 43.54033 43.49428 43.44823 43.40218 43.35612 43.31007 43.26402 43.21797 43.17189 43.12537
43.71895 43.72211 43.72527 43.72844 43.73183 43.73575 43.74097 43.74752 43.75453 43.76158 43.76863 43.77568 43.78273 43.78977 43.79682 43.80387 43.81075 43.81723 43.82188 43.8247 43.82716 43.82956 43.83197 43.83438 43.83679 43.83921 43.84161 43.84402 43.84637 43.84856 43.84426 43.8335 43.82257 43.81163 43.80068 43.78973 43.77879 43.76784 43.75689 43.74594 43.73543 43.72624 43.7122 43.69334 43.67573 43.65833 43.64093 43.62352 43.60612 43.58873 43.57132 43.55393 43.53657 43.51936 43.48713 43.43988 43.39277 43.3457 43.29861 43.25153 43.20445 43.15737 43.1103 43.06322 43.01603 42.96841
43.54337 43.54648 43.54959 43.55271 43.55616 43.56004 43.56558 43.5728 43.58047 43.58824 43.59601 43.60378 43.61155 43.61932 43.62709 43.63486 43.64242 43.64967 43.65476 43.65768 43.66028 43.6628 43.66533 43.66785 43.67037 43.67289 43.67542 43.67794 43.68032 43.68248 43.6792 43.67048 43.66153 43.65252 43.6435 43.63448 43.62547 43.61645 43.60744 43.59842 43.59008 43.58294 43.56975 43.55054 43.53255 43.51495 43.49737 43.47977 43.46218 43.44459 43.427 43.40941 43.39189 43.37452 43.34168 43.29337 43.24521 43.1971 43.149 43.10089 43.05278 43.00467 42.95657 42.90846 42.86019 42.81154
43.36778 43.37085 43.37392 43.377 43.38042 43.38425 43.39013 43.39805 43.40641 43.4149 43.42339 43.43188 43.44037 43.44886 43.45735 43.46584 43.47413 43.48219 43.48771 43.49068 43.4934 43.49604 43.49868 43.50131 43.50395 43.50658 43.50922 43.51185 43.51427 43.5164 43.51413 43.50747 43.5005 43.49341 43.48632 43.47924 43.47215 43.46507 43.45798 43.4509 43.44461 43.43945 43.42712 43.40766 43.38937 43.37158 43.3538 43.33602 43.31824 43.30046 43.28267 43.26489 43.2472 43.22966 43.19621 43.14686 43.09765 43.04852 42.99938 42.95024 42.90111 42.85198 42.80285 42.75371 42.70438 42.65474
43.19219 43.19522 43.19824 43.20127 43.20464 43.2084 43.2146 43.22327 43.23235 43.24156 43.25077 43.25998 43.2692 43.2784 43.28762 43.29682 43.30589 43.31476 43.32071 43.32372 43.32653 43.32928 43.33203 43.33477 43.33752 43.34027 43.34302 43.34576 43.34824 43.35035 43.3491 43.34447 43.33946 43.3343 43.32914 43.32399 43.31883 43.31368 43.30852 43.30338 43.29901 43.29577 43.28432 43.26467 43.24619 43.22821 43.21024 43.19227 43.17429 43.15632 43.13834 43.12037 43.1025 43.08478 43.05072 43.00032 42.95009 42.89993 42.84976 42.7996 42.74944 42.69928 42.64912 42.59896 42.54862 42.498
43.01661 43.01958 43.02256 43.02554 43.0288 43.03247 43.03902 43.04845 43.05829 43.06822 43.07816 43.08809 43.09802 43.10795 43.11788 43.12781 43.13765 43.14735 43.15372 43.15676 43.15966 43.16251 43.16538 43.16824 43.1711 43.17396 43.17682 43.17968 43.18226 43.18438 43.18413 43.18151 43.17842 43.17519 43.17197 43.16874 43.16552 43.16229 43.15907 43.15584 43.15328 43.15191 43.14134 43.12157 43.103 43.08484 43.06668 43.04851 43.03035 43.01218 42.99401 42.97586 42.95778 42.93987 42.90521 42.85378 42.80252 42.75134 42.70015 42.64896 42.59777 42.54658 42.49539 42.4442 42.39289 42.34129
42.84103 42.84395 42.84687 42.8498 42.85293 42.85649 42.86338 42.87362 42.88424 42.89488 42.90554 42.91619 42.92684 42.93749 42.94815 42.9588 42.96941 42.97994 42.98674 42.9898 42.99278 42.99575 42.99873 43.0017 43.00467 43.00765 43.01062 43.0136 43.01635 43.01851 43.01927 43.0186 43.01738 43.01609 43.01479 43.0135 43.0122 43.01091 43.00961 43.00831 43.00743 43.00787 42.99818 42.97838 42.95982 42.94147 42.92311 42.90475 42.8864 42.86805 42.84969 42.83134 42.81304 42.79494 42.75966 42.70721 42.65496 42.60275 42.55053 42.49831 42.44609 42.39388 42.34166 42.28944 42.23716 42.18462
42.66545 42.66833 42.6712 42.67408 42.67703 42.68046 42.68771 42.6988 42.71017 42.72155 42.73292 42.74429 42.75566 42.76703 42.77841 42.78978 42.80115 42.81249 42.81972 42.82282 42.82591 42.82899 42.83208 42.83516 42.83825 42.84134 42.84443 42.84751 42.85052 42.8528 42.85454 42.85571 42.85634 42.85698 42.85761 42.85825 42.85889 42.85952 42.86015 42.86079 42.86154 42.86364 42.85485 42.83521 42.81665 42.7981 42.77955 42.761 42.74245 42.72391 42.70536 42.68681 42.66829 42.64996 42.61408 42.56065 42.5074 42.45415 42.40091 42.34767 42.29442 42.24118 42.18793 42.13469 42.08144 42.02796
42.49093 42.49348 42.49589 42.49837 42.50118 42.50437 42.512 42.52402 42.53626 42.54873 42.56111 42.57332 42.58536 42.59723 42.60899 42.62079 42.63286 42.64499 42.65265 42.65583 42.65913 42.66263 42.66605 42.66934 42.6725 42.67553 42.67847 42.68145 42.68462 42.68727 42.68995 42.69274 42.69537 42.69816 42.7009 42.70356 42.7061 42.70854 42.71091 42.71328 42.71582 42.71922 42.71138 42.6922 42.67352 42.65499 42.63644 42.61781 42.59907 42.58023 42.56129 42.54233 42.52356 42.50495 42.46847 42.41411 42.35989 42.30589 42.25186 42.19773 42.14346 42.08906 42.03454 41.97999 41.92567 41.87129
42.31849 42.3208 42.32281 42.32454 42.32604 42.32824 42.33651 42.35047 42.36432 42.37785 42.39108 42.40403 42.41672 42.42916 42.44136 42.45332 42.46512 42.47739 42.48557 42.48977 42.4939 42.49777 42.5014 42.50481 42.50801 42.51103 42.51387 42.51655 42.5191 42.52192 42.52529 42.53043 42.53555 42.5405 42.54526 42.54987 42.55431 42.55861 42.56276 42.56675 42.57063 42.57475 42.56814 42.54977 42.53145 42.513 42.4944 42.47566 42.45676 42.43769 42.41844 42.39899 42.37937 42.35992 42.32287 42.26823 42.2137 42.15902 42.10415 42.04909 41.99383 41.93837 41.88268 41.82675 41.77058 41.71458
42.14785 42.15002 42.15191 42.15349 42.15483 42.15681 42.16537 42.18004 42.19455 42.20873 42.22261 42.23619 42.24953 42.26261 42.27545 42.28805 42.30047 42.31331 42.32192 42.3262 42.33038 42.33429 42.33795 42.34139 42.34463 42.34769 42.35055 42.35326 42.35582 42.35864 42.36293 42.37001 42.37704 42.38388 42.39055 42.39705 42.4034 42.40959 42.41563 42.42152 42.42729 42.43324 42.42754 42.40907 42.39061 42.37202 42.35329 42.3344 42.31535 42.29613 42.27675 42.25715 42.23737 42.21772 42.18012 42.12457 42.06908 42.01343 41.9576 41.90157 41.84535 41.78892 41.73226 41.67535 41.6182 41.5611
41.98063 41.98199 41.98322 41.98448 41.98611 41.98808 41.99576 42.00907 42.02264 42.03641 42.05008 42.06358 42.0769 42.09005 42.10308 42.11614 42.12949 42.14304 42.1517 42.15541 42.15931 42.16339 42.16739 42.17125 42.17497 42.17857 42.18208 42.1856 42.18933 42.19242 42.19714 42.20362 42.20992 42.21637 42.22276 42.22906 42.23525 42.24134 42.24735 42.25336 42.25954 42.26657 42.26036 42.24076 42.22168 42.20274 42.18378 42.16473 42.14558 42.1263 42.10693 42.08754 42.06833 42.04931 42.01179 41.95575 41.89989 41.84423 41.78854 41.73274 41.6768 41.62073 41.56453 41.50829 41.45222 41.39622
41.8171 41.81698 41.81686 41.81673 41.81667 41.817 41.82336 41.8358 41.84845 41.8611 41.87376 41.88641 41.89906 41.91171 41.92437 41.93702 41.94971 41.96272 41.97145 41.9759 41.98057 41.98523 41.98989 41.99455 41.99921 42.00387 42.00853 42.01319 42.01774 42.02116 42.0253 42.03009 42.03407 42.03806 42.04204 42.04603 42.05001 42.054 42.05798 42.06197 42.06606 42.07159 42.06414 42.04375 42.02451 42.00527 41.98604 41.9668 41.94756 41.92834 41.9091 41.88986 41.87064 41.8517 41.81491 41.76028 41.70589 41.65152 41.59714 41.54276 41.48838 41.43399 41.37961 41.32518 41.27084 41.21616
41.65473 41.65283 41.65092 41.64902 41.64726 41.64585 41.65094 41.66254 41.67444 41.68637 41.6983 41.71022 41.72216 41.73408 41.746 41.75793 41.77 41.78242 41.79124 41.79643 41.80195 41.8075 41.81305 41.81861 41.82416 41.82971 41.83526 41.84082 41.84597 41.85 41.8535 41.85643 41.85831 41.86007 41.86183 41.86358 41.86534 41.8671 41.86885 41.87061 41.87281 41.87643 41.86779 41.84693 41.82741 41.8081 41.78879 41.76948 41.75016 41.73086 41.71154 41.69224 41.673 41.65406 41.61801 41.56486 41.51199 41.45917 41.40635 41.35353 41.30071 41.24789 41.19503 41.14225 41.08935 41.03609
41.49236 41.48867 41.48499 41.4813 41.47783 41.47464 41.47845 41.4893 41.50044 41.51164 41.52284 41.53404 41.54524 41.55645 41.56764 41.57885 41.5903 41.60213 41.61102 41.61698 41.62334 41.62978 41.63622 41.64266 41.64911 41.65556 41.662 41.66845 41.67424 41.67896 41.6818 41.68272 41.68256 41.68209 41.68161 41.68114 41.68067 41.68019 41.67973 41.67925 41.6795 41.68108 41.67128 41.65013 41.63031 41.61092 41.59154 41.57215 41.55276 41.53337 41.51399 41.49461 41.47536 41.45639 41.42108 41.36944 41.31808 41.26682 41.21556 41.1643 41.11304 41.06176 41.01052 40.95927 40.90784 40.85603
41.32998 41.32452 41.31905 41.31359 41.30835 41.30337 41.30593 41.31605 41.32644 41.33691 41.34739 41.35786 41.36833 41.37881 41.38929 41.39977 41.41057 41.42179 41.43076 41.43753 41.44471 41.45206 41.45939 41.46672 41.47406 41.4814 41.48873 41.49606 41.50259 41.50806 41.51023 41.50907 41.5068 41.5041 41.5014 41.4987 41.496 41.4933 41.4906 41.4879 41.48609 41.48554 41.47459 41.45324 41.4332 41.41375 41.39428 41.37482 41.35536 41.3359 41.31644 41.29697 41.27769 41.25868 41.22412 41.174 41.12417 41.07447 41.02477 40.97507 40.92538 40.87568 40.82598 40.77628 40.72635 40.67599
41.16762 41.16036 41.15311 41.14587 41.13884 41.13205 41.13336 41.14276 41.15243 41.16218 41.17193 41.18168 41.19143 41.20118 41.21092 41.22068 41.23081 41.24139 41.25046 41.25804 41.2661 41.27432 41.28256 41.29079 41.29901 41.30724 41.31547 41.32368 41.33106 41.33733 41.33883 41.33551 41.33104 41.32611 41.32118 41.31625 41.31133 41.3064 41.30147 41.29655 41.29253 41.28981 41.2777 41.25624 41.23611 41.21657 41.19703 41.1775 41.15796 41.13842 41.11888 41.09935 41.07999 41.06094 41.02711 40.97854 40.93025 40.88212 40.83398 40.78589 40.73772 40.68958 40.64144 40.5933 40.5449 40.49602
41.00525 40.99621 40.98718 40.97815 40.9693 40.9607 40.96075 40.96946 40.97843 40.98745 40.99647 41.0055 41.01452 41.02354 41.03256 41.04159 41.05098 41.06091 41.07008 41.07851 41.08748 41.0966 41.10572 41.11484 41.12396 41.13309 41.1422 41.15132 41.15967 41.16679 41.16759 41.16206 41.15528 41.14812 41.14097 41.13381 41.12666 41.1195 41.11234 41.10518 41.09882 41.09386 41.08061 41.0591 41.03901 41.01939 40.99978 40.98017 40.96056 40.94094 40.92133 40.90172 40.88227 40.86314 40.83007 40.78304 40.73635 40.68977 40.64326 40.59662 40.55005 40.50347 40.45689 40.41032 40.36349 40.31612
40.84287 40.83206 40.82124 40.81042 40.79974 40.78931 40.78812 40.79615 40.80442 40.81272 40.82101 40.82932 40.83761 40.84591 40.8542 40.8625 40.87107 40.88032 40.8896 40.89893 40.90887 40.91888 40.92889 40.9389 40.94891 40.95892 40.96894 40.97895 40.98843 40.99646 40.99657 40.98872 40.97952 40.97014 40.96075 40.95136 40.94198 40.93259 40.92321 40.91383 40.90496 40.89768 40.8833 40.86185 40.84191 40.82222 40.80254 40.78284 40.76315 40.74346 40.72378 40.70409 40.6845 40.66529 40.63296 40.58752 40.54243 40.49751 40.45241 40.40739 40.36238 40.31737 40.27235 40.22734 40.18216 40.13633
