Spatial_Analysis/Downscaled_EnvironmentalLayers/RCP8_5/2050/par_nearfuture.asc
ncols         648
nrows         324
xllcorner     -102.97071042
yllcorner     3.973116569
cellsize      0.083
NODATA_value  -9999
[rows 87 to 115 of 324, columns 66 to 131 of 648]
40.72797 40.68335 40.63888 40.59457 40.55043 40.50647 40.46267 40.41901 40.3755 40.33216 40.28899 40.24601 40.27575 40.3782 40.4809 40.58388 40.68717 40.79082 40.89494 40.99971 41.10564 41.21359 41.32382 41.4354 41.51443 41.57722 41.63993 41.70289 41.76616 41.82973 41.8936 41.95777 42.02224 42.08698 42.15173 42.21347 42.25872 42.29401 42.32933 42.36498 42.40094 42.43713 42.47349 42.50995 42.54644 42.58288 42.61918 42.65753 42.69453 42.7216 42.74866 42.77573 42.80282 42.82993 42.85707 42.88423 42.9114 42.9386 42.96581 42.99265 43.02194 43.05487 43.08783 43.12084 43.15386 43.1869
40.73081 40.68806 40.64547 40.60304 40.56079 40.51868 40.4767 40.43488 40.39322 40.35173 40.31043 40.26932 40.30132 40.40645 40.51184 40.61754 40.72358 40.83002 40.93699 41.04471 41.15378 41.26458 41.37769 41.49442 41.57378 41.63645 41.69952 41.76296 41.82676 41.89088 41.95533 42.02011 42.08522 42.15069 42.21655 42.28173 42.32447 42.35923 42.39451 42.43025 42.46634 42.50267 42.5392 42.57583 42.6125 42.64913 42.68564 42.72213 42.76074 42.78646 42.81219 42.83796 42.86375 42.88956 42.9154 42.94126 42.96714 42.99305 43.01899 43.04491 43.07353 43.1071 43.14074 43.17442 43.20814 43.24187
40.73357 40.69268 40.65196 40.6114 40.57096 40.53067 40.49052 40.45054 40.41073 40.37109 40.33164 40.29241 40.32667 40.43448 40.54257 40.65099 40.75977 40.869 40.9788 41.08946 41.20148 41.31501 41.43071 41.54544 41.6277 41.6925 41.75678 41.82107 41.88557 41.9503 42.01529 42.08052 42.14595 42.21144 42.27647 42.33752 42.38506 42.42171 42.45789 42.49416 42.53063 42.56729 42.60409 42.64097 42.67786 42.71469 42.75135 42.7925 42.82676 42.85109 42.87558 42.90006 42.92456 42.94907 42.97361 42.99815 43.02272 43.04729 43.07183 43.09576 43.12476 43.15921 43.1936 43.22803 43.26247 43.29691
40.73872 40.69876 40.65893 40.61924 40.57967 40.54026 40.50101 40.46191 40.423 40.38427 40.34575 40.30744 40.34311 40.4528 40.5628 40.67315 40.78389 40.89511 41.00695 41.11974 41.23373 41.34911 41.46621 41.57903 41.66302 41.7288 41.79458 41.86035 41.92609 41.99183 42.05764 42.12346 42.18924 42.25501 42.31996 42.38004 42.42915 42.46705 42.50342 42.53979 42.57614 42.61249 42.64888 42.68527 42.72164 42.75801 42.79528 42.83883 42.87224 42.89584 42.92173 42.94763 42.97351 42.99941 43.02531 43.0512 43.0771 43.10299 43.12878 43.15371 43.18425 43.22036 43.2561 43.29184 43.32759 43.36333
40.74625 40.70621 40.66631 40.62654 40.58692 40.54744 40.50813 40.46899 40.43003 40.39128 40.35273 40.31441 40.35063 40.46142 40.57254 40.68402 40.79591 40.90832 41.0214 41.13543 41.25051 41.36686 41.48418 41.59529 41.68076 41.74776 41.81476 41.88176 41.94876 42.01576 42.08276 42.14976 42.21676 42.28376 42.34862 42.40927 42.4589 42.49721 42.53255 42.56784 42.60315 42.63844 42.67373 42.70903 42.74432 42.77962 42.81748 42.86098 42.89536 42.92099 42.95081 42.98074 43.01067 43.04059 43.07052 43.10044 43.13037 43.1603 43.18992 43.21878 43.25235 43.29059 43.32824 43.36586 43.40348 43.4411
40.75357 40.71346 40.67347 40.63363 40.59393 40.5544 40.51503 40.47584 40.43684 40.39804 40.35947 40.32114 40.35791 40.4698 40.58203 40.69463 40.80767 40.92125 41.03555 41.1507 41.26681 41.38397 41.50111 41.61159 41.6985 41.76672 41.83495 41.90317 41.9714 42.03962 42.10785 42.17607 42.24429 42.31241 42.37758 42.43914 42.48905 42.52708 42.56168 42.5959 42.63013 42.66435 42.69857 42.73279 42.76701 42.80132 42.83937 42.88229 42.91793 42.94656 42.97989 43.01385 43.04781 43.08177 43.11573 43.1497 43.18366 43.21762 43.25112 43.284 43.32057 43.36078 43.40038 43.43988 43.47938 43.51888
40.76068 40.72048 40.68041 40.64049 40.60072 40.56112 40.52169 40.48244 40.44339 40.40455 40.36596 40.32763 40.36494 40.47792 40.59126 40.70497 40.81915 40.93388 41.04932 41.16553 41.2826 41.40042 41.51675 41.62795 41.71624 41.78568 41.85513 41.92458 41.99403 42.06348 42.13293 42.20237 42.27182 42.34098 42.40696 42.46962 42.51969 42.55699 42.59081 42.62395 42.6571 42.69025 42.7234 42.75655 42.7897 42.82315 42.86073 42.90282 42.93986 42.97203 43.00896 43.04696 43.08495 43.12295 43.16095 43.19894 43.23694 43.27491 43.3124 43.34934 43.38888 43.43099 43.47252 43.5139 43.55528 43.59666
40.76757 40.72728 40.68712 40.64711 40.60727 40.5676 40.5281 40.48879 40.44969 40.41081 40.3722 40.33387 40.37172 40.48578 40.6002 40.71502 40.83031 40.94617 41.06268 41.1799 41.29784 41.41615 41.53166 41.64439 41.73397 41.80465 41.87532 41.94599 42.01666 42.08734 42.15801 42.22868 42.29935 42.36968 42.43681 42.50067 42.55083 42.58712 42.61994 42.65202 42.68409 42.71616 42.74824 42.78031 42.81239 42.84482 42.88147 42.9226 42.96109 42.99718 43.03804 43.08007 43.1221 43.16413 43.20616 43.24819 43.29022 43.33222 43.37376 43.41478 43.45728 43.50124 43.54465 43.58792 43.63118 43.67443
40.77422 40.73383 40.69358 40.6535 40.61357 40.57382 40.53425 40.49488 40.45572 40.41683 40.37819 40.33985 40.37822 40.49335 40.60885 40.72475 40.84113 40.95807 41.07561 41.19378 41.3125 41.43109 41.5466 41.66095 41.75171 41.8236 41.8955 41.9674 42.0393 42.11119 42.18308 42.25498 42.32688 42.39856 42.46713 42.53228 42.58247 42.6175 42.64907 42.68007 42.71107 42.74207 42.77308 42.80408 42.83508 42.86629 42.90159 42.9416 42.98165 43.02197 43.06712 43.11318 43.15924 43.20531 43.25137 43.29744 43.3435 43.38955 43.43518 43.4803 43.52576 43.57154 43.61679 43.66193 43.70707 43.75221
40.78063 40.74014 40.6998 40.65962 40.61961 40.57977 40.54013 40.50069 40.4615 40.42256 40.3839 40.34554 40.38444 40.50063 40.61719 40.73415 40.85159 40.96956 41.08809 41.20714 41.32653 41.44514 41.56158 41.67764 41.76945 41.84257 41.91568 41.98881 42.06193 42.13505 42.20817 42.28129 42.35441 42.42751 42.4979 42.56448 42.61461 42.64806 42.6782 42.70813 42.73806 42.76798 42.79791 42.82784 42.85777 42.88771 42.92109 42.9598 43.0015 43.04649 43.09619 43.14629 43.19639 43.24649 43.29659 43.34668 43.39679 43.44688 43.49666 43.54589 43.5943 43.64186 43.68893 43.73595 43.78297 43.82999
40.78678 40.74619 40.70574 40.66543 40.62528 40.5853 40.54554 40.506 40.46671 40.4277 40.38898 40.35057 40.38999 40.50726 40.62493 40.74302 40.86159 40.98061 41.10007 41.21994 41.33987 41.45845 41.57658 41.69448 41.78718 41.86153 41.93587 42.01021 42.08456 42.15891 42.23325 42.30759 42.38194 42.45628 42.52907 42.59729 42.64722 42.67847 42.70732 42.73618 42.76503 42.79389 42.82274 42.8516 42.88045 42.90931 42.94007 42.97712 43.02066 43.07113 43.12527 43.1794 43.23353 43.28767 43.3418 43.39594 43.45007 43.5042 43.55817 43.61156 43.6629 43.71218 43.76107 43.80997 43.85887 43.90776
40.79262 40.75185 40.71121 40.67072 40.63039 40.59026 40.55035 40.51068 40.47128 40.43217 40.39337 40.35489 40.39477 40.51305 40.63173 40.75086 40.87047 40.99058 41.11118 41.23204 41.35249 41.47168 41.59158 41.71154 41.80492 41.88049 41.9561 42.03208 42.1081 42.1839 42.25936 42.33453 42.40957 42.48503 42.56033 42.63079 42.68011 42.70868 42.73649 42.76473 42.79292 42.82085 42.84848 42.87589 42.90324 42.93092 42.95897 42.99347 43.03933 43.09618 43.15435 43.21266 43.27089 43.32898 43.38704 43.44513 43.50332 43.56152 43.61967 43.67727 43.73152 43.78244 43.8332 43.88376 43.93429 43.98494
40.79798 40.757 40.71615 40.67546 40.63496 40.5947 40.55469 40.51493 40.47546 40.43628 40.3974 40.35886 40.39921 40.5185 40.63819 40.75833 40.87892 40.99995 41.12132 41.24281 41.36373 41.48455 41.60644 41.72884 41.82266 41.90078 41.97945 42.05783 42.13573 42.21305 42.28975 42.36579 42.44116 42.51592 42.59069 42.66505 42.71217 42.74049 42.76915 42.7972 42.82462 42.85144 42.87773 42.90355 42.92897 42.95409 42.97936 43.00874 43.05901 43.12195 43.18483 43.24718 43.30911 43.37079 43.43237 43.49404 43.55595 43.61826 43.68096 43.74304 43.80004 43.85204 43.90368 43.95552 44.00762 44.06001
40.80285 40.76163 40.72059 40.67976 40.63916 40.5988 40.55869 40.51885 40.47929 40.44003 40.40108 40.36246 40.40328 40.52356 40.64428 40.76542 40.887 41.00897 41.1312 41.25336 41.37491 41.49716 41.6207 41.7459 41.8466 41.92773 42.00834 42.08832 42.16766 42.24633 42.32431 42.40154 42.47798 42.55354 42.62816 42.70277 42.75011 42.77893 42.80673 42.83363 42.85976 42.88523 42.91011 42.93448 42.95838 42.98183 43.00487 43.02825 43.08363 43.15095 43.21732 43.28298 43.34814 43.41301 43.4778 43.54267 43.60781 43.67344 43.73979 43.8068 43.86562 43.91848 43.97167 44.0252 44.07906 44.13325
40.80721 40.76585 40.72469 40.68374 40.64303 40.60255 40.56235 40.5224 40.48275 40.44339 40.40434 40.36563 40.40689 40.52819 40.64991 40.77205 40.8946 41.01748 41.14051 41.26329 41.38601 41.50983 41.63503 41.76131 41.87128 41.96227 42.04343 42.12387 42.20407 42.28381 42.36303 42.4417 42.51984 42.59774 42.67657 42.752 42.8 42.82399 42.84897 42.87382 42.89819 42.92208 42.94551 42.96854 42.99126 43.01394 43.03731 43.06548 43.11526 43.18323 43.25172 43.31999 43.38793 43.45565 43.52331 43.59102 43.65894 43.72712 43.79528 43.86335 43.92552 43.98168 44.03731 44.09291 44.14869 44.2047
40.78411 40.74386 40.70383 40.66401 40.62442 40.58509 40.54601 40.50721 40.46869 40.43047 40.39257 40.35499 40.39743 40.51994 40.64285 40.76616 40.88984 41.01379 41.13778 41.26146 41.38584 41.51136 41.63821 41.76564 41.87754 41.97352 42.06765 42.15346 42.23385 42.31424 42.39449 42.47467 42.55497 42.63527 42.71476 42.78893 42.83809 42.86209 42.88453 42.90697 42.92953 42.95205 42.97443 42.99676 43.01919 43.04163 43.06488 43.09425 43.1422 43.20903 43.27799 43.34694 43.41592 43.48488 43.55382 43.62276 43.69173 43.76068 43.8297 43.8993 43.96374 44.02303 44.08256 44.14209 44.20156 44.26104
40.73355 40.69566 40.65799 40.62054 40.58332 40.54636 40.50966 40.47322 40.43708 40.40124 40.36571 40.33052 40.37487 40.49876 40.62304 40.7477 40.87267 40.99783 41.12286 41.24807 41.37426 41.50161 41.63013 41.7589 41.87231 41.97026 42.06799 42.16455 42.25519 42.33648 42.41758 42.49868 42.57978 42.66087 42.73971 42.81369 42.86325 42.88816 42.90984 42.93148 42.95312 42.97476 42.9964 43.01804 43.03968 43.06132 43.08526 43.11443 43.16124 43.22602 43.29461 43.36329 43.43196 43.50064 43.56932 43.638 43.70667 43.77535 43.84442 43.91449 43.98129 44.0449 44.10927 44.17367 44.23806 44.30246
40.68263 40.64709 40.61177 40.57668 40.54182 40.50721 40.47286 40.43879 40.40499 40.3715 40.33834 40.30555 40.35177 40.47699 40.6026 40.72853 40.85472 40.98098 41.10717 41.2341 41.36204 41.49115 41.62121 41.75135 41.86618 41.96559 42.06539 42.16519 42.26418 42.35799 42.4408 42.52269 42.60459 42.68638 42.76493 42.83911 42.8888 42.9139 42.93514 42.95598 42.97681 42.99765 43.01849 43.03933 43.06018 43.08108 43.10522 43.13363 43.1796 43.24338 43.31124 43.37964 43.44804 43.51643 43.58483 43.65322 43.72162 43.79002 43.85932 43.92987 43.99905 44.0669 44.13598 44.20525 44.27451 44.34378
40.63134 40.59814 40.56516 40.5324 40.49988 40.46761 40.4356 40.40385 40.37239 40.34124 40.31043 40.27998 40.32802 40.45453 40.58139 40.70853 40.83585 40.96312 41.0908 41.21937 41.34897 41.47968 41.61104 41.74266 41.85894 41.95974 42.06124 42.16318 42.2653 42.36682 42.46278 42.5467 42.6294 42.7118 42.79063 42.8652 42.91489 42.93967 42.96044 42.98048 43.00051 43.02055 43.04059 43.06063 43.08067 43.10094 43.12461 43.152 43.19727 43.26062 43.32787 43.39599 43.46411 43.53222 43.60034 43.66845 43.73657 43.80475 43.87426 43.94528 44.01683 44.08896 44.16269 44.23682 44.31096 44.38509
40.57966 40.54879 40.51812 40.48769 40.45749 40.42754 40.39783 40.36839 40.33924 40.31041 40.28192 40.25376 40.30357 40.43132 40.55938 40.68765 40.816 40.94447 41.07371 41.20385 41.33499 41.46714 41.5996 41.7327 41.85028 41.9523 42.05532 42.15926 42.26382 42.36852 42.47263 42.56984 42.65421 42.73736 42.81689 42.89199 42.94157 42.96569 42.98574 43.00497 43.02421 43.04345 43.06269 43.08192 43.10116 43.12068 43.14345 43.16968 43.21434 43.27757 43.3445 43.41233 43.48017 43.54801 43.61584 43.68368 43.75151 43.81946 43.88908 43.96053 44.03447 44.11094 44.18939 44.2684 44.3474 44.42641
40.52757 40.499 40.47065 40.44251 40.41461 40.38694 40.35951 40.33236 40.30551 40.27897 40.25276 40.22687 40.2784 40.40734 40.53651 40.66583 40.79519 40.92513 41.05586 41.18748 41.32004 41.45343 41.58696 41.72151 41.84029 41.94335 42.04762 42.1531 42.25973 42.36728 42.47508 42.58162 42.67887 42.7631 42.84373 42.91951 42.96886 42.99199 43.01104 43.02948 43.04791 43.06635 43.08478 43.10322 43.12165 43.14025 43.16182 43.18678 43.23087 43.29425 43.36113 43.42868 43.49624 43.5638 43.63136 43.69891 43.76646 43.8341 43.90363 43.97545 44.0518 44.13276 44.2161 44.29998 44.38385 44.46772
40.47504 40.44877 40.4227 40.39685 40.3712 40.34579 40.32064 40.29577 40.27119 40.24691 40.22294 40.19926 40.25247 40.38253 40.51276 40.64303 40.77371 40.90508 41.03722 41.17021 41.30405 41.43843 41.57315 41.70908 41.82901 41.93299 42.03832 42.14505 42.25322 42.36283 42.4737 42.58514 42.69379 42.78888 42.87112 42.9478 42.99678 43.01847 43.03634 43.05397 43.07161 43.08924 43.10688 43.12452 43.14215 43.15979 43.17981 43.20339 43.24698 43.31077 43.37776 43.44503 43.51231 43.57959 43.64686 43.71413 43.78141 43.84869 43.91777 43.98985 44.06866 44.15437 44.24281 44.33155 44.4203 44.50904
40.42208 40.39807 40.37426 40.35065 40.32726 40.30411 40.28122 40.2586 40.23626 40.2142 40.19242 40.17092 40.22574 40.35685 40.48804 40.61948 40.75153 40.88426 41.01774 41.152 41.28696 41.42213 41.55819 41.69545 41.81646 41.92128 42.02753 42.13529 42.24468 42.35581 42.46872 42.58332 42.69881 42.80898 42.89891 42.97691 43.02525 43.04481 43.06164 43.07848 43.09531 43.11214 43.12897 43.14581 43.16264 43.17947 43.19756 43.21958 43.26276 43.32739 43.39439 43.46138 43.52838 43.59537 43.66237 43.72937 43.79636 43.86335 43.93146 44.00349 44.0849 44.17592 44.26952 44.36314 44.45675 44.55035
40.36863 40.34687 40.32528 40.30392 40.28278 40.26188 40.24122 40.22082 40.20069 40.18081 40.16119 40.1418 40.19818 40.33026 40.46249 40.59526 40.72862 40.86266 40.99738 41.13279 41.26866 41.40474 41.54206 41.68062 41.80265 41.90825 42.0153 42.12395 42.23432 42.34658 42.46092 42.57747 42.69628 42.81587 42.92592 43.00691 43.05401 43.07091 43.08694 43.1029 43.11886 43.13488 43.15096 43.16705 43.18313 43.19917 43.21539 43.2354 43.27842 43.3443 43.41101 43.4778 43.54463 43.61143 43.67815 43.74477 43.81134 43.87802 43.94489 44.01614 44.10046 44.19775 44.29623 44.39489 44.49358 44.59218
-9999 -9999 40.27581 40.25668 40.23776 40.21908 40.20063 40.18242 40.16445 40.14671 40.12919 40.11186 40.16972 40.30278 40.43629 40.57034 40.70497 40.84021 40.97609 41.1125 41.24907 41.38629 41.52479 41.66461 41.78762 41.89391 42.00169 42.11108 42.22224 42.33536 42.45068 42.56844 42.68892 42.81235 42.9363 43.03784 43.08178 43.0967 43.1115 43.12647 43.14164 43.15697 43.17242 43.18792 43.2034 43.21881 43.23409 43.25093 43.29477 43.36136 43.42813 43.49497 43.56179 43.62852 43.69511 43.76151 43.82762 43.89346 43.95918 44.02755 44.11624 44.22014 44.32445 44.42857 44.53242 44.63601
40.26026 -9999 40.22584 40.20892 40.1922 40.1757 40.15943 40.14337 40.12752 40.11188 40.0964 40.08105 40.14038 40.27466 40.40942 40.54469 40.68051 40.81689 40.9538 41.09105 41.2284 41.3668 41.50645 41.64742 41.77131 41.87814 41.98639 42.09618 42.20768 42.32107 42.43661 42.5546 42.67541 42.79955 42.9269 43.05553 43.10691 43.12058 43.13462 43.14898 43.1636 43.17842 43.19336 43.20838 43.22339 43.23831 43.25305 43.26756 43.31242 43.37917 43.44603 43.51292 43.57978 43.64655 43.71316 43.77954 43.84562 43.91128 43.97643 44.04113 44.13574 44.24564 44.35515 44.4643 44.57312 44.68163
-9999 -9999 40.17535 40.16062 40.14609 40.13175 40.1176 40.10365 40.08989 40.07627 40.06279 40.04939 40.1104 40.24589 40.38184 40.51828 40.65522 40.79264 40.93045 41.06834 41.20676 41.34631 41.48703 41.62897 41.75351 41.8607 41.96926 42.07927 42.19088 42.30424 42.41955 42.53703 42.65692 42.77939 42.90398 43.02617 43.10462 43.13724 43.15611 43.17033 43.18469 43.19919 43.21379 43.22845 43.24308 43.25766 43.27214 43.2886 43.3311 43.39776 43.46465 43.53162 43.59858 43.66548 43.73224 43.79882 43.86519 43.93137 43.99778 44.06801 44.16124 44.27434 44.38816 44.50197 44.61559 44.72896
40.1664 -9999 40.14246 40.13074 40.1192 40.10784 40.09666 40.08563 40.07475 40.06397 40.05329 40.04292 40.10442 40.23783 40.37168 40.50597 40.64071 40.77582 40.91114 41.04653 41.18285 41.32024 41.45873 41.59838 41.72182 41.82911 41.93773 42.04777 42.15928 42.27238 42.38718 42.50383 42.62236 42.74286 42.86493 42.9846 43.0703 43.1144 43.15085 43.17828 43.19561 43.21105 43.22651 43.24198 43.25743 43.27288 43.28865 43.30714 43.34956 43.41598 43.48328 43.55059 43.61794 43.68527 43.75257 43.81982 43.88711 43.95442 44.02232 44.09644 44.19013 44.30371 44.41968 44.53565 44.65169 44.76772
-9999 -9999 40.12712 40.11925 40.11153 40.10397 40.09656 40.08927 40.08207 40.07497 40.06815 40.06166 40.12243 40.25047 40.3789 40.50773 40.63691 40.76635 40.89577 41.02574 41.15668 41.28865 41.42167 41.55578 41.67645 41.78373 41.89224 42.00207 42.11328 42.22593 42.3401 42.45588 42.57331 42.69241 42.81225 42.9306 43.0197 43.07111 43.11712 43.15751 43.19088 43.21414 43.23163 43.24912 43.26661 43.28411 43.3025 43.3231 43.36666 43.43326 43.50139 43.56956 43.63772 43.70588 43.77404 43.84221 43.91037 43.97853 44.04898 44.12551 44.21955 44.33146 44.44793 44.56454 44.68116 44.79778
