Spatial_Analysis/Downscaled_EnvironmentalLayers/RCP8_5/2050/par_nearfuture.asc
ncols         648
nrows         324
xllcorner     -102.97071042
yllcorner     3.973116569
cellsize      0.083
NODATA_value  -9999
[rows 58 to 86 of 324, columns 132 to 197 of 648]
41.30519 41.32069 41.33618 41.35171 41.3679 41.38485 41.40822 41.43803 41.46866 41.49955 41.53043 41.56132 41.5922 41.62309 41.65398 41.68486 41.71573 41.74657 41.76555 41.77266 41.77975 41.78683 41.79391 41.80099 41.80807 41.81515 41.82223 41.82931 41.83602 41.84226 41.83103 41.80231 41.77309 41.74368 41.71427 41.68485 41.65544 41.62602 41.59661 41.5672 41.53819 41.50975 41.48576 41.46621 41.44727 41.42857 41.40989 41.3912 41.37251 41.35382 41.33513 41.31644 41.29731 41.2775 41.27042 41.27608 41.28104 41.28566 41.29028 41.2949 41.29951 41.30414 41.30875 41.31337 41.31821 41.32343
41.37533 41.39149 41.40765 41.42383 41.44062 41.45826 41.48243 41.5132 41.54481 41.57663 41.60844 41.64026 41.67208 41.7039 41.73571 41.76753 41.79924 41.83079 41.85085 41.85942 41.86783 41.8762 41.88457 41.89293 41.90131 41.90967 41.91804 41.9264 41.93441 41.94186 41.92999 41.89876 41.86697 41.83499 41.80302 41.77105 41.73908 41.7071 41.67513 41.64316 41.6116 41.58075 41.55561 41.53619 41.51749 41.49905 41.4806 41.46215 41.44371 41.42525 41.40681 41.38836 41.36954 41.35002 41.34264 41.3474 41.35144 41.35521 41.35898 41.36275 41.36651 41.37029 41.37405 41.37782 41.3818 41.38623
41.44547 41.4623 41.47912 41.49594 41.51324 41.53151 41.55652 41.5883 41.62096 41.65371 41.68645 41.7192 41.75196 41.7847 41.81745 41.8502 41.88281 41.91508 41.93623 41.94622 41.95592 41.96557 41.97523 41.98488 41.99453 42.00419 42.01384 42.0235 42.03288 42.04158 42.02905 41.99526 41.96083 41.9263 41.89178 41.85725 41.82272 41.78819 41.75366 41.71913 41.68492 41.6516 41.62532 41.6061 41.58773 41.56952 41.55132 41.53311 41.5149 41.4967 41.47849 41.46028 41.44184 41.42265 41.41497 41.41877 41.42184 41.42476 41.42768 41.4306 41.43352 41.43643 41.43935 41.44226 41.44534 41.44894
41.51562 41.5331 41.55059 41.56808 41.58578 41.6046 41.63046 41.66343 41.69711 41.73079 41.76447 41.79815 41.83183 41.86551 41.89919 41.93287 41.96647 41.99953 42.02174 42.03305 42.04399 42.05494 42.06588 42.07682 42.08776 42.09871 42.10965 42.12059 42.13142 42.14144 42.12823 42.09178 42.0547 42.01762 41.98053 41.94344 41.90636 41.86927 41.83218 41.7951 41.75813 41.72223 41.69484 41.67595 41.65796 41.64 41.62203 41.60406 41.5861 41.56813 41.55017 41.5322 41.51417 41.49538 41.48738 41.49015 41.49225 41.49431 41.49638 41.49845 41.50051 41.50258 41.50465 41.50671 41.50882 41.51154
41.58609 41.60413 41.62214 41.64021 41.65836 41.6775 41.70429 41.73864 41.77326 41.80786 41.8424 41.87692 41.91147 41.9461 41.98082 42.01554 42.05016 42.08421 42.10743 42.11985 42.13204 42.14403 42.15603 42.16815 42.18041 42.1928 42.20528 42.21769 42.22991 42.24149 42.22757 42.18822 42.14856 42.10879 42.06908 42.02945 41.98988 41.95032 41.91071 41.87106 41.83142 41.7926 41.76411 41.74592 41.7282 41.71056 41.69289 41.67519 41.65745 41.63968 41.62189 41.60413 41.5864 41.56821 41.55988 41.56143 41.56265 41.56391 41.56518 41.56643 41.56766 41.56885 41.57 41.57116 41.57237 41.57398
41.65741 41.676 41.69449 41.7129 41.73129 41.75021 41.77831 41.81401 41.84954 41.88488 41.9201 41.95528 41.99051 42.02588 42.06144 42.09731 42.13348 42.16917 42.19313 42.20594 42.21861 42.23149 42.24461 42.25797 42.27154 42.28534 42.29935 42.31359 42.32795 42.34171 42.32685 42.28416 42.24149 42.1991 42.15696 42.11499 42.07311 42.03123 41.9893 41.94721 41.90493 41.86272 41.8334 41.81614 41.79894 41.78164 41.76423 41.74675 41.72919 41.71158 41.69394 41.67628 41.65863 41.64105 41.63232 41.63277 41.63329 41.6338 41.63429 41.63475 41.63516 41.63552 41.6358 41.636 41.63612 41.63635
41.72948 41.74864 41.76769 41.78664 41.80551 41.82455 41.85355 41.88992 41.926 41.96186 41.99759 42.03329 42.06903 42.10491 42.14102 42.17745 42.21431 42.25129 42.27576 42.28941 42.30327 42.31742 42.33182 42.34648 42.36137 42.37649 42.39185 42.40745 42.42329 42.43905 42.42344 42.37812 42.33317 42.28859 42.24427 42.20012 42.15608 42.11203 42.06793 42.02367 41.97916 41.93443 41.90422 41.88735 41.87036 41.85323 41.836 41.81867 41.80127 41.78381 41.76633 41.74881 41.73129 41.71382 41.70477 41.70451 41.70425 41.70398 41.70369 41.70336 41.70298 41.70255 41.70203 41.70142 41.70071 41.69993
41.80228 41.82203 41.84171 41.8614 41.88124 41.90179 41.93027 41.96638 42.00262 42.03879 42.07488 42.11094 42.14704 42.18324 42.21957 42.25603 42.29234 42.32802 42.3539 42.37019 42.38608 42.40183 42.41769 42.43372 42.44991 42.46628 42.48279 42.49934 42.51562 42.53132 42.51607 42.47002 42.42366 42.37726 42.33101 42.28487 42.2388 42.19273 42.14662 42.10042 42.05419 42.00861 41.97714 41.95961 41.94244 41.92533 41.90817 41.89095 41.87368 41.85636 41.83903 41.8217 41.80443 41.78692 41.77765 41.77666 41.77553 41.77445 41.77337 41.77226 41.77112 41.76993 41.76869 41.76742 41.7662 41.76537
41.87487 41.89529 41.91573 41.93615 41.95668 41.97806 42.00612 42.04093 42.07618 42.11143 42.14667 42.18191 42.21716 42.25241 42.28766 42.32291 42.35807 42.39246 42.41809 42.43491 42.45127 42.46763 42.48399 42.50033 42.5167 42.53307 42.54943 42.56578 42.5821 42.59771 42.5834 42.53913 42.49439 42.44966 42.40492 42.36018 42.31544 42.27071 42.22598 42.18124 42.13657 42.09298 42.06169 42.04274 42.02461 42.00649 41.98837 41.97025 41.95213 41.934 41.91587 41.89775 41.8796 41.86098 41.85106 41.8498 41.84813 41.84647 41.8448 41.84313 41.84147 41.83979 41.83813 41.83646 41.83481 41.83395
41.94699 41.96804 41.98907 42.01012 42.03141 42.05333 42.08062 42.11331 42.14653 42.17979 42.21304 42.2463 42.27955 42.31281 42.34607 42.37932 42.41234 42.44468 42.4689 42.48495 42.50043 42.51585 42.53127 42.54669 42.56211 42.57753 42.59295 42.60838 42.62363 42.63832 42.62592 42.5864 42.54639 42.50632 42.46625 42.42617 42.3861 42.34604 42.30597 42.2659 42.22609 42.18726 42.15735 42.13638 42.11631 42.09636 42.07641 42.05647 42.03651 42.01656 41.99661 41.97667 41.95662 41.93616 41.92518 41.92368 41.92178 41.91982 41.91786 41.9159 41.91394 41.91198 41.91002 41.90807 41.90629 41.9054
42.01913 42.04078 42.06243 42.08408 42.10603 42.12841 42.15496 42.18571 42.21689 42.24815 42.27942 42.31068 42.34194 42.37321 42.40447 42.43573 42.46666 42.49706 42.51983 42.53497 42.54958 42.56406 42.57854 42.59303 42.60751 42.622 42.63649 42.65097 42.66523 42.67911 42.66859 42.63368 42.59838 42.56298 42.52757 42.49217 42.45677 42.42136 42.38596 42.35056 42.31555 42.28132 42.2528 42.23002 42.20801 42.18623 42.16446 42.14268 42.12091 42.09913 42.07735 42.05558 42.03366 42.01146 41.99944 41.99757 41.99542 41.99318 41.99092 41.98867 41.98643 41.98418 41.98192 41.97968 41.97778 41.97675
42.09127 42.11353 42.13578 42.15805 42.18056 42.20335 42.22918 42.25806 42.28724 42.31652 42.34579 42.37506 42.40433 42.4336 42.46288 42.49214 42.52106 42.54954 42.57087 42.58503 42.59873 42.61228 42.62582 42.63937 42.65292 42.66647 42.68001 42.69355 42.70691 42.72001 42.71138 42.68101 42.65038 42.61964 42.5889 42.55816 42.52742 42.49669 42.46595 42.43521 42.4049 42.3752 42.34809 42.32358 42.29971 42.2761 42.25251 42.2289 42.2053 42.1817 42.1581 42.13449 42.11077 42.08685 42.07376 42.07152 42.06907 42.06653 42.06399 42.06144 42.05891 42.05637 42.05382 42.05128 42.04921 42.04799
42.1634 42.18627 42.20914 42.23202 42.25504 42.27821 42.30333 42.33037 42.3576 42.38488 42.41216 42.43944 42.46672 42.494 42.52128 42.54855 42.57552 42.60212 42.62199 42.63514 42.64788 42.6605 42.6731 42.68571 42.69833 42.71093 42.72354 42.73615 42.74864 42.76097 42.75422 42.72838 42.70237 42.6763 42.65023 42.62415 42.59808 42.57201 42.54594 42.51987 42.49416 42.46897 42.44326 42.41707 42.3914 42.36598 42.34055 42.31512 42.2897 42.26427 42.23884 42.21341 42.1879 42.16228 42.14814 42.14549 42.14272 42.13988 42.13705 42.13422 42.13139 42.12856 42.12572 42.12289 42.12056 42.11909
42.23553 42.25901 42.2825 42.30597 42.32949 42.35307 42.37746 42.40268 42.42796 42.45325 42.47853 42.50383 42.52911 42.5544 42.57969 42.60497 42.63003 42.65474 42.67316 42.68527 42.69704 42.70871 42.72038 42.73206 42.74373 42.7554 42.76707 42.77874 42.79038 42.80195 42.79708 42.77575 42.75437 42.73296 42.71155 42.69015 42.66874 42.64733 42.62593 42.60452 42.58337 42.56266 42.53837 42.51052 42.4831 42.45585 42.4286 42.40134 42.37409 42.34683 42.31958 42.29232 42.26505 42.23772 42.22253 42.21947 42.21636 42.21324 42.21012 42.207 42.20387 42.20074 42.19762 42.1945 42.19182 42.19007
42.30767 42.33176 42.35585 42.37994 42.40399 42.42796 42.45163 42.47501 42.49832 42.52161 42.54491 42.5682 42.5915 42.6148 42.63809 42.66139 42.68455 42.70741 42.72436 42.73542 42.74619 42.75693 42.76766 42.7784 42.78913 42.79987 42.8106 42.82133 42.83209 42.8429 42.8399 42.8231 42.80636 42.78962 42.77288 42.75614 42.7394 42.72266 42.70592 42.68918 42.67257 42.65633 42.63345 42.60395 42.57481 42.54572 42.51664 42.48756 42.45848 42.4294 42.40031 42.37123 42.34217 42.31314 42.29689 42.29343 42.29001 42.28659 42.28318 42.27977 42.27635 42.27294 42.26952 42.26611 42.26298 42.26089
42.37981 42.40451 42.4292 42.4539 42.47855 42.50296 42.5259 42.54736 42.56867 42.58997 42.61128 42.63258 42.65389 42.67519 42.6965 42.7178 42.73906 42.76006 42.77556 42.78555 42.79535 42.80514 42.81494 42.82474 42.83453 42.84433 42.85413 42.86393 42.87375 42.88376 42.88264 42.87043 42.85835 42.84628 42.83421 42.82213 42.81006 42.79798 42.78591 42.77383 42.7618 42.75002 42.72855 42.69742 42.6665 42.63559 42.60469 42.57378 42.54288 42.51197 42.48106 42.45015 42.41926 42.38849 42.3712 42.36737 42.36366 42.35995 42.35624 42.35254 42.34883 42.34512 42.34142 42.33772 42.3341 42.33154
42.45153 42.47696 42.50246 42.52786 42.55317 42.57813 42.6003 42.61972 42.63901 42.6582 42.67741 42.69671 42.71607 42.73547 42.75487 42.77422 42.79353 42.81269 42.82672 42.83564 42.8445 42.8534 42.86232 42.87123 42.88012 42.88894 42.89772 42.90652 42.91538 42.92448 42.92527 42.91776 42.91035 42.90303 42.89569 42.8883 42.88086 42.87339 42.86592 42.85849 42.85108 42.84377 42.82373 42.79093 42.7582 42.72551 42.69283 42.66015 42.62745 42.59469 42.56187 42.52907 42.49633 42.46375 42.44541 42.4413 42.4373 42.4334 42.42948 42.42551 42.42149 42.41743 42.41336 42.40932 42.40533 42.40201
42.52203 42.54816 42.57447 42.60097 42.62757 42.65353 42.67474 42.6916 42.70843 42.72548 42.74273 42.76014 42.77766 42.79524 42.81285 42.83043 42.84793 42.86526 42.87781 42.88577 42.89381 42.90192 42.91005 42.91815 42.92621 42.93417 42.942 42.94967 42.95719 42.96502 42.96782 42.96538 42.96301 42.96047 42.95778 42.95497 42.95207 42.94914 42.94619 42.94328 42.94042 42.93766 42.91902 42.88449 42.85006 42.81569 42.78133 42.74695 42.71253 42.67801 42.64337 42.60857 42.57362 42.53888 42.51953 42.5155 42.5116 42.50756 42.50336 42.49905 42.49463 42.49016 42.48566 42.48116 42.4767 42.4724
42.59147 42.61819 42.64511 42.67226 42.69966 42.72699 42.74702 42.76165 42.7766 42.79185 42.80732 42.82296 42.83872 42.85455 42.8704 42.88623 42.90198 42.91759 42.92884 42.93604 42.94334 42.9507 42.95808 42.96544 42.97274 42.97994 42.98701 42.99388 43.00052 43.00701 43.01195 43.01439 43.01659 43.01857 43.02038 43.02206 43.02365 43.02519 43.02673 43.02829 43.02992 43.03166 43.01441 42.97823 42.94216 42.90614 42.87014 42.83413 42.79805 42.76189 42.72558 42.68909 42.65237 42.61547 42.59516 42.59113 42.58691 42.58245 42.57782 42.57306 42.5682 42.56328 42.55832 42.55337 42.54844 42.54359
42.65988 42.6871 42.71443 42.74183 42.76897 42.79559 42.81581 42.82985 42.8436 42.85734 42.87121 42.8852 42.89927 42.9134 42.92754 42.94164 42.95564 42.96962 42.9799 42.98646 42.99307 42.99973 43.00641 43.01308 43.0197 43.02626 43.03271 43.0391 43.04559 43.05238 43.05883 43.06484 43.07107 43.07732 43.08348 43.08957 43.09558 43.10155 43.10752 43.11352 43.11958 43.12568 43.10987 43.07215 43.03448 42.99686 42.95927 42.92166 42.88401 42.84628 42.80847 42.77058 42.73277 42.69518 42.6737 42.66833 42.66315 42.65804 42.65284 42.64755 42.64219 42.63678 42.63135 42.62593 42.62059 42.61569
42.72162 42.74925 42.77686 42.80447 42.832 42.85887 42.87912 42.89273 42.906 42.91927 42.93254 42.9458 42.95908 42.97236 42.98562 42.9989 43.01217 43.02551 43.03575 43.04292 43.05012 43.05732 43.06452 43.07172 43.07893 43.08612 43.09331 43.10051 43.10773 43.1153 43.12314 43.13128 43.13965 43.14801 43.15638 43.16476 43.17311 43.18147 43.18984 43.1982 43.20657 43.21503 43.20028 43.16233 43.12445 43.08657 43.04869 43.01082 42.97294 42.93505 42.89717 42.85928 42.82141 42.78371 42.761 42.7533 42.74574 42.73818 42.73063 42.72308 42.71552 42.70796 42.7004 42.69284 42.6853 42.67873
42.77698 42.80518 42.83339 42.86159 42.88955 42.91688 42.93752 42.95144 42.96483 42.97818 42.99155 43.0049 43.01826 43.03162 43.04498 43.05834 43.07173 43.08523 43.09643 43.10533 43.11432 43.12331 43.1323 43.14129 43.15029 43.15928 43.16828 43.17727 43.18634 43.19568 43.20454 43.21294 43.22157 43.23022 43.23888 43.24753 43.25619 43.26484 43.27349 43.28215 43.29084 43.2997 43.28565 43.2487 43.21189 43.17511 43.13832 43.10154 43.06475 43.02796 42.99118 42.95439 42.91763 42.88097 42.85686 42.84531 42.83385 42.82242 42.81098 42.79954 42.7881 42.77666 42.76522 42.75379 42.74255 42.7323
42.83232 42.86112 42.88991 42.91871 42.94713 42.97499 42.99598 43.01009 43.02365 43.03709 43.05054 43.06399 43.07744 43.09089 43.10433 43.11778 43.13131 43.14498 43.15712 43.16774 43.1785 43.1893 43.20008 43.21087 43.22166 43.23245 43.24324 43.25403 43.26492 43.27597 43.28587 43.29459 43.30349 43.31243 43.32138 43.33032 43.33926 43.34821 43.35715 43.3661 43.37514 43.38439 43.37104 43.33508 43.29933 43.26364 43.22795 43.19226 43.15657 43.12087 43.08519 43.0495 43.01381 42.97815 42.95264 42.9373 42.92197 42.90665 42.89133 42.87601 42.86069 42.84537 42.83005 42.81473 42.79977 42.7857
42.88766 42.91705 42.94644 42.97581 43.00476 43.03318 43.05452 43.06878 43.08247 43.09601 43.10954 43.12308 43.13662 43.15015 43.16369 43.17723 43.1909 43.20473 43.21782 43.23018 43.24269 43.25528 43.26787 43.28045 43.29303 43.30562 43.3182 43.33078 43.34345 43.35621 43.36713 43.37622 43.38541 43.39464 43.40388 43.41311 43.42234 43.43158 43.44081 43.45004 43.45944 43.46909 43.45643 43.42147 43.38677 43.35217 43.31758 43.28299 43.24839 43.21379 43.17919 43.1446 43.10997 43.07528 43.04839 43.02926 43.01009 42.99088 42.97168 42.95248 42.93328 42.91408 42.89487 42.87568 42.85691 42.83894
42.943 42.97298 43.00297 43.03294 43.06245 43.09146 43.11314 43.12749 43.14129 43.15492 43.16854 43.18217 43.19579 43.20942 43.22304 43.23667 43.25047 43.26447 43.2785 43.29259 43.30689 43.32127 43.33565 43.35003 43.36441 43.37878 43.39316 43.40754 43.42196 43.43641 43.44837 43.45783 43.46733 43.47686 43.48637 43.4959 43.50542 43.51494 43.52446 43.53399 43.54372 43.55376 43.54179 43.50785 43.47421 43.44071 43.40721 43.37371 43.34021 43.30671 43.2732 43.2397 43.20612 43.17242 43.14412 43.12122 43.0982 43.07512 43.05204 43.02895 43.00587 42.98278 42.9597 42.93662 42.91397 42.89205
42.99834 43.02892 43.0595 43.09007 43.12022 43.14982 43.17185 43.18626 43.20012 43.21383 43.22754 43.24125 43.25497 43.26868 43.28239 43.29611 43.31001 43.32416 43.33915 43.35498 43.37109 43.38726 43.40343 43.41961 43.43578 43.45195 43.46813 43.4843 43.50047 43.51661 43.52961 43.53944 43.54925 43.55906 43.56887 43.57869 43.5885 43.59831 43.60812 43.61793 43.62797 43.63837 43.62711 43.59419 43.56165 43.52924 43.49683 43.46443 43.43202 43.39962 43.36721 43.3348 43.30229 43.26957 43.23988 43.2132 43.18632 43.15936 43.13239 43.10542 43.07846 43.05149 43.02453 42.99756 42.97095 42.94505
43.05367 43.08485 43.11602 43.1472 43.17805 43.20828 43.23063 43.24507 43.25894 43.27274 43.28654 43.30034 43.31414 43.32795 43.34175 43.35555 43.3695 43.38379 43.39974 43.41735 43.43528 43.45324 43.47121 43.48919 43.50716 43.52512 43.54309 43.56106 43.57899 43.59684 43.61086 43.62106 43.63118 43.64127 43.65137 43.66147 43.67158 43.68168 43.69178 43.70187 43.71215 43.72291 43.71235 43.68048 43.64909 43.61777 43.58646 43.55516 43.52384 43.49253 43.46122 43.42991 43.3985 43.36679 43.3357 43.30521 43.27443 43.24358 43.21274 43.18189 43.15105 43.1202 43.08935 43.05851 43.02787 42.99796
43.10901 43.14078 43.17255 43.20432 43.23594 43.26684 43.2895 43.30387 43.31776 43.33165 43.34554 43.35943 43.37333 43.38721 43.4011 43.41499 43.42896 43.44335 43.46026 43.47971 43.49947 43.51923 43.539 43.55876 43.57853 43.59829 43.61805 43.63782 43.65755 43.67713 43.69218 43.70271 43.71309 43.72348 43.73388 43.74426 43.75465 43.76505 43.77543 43.78582 43.79629 43.80733 43.79748 43.76676 43.73652 43.70631 43.67609 43.64588 43.61567 43.58545 43.55523 43.52502 43.49475 43.4641 43.4316 43.39725 43.36255 43.32782 43.29309 43.25836 43.22364 43.18891 43.15418 43.11945 43.08478 43.05079
43.16439 43.19675 43.22909 43.26144 43.2938 43.32551 43.34843 43.36261 43.37659 43.39063 43.40468 43.4187 43.43268 43.44661 43.4605 43.47443 43.48841 43.5028 43.5207 43.54211 43.56367 43.58529 43.60691 43.62848 43.65001 43.67152 43.69303 43.71457 43.73613 43.7575 43.77357 43.78434 43.79501 43.80569 43.81635 43.82702 43.8377 43.84838 43.85907 43.86977 43.88044 43.89161 43.88249 43.85308 43.82396 43.79482 43.76566 43.73651 43.70739 43.67829 43.64922 43.62012 43.591 43.56155 43.52764 43.48927 43.45066 43.41203 43.37337 43.33474 43.29613 43.25755 43.21898 43.1804 43.14178 43.10358
