Spatial_Analysis/Downscaled_EnvironmentalLayers/RCP8_5/2050/par_nearfuture.asc
ncols         648
nrows         324
xllcorner     -102.97071042
yllcorner     3.973116569
cellsize      0.083
NODATA_value  -9999
[rows 87 to 115 of 324, columns 264 to 329 of 648]
44.21324 44.20428 44.19655 44.18989 44.18397 44.1766 44.16705 44.15307 44.13567 44.11932 44.10429 44.09033 44.07707 44.06418 44.05132 44.03814 44.0243 44.00979 43.95573 43.86828 43.78356 43.69915 43.61467 43.52991 43.44469 43.35883 43.27216 43.18451 43.09583 43.0073 42.96551 42.97049 42.97848 42.98587 42.9922 42.99759 43.00225 43.00637 43.01018 43.01387 43.01769 43.02206 43.04133 43.0738 43.10688 43.1404 43.17401 43.20745 43.24055 43.2731 43.30488 43.33571 43.36549 43.39503 43.39022 43.34936 43.31136 43.27311 43.23389 43.19373 43.15275 -9999 43.06885 43.02619 42.98329 42.94074
44.25571 44.24746 44.24055 44.23494 44.23058 44.22729 44.22125 44.20064 44.18114 44.16377 44.14803 44.13347 44.11969 44.10629 44.09292 44.07922 44.06477 44.04914 43.99995 43.9307 43.86222 43.79379 43.7252 43.65628 43.58686 43.51676 43.44577 43.37365 43.30011 43.22494 43.18194 43.17928 43.17664 43.17233 43.16665 43.15992 43.15239 43.14429 43.13584 43.12724 43.1187 43.11048 43.12103 43.14953 43.17884 43.20841 43.23801 43.26742 43.29645 43.32487 43.35247 43.37899 43.4041 43.42754 43.41537 43.37379 43.3331 43.29091 43.24742 43.20285 43.15739 43.11119 43.06438 -9999 42.96936 42.92138
44.29041 44.28277 44.2761 44.27004 44.26356 44.25471 44.24502 44.23318 44.21837 44.20271 44.18772 44.17352 44.1599 44.1466 44.1333 44.11972 44.10571 44.09175 44.05521 43.99814 43.94455 43.89166 43.83888 43.78592 43.7326 43.67873 43.62423 43.56906 43.51372 43.45974 43.4226 43.40234 43.38282 43.36435 43.34544 43.32585 43.30566 43.28504 43.26416 43.24323 43.22258 43.20255 43.20451 43.22874 43.25358 43.27901 43.30466 43.33021 43.35549 43.3803 43.4045 43.42804 43.45127 43.47573 43.46339 43.41361 43.36362 43.31492 43.26594 43.21631 43.16602 43.11514 43.06382 43.01223 42.96074 42.91021
44.36178 44.35955 44.35725 44.35482 44.35239 44.34837 44.33876 44.32376 44.30536 44.28661 44.26785 44.24902 44.23026 44.21157 44.19286 44.17411 44.15536 44.13848 44.10522 44.05531 44.01001 43.96529 43.92058 43.87595 43.83129 43.7865 43.74171 43.69699 43.65228 43.60735 43.5729 43.54896 43.52443 43.49981 43.4752 43.45068 43.42609 43.40141 43.37673 43.35211 43.3275 43.30338 43.30249 43.32473 43.34863 43.37283 43.39703 43.4213 43.44556 43.46971 43.49382 43.51802 43.54222 43.56602 43.55334 43.50425 43.45361 43.40265 43.3517 43.30085 43.24997 43.19894 43.14789 43.09694 43.04598 42.99498
44.47118 44.47994 44.4887 44.49746 44.50609 44.51239 44.50274 44.47728 44.44893 44.41948 44.39004 44.3606 44.33115 44.30171 44.27226 44.24282 44.21349 44.18733 44.14979 44.10065 44.05561 44.0123 43.96898 43.92567 43.88235 43.83904 43.79572 43.7524 43.70906 43.66471 43.63327 43.61483 43.59501 43.57455 43.55408 43.53362 43.51316 43.49269 43.47223 43.45177 43.43132 43.41252 43.41446 43.43695 43.46181 43.48789 43.51397 43.54005 43.56613 43.59221 43.61829 43.64437 43.67044 43.69518 43.68562 43.64194 43.59621 43.5493 43.5024 43.45549 43.40858 43.36168 43.31477 43.26786 43.22095 43.17397
44.58027 44.60021 44.62015 44.6401 44.65963 44.67692 44.66737 44.63106 44.59248 44.55236 44.51222 44.47208 44.43195 44.39181 44.35167 44.31153 44.27192 44.23568 44.19366 44.14573 44.10125 44.0593 44.01738 43.97547 43.93356 43.89164 43.84973 43.80781 43.76566 43.72167 43.69319 43.68032 43.66555 43.64928 43.63297 43.61666 43.60035 43.58404 43.56773 43.55142 43.53539 43.52201 43.52678 43.54953 43.57508 43.60295 43.63091 43.65887 43.68684 43.7148 43.74276 43.77072 43.7985 43.82407 43.81764 43.77936 43.7387 43.69596 43.6531 43.61023 43.56737 43.52451 43.48164 43.43879 43.39592 43.35298
44.68934 44.72047 44.7516 44.78273 44.8133 44.84189 44.83249 44.78518 44.73599 44.68523 44.6344 44.58357 44.53274 44.48191 44.43108 44.38025 44.33023 44.2835 44.23693 44.1904 44.14698 44.1063 44.06579 44.02528 43.98476 43.94425 43.90374 43.86322 43.82215 43.77852 43.75301 43.74572 43.73599 43.72401 43.71185 43.6997 43.68755 43.67539 43.66323 43.65108 43.63957 43.63151 43.6391 43.66212 43.68847 43.718 43.74784 43.77769 43.80754 43.83738 43.86723 43.89708 43.92646 43.95297 43.94968 43.91678 43.88108 43.8426 43.80379 43.76497 43.72615 43.68734 43.64853 43.60971 43.57088 43.53202
-9999 -9999 -9999 -9999 -9999 -9999 44.99799 44.93958 44.87955 44.8181 44.75658 44.69505 44.63353 44.57201 44.51048 44.44896 44.38831 44.33084 44.27966 44.23464 44.19261 44.15331 44.11419 44.07508 44.03597 43.99686 43.95774 43.91863 43.87875 43.83559 43.81306 43.8113 43.80648 43.79874 43.79074 43.78274 43.77474 43.76674 43.75874 43.75074 43.7436 43.74069 43.75103 43.77441 43.80177 43.83306 43.86479 43.89651 43.92824 43.95997 43.9917 44.02342 44.05454 44.08215 44.08206 44.05447 44.02356 43.98925 43.95448 43.91971 43.88494 43.85017 43.8154 43.78063 43.74586 43.71107
-9999 -9999 -9999 -9999 -9999 -9999 -9999 -9999 45.02316 44.95098 44.87876 -9999 -9999 44.66211 44.58989 44.51768 44.44613 44.37772 44.32188 44.27848 44.23812 44.20031 44.1626 44.12489 44.08718 44.04947 44.01175 43.97404 43.9356 43.89318 43.8737 43.87736 43.87713 43.87347 43.86963 43.86578 43.86193 43.85809 43.85424 43.85039 43.84731 43.8492 43.86222 43.88607 43.91484 43.94812 43.98173 44.01534 44.04895 44.08256 44.11617 44.14977 44.18286 44.21187 44.21506 44.1927 44.16626 44.1359 44.10518 44.07446 44.04373 44.013 43.98228 43.95156 43.92083 43.89013
-9999 -9999 -9999 -9999 -9999 -9999 -9999 -9999 -9999 -9999 -9999 -9999 -9999 44.75221 44.6693 44.58639 44.50378 44.42418 44.36362 44.32196 44.28363 44.24732 44.21101 44.17469 44.13839 44.10207 44.06576 44.02945 43.99279 43.95158 43.93527 43.94415 43.94788 43.9482 43.94851 43.94882 43.94912 43.94943 43.94974 43.95005 43.95068 43.95674 43.97226 43.99683 44.02774 44.06318 44.09866 44.13416 44.16965 44.20514 44.24063 44.27613 44.31143 44.34239 44.34902 44.3317 44.30914 44.28255 44.25587 44.22919 44.20251 44.17583 44.14916 44.12248 44.0958 44.06916
-9999 -9999 -9999 -9999 -9999 -9999 -9999 -9999 -9999 -9999 -9999 -9999 -9999 -9999 -9999 -9999 44.5615 -9999 44.4049 44.36518 44.32923 44.29432 44.25941 44.2245 44.18959 44.15468 44.11977 44.08486 44.04995 44.01108 43.9982 44.01183 44.01847 44.02294 44.0274 44.03186 44.03632 44.04078 44.04524 44.0497 44.05416 44.06302 44.0807 44.1065 44.14086 44.17823 44.2156 44.25298 44.29035 44.32773 44.3651 44.40248 44.43985 44.47392 44.4843 44.47165 44.45184 44.4292 44.40657 44.38393 44.3613 44.33867 44.31604 44.29341 44.27077 44.24818
-9999 -9999 -9999 -9999 -9999 -9999 -9999 -9999 -9999 -9999 -9999 -9999 -9999 -9999 -9999 -9999 -9999 44.51611 44.4457 -9999 44.37484 44.34114 44.30685 44.27261 44.23878 44.20552 44.17283 44.14021 44.10677 44.07169 44.06295 44.08007 44.08905 44.09746 44.10526 44.11339 44.12204 44.1311 44.1403 44.14933 44.15797 44.16814 44.18701 44.2154 44.25403 44.29322 44.33199 44.37064 44.4095 44.44881 44.48865 44.52872 44.56809 44.6063 44.62136 44.61232 44.59444 44.57567 44.55599 44.53651 44.51767 44.4995 44.48184 44.4642 44.44574 44.42717
-9999 -9999 -9999 -9999 -9999 -9999 -9999 -9999 -9999 -9999 -9999 -9999 -9999 -9999 -9999 -9999 -9999 -9999 44.48603 44.45232 44.41779 44.38285 44.34822 44.31421 44.281 44.24883 44.21791 44.18842 44.16031 44.13147 44.13008 44.14655 44.15551 44.16518 44.17642 44.18903 44.2027 44.21708 44.23182 44.2466 44.26102 44.27456 44.29053 44.32603 44.36618 44.40553 44.44459 44.48373 44.52331 44.56369 44.6052 44.64818 44.69276 44.73744 44.76074 44.75147 44.73273 44.71388 44.69641 44.68039 44.66571 44.65223 44.63984 44.62838 44.61757 44.60612
-9999 -9999 -9999 -9999 -9999 -9999 -9999 -9999 -9999 -9999 -9999 -9999 -9999 -9999 -9999 -9999 -9999 -9999 -9999 44.4887 44.45332 44.41827 44.38375 44.34996 44.31707 44.28531 44.25494 44.22626 -9999 -9999 44.18652 -9999 -9999 44.22436 44.24109 44.25941 44.27888 44.29914 44.31981 44.34055 44.36098 44.38069 44.3945 44.43509 44.47508 44.51442 44.5535 44.5927 44.6324 44.67297 44.71479 44.75834 44.80413 44.85273 44.88943 44.87392 44.85643 44.84121 44.82798 44.81645 44.80639 44.79767 44.79013 44.78373 44.77838 44.77402
-9999 -9999 -9999 -9999 -9999 -9999 -9999 -9999 -9999 -9999 -9999 -9999 -9999 -9999 -9999 -9999 -9999 -9999 -9999 -9999 44.48176 44.44775 44.41372 44.38013 44.34724 44.31525 44.28429 44.25437 44.22478 44.19285 44.19537 44.22749 -9999 44.27548 44.29957 44.32473 44.35078 44.37745 44.40442 44.43136 44.45787 44.48366 44.50898 44.54083 44.58086 44.62006 44.65889 44.69775 44.73698 44.77689 44.81776 44.85974 44.90237 44.94315 44.96823 44.97146 44.96593 44.95828 44.95111 44.94501 44.94004 44.93612 44.93311 44.93076 44.92844 44.92428
-9999 -9999 -9999 -9999 -9999 -9999 -9999 -9999 -9999 -9999 -9999 -9999 -9999 -9999 -9999 -9999 -9999 -9999 -9999 -9999 -9999 -9999 -9999 -9999 -9999 -9999 -9999 -9999 -9999 44.28788 44.28738 44.32011 44.34436 44.36746 44.39053 -9999 44.43648 44.4597 44.48293 44.50602 44.52911 44.55501 44.58238 44.61082 44.64907 44.68892 44.72876 44.76845 44.80819 44.84811 44.88815 44.928 44.96785 45.00554 45.02825 45.03626 45.03538 45.03279 45.03019 45.02732 45.0246 45.02218 45.01985 45.01728 45.01469 45.01223
-9999 -9999 -9999 -9999 -9999 -9999 -9999 -9999 -9999 -9999 -9999 -9999 -9999 -9999 -9999 -9999 -9999 -9999 -9999 -9999 -9999 -9999 -9999 -9999 -9999 -9999 -9999 -9999 -9999 -9999 -9999 44.48264 44.4959 44.50604 44.51619 44.52634 -9999 -9999 44.55678 44.56693 44.57712 44.59243 44.61523 44.64499 44.68227 44.72334 44.76442 44.80548 44.84655 44.88763 44.9287 44.96976 45.01083 45.04746 45.06901 45.07604 45.07612 45.07232 45.06851 45.0647 45.06091 45.0571 45.0533 45.04949 45.04568 45.04227
-9999 -9999 -9999 -9999 -9999 -9999 -9999 -9999 -9999 -9999 -9999 -9999 -9999 -9999 -9999 -9999 -9999 -9999 -9999 -9999 -9999 -9999 -9999 -9999 -9999 -9999 -9999 -9999 -9999 -9999 -9999 -9999 -9999 44.64463 44.64183 44.63903 -9999 -9999 -9999 44.62783 44.62556 44.62855 44.64618 44.67811 44.71564 44.75777 44.80006 44.84235 44.88465 44.92694 44.96924 45.01153 45.05342 45.09032 45.11127 45.11667 45.11662 45.11184 45.10682 45.1018 45.09677 45.09175 45.08673 45.08171 45.07672 45.07234
-9999 -9999 -9999 -9999 -9999 -9999 46.12774 46.03307 -9999 -9999 -9999 -9999 -9999 -9999 -9999 -9999 -9999 -9999 -9999 -9999 -9999 -9999 -9999 -9999 -9999 -9999 -9999 -9999 -9999 -9999 -9999 -9999 -9999 -9999 -9999 44.75172 44.73597 44.72023 -9999 44.68874 44.67383 44.66352 44.67572 44.71019 44.74908 44.79219 44.8357 44.87922 44.92274 44.96626 45.00978 45.0533 45.09608 45.13413 45.15474 45.1582 45.15707 45.15137 45.14512 45.13889 45.13264 45.1264 45.12016 45.11392 45.10778 45.10238
45.53941 45.64766 45.75591 45.86416 45.97253 46.08128 46.09542 46.01493 -9999 -9999 -9999 -9999 -9999 -9999 -9999 -9999 -9999 -9999 -9999 -9999 -9999 -9999 -9999 -9999 -9999 -9999 -9999 -9999 -9999 -9999 -9999 -9999 -9999 -9999 -9999 -9999 -9999 44.80703 -9999 -9999 -9999 44.69765 44.7043 44.74148 44.78227 44.82661 44.87135 44.9161 44.96083 45.00558 45.05032 45.09506 45.13904 45.17871 45.19911 45.2005 45.19778 45.19089 45.18343 45.17597 45.16851 45.16105 45.15359 45.14613 45.1388 45.13234
45.5192 45.62391 45.72861 45.83332 45.93816 46.04351 46.06303 45.99673 45.93092 -9999 -9999 -9999 -9999 -9999 -9999 -9999 -9999 -9999 -9999 -9999 -9999 -9999 -9999 -9999 -9999 -9999 -9999 -9999 -9999 -9999 -9999 -9999 -9999 -9999 -9999 -9999 -9999 44.89383 44.85218 44.81055 -9999 44.73127 44.73229 44.77229 44.81528 44.86104 44.907 44.95296 44.99893 45.0449 45.09086 45.13682 45.18228 45.2239 45.24418 45.24337 45.23873 45.23041 45.22174 45.21306 45.20438 45.1957 45.18703 45.17834 45.16977 45.16217
45.499 45.60016 45.70132 45.80248 45.90372 46.0056 46.03052 45.97844 45.92706 45.87605 -9999 -9999 -9999 -9999 -9999 -9999 -9999 -9999 -9999 -9999 -9999 -9999 -9999 -9999 -9999 -9999 -9999 -9999 -9999 -9999 -9999 -9999 -9999 -9999 -9999 -9999 -9999 -9999 -9999 44.87145 44.81701 44.76471 -9999 44.80295 44.8483 44.89546 44.94265 44.98983 45.03702 45.08421 45.1314 45.17859 45.22562 45.26949 45.28973 45.28663 45.27976 45.26994 45.26004 45.25014 45.24025 45.23035 45.22045 45.21056 45.20069 45.19182
45.4788 45.57641 45.67403 45.77164 45.86927 45.96754 45.99781 45.96003 45.92318 45.88658 45.84998 45.81338 -9999 -9999 -9999 -9999 -9999 -9999 -9999 -9999 -9999 -9999 -9999 -9999 -9999 -9999 -9999 -9999 -9999 -9999 -9999 -9999 -9999 -9999 -9999 -9999 -9999 -9999 -9999 -9999 -9999 -9999 -9999 44.83378 -9999 44.92988 44.97829 45.02671 45.07512 45.12353 45.17194 45.22035 45.26876 45.31526 45.33558 45.33006 45.32058 45.30946 45.29835 45.28724 45.27612 45.265 45.25389 45.24277 45.23166 45.22126
45.45844 45.55254 45.64669 45.7408 45.83487 45.92928 45.96483 45.94155 45.91932 45.8971 45.87475 45.85241 45.83014 45.80799 45.78596 45.76392 45.74172 -9999 -9999 -9999 -9999 -9999 -9999 -9999 -9999 -9999 -9999 -9999 -9999 -9999 -9999 -9999 -9999 -9999 -9999 -9999 -9999 -9999 -9999 -9999 -9999 -9999 -9999 44.8651 44.91467 -9999 45.01348 45.06283 45.11244 45.16228 45.21224 45.26211 45.31175 45.36089 45.38152 45.37331 45.36132 45.34898 45.3366 45.32422 45.31189 45.29958 45.28729 45.27498 45.26265 45.25053
45.43748 45.52806 45.61873 45.70949 45.80032 45.89101 45.9315 45.92323 45.91499 45.90662 45.89828 45.89004 45.88197 45.87412 45.86657 45.85936 45.85246 45.84528 45.84513 -9999 -9999 -9999 -9999 -9999 -9999 -9999 45.90878 45.91764 -9999 -9999 -9999 -9999 -9999 -9999 -9999 -9999 -9999 -9999 -9999 -9999 -9999 -9999 -9999 -9999 -9999 44.99503 -9999 45.09554 45.14676 45.19841 45.25032 45.30232 45.3542 45.4056 45.42735 45.41562 45.40182 45.38803 45.37435 45.36077 45.34727 45.33382 45.32041 45.307 45.29358 45.28009
45.41599 45.50302 45.59015 45.67739 45.76476 45.85227 45.89787 45.90361 45.90924 45.91488 45.92058 45.92641 45.93243 45.93869 45.9453 45.95232 45.95986 45.96806 45.97858 45.98918 46.0002 46.01179 46.02385 46.0363 46.04908 46.06212 46.0754 46.08886 46.10249 -9999 -9999 -9999 -9999 -9999 -9999 -9999 -9999 -9999 -9999 -9999 -9999 -9999 -9999 -9999 -9999 45.02087 45.07256 -9999 -9999 45.2321 45.28612 45.34026 45.39436 45.44821 45.47161 45.45656 45.44138 45.42641 45.41159 45.3969 45.38229 45.36775 45.35325 45.33876 45.32425 45.3097
45.39397 45.47742 45.56095 45.64454 45.72814 45.81163 45.86272 45.88213 45.90216 45.92196 45.94173 45.96158 45.98159 46.0018 46.02225 46.04298 46.06382 46.08414 46.10278 46.11999 46.13702 46.15371 46.17059 46.18773 46.20513 46.22275 46.24054 46.25844 46.2763 46.29375 -9999 -9999 -9999 -9999 -9999 -9999 -9999 -9999 -9999 -9999 -9999 -9999 -9999 -9999 -9999 -9999 -9999 -9999 -9999 -9999 45.31976 45.37609 45.43223 45.48783 45.50958 45.49577 45.48003 45.46416 45.44836 45.43264 45.41699 45.40139 45.38582 45.37026 45.35466 45.339
45.34867 45.42747 45.50628 45.58506 45.66384 45.74321 45.79662 45.82399 45.85272 45.88157 45.91039 45.93918 45.968 45.99688 46.02579 46.05464 46.08349 46.11245 46.13805 46.16028 46.18281 46.20537 46.22791 46.25039 46.27293 46.29555 46.31817 46.34074 46.3633 46.38556 -9999 -9999 -9999 -9999 -9999 -9999 -9999 -9999 -9999 -9999 -9999 -9999 -9999 -9999 -9999 -9999 -9999 -9999 -9999 -9999 45.37952 -9999 -9999 45.54092 45.56023 45.54543 45.52848 45.51115 45.49382 45.47647 45.45914 45.44182 45.42451 45.40718 45.38985 45.37292
45.28011 45.35324 45.42638 45.49951 45.57269 45.64687 45.69934 45.73005 45.76203 45.79446 45.82689 45.85933 45.89176 45.92419 45.95662 45.98906 46.02149 46.05417 46.08437 46.11206 46.14007 46.1682 46.19633 46.22447 46.25261 46.28074 46.30887 46.337 46.36513 46.39272 -9999 -9999 -9999 -9999 -9999 -9999 -9999 -9999 -9999 -9999 -9999 -9999 -9999 -9999 -9999 -9999 -9999 -9999 -9999 -9999 -9999 -9999 -9999 -9999 45.62343 -9999 45.58751 45.56783 45.54814 45.52845 45.50877 45.48908 45.46939 45.4497 45.43002 45.41129
