Spatial_Analysis/Downscaled_EnvironmentalLayers/RCP8_5/2050/ph_nearfuture.asc
ncols         648
nrows         324
xllcorner     -102.97071042
yllcorner     3.973116569
cellsize      0.083
NODATA_value  -9999
[rows 203 to 231 of 324, columns 396 to 461 of 648]
8.050454 8.051876 8.053286 8.054687 8.05608 8.057474 8.058675 8.059684 8.060699 8.061718 8.062739 8.063762 8.064783 8.065804 8.066826 8.067847 8.068869 8.069888 8.070703 8.071313 8.07192 8.072525 8.073127 8.07373 8.074331 8.074933 8.075536 8.076138 8.07674 8.077333 8.077771 8.078054 8.078324 8.078581 8.078831 8.079082 8.079332 8.079582 8.079832 8.080082 8.080333 8.080574 8.080709 8.080745 8.080767 8.080772 8.08077 8.080769 8.080765 8.080763 8.080761 8.080759 8.080756 8.08076 8.080702 8.080582 8.080469 8.080368 8.080271 8.080175 8.080078 8.079983 8.079886 8.07979 8.079695 8.079609
8.048623 8.050076 8.051519 8.05295 8.05437 8.055786 8.057007 8.058039 8.059074 8.06012 8.061165 8.062211 8.063256 8.064302 8.065348 8.066393 8.067438 8.068481 8.069318 8.06995 8.070578 8.071199 8.071823 8.072446 8.073069 8.07369 8.074314 8.074936 8.075558 8.076174 8.076628 8.076925 8.077209 8.077475 8.077736 8.077998 8.07826 8.078521 8.078783 8.079044 8.079307 8.07956 8.079701 8.079733 8.079748 8.079744 8.079735 8.079724 8.079715 8.079704 8.079695 8.079684 8.079674 8.079668 8.079598 8.079464 8.079338 8.079222 8.079111 8.078999 8.078888 8.078776 8.078665 8.078554 8.078444 8.078341
8.046782 8.048262 8.049737 8.051205 8.052655 8.054094 8.055336 8.056389 8.057452 8.058521 8.05959 8.060659 8.061729 8.062798 8.063869 8.064938 8.066008 8.067075 8.067935 8.068586 8.069233 8.069878 8.070518 8.071162 8.071805 8.072448 8.073092 8.073733 8.074377 8.075015 8.07549 8.0758 8.076093 8.076368 8.07664 8.076914 8.077187 8.07746 8.077734 8.078007 8.07828 8.078549 8.078697 8.078726 8.078733 8.078718 8.078701 8.078682 8.078664 8.078647 8.078629 8.07861 8.078592 8.078576 8.078494 8.078343 8.078204 8.078076 8.07795 8.077824 8.077698 8.07757 8.077444 8.077317 8.077192 8.077069
8.044945 8.046444 8.047941 8.04944 8.050932 8.052404 8.053665 8.054739 8.055829 8.056922 8.058015 8.059109 8.060202 8.061295 8.062389 8.063483 8.064576 8.06567 8.066551 8.067223 8.067888 8.068552 8.069216 8.069878 8.070541 8.071205 8.071868 8.072533 8.073196 8.073858 8.074354 8.074677 8.074976 8.075261 8.075545 8.07583 8.076115 8.076399 8.076685 8.07697 8.077254 8.077539 8.077697 8.077723 8.077717 8.07769 8.077666 8.07764 8.077614 8.077587 8.077562 8.077538 8.077511 8.077486 8.077387 8.077224 8.077071 8.07693 8.07679 8.076647 8.076506 8.076364 8.076223 8.076082 8.075941 8.0758
8.043108 8.04463 8.046148 8.047668 8.049187 8.050703 8.051991 8.053088 8.054206 8.05532 8.056433 8.057548 8.058662 8.059778 8.060897 8.062018 8.063143 8.064262 8.06517 8.06586 8.066545 8.067221 8.067896 8.068573 8.069254 8.069937 8.070623 8.071315 8.072008 8.072698 8.073221 8.073557 8.073858 8.074146 8.074432 8.074721 8.075014 8.075312 8.075611 8.075916 8.076221 8.076524 8.076704 8.076725 8.076698 8.076658 8.076618 8.07658 8.076546 8.076513 8.076485 8.076455 8.076427 8.076396 8.076281 8.0761 8.075941 8.075783 8.075624 8.075466 8.075309 8.075151 8.074997 8.074842 8.074688 8.074533
8.041271 8.042816 8.044357 8.045898 8.047438 8.048979 8.050311 8.051438 8.052571 8.053705 8.054836 8.055971 8.057106 8.058245 8.059385 8.06053 8.06168 8.062836 8.063785 8.064489 8.06517 8.065857 8.066547 8.067241 8.067938 8.068642 8.069348 8.070061 8.070781 8.071507 8.072086 8.072424 8.072704 8.072989 8.073281 8.07358 8.073883 8.074192 8.074506 8.074824 8.075149 8.075479 8.075703 8.075714 8.07565 8.075592 8.075542 8.075499 8.075459 8.075422 8.075388 8.075357 8.075325 8.075296 8.075174 8.074981 8.074802 8.074626 8.07445 8.074276 8.074104 8.073933 8.073762 8.073593 8.073426 8.073258
8.039436 8.041 8.042564 8.044127 8.045689 8.04725 8.048604 8.049756 8.050915 8.05207 8.053225 8.054379 8.055536 8.056694 8.057856 8.059021 8.060189 8.061361 8.062311 8.063038 8.063752 8.06446 8.065168 8.065882 8.066599 8.06732 8.068045 8.068775 8.06951 8.070248 8.070818 8.071177 8.071488 8.071791 8.072098 8.072409 8.072724 8.073045 8.073371 8.073701 8.074036 8.074371 8.074578 8.074595 8.074549 8.074492 8.074442 8.074396 8.074352 8.074314 8.074278 8.074244 8.074209 8.074175 8.074043 8.073838 8.073648 8.073459 8.073269 8.07308 8.072893 8.072706 8.072521 8.072337 8.072155 8.071972
8.037861 8.039436 8.04101 8.042585 8.044159 8.045731 8.047096 8.048254 8.049416 8.050583 8.051748 8.052915 8.05408 8.055247 8.056416 8.057585 8.058754 8.059921 8.060875 8.061611 8.062344 8.063076 8.063806 8.064534 8.065264 8.065996 8.06673 8.067467 8.068202 8.068934 8.069494 8.069864 8.070203 8.07053 8.070854 8.071177 8.071504 8.071831 8.072161 8.072494 8.072824 8.073152 8.073336 8.073355 8.073326 8.07328 8.073233 8.073184 8.073137 8.073093 8.07305 8.073008 8.072963 8.072918 8.07278 8.072555 8.07234 8.072129 8.071918 8.071707 8.071495 8.071285 8.071075 8.070865 8.070656 8.070446
8.036549 8.038123 8.0397 8.041274 8.042849 8.044422 8.045786 8.046939 8.048095 8.049254 8.050415 8.051579 8.05274 8.053902 8.055065 8.056227 8.05739 8.058552 8.059504 8.060244 8.060982 8.06172 8.062456 8.063193 8.063931 8.064668 8.065405 8.066141 8.066878 8.067614 8.068167 8.068541 8.068892 8.069223 8.069554 8.069885 8.070215 8.070546 8.070876 8.071207 8.071537 8.071865 8.072033 8.072044 8.072022 8.07197 8.071916 8.071863 8.07181 8.071755 8.071701 8.071648 8.071594 8.071541 8.071387 8.071134 8.070885 8.070642 8.070397 8.070153 8.06991 8.069666 8.069424 8.069179 8.068935 8.068695
8.035235 8.036811 8.038387 8.039963 8.041538 8.043113 8.044475 8.045624 8.046774 8.047928 8.049083 8.05024 8.051396 8.052553 8.053711 8.054869 8.056026 8.057182 8.058133 8.058878 8.059621 8.060363 8.061106 8.061847 8.062588 8.063331 8.064072 8.064814 8.065556 8.06629 8.066845 8.067221 8.06758 8.067917 8.068251 8.068584 8.068917 8.06925 8.069584 8.069918 8.070251 8.070575 8.070736 8.07074 8.070715 8.070661 8.070598 8.070536 8.070475 8.070413 8.07035 8.070288 8.070227 8.070166 8.069993 8.069712 8.06943 8.069154 8.068877 8.0686 8.068323 8.068045 8.067769 8.067492 8.067214 8.066949
8.033923 8.0355 8.037075 8.038652 8.040228 8.041802 8.043163 8.044309 8.045455 8.046602 8.047751 8.048901 8.050052 8.051204 8.052357 8.053509 8.054663 8.055815 8.056765 8.057512 8.058259 8.059006 8.059752 8.060499 8.061246 8.061993 8.062738 8.063486 8.064232 8.064968 8.065524 8.065905 8.066268 8.06661 8.066947 8.067283 8.067619 8.067956 8.068292 8.068628 8.068964 8.069284 8.069443 8.069438 8.069408 8.069351 8.06928 8.069209 8.069139 8.069069 8.068998 8.068928 8.068857 8.068787 8.068596 8.068287 8.067976 8.067665 8.067356 8.067045 8.066734 8.066425 8.066114 8.065804 8.065495 8.065203
8.032608 8.034186 8.035764 8.03734 8.038916 8.040491 8.04185 8.042993 8.044134 8.045277 8.046419 8.047565 8.04871 8.049856 8.051004 8.052151 8.053299 8.054446 8.055396 8.056147 8.056898 8.057649 8.0584 8.059152 8.059903 8.060656 8.061407 8.062159 8.062908 8.063648 8.064207 8.06459 8.064957 8.065305 8.065643 8.065983 8.066321 8.066662 8.066999 8.067339 8.067678 8.067999 8.068151 8.068141 8.068106 8.068041 8.067962 8.067883 8.067803 8.067724 8.067646 8.067568 8.067489 8.06741 8.067201 8.066862 8.066521 8.066178 8.065835 8.065492 8.065148 8.064804 8.064461 8.064117 8.063774 8.063452
8.031294 8.032871 8.034451 8.036028 8.037604 8.039181 8.040537 8.041676 8.042812 8.04395 8.045088 8.046228 8.047369 8.048509 8.049649 8.050792 8.051934 8.053078 8.054027 8.054781 8.055536 8.056293 8.057049 8.057805 8.058561 8.059317 8.060073 8.060829 8.061586 8.062329 8.062894 8.063279 8.063648 8.063997 8.064341 8.064682 8.065023 8.065366 8.065707 8.06605 8.066391 8.066715 8.066867 8.066848 8.066803 8.06673 8.066644 8.066557 8.066469 8.066381 8.066295 8.066208 8.066121 8.066032 8.065804 8.065435 8.065065 8.06469 8.064314 8.063936 8.06356 8.063184 8.062807 8.062429 8.062054 8.061699
8.029977 8.031557 8.033134 8.034713 8.036291 8.037868 8.039223 8.040357 8.041491 8.042624 8.043758 8.044893 8.046027 8.047162 8.048297 8.049433 8.050571 8.051708 8.052656 8.053415 8.054174 8.054935 8.055696 8.056458 8.057219 8.05798 8.05874 8.059502 8.060263 8.061014 8.061583 8.061971 8.062342 8.062692 8.063036 8.063381 8.063726 8.064072 8.064415 8.06476 8.065105 8.065435 8.065586 8.065559 8.065505 8.06542 8.065324 8.065229 8.065134 8.065039 8.064943 8.064848 8.064753 8.064654 8.064407 8.064012 8.063611 8.063202 8.062793 8.062383 8.061974 8.061563 8.061152 8.060743 8.060331 8.059939
8.02866 8.030239 8.031818 8.033398 8.034976 8.036554 8.037909 8.039038 8.040167 8.041295 8.042426 8.043555 8.044685 8.045815 8.046945 8.048077 8.049207 8.050339 8.051287 8.05205 8.052813 8.053579 8.054344 8.05511 8.055876 8.056643 8.057408 8.058174 8.058939 8.0597 8.060275 8.060665 8.061037 8.061386 8.061733 8.06208 8.062428 8.062776 8.063123 8.063471 8.063818 8.064158 8.064308 8.064276 8.064209 8.06411 8.064006 8.063902 8.063799 8.063696 8.063591 8.063488 8.063383 8.063279 8.063013 8.06259 8.062156 8.061715 8.061272 8.060828 8.060385 8.059942 8.059498 8.059055 8.058613 8.058178
8.027342 8.028923 8.030502 8.032082 8.033661 8.035239 8.036591 8.037717 8.038841 8.039967 8.041092 8.042217 8.043343 8.044468 8.045593 8.04672 8.047844 8.048971 8.049917 8.050681 8.051451 8.052222 8.052993 8.053763 8.054534 8.055305 8.056075 8.056846 8.057616 8.058386 8.058969 8.059363 8.059731 8.06008 8.06043 8.06078 8.061131 8.06148 8.061831 8.062181 8.062532 8.062881 8.063039 8.062996 8.062912 8.0628 8.062688 8.062575 8.062464 8.062351 8.062241 8.062128 8.062016 8.061903 8.061623 8.061171 8.060703 8.060226 8.059751 8.059275 8.058797 8.058321 8.057844 8.057368 8.056892 8.056416
8.026026 8.027605 8.029186 8.030766 8.032346 8.033924 8.035275 8.036395 8.037516 8.038636 8.039757 8.040876 8.041998 8.043119 8.044241 8.045362 8.046483 8.047604 8.048546 8.049314 8.05009 8.050865 8.051641 8.052416 8.05319 8.053967 8.054743 8.055517 8.056293 8.057068 8.057669 8.058062 8.058421 8.058773 8.059126 8.05948 8.059832 8.060186 8.060538 8.060892 8.061245 8.061598 8.061773 8.061722 8.061611 8.061491 8.06137 8.06125 8.061129 8.061008 8.060888 8.060768 8.060648 8.060528 8.060236 8.059754 8.05925 8.05874 8.058229 8.057719 8.05721 8.0567 8.05619 8.055681 8.05517 8.054661
8.02471 -9999 8.02787 8.029451 8.031031 8.03261 8.033958 8.035074 8.03619 8.037308 8.038424 8.039539 8.040654 8.041771 8.042887 8.044003 8.045119 8.046235 8.047174 8.047948 8.048727 8.049508 8.050289 8.051068 8.051847 8.052629 8.05341 8.05419 8.05497 8.05575 8.056364 8.056755 8.057111 8.057467 8.057823 8.058178 8.058535 8.058891 8.059246 8.059602 8.059958 8.060314 8.060501 8.060437 8.060308 8.06018 8.060053 8.059925 8.059797 8.059668 8.059538 8.059408 8.059278 8.059151 8.058848 8.058338 8.057798 8.057268 8.056739 8.056206 8.055671 8.055132 8.054587 8.054037 8.05348 8.052917
8.023397 -9999 8.026558 8.028139 8.029718 8.031298 8.032644 8.033754 8.034868 8.035978 8.037088 8.038197 8.039307 8.040415 8.041525 8.042633 8.043745 8.044855 8.045792 8.046553 8.047313 8.048072 8.048834 8.049597 8.050361 8.051126 8.051886 8.052641 8.053393 8.054143 8.054718 8.055122 8.055521 8.055914 8.056304 8.056686 8.057061 8.057428 8.05778 8.058128 8.058468 8.058795 8.058939 8.058899 8.058846 8.058783 8.05871 8.05862 8.058517 8.058385 8.058247 8.058107 8.057969 8.057829 8.057501 8.056982 8.056456 8.055923 8.055377 8.054816 8.054253 8.053686 8.053116 8.052542 8.051962 8.051376
8.022501 8.024061 8.025621 8.02718 8.028735 8.030291 8.031614 8.032703 8.033792 8.034882 8.035971 8.037061 8.038149 8.039238 8.040327 8.041416 8.042504 8.043592 8.044509 8.045254 8.045995 8.046728 8.04746 8.048187 8.048916 8.049641 8.050364 8.051085 8.051807 8.052525 8.053078 8.053466 8.053853 8.054237 8.05462 8.055 8.055376 8.055746 8.056111 8.056469 8.056818 8.057159 8.05731 8.05727 8.057217 8.057152 8.057083 8.057009 8.056928 8.056841 8.056746 8.056643 8.056527 8.056393 8.056047 8.0555 8.054947 8.05439 8.053828 8.053263 8.052689 8.052105 8.051506 8.0509 8.050293 8.049688
8.022013 8.023527 8.025041 8.026555 8.028069 8.029581 8.030865 8.03192 8.032976 8.034031 8.035086 -9999 -9999 8.038247 8.039301 8.040354 8.041405 8.042456 8.043337 8.044047 8.044754 8.045455 8.046148 8.04684 8.047529 8.048216 8.048903 8.049587 8.050272 8.050954 8.051481 8.051855 8.05223 8.052601 8.05297 8.053334 8.053694 8.054051 8.054404 8.054755 8.055099 8.055442 8.055592 8.055552 8.055504 8.055451 8.055391 8.055323 8.055241 8.055147 8.055048 8.054941 8.054829 8.054708 8.054377 8.053831 8.053274 8.052703 8.052112 8.051511 8.050905 8.050298 8.049683 8.049061 8.048428 8.047784
8.021508 8.02298 8.024452 8.025921 8.027391 8.028861 8.030107 8.031128 8.032148 8.033168 8.034188 8.035208 -9999 8.037245 8.03826 8.039276 8.040291 8.041303 8.042149 8.042828 -9999 -9999 -9999 8.045496 8.046152 8.046807 8.047461 8.048113 8.048763 8.049411 8.049917 8.050282 8.050642 8.050999 8.051353 8.051706 8.052056 8.052404 8.052749 8.053091 8.053431 8.053767 8.053907 8.053851 8.053792 8.05373 8.053662 8.05359 8.053513 8.05343 8.053337 8.053234 8.053118 8.052989 8.052641 8.052071 8.051495 8.050911 8.050322 8.049721 8.049107 8.048473 8.047826 8.047174 8.046518 8.045856
-9999 -9999 8.023853 8.02528 8.026709 8.028133 8.02934 8.030327 8.031312 8.032298 8.033282 8.034266 8.035248 -9999 -9999 -9999 8.039167 8.040144 8.040955 8.041603 8.042248 8.04289 -9999 8.044155 8.044782 8.045405 8.046027 8.046647 8.047267 8.047884 8.048369 8.048721 8.04907 8.049417 8.049763 8.050107 8.050447 8.050787 8.051125 8.051459 8.051792 8.052123 8.052253 8.05218 8.052103 8.052025 8.051945 8.05186 8.051771 8.05168 8.05158 8.051476 8.051365 8.051247 8.05089 8.050295 8.049689 8.049077 8.04846 8.047837 8.047208 8.046571 8.045924 8.045263 8.044582 8.04389
-9999 -9999 -9999 8.024633 8.026017 8.0274 8.028567 8.02952 8.03047 8.03142 8.032368 8.033317 8.034264 8.035208 8.036152 -9999 8.038039 8.03898 8.03976 8.040376 8.040991 8.041603 -9999 8.042814 8.043412 8.044008 8.044598 8.045189 8.045778 8.046365 8.046829 8.047173 8.047513 8.047852 8.048187 8.048523 8.048858 8.049191 8.04952 8.049849 8.050176 8.050501 8.050617 8.050527 8.050433 8.050338 8.050241 8.050141 8.050037 8.049931 8.04982 8.049705 8.049585 8.049461 8.049092 8.048477 8.047854 8.047222 8.046579 8.045927 8.045267 8.044604 8.043934 8.04326 8.042576 8.041883
-9999 -9999 -9999 8.023981 8.025322 8.026661 8.027789 8.028706 8.02962 8.030536 8.031449 8.032361 8.033274 8.034184 8.035093 8.036001 8.036909 8.037815 8.038563 8.039148 8.039734 8.040317 8.040897 8.041472 8.042044 8.042611 8.043174 8.043735 8.044292 8.044849 8.045295 8.04563 8.045963 8.046294 8.046624 8.046953 8.04728 8.047606 8.04793 8.048252 8.048573 8.048893 8.048997 8.048888 8.048777 8.048664 8.048549 8.048431 8.048311 8.048189 8.048063 8.047935 8.047804 8.047668 8.047277 8.046631 8.04598 8.045322 8.044659 8.043987 8.043306 8.042616 8.041916 8.04121 8.040501 8.039785
-9999 -9999 -9999 8.023325 8.024622 8.025917 8.027004 8.027887 8.028767 8.029647 8.030525 8.031404 8.032281 8.033155 8.034031 8.034904 8.035778 8.03665 8.037365 8.037922 8.038479 8.039033 8.039583 8.040131 8.040674 8.041214 8.041751 8.042281 8.042811 8.043339 8.043766 8.044094 8.04442 8.044745 8.045068 8.045389 8.04571 8.04603 8.046349 8.046665 8.04698 8.047293 8.047386 8.047258 8.047129 8.046997 8.046865 8.04673 8.046593 8.046453 8.046312 8.046169 8.046022 8.045874 8.045458 8.044776 8.04409 8.043402 8.042707 8.042007 8.041304 8.04059 8.039871 8.039141 8.038401 8.037655
-9999 -9999 -9999 -9999 8.023917 8.025169 8.026218 8.027066 8.027912 8.028756 8.0296 8.030443 8.031286 8.032128 8.032969 8.03381 8.034647 8.035484 8.036167 8.036697 8.037224 8.037749 8.038272 8.038791 8.039307 8.039818 8.040327 8.040833 8.041334 8.041833 8.042242 8.042564 8.042883 8.043201 8.043518 8.043835 8.044149 8.044462 8.044773 8.045084 8.045394 8.045702 8.045784 8.045636 8.045488 8.04534 8.045188 8.045036 8.044881 8.044725 8.044567 8.044407 8.044245 8.044081 8.043638 8.042919 8.042196 8.041471 8.040743 8.04001 8.039272 8.038532 8.037785 8.037033 8.036271 8.0355
-9999 -9999 -9999 -9999 8.023211 8.024419 8.025431 8.026243 8.027054 8.027865 8.028675 8.029484 8.030293 8.031101 8.031907 8.032713 8.033518 8.034321 8.034973 8.035473 8.035972 8.036469 8.036963 8.037453 8.037941 8.038425 8.038906 8.039385 8.03986 8.040331 8.040724 8.041039 8.041352 8.041664 8.041976 8.042284 8.042593 8.042901 8.043206 8.043511 8.043816 8.044119 8.044188 8.044023 8.043855 8.043688 8.043517 8.043346 8.043174 8.042999 8.042824 8.042647 8.042469 8.04229 8.041821 8.041059 8.0403 8.039536 8.038771 8.038002 8.03723 8.036456 8.035677 8.034893 8.034104 8.03331
-9999 8.018999 8.020167 8.021336 -9999 8.023668 8.024641 8.025418 8.026197 8.026974 8.02775 8.028524 8.0293 8.030073 8.030846 8.031618 8.032389 8.033159 8.033779 8.03425 8.034719 8.035189 8.035653 8.036117 8.036577 8.037033 8.037487 8.037939 8.038387 8.038833 8.039209 8.039516 8.039824 8.040131 8.040436 8.040739 8.041042 8.041346 8.041645 8.041945 8.042244 8.042542 8.042598 8.042414 8.042229 8.042041 8.041853 8.041664 8.041473 8.041281 8.041088 8.040893 8.040697 8.0405 8.040003 8.039202 8.038402 8.0376 8.036796 8.035989 8.035181 8.034369 8.033555 8.032737 8.031917 8.03109
