Spatial_Analysis/Downscaled_EnvironmentalLayers/RCP8_5/2050/ph_nearfuture.asc
ncols         648
nrows         324
xllcorner     -102.97071042
yllcorner     3.973116569
cellsize      0.083
NODATA_value  -9999
[rows 174 to 202 of 324, columns 66 to 131 of 648]
-9999 -9999 -9999 -9999 -9999 -9999 -9999 -9999 -9999 -9999 -9999 -9999 -9999 -9999 -9999 -9999 -9999 -9999 -9999 -9999 -9999 -9999 -9999 -9999 -9999 -9999 -9999 -9999 -9999 -9999 -9999 8.126966 -9999 -9999 -9999 -9999 -9999 -9999 -9999 -9999 -9999 -9999 -9999 -9999 -9999 -9999 -9999 -9999 -9999 -9999 -9999 -9999 -9999 -9999 -9999 -9999 -9999 -9999 -9999 -9999 -9999 -9999 -9999 -9999 -9999 -9999
-9999 -9999 -9999 -9999 -9999 -9999 -9999 -9999 -9999 -9999 -9999 -9999 -9999 -9999 -9999 -9999 -9999 -9999 -9999 -9999 -9999 -9999 -9999 -9999 -9999 -9999 -9999 -9999 -9999 8.127483 8.127321 8.127159 -9999 8.126835 8.126673 -9999 -9999 -9999 -9999 -9999 -9999 -9999 -9999 -9999 -9999 -9999 -9999 -9999 -9999 -9999 -9999 -9999 -9999 -9999 -9999 -9999 -9999 -9999 -9999 -9999 -9999 -9999 -9999 -9999 -9999 -9999
-9999 -9999 -9999 -9999 -9999 -9999 -9999 -9999 -9999 -9999 -9999 -9999 -9999 -9999 -9999 -9999 -9999 -9999 -9999 -9999 -9999 -9999 -9999 -9999 -9999 -9999 -9999 -9999 -9999 -9999 -9999 -9999 8.127172 8.126991 -9999 -9999 -9999 8.126193 8.125963 -9999 -9999 -9999 -9999 -9999 -9999 -9999 -9999 -9999 -9999 -9999 -9999 -9999 -9999 -9999 -9999 -9999 -9999 -9999 -9999 -9999 -9999 -9999 -9999 -9999 -9999 -9999
-9999 -9999 -9999 -9999 -9999 -9999 -9999 -9999 -9999 -9999 -9999 -9999 -9999 -9999 -9999 -9999 -9999 -9999 -9999 -9999 -9999 -9999 -9999 -9999 -9999 -9999 -9999 8.128345 8.128145 8.127946 8.127747 8.127546 8.127348 8.127149 8.126947 8.126743 8.126518 8.12627 -9999 -9999 8.125522 -9999 -9999 -9999 -9999 -9999 -9999 -9999 -9999 -9999 -9999 -9999 -9999 -9999 -9999 -9999 -9999 -9999 -9999 -9999 -9999 -9999 -9999 -9999 -9999 -9999
-9999 -9999 -9999 -9999 -9999 -9999 -9999 -9999 -9999 -9999 -9999 -9999 -9999 -9999 -9999 -9999 -9999 -9999 -9999 -9999 -9999 -9999 -9999 -9999 -9999 -9999 8.128834 8.128615 8.128397 8.128179 8.12796 8.127742 8.127523 8.127305 8.127085 8.126862 8.126617 8.126348 8.126078 8.125809 8.12554 -9999 8.124999 -9999 -9999 -9999 -9999 -9999 -9999 -9999 -9999 -9999 -9999 -9999 -9999 -9999 -9999 -9999 -9999 -9999 -9999 -9999 -9999 -9999 -9999 -9999
-9999 -9999 -9999 -9999 -9999 -9999 -9999 -9999 -9999 -9999 -9999 -9999 -9999 -9999 -9999 -9999 -9999 -9999 -9999 -9999 -9999 -9999 -9999 -9999 8.129603 8.12936 8.129122 8.128884 8.128647 8.128409 8.128173 8.127935 8.127698 8.127461 8.127222 8.126979 8.126714 8.126427 8.126137 8.125847 8.125557 8.125267 8.124976 8.124685 -9999 -9999 -9999 -9999 -9999 -9999 -9999 -9999 -9999 -9999 -9999 -9999 -9999 -9999 -9999 -9999 -9999 -9999 -9999 -9999 -9999 -9999
8.138761 8.138548 8.138319 8.138063 8.13778 -9999 -9999 -9999 -9999 -9999 -9999 -9999 -9999 -9999 -9999 -9999 -9999 -9999 -9999 -9999 -9999 8.130434 8.130265 8.130121 8.129927 8.129665 8.12941 8.129154 8.128899 8.128643 8.128386 8.12813 8.127874 8.127618 8.127359 8.127098 8.126812 8.126505 8.126196 8.125885 8.125574 8.125263 8.124954 8.124643 8.124332 -9999 -9999 -9999 -9999 -9999 -9999 -9999 -9999 -9999 -9999 -9999 -9999 -9999 -9999 -9999 -9999 -9999 -9999 -9999 -9999 -9999
8.138779 8.138544 8.138292 8.138021 8.137723 8.137398 -9999 -9999 -9999 -9999 -9999 -9999 -9999 -9999 -9999 -9999 -9999 -9999 8.131603 8.131325 8.131075 8.13085 8.130649 8.130471 8.130252 8.129973 8.129699 8.129423 8.129148 8.128874 8.128599 8.128325 8.128048 8.127773 8.127497 8.127216 8.126911 8.126583 8.126253 8.125922 8.125592 8.125261 8.124929 8.124599 8.124269 8.12394 8.123604 -9999 -9999 -9999 -9999 -9999 -9999 -9999 -9999 -9999 -9999 -9999 -9999 -9999 -9999 -9999 -9999 -9999 -9999 -9999
8.138798 8.138546 8.138278 8.137993 8.13769 8.137363 8.137015 8.136642 -9999 -9999 -9999 -9999 -9999 -9999 -9999 -9999 8.132712 8.132376 8.132064 8.131775 8.131508 8.131258 8.131029 8.130821 8.130575 8.13028 8.129986 8.129692 8.129399 8.129106 8.128812 8.128518 8.128223 8.127932 8.127636 8.127337 8.127011 8.126661 8.12631 8.125959 8.125608 8.125258 8.124907 8.124557 8.124205 8.123856 8.123504 8.123141 -9999 -9999 -9999 -9999 -9999 -9999 -9999 -9999 -9999 -9999 -9999 -9999 -9999 -9999 -9999 -9999 -9999 -9999
8.138821 8.138555 8.138279 8.137989 8.137686 8.137364 8.137027 8.136672 8.136299 8.135908 8.1355 8.135078 8.134655 8.134249 8.133865 8.133501 8.133154 8.132824 8.132511 8.132213 8.13193 8.131662 8.131409 8.13117 8.130899 8.130587 8.130274 8.129959 8.129644 8.129332 8.129019 8.128707 8.128396 8.128085 8.127773 8.127457 8.12711 8.126739 8.126365 8.125992 8.12562 8.125247 8.124877 8.124508 8.12414 8.123772 8.123402 8.123024 8.122662 -9999 -9999 -9999 -9999 -9999 -9999 -9999 -9999 -9999 -9999 -9999 -9999 -9999 -9999 -9999 -9999 -9999
8.138857 8.138587 8.138306 8.138014 8.137711 8.137398 8.137075 8.136742 8.136396 8.136043 8.135675 8.1353 8.134953 8.134596 8.134249 8.13391 8.133579 8.133257 8.132945 8.132641 8.132346 8.13206 8.131785 8.131518 8.131226 8.13089 8.130556 8.13022 8.129887 8.129553 8.12922 8.128889 8.128559 8.12823 8.127905 8.127581 8.127203 8.126804 8.126408 8.126014 8.125621 8.125229 8.124839 8.124451 8.124063 8.123676 8.123291 8.122907 8.122511 8.122135 8.121752 -9999 -9999 -9999 -9999 -9999 -9999 -9999 -9999 -9999 -9999 -9999 -9999 -9999 -9999 -9999
8.138933 8.138645 8.138356 8.138062 8.137764 8.137461 8.137154 8.136843 8.136528 8.136209 8.13589 8.135578 8.135264 8.134942 8.134624 8.134306 8.133991 8.133678 8.133368 8.13306 8.132753 8.132454 8.132155 8.131863 8.13154 8.131188 8.130833 8.130478 8.130123 8.129769 8.129416 8.129065 8.128713 8.128364 8.128014 8.127657 8.12727 8.126856 8.126441 8.126028 8.125616 8.125205 8.124795 8.124386 8.123977 8.123569 8.123163 8.122747 8.122343 8.121954 8.12156 8.121164 -9999 -9999 -9999 -9999 -9999 -9999 -9999 -9999 -9999 -9999 -9999 -9999 -9999 -9999
8.139056 8.13876 8.138462 8.138166 8.137873 8.137575 8.137278 8.136981 8.136683 8.136387 8.136091 8.135806 8.135507 8.135196 8.134886 8.134575 8.134266 8.133955 8.133644 8.133335 8.133023 8.132713 8.132403 8.132095 8.131758 8.131391 8.131024 8.130659 8.130291 8.129925 8.129559 8.129192 8.128826 8.12846 8.128093 8.12772 8.127322 8.126898 8.126474 8.12605 8.125624 8.1252 8.124775 8.124352 8.123928 8.123505 8.123079 8.122647 8.122231 8.121833 8.121433 8.121032 8.120632 -9999 -9999 -9999 -9999 -9999 -9999 -9999 -9999 -9999 -9999 -9999 -9999 -9999
8.139208 8.138909 8.138615 8.13832 8.138025 8.13773 8.137434 8.137139 8.136845 8.13655 8.136257 8.135973 8.135672 8.135355 8.13504 8.134727 8.134414 8.134102 8.133787 8.133473 8.13316 8.132847 8.132532 8.13222 8.131879 8.131506 8.131134 8.130762 8.13039 8.130017 8.129645 8.129274 8.128901 8.128529 8.128155 8.127775 8.127371 8.126943 8.126511 8.126078 8.125647 8.125216 8.124783 8.124352 8.123919 8.123487 8.123055 8.122612 8.122187 8.121778 8.121365 8.120951 8.120538 8.120125 -9999 -9999 -9999 -9999 -9999 -9999 -9999 -9999 -9999 -9999 -9999 -9999
8.13936 8.13906 8.138767 8.138474 8.138179 8.137886 8.137592 8.1373 8.137005 8.136711 8.136423 8.136139 8.135836 8.135515 8.135198 8.13488 8.134563 8.134247 8.133929 8.133612 8.133295 8.132978 8.132662 8.132345 8.131998 8.13162 8.131243 8.130865 8.130486 8.130108 8.129731 8.129354 8.128975 8.128597 8.128216 8.127831 8.12742 8.126987 8.126547 8.126106 8.125668 8.125229 8.124789 8.124349 8.123909 8.12347 8.123028 8.12258 8.122145 8.121723 8.121296 8.120869 8.120443 8.120016 8.11959 -9999 -9999 -9999 -9999 -9999 -9999 -9999 -9999 -9999 -9999 -9999
8.139509 8.139212 8.13892 8.138627 8.138334 8.138042 8.137751 8.137459 8.137167 8.136875 8.136587 8.136303 8.136001 8.135675 8.135353 8.135033 8.134713 8.134392 8.134071 8.133751 8.13343 8.13311 8.13279 8.13247 8.132118 8.131735 8.13135 8.130967 8.130585 8.1302 8.129816 8.129433 8.129049 8.128667 8.128279 8.127889 8.127472 8.127029 8.126583 8.126136 8.125689 8.125241 8.124794 8.124348 8.123899 8.123453 8.123002 8.122547 8.122103 8.121668 8.121228 8.120789 8.120348 8.119907 8.119468 8.119028 -9999 -9999 -9999 -9999 -9999 -9999 -9999 -9999 -9999 -9999
8.139659 8.139364 8.139071 8.138781 8.138489 8.138199 8.137908 8.137617 8.137327 8.137037 8.136751 8.136467 8.136163 8.135835 8.13551 8.135186 8.134862 8.134539 8.134214 8.13389 8.133566 8.133242 8.132919 8.132594 8.132237 8.131849 8.131458 8.131071 8.130681 8.130291 8.129904 8.129513 8.129124 8.128735 8.128343 8.127945 8.127523 8.127072 8.126619 8.126163 8.12571 8.125255 8.1248 8.124346 8.123891 8.123436 8.122977 8.122516 8.122061 8.121613 8.121161 8.120707 8.120254 8.119801 8.119347 8.118895 8.118441 -9999 -9999 -9999 -9999 -9999 -9999 -9999 -9999 -9999
8.139809 8.139513 8.139224 8.138934 8.138645 8.138356 8.138067 8.137777 8.137488 8.137199 8.136914 8.13663 8.136326 8.135995 8.135666 8.13534 8.135012 8.134685 8.134356 8.134029 8.133702 8.133374 8.133047 8.132719 8.132357 8.131963 8.131568 8.131172 8.130779 8.130384 8.129989 8.129594 8.129199 8.128803 8.128407 8.128004 8.127575 8.127115 8.126655 8.126192 8.125731 8.125267 8.124805 8.124343 8.123881 8.123419 8.122953 8.122486 8.12202 8.121557 8.121092 8.120625 8.120159 8.119692 8.119226 8.118759 8.118294 8.117826 -9999 -9999 -9999 -9999 -9999 -9999 -9999 -9999
8.139956 8.139664 8.139376 8.139088 8.1388 8.138514 8.138226 8.137938 8.13765 8.137362 8.137077 8.136792 8.136487 8.136154 8.135823 8.135492 8.13516 8.13483 8.1345 8.134169 8.133838 8.133507 8.133176 8.132843 8.132477 8.132077 8.131678 8.131276 8.130876 8.130475 8.130075 8.129674 8.129273 8.128873 8.128469 8.128063 8.127626 8.12716 8.12669 8.126221 8.125751 8.12528 8.124811 8.124342 8.123872 8.123402 8.122929 8.122456 8.121979 8.121503 8.121024 8.120543 8.120064 8.119585 8.119104 8.118625 8.118145 8.117666 8.117184 -9999 -9999 -9999 -9999 -9999 -9999 -9999
8.140102 8.139814 8.139528 8.139242 8.138955 8.13867 8.138382 8.138096 8.137812 8.137524 8.137239 8.136955 8.13665 8.136313 8.135979 8.135645 8.135311 8.134975 8.134642 8.134308 8.133974 8.133639 8.133305 8.132969 8.132597 8.132192 8.131785 8.131379 8.130972 8.130568 8.130159 8.129753 8.129348 8.128942 8.128533 8.128122 8.12768 8.127205 8.126726 8.126249 8.125772 8.125294 8.124817 8.12434 8.123862 8.123384 8.122906 8.122425 8.121939 8.121449 8.120955 8.120462 8.119968 8.119476 8.118984 8.11849 8.117997 8.117505 8.117011 8.116516 -9999 -9999 -9999 -9999 -9999 -9999
8.140251 8.139965 8.139681 8.139395 8.13911 8.138824 8.13854 8.138256 8.137971 8.137688 8.137403 8.137118 8.13681 8.136473 8.136135 8.135798 8.135458 8.13512 8.134783 8.134447 8.134109 8.133771 8.133433 8.133094 8.132717 8.132306 8.131894 8.131481 8.131068 8.130657 8.130245 8.129835 8.129422 8.129009 8.128597 8.128181 8.127732 8.127248 8.126762 8.126278 8.125792 8.125307 8.124823 8.124336 8.123853 8.123367 8.122883 8.122395 8.121899 8.121393 8.120888 8.12038 8.119875 8.119368 8.118862 8.118357 8.11785 8.117344 8.116837 8.116329 8.115829 -9999 -9999 -9999 -9999 -9999
8.140398 8.140112 8.139816 8.139524 8.139234 8.138948 8.138666 8.13839 8.138117 8.137846 8.137566 8.137281 8.136974 8.136629 8.136276 8.135925 8.135578 8.135235 8.134896 8.134562 8.13423 8.1339 8.133563 8.133219 8.132837 8.132418 8.131991 8.131565 8.131142 8.130724 8.130308 8.129896 8.129486 8.129076 8.128662 8.128241 8.127785 8.127291 8.126792 8.126295 8.125799 8.125307 8.124815 8.124326 8.123838 8.123349 8.122858 8.122364 8.121858 8.121338 8.120815 8.120296 8.119776 8.119257 8.118738 8.118218 8.117701 8.117182 8.116664 8.116143 8.115614 8.115063 -9999 -9999 -9999 -9999
8.140523 8.140213 8.139911 8.139614 8.139324 8.139038 8.13876 8.138487 8.13822 8.137959 8.137706 8.137444 8.137112 8.13674 8.136374 8.136017 8.135664 8.135317 8.134977 8.134641 8.134311 8.133986 8.133668 8.133347 8.132938 8.13249 8.132051 8.131617 8.131189 8.130766 8.130346 8.129931 8.12952 8.129112 8.128708 8.128302 8.127825 8.127308 8.126799 8.126293 8.125792 8.125292 8.124796 8.124302 8.123809 8.123316 8.122825 8.122333 8.121812 8.121274 8.120737 8.120203 8.119671 8.11914 8.118608 8.118078 8.117548 8.117019 8.116488 8.115956 8.115401 8.114817 8.11422 -9999 -9999 -9999
8.140558 8.140264 8.139965 8.139671 8.139383 8.1391 8.138823 8.138548 8.138281 8.138017 8.137751 8.13747 8.137157 8.136797 8.136433 8.136074 8.135721 8.135371 8.135027 8.134689 8.134354 8.134024 8.13369 8.133343 8.132954 8.132517 8.132078 8.131641 8.131211 8.130786 8.130363 8.129944 8.129528 8.129115 8.1287 8.128273 8.127808 8.127296 8.126784 8.126276 8.12577 8.125265 8.124765 8.124266 8.123767 8.12327 8.12277 8.122268 8.121744 8.121199 8.120651 8.120107 8.119562 8.11902 8.118477 8.117936 8.117393 8.116852 8.116309 8.115767 8.115189 8.114576 8.11396 8.11334 -9999 -9999
8.140554 8.140272 8.139992 8.139707 8.139423 8.139141 8.138862 8.138584 8.138308 8.138027 8.137748 8.137467 8.137154 8.136805 8.136456 8.136105 8.135752 8.135402 8.135056 8.13471 8.134367 8.134019 8.133671 8.133319 8.132931 8.132505 8.132078 8.131648 8.131218 8.130791 8.130365 8.129942 8.129519 8.129092 8.128666 8.128237 8.127771 8.127266 8.12676 8.126254 8.125748 8.125242 8.124738 8.124233 8.123731 8.123225 8.122721 8.122216 8.121688 8.121138 8.120588 8.120038 8.119488 8.118937 8.118387 8.117838 8.117288 8.116737 8.116188 8.115638 8.115049 8.114422 8.113796 8.11317 8.112543 8.111917
8.140564 8.140282 8.14 8.139719 8.139439 8.139156 8.138876 8.138594 8.138313 8.138033 8.137752 8.137471 8.137155 8.136806 8.136456 8.136106 8.135756 8.135407 8.135057 8.134708 8.134358 8.13401 8.133659 8.133307 8.132916 8.13249 8.132063 8.131636 8.131207 8.130779 8.130351 8.129925 8.129497 8.129068 8.128641 8.128212 8.127745 8.127239 8.126734 8.126228 8.125723 8.125217 8.124712 8.124206 8.123701 8.123196 8.12269 8.122185 8.121656 8.121102 8.12055 8.119997 8.119444 8.118891 8.118338 8.117785 8.117233 8.11668 8.116127 8.115573 8.114981 8.114347 8.113716 8.113084 8.112452 8.11182
8.140572 8.140289 8.140007 8.139726 8.139444 8.139162 8.138882 8.138599 8.138318 8.138037 8.137754 8.137474 8.137157 8.136806 8.136456 8.136105 8.135755 8.135403 8.135052 8.134701 8.134352 8.133999 8.133648 8.133293 8.132903 8.132476 8.132048 8.131618 8.131189 8.13076 8.130331 8.129903 8.129474 8.129045 8.128616 8.128186 8.127718 8.127213 8.126707 8.126201 8.125695 8.125189 8.124683 8.124178 8.123671 8.123165 8.122659 8.122154 8.121624 8.121068 8.120512 8.119955 8.1194 8.118844 8.118289 8.117733 8.117177 8.116621 8.116066 8.115508 8.114912 8.114275 8.113637 8.112999 8.112361 8.111723
8.140581 8.140298 8.140016 8.139734 8.139452 8.13917 8.138887 8.138604 8.138323 8.138041 8.137758 8.137476 8.137159 8.136806 8.136456 8.136103 8.135751 8.135399 8.135046 8.134693 8.134342 8.133989 8.133636 8.133282 8.13289 8.132462 8.132031 8.131602 8.131172 8.130742 8.130312 8.129882 8.129452 8.129021 8.128592 8.12816 8.127693 8.127186 8.12668 8.126173 8.125668 8.12516 8.124654 8.124147 8.123641 8.123135 8.122629 8.122124 8.121592 8.121033 8.120472 8.119915 8.119356 8.118797 8.118238 8.11768 8.117122 8.116562 8.116003 8.115444 8.114843 8.114201 8.113557 8.112914 8.11227 8.111628
8.140591 8.140307 8.140024 8.139742 8.139459 8.139176 8.138893 8.138611 8.138328 8.138046 8.137762 8.137481 8.137161 8.136808 8.136454 8.136101 8.135748 8.135394 8.13504 8.134687 8.134333 8.13398 8.133625 8.13327 8.132877 8.132447 8.132015 8.131584 8.131153 8.130722 8.130291 8.12986 8.129429 8.128998 8.128568 8.128137 8.127667 8.127161 8.126653 8.126146 8.125639 8.125132 8.124626 8.124118 8.123611 8.123104 8.122599 8.122093 8.121559 8.120996 8.120435 8.119873 8.119312 8.11875 8.118189 8.117627 8.117065 8.116505 8.115942 8.115379 8.114775 8.114126 8.113478 8.112828 8.112179 8.11153
