Spatial_Analysis/Downscaled_EnvironmentalLayers/RCP8_5/2050/ph_nearfuture.asc
ncols         648
nrows         324
xllcorner     -102.97071042
yllcorner     3.973116569
cellsize      0.083
NODATA_value  -9999
[rows 87 to 115 of 324, columns 528 to 593 of 648]
8.098662 8.098654 8.098648 8.098641 8.098635 8.098631 8.098618 8.098599 8.098577 8.098557 8.098534 8.098513 8.09849 8.09847 8.09845 8.098432 8.098413 8.098394 8.098359 8.098303 8.098247 8.098187 8.098128 8.09807 8.098011 8.097954 8.097897 8.09784 8.097784 8.09773 8.097649 8.097539 8.097427 8.097315 8.097202 8.09709 8.096979 8.096869 8.096758 8.096647 8.096538 8.096428 8.096273 8.096073 8.095871 8.095669 8.095467 8.095263 8.09506 8.094859 8.094658 8.094458 8.094255 8.094055 8.093784 8.093439 8.093096 8.092751 8.092405 8.09206 8.091716 8.091371 8.091026 8.090682 8.090339 8.089995
8.098531 8.098523 8.098517 8.098512 8.098507 8.098503 8.098494 8.098478 8.098454 8.098433 8.098411 8.09839 8.098369 8.098351 8.098331 8.098313 8.098296 8.09828 8.098248 8.098201 8.098146 8.098091 8.098038 8.097983 8.097931 8.097879 8.097828 8.097776 8.097727 8.097677 8.097605 8.097506 8.097404 8.0973 8.097197 8.097095 8.096992 8.096891 8.09679 8.096691 8.09659 8.096491 8.09635 8.096162 8.09597 8.095778 8.095589 8.095397 8.095207 8.095017 8.094828 8.09464 8.09445 8.094263 8.094006 8.093678 8.093348 8.093018 8.092686 8.092358 8.092028 8.091699 8.09137 8.091042 8.090714 8.090384
8.098394 8.098387 8.098381 8.098375 8.098372 8.098366 8.098355 8.098337 8.09832 8.098301 8.098282 8.098264 8.098244 8.098227 8.098207 8.098191 8.098174 8.098158 8.098127 8.098082 8.098036 8.09799 8.097942 8.097895 8.097848 8.097801 8.097755 8.09771 8.097666 8.09762 8.097551 8.097462 8.09737 8.09728 8.097187 8.097095 8.097004 8.096912 8.096821 8.096731 8.096641 8.096551 8.096416 8.09624 8.096062 8.095884 8.095707 8.09553 8.095352 8.095175 8.094997 8.094821 8.094645 8.094467 8.094221 8.093909 8.093595 8.093281 8.092967 8.092652 8.092338 8.092024 8.091711 8.091398 8.091084 8.090771
8.098382 8.098375 8.09837 8.098365 8.098359 8.098354 8.098345 8.098328 8.098312 8.098297 8.098281 8.098265 8.098249 8.098233 8.098218 8.098201 8.098186 8.098169 8.098143 8.098104 8.098066 8.098027 8.097988 8.097948 8.09791 8.097871 8.097833 8.097793 8.097754 8.097713 8.097656 8.097576 8.097496 8.097416 8.097336 8.097256 8.097174 8.097094 8.097013 8.096933 8.096853 8.096773 8.096649 8.096485 8.096321 8.096156 8.095991 8.095825 8.095661 8.095497 8.095332 8.095168 8.095003 8.094837 8.094606 8.094307 8.094009 8.093712 8.093413 8.093113 8.092815 8.092518 8.092218 8.091921 8.091622 8.091323
8.098495 8.098491 8.098486 8.098481 8.098475 8.098469 8.098461 8.098448 8.098436 8.098424 8.098412 8.098397 8.098385 8.098372 8.098358 8.098346 8.098333 8.09832 8.098299 8.098269 8.09824 8.098209 8.09818 8.09815 8.09812 8.098089 8.098059 8.098028 8.097998 8.097967 8.097918 8.09785 8.09778 8.097712 8.097643 8.097575 8.097506 8.097437 8.097368 8.097299 8.097229 8.097161 8.097051 8.096899 8.096747 8.096594 8.096443 8.096291 8.096138 8.095985 8.095835 8.095682 8.09553 8.095377 8.09516 8.094876 8.094593 8.094311 8.094027 8.093742 8.09346 8.093177 8.092892 8.092609 8.092326 8.092043
8.09861 8.098605 8.0986 8.098596 8.09859 8.098585 8.098577 8.09857 8.098558 8.098549 8.09854 8.09853 8.098519 8.098509 8.0985 8.09849 8.09848 8.098471 8.098455 8.098434 8.098413 8.098392 8.098372 8.09835 8.098328 8.098307 8.098284 8.098264 8.098242 8.09822 8.098181 8.098124 8.098066 8.098009 8.097952 8.097895 8.097836 8.097778 8.097722 8.097665 8.097607 8.097548 8.097452 8.097312 8.097172 8.097033 8.096894 8.096754 8.096615 8.096475 8.096336 8.096196 8.096058 8.095918 8.095713 8.095446 8.095178 8.094908 8.09464 8.094372 8.094104 8.093836 8.093567 8.093298 8.09303 8.092762
8.098724 8.09872 8.098715 8.098709 8.098704 8.098701 8.098696 8.098689 8.098683 8.098677 8.098669 8.098662 8.098656 8.098648 8.098642 8.098635 8.098627 8.09862 8.098611 8.0986 8.098588 8.098575 8.098561 8.098549 8.098536 8.098524 8.098511 8.098497 8.098485 8.098472 8.098444 8.098396 8.098351 8.098307 8.09826 8.098214 8.098167 8.098122 8.098075 8.09803 8.097984 8.097937 8.097852 8.097725 8.097599 8.097471 8.097345 8.097219 8.097092 8.096965 8.096838 8.09671 8.096584 8.096458 8.096267 8.096014 8.09576 8.095508 8.095255 8.095001 8.094748 8.094496 8.094242 8.093987 8.093735 8.093482
8.098839 8.098833 8.09883 8.098825 8.098822 8.098816 8.098812 8.098809 8.098805 8.098803 8.098799 8.098795 8.098791 8.098787 8.098783 8.098779 8.098775 8.09877 8.098768 8.098764 8.098762 8.098757 8.098753 8.098749 8.098745 8.098742 8.098738 8.098732 8.098728 8.098724 8.098705 8.098671 8.098637 8.098602 8.098568 8.098534 8.098499 8.098465 8.09843 8.098396 8.09836 8.098326 8.098251 8.098138 8.098024 8.09791 8.097795 8.097682 8.097569 8.097454 8.09734 8.097225 8.097112 8.096996 8.096821 8.096582 8.096344 8.096106 8.095869 8.095631 8.095392 8.095153 8.094915 8.094677 8.09444 8.094201
8.098953 8.098949 8.098945 8.09894 8.098936 8.098931 8.098928 8.098929 8.098928 8.098928 8.098927 8.098927 8.098927 8.098925 8.098924 8.098924 8.098923 8.098921 8.098924 8.098928 8.098936 8.09894 8.098945 8.098948 8.098953 8.098959 8.098963 8.098969 8.098972 8.098976 8.098968 8.098946 8.098923 8.0989 8.098877 8.098854 8.098831 8.098807 8.098784 8.098762 8.098738 8.098715 8.098654 8.098551 8.098451 8.098349 8.098248 8.098146 8.098045 8.097943 8.097842 8.09774 8.097638 8.097537 8.097375 8.097151 8.09693 8.096705 8.096481 8.096259 8.096036 8.095813 8.09559 8.095366 8.095143 8.09492
8.099068 8.099064 8.099059 8.099054 8.099052 8.099047 8.099047 8.09905 8.099052 8.099054 8.099058 8.09906 8.099061 8.099064 8.099066 8.099068 8.09907 8.099072 8.09908 8.099094 8.099108 8.099122 8.099136 8.099149 8.099163 8.099176 8.09919 8.099203 8.099216 8.09923 8.099231 8.09922 8.099209 8.099196 8.099185 8.099173 8.099161 8.09915 8.099138 8.099127 8.099114 8.099103 8.099052 8.098965 8.098877 8.098787 8.0987 8.09861 8.09852 8.098433 8.098344 8.098253 8.098166 8.098077 8.097928 8.097721 8.097512 8.097304 8.097096 8.096888 8.09668 8.096472 8.096264 8.096056 8.095848 8.095639
8.09918 8.099177 8.099174 8.099171 8.099167 8.099162 8.099163 8.099171 8.099176 8.099181 8.099186 8.099192 8.099195 8.099201 8.099207 8.099213 8.099218 8.099222 8.099237 8.099259 8.099281 8.099304 8.099327 8.099348 8.099371 8.099394 8.099416 8.099438 8.09946 8.099482 8.099493 8.099494 8.099493 8.099493 8.099493 8.099493 8.099492 8.099493 8.099491 8.099491 8.099492 8.099492 8.099453 8.099379 8.099302 8.099226 8.09915 8.099073 8.098997 8.098921 8.098845 8.098768 8.098692 8.098616 8.098482 8.098289 8.098095 8.097904 8.09771 8.097517 8.097324 8.097132 8.096937 8.096745 8.096552 8.096358
8.099297 8.099293 8.099289 8.099285 8.099281 8.099277 8.099281 8.099291 8.099298 8.099308 8.099316 8.099324 8.099333 8.09934 8.099349 8.099358 8.099364 8.099373 8.099394 8.099424 8.099457 8.099486 8.099518 8.099549 8.099581 8.099611 8.099642 8.099673 8.099703 8.099735 8.099755 8.099769 8.099779 8.099791 8.099801 8.099813 8.099825 8.099836 8.099847 8.099857 8.09987 8.09988 8.099854 8.099792 8.099729 8.099665 8.099601 8.099538 8.099475 8.099411 8.099348 8.099284 8.099219 8.099156 8.099036 8.098858 8.09868 8.098501 8.098324 8.098146 8.097968 8.097791 8.097612 8.097433 8.097256 8.097078
8.099414 8.099411 8.099407 8.099403 8.0994 8.099394 8.099399 8.099411 8.099422 8.099436 8.099447 8.09946 8.099472 8.099483 8.099493 8.099504 8.099515 8.099524 8.099549 8.099589 8.09963 8.09967 8.099712 8.099752 8.099793 8.099833 8.099873 8.099911 8.099951 8.099989 8.100019 8.100042 8.100065 8.100088 8.100113 8.100136 8.100159 8.100183 8.100204 8.100227 8.100248 8.100269 8.100255 8.100204 8.100155 8.100105 8.100055 8.100005 8.099955 8.099903 8.099853 8.099801 8.099749 8.099697 8.099589 8.099426 8.099264 8.099101 8.09894 8.098778 8.098616 8.098454 8.098289 8.098126 8.097963 8.097798
8.099533 8.09953 8.099527 8.099524 8.099519 8.099514 8.09952 8.099534 8.09955 8.099567 8.099582 8.099598 8.099612 8.099627 8.099642 8.099654 8.099668 8.09968 8.09971 8.099757 8.099808 8.099858 8.099909 8.099957 8.100007 8.100056 8.100105 8.100151 8.100199 8.100246 8.100286 8.100319 8.100355 8.10039 8.100427 8.100462 8.100496 8.100531 8.100565 8.100597 8.100632 8.100664 8.10066 8.10062 8.100584 8.100548 8.100512 8.100473 8.100436 8.100399 8.10036 8.100321 8.100283 8.100242 8.100147 8.099998 8.099852 8.099705 8.099559 8.099413 8.099266 8.099117 8.098969 8.098821 8.098671 8.098522
8.099655 8.099653 8.099649 8.099647 8.099643 8.099639 8.099648 8.099665 8.099684 8.099701 8.09972 8.099737 8.099756 8.099772 8.099791 8.099808 8.099825 8.09984 8.099878 8.099936 8.099993 8.10005 8.100109 8.100166 8.100224 8.100282 8.100338 8.100395 8.100452 8.100508 8.100559 8.100606 8.100651 8.100697 8.100742 8.100789 8.100835 8.100882 8.100925 8.100971 8.101016 8.101061 8.101071 8.101047 8.101021 8.100996 8.100971 8.100945 8.100921 8.100896 8.100869 8.100843 8.100817 8.10079 8.100712 8.100578 8.100447 8.100313 8.100181 8.100049 8.099916 8.099784 8.099651 8.099517 8.099384 8.099251
8.099855 8.099854 8.099852 8.099851 8.09985 8.099848 8.099859 8.099882 8.099905 8.099928 8.099953 8.099976 8.099998 8.10002 8.100043 8.100066 8.100089 8.100112 8.100157 8.100224 8.10029 8.100359 8.100426 8.100492 8.100559 8.100626 8.100695 8.100761 8.100828 8.100895 8.100958 8.101015 8.101072 8.10113 8.101187 8.101244 8.1013 8.101357 8.101415 8.101472 8.101529 8.101585 8.101608 8.101593 8.10158 8.101566 8.101551 8.101538 8.101523 8.10151 8.101496 8.10148 8.101467 8.101454 8.101387 8.101267 8.101148 8.101028 8.10091 8.10079 8.100672 8.100553 8.100432 8.100314 8.100195 8.100075
8.100133 8.100134 8.100135 8.100136 8.100136 8.100136 8.100153 8.100184 8.100216 8.100246 8.100277 8.100307 8.100339 8.100368 8.100399 8.10043 8.100461 8.100492 8.100546 8.100624 8.100702 8.10078 8.100859 8.100937 8.101014 8.101093 8.10117 8.10125 8.101326 8.101404 8.101477 8.101547 8.101616 8.101685 8.101753 8.101822 8.101891 8.101959 8.102028 8.102097 8.102165 8.102234 8.102267 8.102264 8.102261 8.102257 8.102253 8.102249 8.102245 8.102242 8.102238 8.102234 8.10223 8.102226 8.102171 8.102064 8.101957 8.101851 8.101744 8.101637 8.10153 8.101423 8.101316 8.10121 8.101103 8.100996
8.100412 8.100414 8.100417 8.10042 8.100424 8.100426 8.100447 8.100486 8.100525 8.100565 8.100602 8.100641 8.100679 8.100718 8.100756 8.100795 8.100833 8.100872 8.100935 8.101025 8.101113 8.101202 8.101292 8.101379 8.101469 8.101559 8.101646 8.101736 8.101824 8.101914 8.101997 8.102079 8.10216 8.10224 8.10232 8.102401 8.102482 8.102562 8.102642 8.102722 8.102803 8.102883 8.102926 8.102934 8.102942 8.102948 8.102953 8.102961 8.102967 8.102974 8.102982 8.102987 8.102993 8.103001 8.102957 8.102861 8.102768 8.102673 8.102579 8.102484 8.102388 8.102295 8.102201 8.102104 8.102011 8.101916
8.10069 8.100695 8.1007 8.100705 8.10071 8.100716 8.100741 8.100788 8.100836 8.100882 8.100928 8.100974 8.101021 8.101067 8.101113 8.101159 8.101206 8.101252 8.101324 8.101424 8.101524 8.101624 8.101724 8.101824 8.101924 8.102023 8.102123 8.102222 8.102323 8.102423 8.102518 8.102612 8.102704 8.102796 8.102888 8.10298 8.103072 8.103165 8.103256 8.103348 8.103441 8.103533 8.103586 8.103603 8.103621 8.103639 8.103655 8.103672 8.103689 8.103705 8.103724 8.10374 8.103757 8.103773 8.103742 8.103659 8.103577 8.103495 8.103413 8.103331 8.103247 8.103166 8.103084 8.103001 8.102919 8.102837
8.100968 8.100975 8.100983 8.10099 8.100996 8.101005 8.101035 8.101089 8.101145 8.1012 8.101254 8.101307 8.101362 8.101416 8.101469 8.101524 8.101578 8.101631 8.101713 8.101825 8.101936 8.102047 8.102158 8.102268 8.102379 8.102489 8.1026 8.102711 8.102821 8.102932 8.103039 8.103144 8.103247 8.103352 8.103455 8.103558 8.103662 8.103765 8.103869 8.103973 8.104076 8.104181 8.104246 8.104275 8.104301 8.10433 8.104356 8.104383 8.104411 8.104439 8.104465 8.104492 8.10452 8.104548 8.104527 8.104456 8.104386 8.104317 8.104246 8.104176 8.104105 8.104037 8.103968 8.103897 8.103827 8.103757
8.101247 8.101256 8.101267 8.101274 8.101284 8.101294 8.10133 8.101392 8.101454 8.101517 8.10158 8.101641 8.101703 8.101765 8.101826 8.101888 8.10195 8.102011 8.102102 8.102225 8.102346 8.102468 8.102591 8.102713 8.102833 8.102955 8.103076 8.103198 8.10332 8.103441 8.10356 8.103676 8.10379 8.103906 8.104021 8.104137 8.104253 8.104368 8.104485 8.104599 8.104713 8.10483 8.104906 8.104945 8.104982 8.105021 8.105059 8.105095 8.105133 8.105171 8.105207 8.105246 8.105284 8.10532 8.105311 8.105253 8.105196 8.105138 8.105081 8.105022 8.104966 8.104908 8.104849 8.104793 8.104734 8.104678
8.101524 8.101538 8.101547 8.10156 8.101571 8.101583 8.101624 8.101694 8.101765 8.101835 8.101904 8.101974 8.102043 8.102114 8.102182 8.102253 8.102322 8.10239 8.102493 8.102625 8.102757 8.10289 8.103024 8.103155 8.103288 8.103421 8.103553 8.103685 8.103818 8.103951 8.10408 8.104208 8.104334 8.104462 8.104589 8.104716 8.104843 8.104969 8.105099 8.105225 8.105351 8.105478 8.105566 8.105615 8.105662 8.105711 8.105759 8.105807 8.105855 8.105904 8.105951 8.105999 8.106047 8.106094 8.106096 8.10605 8.106005 8.105961 8.105915 8.105869 8.105824 8.105778 8.105734 8.105688 8.105643 8.105598
8.101803 8.101817 8.10183 8.101845 8.101858 8.101872 8.101918 8.101996 8.102074 8.102153 8.102229 8.102306 8.102385 8.102461 8.102538 8.102615 8.102694 8.102771 8.102881 8.103025 8.103168 8.103312 8.103456 8.1036 8.103743 8.103886 8.10403 8.104173 8.104317 8.10446 8.104601 8.10474 8.104878 8.105017 8.105156 8.105295 8.105434 8.105573 8.105711 8.10585 8.105989 8.106128 8.106227 8.106285 8.106344 8.106401 8.106461 8.106518 8.106577 8.106634 8.106693 8.106751 8.10681 8.106867 8.10688 8.106848 8.106815 8.106783 8.10675 8.106716 8.106684 8.106649 8.106617 8.106585 8.106551 8.106518
8.102083 8.102098 8.102114 8.10213 8.102146 8.102161 8.102213 8.102299 8.102385 8.10247 8.102555 8.102639 8.102725 8.10281 8.102896 8.102981 8.103065 8.103151 8.103271 8.103426 8.10358 8.103733 8.103889 8.104044 8.104198 8.104352 8.104506 8.104661 8.104815 8.104969 8.105121 8.105272 8.105422 8.105573 8.105722 8.105873 8.106026 8.106175 8.106325 8.106476 8.106627 8.106777 8.106886 8.106956 8.107024 8.107093 8.107162 8.10723 8.107298 8.107368 8.107437 8.107505 8.107573 8.107641 8.107666 8.107645 8.107624 8.107605 8.107584 8.107563 8.107542 8.107521 8.1075 8.107481 8.10746 8.107437
8.102365 8.102384 8.1024 8.102417 8.102434 8.102451 8.102507 8.102601 8.102695 8.102788 8.102882 8.102976 8.10307 8.103163 8.103256 8.103348 8.10344 8.103532 8.10366 8.103827 8.103991 8.104158 8.104324 8.10449 8.104656 8.104822 8.104986 8.105151 8.105315 8.105478 8.105641 8.105803 8.105967 8.10613 8.106293 8.106455 8.106619 8.106781 8.106943 8.107103 8.107265 8.107427 8.107546 8.107625 8.107705 8.107784 8.107864 8.107944 8.108024 8.108103 8.108181 8.108259 8.108337 8.108417 8.108451 8.108442 8.108435 8.108426 8.108419 8.108412 8.108403 8.108395 8.108387 8.108377 8.108368 8.108359
8.10265 8.102671 8.102692 8.102711 8.102729 8.102747 8.102806 8.102905 8.103008 8.103111 8.103214 8.103316 8.103417 8.103518 8.103619 8.10372 8.103819 8.103918 8.104053 8.104229 8.104406 8.104586 8.104763 8.10494 8.105118 8.105293 8.105469 8.105644 8.10582 8.105993 8.106166 8.106339 8.106514 8.10669 8.106866 8.10704 8.107214 8.107389 8.107563 8.107735 8.107906 8.10808 8.10821 8.108297 8.108389 8.10848 8.10857 8.10866 8.10875 8.108839 8.108928 8.109016 8.109105 8.109193 8.109238 8.109241 8.109245 8.109251 8.109257 8.109262 8.109265 8.109269 8.109272 8.109276 8.10928 8.109283
8.102938 8.102961 8.102982 8.103004 8.103025 8.103046 8.103113 8.103222 8.103331 8.103439 8.10355 8.103659 8.103769 8.103877 8.103985 8.104094 8.1042 8.104308 8.104456 8.104643 8.10483 8.105019 8.105206 8.105394 8.105581 8.105768 8.105955 8.106142 8.106327 8.106514 8.106699 8.106884 8.107069 8.107255 8.107441 8.107627 8.107813 8.107998 8.108183 8.108368 8.108553 8.108737 8.108879 8.108979 8.109079 8.109179 8.10928 8.109379 8.109478 8.109578 8.109676 8.109776 8.109875 8.109974 8.110031 8.110047 8.110064 8.110079 8.110096 8.110113 8.110128 8.110146 8.110161 8.110176 8.110191 8.110208
8.10327 8.103298 8.103326 8.103354 8.103382 8.103409 8.103484 8.103603 8.103722 8.103842 8.10396 8.104078 8.104198 8.104317 8.104435 8.104553 8.104671 8.10479 8.104949 8.105149 8.105349 8.105547 8.105747 8.105946 8.106145 8.106344 8.106544 8.106743 8.106941 8.107141 8.10734 8.107537 8.107735 8.107932 8.10813 8.108328 8.108524 8.108723 8.10892 8.109117 8.109314 8.109511 8.109666 8.109777 8.109888 8.109999 8.110109 8.11022 8.110331 8.110441 8.110552 8.110662 8.110773 8.110884 8.110952 8.110978 8.111004 8.111031 8.111056 8.111083 8.111109 8.111135 8.111161 8.111187 8.111212 8.111239
8.103645 8.103683 8.10372 8.103758 8.103794 8.103831 8.103916 8.104048 8.104179 8.104311 8.104442 8.104573 8.104704 8.104836 8.104966 8.105098 8.105228 8.10536 8.105532 8.105745 8.105959 8.106172 8.106384 8.106598 8.106811 8.107023 8.107235 8.107449 8.10766 8.107874 8.108086 8.108296 8.108507 8.108717 8.108927 8.109138 8.109348 8.109559 8.10977 8.10998 8.11019 8.110401 8.110569 8.110691 8.110815 8.110937 8.11106 8.111183 8.111305 8.111429 8.111551 8.111675 8.111797 8.11192 8.112 8.112033 8.112068 8.112103 8.112135 8.112169 8.112205 8.112238 8.112272 8.112306 8.11234 8.112374
