Spatial_Analysis/Downscaled_EnvironmentalLayers/RCP8_5/2050/ph_nearfuture.asc
ncols         648
nrows         324
xllcorner     -102.97071042
yllcorner     3.973116569
cellsize      0.083
NODATA_value  -9999
[rows 58 to 86 of 324, columns 198 to 263 of 648]
8.040073 8.040663 8.041255 8.041851 8.042446 8.043041 8.043638 8.044233 8.044828 8.045424 8.046019 8.046614 8.047311 8.04811 8.048909 8.049707 8.050507 8.051305 8.052104 8.052902 8.053701 8.0545 8.055298 8.056094 8.056963 8.057905 8.058844 8.059783 8.06072 8.061661 8.062599 8.063537 8.064476 8.065414 8.066354 8.067295 8.068274 8.06929 8.070307 8.071327 8.072346 8.073365 8.074383 8.075403 8.076423 8.077442 8.078462 8.079484 8.080431 8.081305 8.082186 8.083101 8.08404 8.084992 8.085957 8.086927 8.087906 8.08889 -9999 -9999 -9999 -9999 -9999 -9999 -9999 -9999
8.041389 8.04199 8.042598 8.043209 8.043818 8.044428 8.045038 8.045647 8.046257 8.046865 8.047476 8.048084 8.048792 8.049601 8.050407 8.051214 8.05202 8.052827 8.053632 8.054439 8.055244 8.056051 8.056857 8.057659 8.058533 8.059477 8.060417 8.061357 8.062297 8.063235 8.064176 8.065115 8.066054 8.066994 8.067934 8.068878 8.069862 8.070886 8.071911 8.072941 8.073969 8.074997 8.076025 8.077055 8.078083 8.079113 8.08014 8.081171 8.082137 8.083038 8.083941 8.084856 8.0858 8.086761 8.087734 8.088717 8.089711 8.090712 -9999 8.092743 -9999 -9999 -9999 -9999 -9999 -9999
8.042702 8.043318 8.043941 8.044565 8.04519 8.045814 8.046438 8.047062 8.047686 8.048309 8.048933 8.049555 8.050274 8.05109 8.051905 8.052719 8.053533 8.054346 8.055161 8.055975 8.056788 8.057602 8.058416 8.059226 8.060103 8.061049 8.06199 8.062929 8.063871 8.064812 8.065752 8.066692 8.067633 8.068574 8.069515 8.07046 8.071449 8.072481 8.073517 8.074554 8.075593 8.07663 8.077667 8.078707 8.079743 8.080781 8.08182 8.082859 8.083843 8.08477 8.085701 8.08663 8.087574 8.08854 8.089521 8.090515 8.091518 8.092532 8.093557 8.094597 8.095727 8.097018 -9999 -9999 -9999 -9999
8.044014 8.044645 8.045284 8.045922 8.04656 8.047199 8.047837 8.048475 8.049114 8.049752 8.050391 8.051026 8.051756 8.05258 8.053402 8.054224 8.055046 8.055868 8.05669 8.05751 8.058332 8.059154 8.059975 8.060793 8.061675 8.062622 8.063562 8.064505 8.065445 8.066387 8.067328 8.06827 8.069212 8.070152 8.071095 8.072041 8.073035 8.074076 8.075121 8.076168 8.077215 8.078262 8.079309 8.080357 8.081405 8.082451 8.083498 8.084546 8.085548 8.086504 8.08746 8.088417 8.089375 8.09034 8.091324 8.092323 8.093333 8.094357 8.095392 8.096445 8.097616 8.098965 8.100415 -9999 -9999 -9999
8.045325 8.045974 8.046626 8.047279 8.047933 8.048586 8.049238 8.049891 8.050543 8.051195 8.051847 8.052499 8.05324 8.054071 8.054901 8.055729 8.056559 8.057386 8.058216 8.059045 8.059874 8.060705 8.061535 8.062361 8.063248 8.064194 8.065136 8.066076 8.067019 8.067961 8.068903 8.069846 8.070789 8.071733 8.072674 8.07362 8.074617 8.075668 8.076725 8.077782 8.078838 8.079894 8.08095 8.082006 8.083063 8.084122 8.085178 8.086234 8.087255 8.088238 8.089221 8.090202 8.091186 8.092167 8.093153 8.094151 8.095163 8.096188 8.097227 8.098288 8.099485 8.100866 8.10233 -9999 -9999 -9999
8.046635 8.047303 8.047973 8.048641 8.049309 8.049976 8.050642 8.051308 8.051974 8.052639 8.053306 8.053972 8.054724 8.055561 8.056396 8.057232 8.058066 8.058901 8.059736 8.060572 8.061409 8.062248 8.063089 8.063931 8.064821 8.065762 8.066701 8.067642 8.068584 8.069529 8.070474 8.071421 8.072366 8.07331 8.074255 8.075198 8.076199 8.077263 8.07833 8.079393 8.080458 8.081522 8.082585 8.083651 8.084716 8.085783 8.086853 8.087923 8.088962 8.08997 8.090973 8.091979 8.092986 8.093994 8.095004 8.096016 8.097029 8.098051 8.099083 8.10013 8.101334 8.102731 8.104183 8.105681 -9999 -9999
8.047956 8.048641 8.049325 8.050007 8.05069 8.051369 8.05205 8.052729 8.053408 8.054088 8.054768 8.055446 8.056209 8.057051 8.057894 8.058733 8.059572 8.060411 8.061253 8.062094 8.062937 8.06378 8.064629 8.065477 8.066376 8.067314 8.068256 8.069199 8.070146 8.071094 8.072042 8.07299 8.07394 8.074888 8.075836 8.076782 8.077787 8.078861 8.079933 8.081005 8.082076 8.083147 8.084217 8.085289 8.086361 8.087437 8.088514 8.089594 8.090651 8.091681 8.09271 8.093742 8.094776 8.095812 8.096848 8.097887 8.098927 8.099968 8.101009 8.102052 8.103212 8.104591 8.105998 8.107427 -9999 -9999
8.049297 8.049988 8.050682 8.051377 8.052072 8.052765 8.053458 8.054152 8.054846 8.055537 8.056231 8.056923 8.057692 8.05854 8.059386 8.06023 8.061074 8.061918 8.062763 8.063608 8.064455 8.065302 8.066149 8.066992 8.067893 8.068847 8.069798 8.070749 8.0717 8.072653 8.073606 8.074558 8.075512 8.076466 8.077417 8.078372 8.079385 8.08046 8.081537 8.082615 8.083691 8.084768 8.085845 8.086924 8.088001 8.089081 8.09016 8.091238 8.09231 8.093372 8.094435 8.095495 8.096557 8.097619 8.098683 8.099748 8.100812 8.101878 8.102943 8.104011 8.105181 8.106466 8.107784 8.109112 8.110449 -9999
8.050555 8.051252 8.05196 8.052665 8.053371 8.054077 8.054783 8.055489 8.056195 8.0569 8.057607 8.058306 8.059082 8.059937 8.060783 8.061631 8.062478 8.063324 8.064173 8.065019 8.065866 8.066712 8.06756 8.068405 8.069306 8.070267 8.071224 8.072182 8.073139 8.074097 8.075054 8.076012 8.076968 8.077925 8.078884 8.079845 8.080862 8.081934 8.083013 8.084091 8.08517 8.086248 8.087327 8.088406 8.089483 8.090563 8.09164 8.09272 8.093796 8.094869 8.095942 8.097014 8.098086 8.09916 8.100232 8.101305 8.102377 8.103451 8.104524 8.105616 8.106764 8.107967 8.109202 8.110441 8.11168 8.112919
8.051727 8.052435 8.05315 8.053869 8.054585 8.055304 8.056021 8.056738 8.057457 8.058174 8.058889 8.059597 8.06038 8.061238 8.062088 8.062936 8.063784 8.064631 8.065479 8.066326 8.067174 8.068021 8.06887 8.069714 8.070619 8.071583 8.072543 8.073503 8.074466 8.075426 8.076387 8.077349 8.078309 8.079269 8.080232 8.081198 8.082215 8.083285 8.084359 8.085434 8.086511 8.087586 8.088663 8.089738 8.090814 8.09189 8.092966 8.094042 8.095111 8.096176 8.09724 8.098305 8.099371 8.100435 8.101501 8.102566 8.103631 8.104695 8.105762 8.106853 8.107969 8.109111 8.110279 8.111458 8.112637 -9999
8.052898 8.053616 8.054342 8.055072 8.055799 8.05653 8.057259 8.057988 8.058718 8.059448 8.060172 8.060887 8.061676 8.06254 8.063393 8.06424 8.065088 8.065937 8.066785 8.067634 8.068481 8.06933 8.070177 8.071026 8.071932 8.072898 8.073862 8.074827 8.07579 8.076756 8.077722 8.078686 8.079651 8.080614 8.081581 8.08255 8.083569 8.084637 8.085707 8.086779 8.087852 8.088925 8.089997 8.09107 8.092143 8.093216 8.094289 8.095364 8.096428 8.097483 8.098539 8.099596 8.100655 8.101711 8.102768 8.103825 8.104883 8.10594 8.107001 8.108086 8.109171 8.110252 8.111357 8.112474 8.113594 -9999
8.054068 8.054797 8.055534 8.056274 8.057016 8.057756 8.058497 8.059239 8.059978 8.06072 8.061455 8.06218 8.062974 8.063841 8.064696 8.065545 8.066394 8.067242 8.068092 8.068941 8.06979 8.070639 8.071487 8.072338 8.073246 8.074213 8.07518 8.076149 8.077118 8.078086 8.079054 8.080023 8.080992 8.081961 8.082929 8.083899 8.084919 8.085985 8.087054 8.088123 8.089193 8.090263 8.091332 8.092402 8.093472 8.094543 8.095612 8.096685 8.097744 8.098791 8.099839 8.100887 8.101938 8.102987 8.104035 8.105085 8.106135 8.107183 8.10824 8.109316 8.110365 8.111389 8.112432 8.113491 8.114552 8.11561
8.055237 8.055977 8.056726 8.057479 8.058231 8.058984 8.059734 8.060488 8.061241 8.061993 8.06274 8.063473 8.064274 8.065144 8.066 8.066849 8.067699 8.068548 8.069399 8.070248 8.071097 8.071947 8.072798 8.07365 8.074561 8.075529 8.0765 8.077473 8.078444 8.079416 8.080389 8.08136 8.082333 8.083304 8.084277 8.08525 8.086268 8.087335 8.088402 8.089468 8.090534 8.091602 8.092669 8.093737 8.094802 8.095869 8.096937 8.098006 8.09906 8.100098 8.101139 8.10218 8.103221 8.104262 8.105303 8.106346 8.107388 8.108429 8.109476 8.11054 8.111557 8.112526 8.113511 8.11451 8.115507 8.116506
8.056404 8.057158 8.057917 8.058681 8.059446 8.060209 8.060974 8.061739 8.062502 8.063265 8.064024 8.064768 8.065575 8.066446 8.067305 8.068153 8.069004 8.069855 8.070705 8.071555 8.072405 8.073256 8.074107 8.074963 8.075875 8.076845 8.07782 8.078794 8.07977 8.080746 8.081721 8.082698 8.083673 8.084649 8.085625 8.086601 8.08762 8.088684 8.089748 8.090813 8.091875 8.092939 8.094004 8.095068 8.096131 8.097195 8.09826 8.099327 8.100376 8.101406 8.102438 8.103472 8.104504 8.105537 8.106572 8.107605 8.108639 8.109673 8.11071 8.111764 8.112746 8.11366 8.114587 8.115526 8.116464 8.117403
8.05757 8.058335 8.059109 8.059885 8.06066 8.061437 8.062212 8.062988 8.063763 8.06454 8.065311 8.066066 8.066879 8.067753 8.068607 8.06946 8.070311 8.07116 8.072011 8.072863 8.073713 8.074564 8.075416 8.076273 8.077188 8.07816 8.079138 8.080116 8.081097 8.082075 8.083055 8.084034 8.085014 8.085994 8.086973 8.087952 8.08897 8.090034 8.091095 8.092155 8.093217 8.094278 8.09534 8.0964 8.097461 8.098522 8.099584 8.100649 8.10169 8.102713 8.103736 8.104763 8.105788 8.106814 8.10784 8.108866 8.109892 8.110916 8.111944 8.112986 8.113935 8.114793 8.115664 8.116543 8.11742 8.118299
8.058735 8.059513 8.060301 8.061088 8.061876 8.062663 8.063451 8.064238 8.065025 8.065813 8.066599 8.067368 8.068187 8.069058 8.069912 8.070765 8.071615 8.072466 8.073318 8.074169 8.075022 8.075872 8.076725 8.077581 8.078499 8.079475 8.080458 8.08144 8.082422 8.083405 8.084389 8.085373 8.086355 8.087337 8.088321 8.089302 8.090322 8.091384 8.092443 8.0935 8.094559 8.095616 8.096675 8.097733 8.098791 8.099849 8.100908 8.101969 8.103006 8.104019 8.105036 8.106054 8.107073 8.108089 8.109107 8.110125 8.111143 8.112161 8.113178 8.114206 8.115122 8.115925 8.11674 8.117559 8.118378 8.119196
8.059898 8.060694 8.061493 8.06229 8.063086 8.063884 8.064683 8.065483 8.066284 8.067085 8.067884 8.068672 8.0695 8.070364 8.071217 8.072065 8.072914 8.073763 8.074615 8.07547 8.076325 8.077181 8.078033 8.078888 8.079807 8.080788 8.081776 8.082759 8.083742 8.084726 8.085711 8.0867 8.087692 8.088682 8.08967 8.090654 8.091677 8.092733 8.093789 8.094841 8.095892 8.096945 8.098 8.099057 8.100116 8.101175 8.102231 8.103288 8.104319 8.105325 8.106335 8.107343 8.108349 8.109358 8.110367 8.111379 8.112391 8.113405 8.114416 8.115429 8.116309 8.11706 8.117817 8.118574 8.119331 8.12009
8.061064 8.061871 8.062675 8.063478 8.064283 8.06509 8.065897 8.066709 8.067523 8.068341 8.069162 8.069979 8.070812 8.071661 8.0725 8.073343 8.074188 8.075037 8.075889 8.076745 8.077605 8.078468 8.079334 8.080194 8.081114 8.082098 8.083074 8.084052 8.085032 8.086017 8.087006 8.087998 8.088997 8.089999 8.091006 8.092009 8.093031 8.094077 8.095113 8.096151 8.097196 8.098244 8.099297 8.100354 8.101414 8.102478 8.103544 8.104607 8.105631 8.106628 8.107617 8.10861 8.109604 8.110603 8.111603 8.11261 8.113617 8.114629 8.115643 8.116653 8.117499 8.118193 8.118882 8.119576 8.120272 8.120972
8.062218 8.06303 8.063841 8.064653 8.065467 8.066282 8.067099 8.067919 8.068743 8.069569 8.070402 8.071241 8.072081 8.072916 8.073753 8.074594 8.075441 8.07629 8.077143 8.077999 8.07886 8.079725 8.080595 8.081467 8.082389 8.083363 8.084337 8.085315 8.086298 8.087283 8.088274 8.08927 8.090269 8.091276 8.092289 8.093307 8.094337 8.095364 8.096392 8.097428 8.098471 8.099518 8.10057 8.101626 8.102686 8.10375 8.104818 8.105888 8.106912 8.10789 8.108869 8.109851 8.110838 8.111827 8.112821 8.113819 8.11482 8.115824 8.116834 8.117846 8.118664 8.119291 8.119923 8.120558 8.121199 8.121843
8.063347 8.064169 8.064993 8.065815 8.066637 8.067461 8.068285 8.069112 8.069942 8.070772 8.071602 8.07242 8.073262 8.074124 8.074975 8.075823 8.076672 8.077521 8.078375 8.079232 8.080091 8.080953 8.08181 8.082668 8.08359 8.084578 8.085567 8.08655 8.087538 8.088526 8.089518 8.090512 8.091511 8.092512 8.093512 8.094502 8.095526 8.096581 8.09763 8.098673 8.099718 8.100765 8.101818 8.102873 8.103931 8.104992 8.106049 8.107101 8.108119 8.109104 8.110088 8.111068 8.112049 8.113033 8.114019 8.115009 8.115999 8.116994 8.117985 8.118972 8.119759 8.120348 8.120937 8.121526 8.122115 8.122707
8.064365 8.065189 8.066018 8.066847 8.067677 8.068504 8.069333 8.070162 8.070992 8.071819 8.072649 8.073458 8.074301 8.075175 8.076031 8.076883 8.077738 8.07859 8.079445 8.080299 8.081154 8.082007 8.082862 8.083725 8.084648 8.085629 8.08662 8.087614 8.088607 8.0896 8.090592 8.091585 8.09258 8.093573 8.094566 8.095554 8.096579 8.097633 8.098685 8.099736 8.100788 8.101838 8.10289 8.103941 8.104992 8.106043 8.107094 8.108149 8.109163 8.11014 8.111121 8.112103 8.113084 8.114063 8.115046 8.116027 8.117008 8.117989 8.11897 8.119955 8.120724 8.121278 8.12184 8.122399 8.122961 8.12352
8.065275 8.066099 8.066927 8.067756 8.068586 8.069416 8.070245 8.071075 8.071905 8.072734 8.073559 8.074362 8.075204 8.076085 8.076944 8.077797 8.07865 8.079502 8.080357 8.081209 8.082062 8.082915 8.083771 8.084639 8.08556 8.086538 8.087529 8.088524 8.089518 8.090511 8.091505 8.0925 8.093494 8.094488 8.095482 8.096471 8.097494 8.098546 8.099595 8.100643 8.101692 8.102739 8.103788 8.104836 8.105885 8.106933 8.107981 8.109033 8.110045 8.111017 8.111994 8.11297 8.113948 8.114925 8.115902 8.11688 8.117857 8.118834 8.119812 8.120794 8.121556 8.122097 8.122643 8.123191 8.123739 8.124288
8.066183 8.067006 8.067835 8.068665 8.069496 8.070326 8.071157 8.071986 8.072818 8.073647 8.07447 8.07527 8.076113 8.076996 8.077857 8.078709 8.079562 8.080415 8.081266 8.082119 8.082972 8.083823 8.08468 8.085549 8.086472 8.087448 8.088438 8.089432 8.090427 8.091423 8.092419 8.093413 8.094408 8.095404 8.096397 8.097389 8.09841 8.099459 8.100506 8.10155 8.102596 8.103641 8.104686 8.105732 8.106776 8.107821 8.108867 8.109917 8.110926 8.111895 8.112865 8.11384 8.114812 8.115786 8.116759 8.117733 8.118707 8.119678 8.120653 8.121634 8.122387 8.122914 8.123447 8.123983 8.124519 8.125054
8.067089 8.067915 8.068745 8.069574 8.070406 8.071237 8.072068 8.0729 8.07373 8.074562 8.075382 8.076181 8.077024 8.077908 8.078771 8.079622 8.080474 8.081326 8.082177 8.083029 8.08388 8.084731 8.085588 8.086459 8.087381 8.088358 8.089346 8.090342 8.091337 8.092335 8.09333 8.094328 8.095324 8.096319 8.097314 8.098309 8.099327 8.100372 8.101416 8.102458 8.1035 8.104543 8.105583 8.106626 8.107668 8.10871 8.109753 8.1108 8.111805 8.11277 8.113737 8.114708 8.115677 8.116647 8.117617 8.118586 8.119555 8.120524 8.121496 8.122471 8.123217 8.123733 8.124252 8.124775 8.125299 8.125822
8.067996 8.068822 8.069653 8.070484 8.071316 8.072148 8.072979 8.073812 8.074644 8.075475 8.076296 8.077095 8.077937 8.078821 8.079683 8.080535 8.081387 8.082237 8.083088 8.083938 8.084788 8.085639 8.086496 8.087366 8.08829 8.089266 8.090255 8.091251 8.092249 8.093246 8.094244 8.09524 8.096237 8.097235 8.098231 8.099226 8.100245 8.101286 8.102325 8.103365 8.104403 8.105444 8.106483 8.107521 8.108561 8.109599 8.11064 8.111681 8.112684 8.113647 8.114611 8.115576 8.116542 8.117508 8.118473 8.119438 8.120403 8.12137 8.122337 8.123309 8.124046 8.124548 8.125057 8.125567 8.126078 8.126589
8.068901 8.06973 8.070561 8.071393 8.072227 8.073059 8.073892 8.074723 8.075557 8.076389 8.077211 8.078013 8.078856 8.079737 8.080597 8.081449 8.082298 8.083147 8.083998 8.084848 8.085697 8.086548 8.087402 8.088273 8.089196 8.090174 8.091164 8.092161 8.093159 8.094156 8.095156 8.096153 8.097151 8.098149 8.099148 8.100145 8.101162 8.1022 8.103235 8.104272 8.105309 8.106344 8.10738 8.108416 8.109453 8.110489 8.111526 8.112564 8.113563 8.114522 8.115482 8.116445 8.117406 8.118368 8.119329 8.120291 8.121252 8.122215 8.123178 8.124145 8.124874 8.125366 8.12586 8.12636 8.126858 8.127356
8.069807 8.070637 8.07147 8.072304 8.073135 8.07397 8.074802 8.075637 8.076468 8.077303 8.078131 8.078934 8.079777 8.080656 8.081512 8.082361 8.08321 8.084059 8.084908 8.085758 8.086607 8.087456 8.088308 8.089176 8.0901 8.091079 8.092071 8.093071 8.094069 8.095068 8.096068 8.097067 8.098066 8.099066 8.100064 8.101063 8.102079 8.103112 8.104145 8.105179 8.106213 8.107245 8.108278 8.109311 8.110345 8.111378 8.112411 8.113446 8.114441 8.115397 8.116355 8.117311 8.11827 8.119228 8.120186 8.121144 8.122102 8.12306 8.124018 8.124981 8.125702 8.126183 8.126665 8.127151 8.127638 8.128122
8.070713 8.071545 8.072379 8.073214 8.074047 8.074881 8.075715 8.076548 8.077381 8.078217 8.079048 8.079859 8.0807 8.081573 8.082425 8.083274 8.084123 8.08497 8.085819 8.086668 8.087517 8.088365 8.089213 8.090078 8.091001 8.091982 8.092979 8.093981 8.09498 8.09598 8.09698 8.09798 8.098982 8.09998 8.100982 8.101982 8.102997 8.104027 8.105056 8.106087 8.107117 8.108147 8.109177 8.110207 8.111237 8.112267 8.113297 8.114328 8.115319 8.116273 8.117226 8.11818 8.119135 8.120089 8.121042 8.121997 8.122951 8.123905 8.124859 8.125816 8.12653 8.126997 8.12747 8.127945 8.128417 8.12889
8.071619 8.072453 8.073288 8.074121 8.074955 8.075788 8.076622 8.077457 8.078294 8.07913 8.079965 8.080786 8.081629 8.082491 8.083339 8.084187 8.085034 8.085882 8.086731 8.087579 8.088425 8.089272 8.09012 8.090977 8.0919 8.092888 8.093888 8.094891 8.095893 8.096895 8.097897 8.098896 8.099896 8.100897 8.101898 8.1029 8.103912 8.104939 8.105967 8.106993 8.108021 8.109049 8.110076 8.111103 8.112129 8.113156 8.114183 8.115211 8.116199 8.117149 8.118098 8.119049 8.119999 8.120949 8.121899 8.122849 8.1238 8.12475 8.1257 8.126653 8.127357 8.127813 8.128275 8.128735 8.129196 8.129656
