Spatial_Analysis/Downscaled_EnvironmentalLayers/RCP8_5/2050/salinity_nearfuture.asc
ncols         639
nrows         313
xllcorner     -103
yllcorner     4.021
cellsize      0.083
NODATA_value  -9999
[rows 0 to 28 of 313, columns 195 to 259 of 639]
34.01318 34.14518 34.27717 34.40917 34.48247 34.53119 34.57991 34.62863 34.67734 34.72606 34.77477 34.82348 34.87219 34.9209 34.96961 35.01832 35.07071 -9999 -9999 -9999 -9999 -9999 -9999 -9999 -9999 -9999 -9999 -9999 -9999 35.70101 35.70824 35.71548 35.72271 35.72996 35.7372 35.74445 35.75171 -9999 -9999 -9999 -9999 -9999 -9999 -9999 -9999 -9999 -9999 -9999 -9999 -9999 -9999 -9999 -9999 -9999 -9999 -9999 -9999 -9999 -9999 -9999 -9999 -9999 -9999 -9999 -9999
34.01494 34.14693 34.27891 34.41089 34.48418 34.53289 34.5816 34.6303 34.679 34.72771 34.77641 34.82511 34.87381 34.9225 34.97121 35.0199 35.07227 35.12657 -9999 -9999 -9999 -9999 -9999 -9999 -9999 -9999 -9999 35.66957 35.69522 35.70245 35.70967 35.7169 35.72414 35.73137 35.73862 35.74587 35.75312 35.76039 -9999 -9999 -9999 -9999 -9999 -9999 -9999 -9999 -9999 -9999 -9999 -9999 -9999 -9999 -9999 -9999 -9999 -9999 -9999 -9999 -9999 -9999 -9999 -9999 -9999 -9999 -9999
34.01668 34.14866 34.28062 34.4126 34.48587 34.53457 34.58326 34.63195 34.68064 34.72934 34.77802 34.82671 34.8754 34.92408 34.97277 35.02145 35.07381 -9999 -9999 -9999 -9999 -9999 -9999 -9999 -9999 35.5624 35.6167 35.67099 35.69664 35.70386 35.71108 35.7183 35.72553 35.73277 35.74001 35.74727 35.75453 35.76178 35.76904 -9999 -9999 -9999 -9999 -9999 -9999 -9999 -9999 -9999 -9999 -9999 -9999 -9999 -9999 -9999 -9999 -9999 -9999 -9999 -9999 -9999 -9999 -9999 -9999 -9999 -9999
34.0184 34.15036 34.28232 34.41428 34.48754 34.53622 34.5849 34.63358 34.68226 34.73094 34.77961 34.82829 34.87696 34.92563 34.9743 35.02297 35.07532 -9999 -9999 -9999 35.29242 35.3467 35.40097 35.45525 35.50953 35.56382 35.6181 35.67239 35.69803 35.70525 35.71246 35.71968 35.72692 35.73416 35.74141 35.74865 35.75588 35.76311 35.77033 35.77754 -9999 -9999 -9999 -9999 -9999 -9999 -9999 -9999 -9999 -9999 -9999 -9999 -9999 -9999 -9999 -9999 -9999 -9999 -9999 -9999 -9999 -9999 -9999 -9999 -9999
34.02009 34.15204 34.28398 34.41593 34.48917 34.53785 34.58651 34.63518 34.68384 34.73251 34.78117 34.82983 34.87849 34.92715 34.97581 35.02446 35.0768 35.13106 35.18533 35.23959 35.29385 35.34811 35.40238 35.45665 35.51093 35.5652 35.61948 35.67376 35.6994 35.70662 35.71383 35.72105 35.72829 35.73552 35.74274 35.74996 35.75716 35.76435 35.77154 35.77871 35.77131 -9999 -9999 -9999 -9999 -9999 -9999 -9999 -9999 -9999 -9999 -9999 -9999 -9999 -9999 -9999 -9999 -9999 -9999 -9999 -9999 -9999 -9999 -9999 -9999
34.02176 34.15369 34.28562 34.41755 34.49079 34.53944 34.58809 34.63675 34.68539 34.73404 34.78269 34.83134 34.87999 34.92863 34.97728 35.02592 35.07824 35.13249 35.18674 35.24099 35.29525 35.3495 35.40377 35.45803 35.51229 35.56656 35.62083 35.67512 35.70075 35.70797 35.71519 35.7224 35.72961 35.73681 35.744 35.75117 35.75834 35.76549 35.77263 35.77975 35.7723 -9999 -9999 -9999 -9999 -9999 -9999 -9999 -9999 -9999 -9999 -9999 -9999 -9999 -9999 -9999 -9999 -9999 -9999 -9999 -9999 -9999 -9999 -9999 -9999
34.08293 34.21019 34.33744 34.46469 34.53555 34.58276 34.62998 34.6772 34.72442 34.77164 34.81886 34.86607 34.91329 34.9605 35.00772 35.05494 35.10583 35.15865 35.21147 35.26429 35.31712 35.36995 35.42279 35.47563 35.52847 35.58132 35.63417 35.68705 35.71218 35.71948 35.72676 35.73404 35.74129 35.74854 35.75578 35.763 35.7702 35.77739 35.78456 35.79171 35.78413 35.76498 35.74581 -9999 -9999 -9999 -9999 -9999 -9999 -9999 -9999 -9999 -9999 -9999 -9999 -9999 -9999 -9999 -9999 -9999 -9999 -9999 -9999 -9999 -9999
34.20964 34.32708 34.44453 34.56197 34.62781 34.67204 34.71627 34.76049 34.80472 34.84895 34.89317 34.93739 34.98162 35.02584 35.07006 35.11429 35.16219 35.21203 35.26186 35.31171 35.36155 35.41139 35.46125 35.5111 35.56097 35.61085 35.66073 35.71061 35.73468 35.74212 35.74955 35.75697 35.76437 35.77176 35.77913 35.78648 35.79381 35.80112 35.80841 35.81568 35.80787 35.78821 35.76855 35.74891 -9999 -9999 -9999 -9999 -9999 -9999 -9999 -9999 -9999 -9999 -9999 -9999 -9999 -9999 -9999 -9999 -9999 -9999 -9999 -9999 -9999
34.33631 34.44394 34.55158 34.65921 34.72005 34.76128 34.80252 34.84375 34.88498 34.92621 34.96744 35.00867 35.0499 35.09114 35.13237 35.17361 35.21852 35.26537 35.31222 35.35908 35.40594 35.45281 35.49968 35.54657 35.59346 35.64035 35.68723 35.73409 35.75706 35.76464 35.77221 35.77976 35.7873 35.79481 35.80231 35.80977 35.81722 35.82464 35.83203 35.83939 35.83137 35.81129 35.79123 35.77119 35.75117 -9999 -9999 -9999 -9999 -9999 -9999 -9999 -9999 -9999 -9999 -9999 -9999 -9999 -9999 -9999 -9999 -9999 -9999 -9999 -9999
34.46294 34.56077 34.65859 34.75641 34.81224 34.85048 34.88872 34.92696 34.9652 35.00344 35.04168 35.07991 35.11815 35.15639 35.19464 35.23288 35.27482 35.31868 35.36255 35.40642 35.45031 35.4942 35.5381 35.582 35.62588 35.66975 35.7136 35.75744 35.7793 35.78702 35.79471 35.80238 35.81004 35.81767 35.82526 35.83283 35.84036 35.84789 35.85543 35.86298 35.85483 35.83435 35.81389 35.7934 35.77288 -9999 -9999 -9999 -9999 -9999 -9999 -9999 -9999 -9999 -9999 -9999 -9999 -9999 -9999 -9999 -9999 -9999 -9999 -9999 -9999
34.58953 34.67755 34.76556 34.85357 34.90439 34.93964 34.97488 35.01012 35.04537 35.08062 35.11586 35.15111 35.18636 35.22161 35.25687 35.29213 35.33108 35.37196 35.41285 35.45375 35.49466 35.53556 35.57645 35.61732 35.65817 35.69901 35.73983 35.78063 35.80138 35.8092 35.81701 35.82479 35.83253 35.84024 35.84793 35.85562 35.86333 35.87105 35.87878 35.88654 35.87823 35.85728 35.8363 35.81528 35.79421 35.77309 35.75191 35.73072 -9999 -9999 -9999 -9999 -9999 -9999 -9999 -9999 -9999 -9999 -9999 -9999 -9999 -9999 -9999 -9999 -9999
34.71609 34.79429 34.87249 34.95068 34.99649 35.02875 35.061 35.09325 35.1255 35.15775 35.19001 35.22226 35.25452 35.28679 35.31906 35.35134 35.38731 35.42522 35.46313 35.50104 35.53893 35.57679 35.61465 35.65248 35.6903 35.72809 35.76586 35.8036 35.82321 35.83113 35.83902 35.84687 35.85472 35.86258 35.87045 35.87834 35.88625 35.89416 35.90205 35.9099 35.90133 35.87984 35.85831 35.83672 35.81509 35.79349 35.77192 35.75039 35.7289 -9999 -9999 -9999 -9999 -9999 -9999 -9999 -9999 -9999 -9999 -9999 -9999 -9999 -9999 -9999 -9999
34.84259 34.91098 34.97936 35.04775 35.08855 35.11781 35.14706 35.17632 35.20557 35.23484 35.2641 35.29337 35.32265 35.35193 35.38122 35.41053 35.44352 35.47842 35.51331 35.54818 35.58302 35.61786 35.65266 35.68745 35.7222 35.75693 35.79163 35.82629 35.84473 35.85273 35.86074 35.86877 35.87681 35.88486 35.89293 35.90098 35.90901 35.917 35.92496 35.93287 35.92401 35.90195 35.87991 35.85789 35.83591 35.81398 35.79208 35.77023 35.74843 -9999 -9999 -9999 -9999 -9999 -9999 -9999 -9999 -9999 -9999 -9999 -9999 -9999 -9999 -9999 -9999
34.96905 35.02761 35.08619 35.14475 35.18055 35.20681 35.23307 35.25934 35.28561 35.31188 35.33816 35.36444 35.39074 35.41705 35.44336 35.46964 35.4996 35.53146 35.56331 35.59513 35.62692 35.65868 35.69043 35.72213 35.7538 35.78543 35.81703 35.84863 35.86599 35.87418 35.88239 35.89061 35.89882 35.90701 35.91516 35.92329 35.93138 35.93942 35.94742 35.95541 35.94635 35.92393 35.90154 35.87919 35.85689 35.83463 35.81242 35.79026 35.76813 35.74601 -9999 -9999 -9999 -9999 -9999 -9999 -9999 -9999 -9999 -9999 -9999 -9999 -9999 -9999 -9999
35.09544 35.1442 35.19295 35.24171 35.2725 35.29576 35.31904 35.34231 35.36559 35.38889 35.41219 35.4355 35.4588 35.48208 35.50534 35.52858 35.55548 35.58429 35.61306 35.64181 35.67053 35.6992 35.72784 35.75644 35.78502 35.81363 35.84224 35.87086 35.88718 35.89555 35.90389 35.91221 35.9205 35.92876 35.93697 35.94514 35.9533 35.96148 35.96968 35.97793 35.9688 35.94604 35.92332 35.90065 35.87804 35.85544 35.83287 35.81033 35.7878 35.7653 -9999 -9999 -9999 -9999 -9999 -9999 -9999 -9999 -9999 -9999 -9999 -9999 -9999 -9999 -9999
35.22178 35.26072 35.29966 35.3386 35.36439 35.38467 35.40495 35.42524 35.44555 35.46586 35.48615 35.50642 35.52667 35.54689 35.56709 35.58726 35.61108 35.6368 35.66248 35.68812 35.71372 35.7393 35.76488 35.79049 35.81611 35.84173 35.86736 35.89297 35.90815 35.91659 35.92501 35.93339 35.94173 35.95005 35.95839 35.96676 35.97516 35.9836 35.99207 36.00058 35.99138 35.96831 35.94526 35.92224 35.89923 35.87625 35.85329 35.83035 35.80744 35.78455 -9999 -9999 -9999 -9999 -9999 -9999 -9999 -9999 -9999 -9999 -9999 -9999 -9999 -9999 -9999
35.34805 35.37717 35.40631 35.43545 35.45623 35.47353 35.49084 35.50814 35.52542 35.54268 35.55991 35.57711 35.59428 35.61142 35.62852 35.64558 35.66629 35.68888 35.71144 35.73402 35.75661 35.77922 35.80183 35.82445 35.84704 35.86961 35.89216 35.91468 35.92868 35.93718 35.94566 35.95416 35.96269 35.97126 35.97985 35.98848 35.99714 36.00584 36.0146 36.02337 36.01408 35.99062 35.96718 35.94377 35.92037 35.897 35.87365 35.85031 35.827 35.80371 -9999 -9999 -9999 -9999 -9999 -9999 -9999 -9999 -9999 -9999 -9999 -9999 -9999 -9999 -9999
35.47426 35.49358 35.51291 35.53225 35.54805 35.56233 35.57659 35.59083 35.60503 35.61921 35.63334 35.64744 35.6615 35.67551 35.68947 35.7034 35.72104 35.74062 35.7602 35.7798 35.7994 35.81898 35.83853 35.85807 35.87757 35.89704 35.91648 35.9359 35.94879 35.95748 35.96621 35.97496 35.98374 35.99257 36.00142 36.01032 36.01925 36.02819 36.03716 36.04614 36.03673 36.01288 35.98905 35.96524 35.94144 35.91767 35.89392 35.87019 35.84648 35.82276 -9999 -9999 -9999 -9999 -9999 -9999 -9999 -9999 -9999 -9999 -9999 -9999 -9999 -9999 -9999
35.56898 35.58221 35.59543 35.60862 35.62105 35.63314 35.6452 35.65722 35.6692 35.68113 35.69301 35.70484 35.71664 35.72845 35.74028 35.75211 35.76747 35.78465 35.80182 35.81897 35.83608 35.85318 35.87024 35.88727 35.9043 35.92136 35.93844 35.95554 35.96758 35.97636 35.98516 35.99401 36.0029 36.01181 36.02074 36.02969 36.03865 36.04764 36.05665 36.06568 36.05668 36.03354 36.01042 35.98733 35.96426 35.9412 35.91814 35.89508 35.872 35.84903 -9999 -9999 -9999 -9999 -9999 -9999 -9999 -9999 -9999 -9999 -9999 -9999 -9999 -9999 -9999
35.62159 35.63358 35.64554 35.65746 35.66877 35.67981 35.6908 35.70173 35.71261 35.72346 35.73433 35.7452 35.75609 35.76698 35.77787 35.78874 35.80267 35.81819 35.83367 35.84914 35.86457 35.88003 35.8955 35.911 35.92653 35.94208 35.95767 35.97329 35.98466 35.99331 36.00197 36.01066 36.01937 36.0281 36.03684 36.0456 36.05439 36.0632 36.07203 36.08087 36.07303 36.0521 36.03119 36.01028 35.98938 35.96847 35.94765 35.92693 35.90626 35.8856 -9999 -9999 -9999 -9999 -9999 -9999 -9999 -9999 -9999 -9999 -9999 -9999 -9999 -9999 -9999
35.67384 35.68454 35.69518 35.70578 35.71592 35.72583 35.73573 35.74565 35.75557 35.76551 35.77544 35.78537 35.79527 35.80516 35.81502 35.82486 35.83732 35.85117 35.86504 35.87893 35.89285 35.9068 35.92077 35.93477 35.94881 35.96287 35.97697 35.99108 36.00175 36.01022 36.0187 36.0272 36.03572 36.04427 36.05284 36.06142 36.07003 36.07866 36.08731 36.09599 36.0893 36.07055 36.05181 36.03315 36.01461 35.99611 35.97763 35.95917 35.94074 -9999 -9999 -9999 -9999 -9999 -9999 -9999 -9999 -9999 -9999 -9999 -9999 -9999 -9999 -9999 -9999
35.7255 35.73483 35.74409 35.75336 35.76241 35.77138 35.78036 35.78933 35.79827 35.80721 35.81612 35.82502 35.83389 35.84274 35.8516 35.8605 35.87164 35.88398 35.89634 35.90873 35.92115 35.9336 35.94608 35.95858 35.97109 35.98362 35.99617 36.00875 36.01871 36.02699 36.03529 36.04362 36.05196 36.06033 36.06872 36.07714 36.08558 36.09404 36.1025 36.11099 36.10554 36.08917 36.07285 36.05655 36.04027 36.02401 36.00779 35.99157 35.97537 -9999 -9999 -9999 -9999 -9999 -9999 -9999 -9999 -9999 -9999 -9999 -9999 -9999 -9999 -9999 -9999
35.77636 35.78443 35.79252 35.80061 35.80862 35.81659 35.82455 35.83248 35.84039 35.84828 35.85619 35.86412 35.87208 35.88005 35.88806 35.89609 35.90595 35.91679 35.92765 35.93853 35.94943 35.96035 35.97128 35.98224 35.99321 36.00421 36.01523 36.02626 36.03551 36.04362 36.05175 36.05991 36.0681 36.0763 36.08453 36.09277 36.10107 36.10947 36.11798 36.12651 36.12236 36.10826 36.09418 36.08013 36.0661 36.05207 36.03806 36.02406 36.01007 -9999 -9999 -9999 -9999 -9999 -9999 -9999 -9999 -9999 -9999 -9999 -9999 -9999 -9999 -9999 -9999
35.82683 35.83368 35.8405 35.8473 35.8542 35.86113 35.86807 35.87503 35.88202 35.88903 35.89606 35.90313 35.91022 35.91734 35.92448 35.93164 35.9402 35.9495 35.95881 35.96815 35.97751 35.98689 35.99628 36.00571 36.01514 36.02461 36.0341 36.04363 36.05219 36.06015 36.06812 36.07612 36.08416 36.0923 36.10055 36.10886 36.11719 36.12554 36.13391 36.14231 36.13937 36.12753 36.11569 36.10386 36.09204 36.08023 36.06844 36.05664 36.04484 -9999 -9999 -9999 -9999 -9999 -9999 -9999 -9999 -9999 -9999 -9999 -9999 -9999 -9999 -9999 -9999
35.87663 35.88217 35.88774 35.89334 35.89923 35.90527 35.91133 35.91743 35.92354 35.92968 35.93584 35.94203 35.94823 35.95445 35.96069 35.96695 35.97419 35.98195 35.98972 35.99752 36.00534 36.01319 36.02106 36.02898 36.03691 36.04488 36.05288 36.0609 36.06881 36.0767 36.0847 36.09279 36.1009 36.10903 36.11719 36.12536 36.13357 36.1418 36.15005 36.15831 36.15655 36.14692 36.1373 36.12769 36.1181 36.10849 36.09887 36.08923 -9999 -9999 36.06022 36.05052 -9999 -9999 -9999 -9999 -9999 -9999 -9999 -9999 -9999 -9999 -9999 -9999 -9999
35.92584 35.93026 35.9347 35.93916 35.94411 35.94926 35.95444 35.95963 35.96484 35.97007 35.97533 35.98061 35.9859 35.99122 35.99656 36.00193 36.00785 36.01408 36.02034 36.02663 36.03296 36.03931 36.0457 36.05214 36.05864 36.06524 36.07194 36.07872 36.08619 36.0941 36.10204 36.11 36.11798 36.126 36.13404 36.14209 36.15016 36.15824 36.16633 36.17444 36.17386 36.16645 36.15904 36.15161 36.14417 36.13671 36.12924 36.12175 -9999 -9999 36.09921 36.09169 36.08815 -9999 -9999 -9999 -9999 -9999 -9999 -9999 -9999 -9999 -9999 -9999 -9999
35.97483 35.97808 35.98137 35.98466 35.98861 35.99283 35.99708 36.00136 36.00565 36.00998 36.01432 36.0187 36.02311 36.02755 36.03204 36.03655 36.04121 36.04597 36.05076 36.05563 36.0606 36.06567 36.07085 36.07607 36.0813 36.08656 36.09184 36.09715 36.10397 36.11177 36.1196 36.12744 36.1353 36.14317 36.15107 36.15897 36.1669 36.17485 36.1828 36.19073 36.19128 36.18603 36.18076 36.17548 36.17018 36.16486 36.15954 36.15421 -9999 -9999 -9999 36.13286 36.13038 -9999 -9999 -9999 -9999 -9999 -9999 -9999 -9999 -9999 -9999 -9999 -9999
36.02325 36.02531 36.02739 36.02949 36.03241 36.0357 36.03902 36.04239 36.04579 36.04924 36.05273 36.05628 36.05989 36.06356 36.06733 36.07121 36.07487 36.07847 36.08209 36.08574 36.08941 36.0931 36.09681 36.10057 36.10435 36.10816 36.112 36.11584 36.12201 36.12968 36.13737 36.14508 36.15282 36.16058 36.16835 36.17611 36.18386 36.1916 36.19931 36.207 36.20864 36.20551 36.20237 36.19924 36.1961 36.19296 36.18982 36.18667 36.18352 -9999 36.1772 36.17404 -9999 -9999 -9999 -9999 -9999 -9999 -9999 -9999 -9999 -9999 -9999 -9999 -9999
36.07046 36.07132 36.07224 36.0732 36.07519 36.07763 36.08015 36.08279 36.08556 36.08845 36.09149 36.0946 36.09772 36.10088 36.10406 36.10727 36.10976 36.11188 36.11404 36.11625 36.1185 36.12075 36.12304 36.12534 36.12766 36.13001 36.13238 36.13478 36.14035 36.14796 36.15555 36.16314 36.1707 36.17825 36.18579 36.1933 36.2008 36.20826 36.21569 36.22312 36.22585 36.22488 36.22393 36.22298 36.22203 36.22107 36.22011 36.21914 36.21817 36.2172 36.21621 -9999 -9999 -9999 -9999 -9999 -9999 -9999 -9999 -9999 -9999 -9999 -9999 -9999 -9999
