Spatial_Analysis/Downscaled_EnvironmentalLayers/RCP8_5/2050/salinity_nearfuture.asc
ncols         639
nrows         313
xllcorner     -103
yllcorner     4.021
cellsize      0.083
NODATA_value  -9999
[rows 116 to 144 of 313, columns 65 to 129 of 639]
-9999 -9999 -9999 -9999 -9999 -9999 -9999 -9999 -9999 35.95057 35.95714 35.96352 35.96976 35.97877 36.00029 36.02187 36.0435 36.06522 36.08701 36.10889 36.13086 36.15293 36.17511 36.1974 36.21982 36.23978 36.24378 36.24791 36.25217 36.25659 36.26116 36.26589 36.27079 36.27588 36.28113 36.28655 36.29215 36.29712 36.2938 36.29062 36.28764 36.285 36.28271 36.28056 36.2784 36.27618 36.27346 36.27008 36.26604 36.26195 36.27479 36.28605 36.29689 36.30738 36.31759 36.32777 36.33798 36.34821 36.35841 36.36855 36.37867 36.38875 36.41862 36.44859 36.47853
-9999 -9999 -9999 -9999 -9999 -9999 -9999 -9999 -9999 -9999 35.90456 35.90657 35.9086 35.91449 35.9371 35.95976 35.9825 36.00529 36.02818 36.05115 36.07422 36.09738 36.12066 36.14404 36.16756 36.18876 36.19485 36.20108 36.20745 36.21397 36.22065 36.22749 36.23449 36.24165 36.24895 36.25643 36.26408 36.27074 36.26575 36.2609 36.25625 36.25192 36.24792 36.24401 36.23997 36.2354 36.23032 36.22473 36.21858 36.21253 36.22517 36.23633 36.24714 36.25763 36.26785 36.27782 36.2877 36.29755 36.30738 36.3172 36.32699 36.33676 36.36868 36.40072 36.43275
-9999 -9999 -9999 -9999 -9999 -9999 -9999 -9999 -9999 -9999 -9999 35.84824 35.84678 35.85018 35.87387 35.89762 35.92143 35.94532 35.9693 35.99335 36.01751 36.04176 36.06612 36.0906 36.11521 36.13764 36.14583 36.15416 36.16263 36.17125 36.18003 36.18897 36.19804 36.20725 36.21661 36.22612 36.2358 36.24416 36.2375 36.23096 36.22465 36.21862 36.2129 36.2071 36.20083 36.19412 36.18697 36.17938 36.17126 36.16336 36.17569 36.18666 36.19732 36.2077 36.21782 36.2277 36.23735 36.24688 36.25638 36.26587 36.27535 36.28481 36.31878 36.35288 36.38697
-9999 -9999 -9999 -9999 -9999 -9999 -9999 -9999 -9999 -9999 -9999 -9999 35.78428 35.78583 35.8106 35.83542 35.86032 35.88529 35.91035 35.93548 35.96072 35.98606 36.01151 36.03707 36.06277 36.08643 36.09671 36.10714 36.11771 36.12843 36.1393 36.1503 36.16142 36.17268 36.18409 36.19564 36.20736 36.21739 36.20906 36.20084 36.19286 36.18515 36.17758 36.16969 36.16139 36.15269 36.14361 36.13409 36.12408 36.11439 36.12631 36.13707 36.14753 36.15773 36.16769 36.17741 36.1869 36.19621 36.20539 36.21456 36.22372 36.23288 36.2689 36.30507 36.34122
-9999 -9999 -9999 -9999 -9999 -9999 -9999 -9999 -9999 -9999 -9999 -9999 -9999 35.72145 35.74729 35.7732 35.79917 35.82521 35.85133 35.87755 35.90386 35.93028 35.95681 35.98346 36.01024 36.03512 36.04749 36.06001 36.07267 36.08548 36.09842 36.11147 36.12465 36.13796 36.15141 36.165 36.17874 36.19045 36.18044 36.17055 36.1609 36.15145 36.14191 36.13205 36.12181 36.11123 36.10026 36.08888 36.07703 36.06559 36.07707 36.08757 36.09781 36.10779 36.11753 36.12704 36.13635 36.14547 36.15442 36.16328 36.17213 36.18097 36.21904 36.25727 36.29549
-9999 -9999 -9999 -9999 -9999 -9999 -9999 -9999 -9999 -9999 -9999 -9999 -9999 35.65705 35.68395 35.71092 35.73795 35.76507 35.79226 35.81955 35.84693 35.87441 35.90202 35.92975 35.95761 35.98372 35.99817 36.01278 36.02753 36.0424 36.05739 36.0725 36.08774 36.10309 36.11858 36.13421 36.14997 36.16335 36.15166 36.14011 36.1288 36.11748 36.10605 36.09429 36.08219 36.06974 36.05694 36.04374 36.03008 36.01691 36.02794 36.03816 36.04815 36.05787 36.06738 36.07666 36.08576 36.09467 36.10342 36.11201 36.12054 36.12909 36.16919 36.20948 36.24977
-9999 -9999 -9999 -9999 -9999 -9999 -9999 -9999 -9999 -9999 -9999 -9999 -9999 -9999 35.62058 35.64861 35.6767 35.70487 35.73312 35.76147 35.78992 35.81847 35.84714 35.87594 35.90488 35.9322 35.94873 35.96542 35.98224 35.99918 36.01622 36.03339 36.05068 36.06808 36.08561 36.10328 36.12106 36.1361 36.12273 36.10956 36.09647 36.08335 36.07007 36.05647 36.04253 36.02827 36.01366 35.99866 35.98321 35.96833 35.97891 35.98885 35.99855 36.00801 36.01725 36.0263 36.03516 36.04385 36.05237 36.06073 36.06898 36.0772 36.11936 36.16171 36.20407
-9999 -9999 -9999 -9999 -9999 -9999 -9999 -9999 -9999 -9999 -9999 -9999 -9999 -9999 35.55718 35.58625 35.61539 35.64462 35.67392 35.70332 35.73283 35.76244 35.79217 35.82203 35.85204 35.88058 35.89918 35.91794 35.93682 35.95581 35.97493 35.99415 36.01348 36.03293 36.05251 36.0722 36.09199 36.10871 36.09369 36.07885 36.064 36.04912 36.03402 36.0186 36.00287 35.98681 35.97042 35.95364 35.93642 35.91985 35.92998 35.93962 35.94902 35.9582 35.96717 35.97596 35.98457 35.99301 36.0013 36.00943 36.01741 36.02533 36.06953 36.11395 36.15838
-9999 -9999 -9999 -9999 -9999 -9999 -9999 -9999 -9999 -9999 -9999 -9999 -9999 -9999 -9999 35.52386 35.55405 35.58431 35.61466 35.64511 35.67565 35.70631 35.73709 35.76802 35.79909 35.82883 35.84951 35.87033 35.89127 35.91232 35.93349 35.95477 35.97615 35.99765 36.01926 36.04098 36.06279 36.08118 36.06456 36.048 36.03144 36.01482 35.99791 35.98071 35.96319 35.94536 35.9272 35.90866 35.88969 35.87143 35.88113 35.89046 35.89956 35.90844 35.91714 35.92566 35.934 35.94219 35.95022 35.9581 35.96585 35.97347 36.01971 36.0662 36.1127
-9999 -9999 -9999 -9999 -9999 -9999 -9999 -9999 -9999 -9999 -9999 -9999 -9999 -9999 -9999 35.46144 35.49266 35.52395 35.55533 35.58681 35.61839 35.65009 35.68192 35.7139 35.74602 35.77696 35.7997 35.82257 35.84558 35.86869 35.89192 35.91524 35.93868 35.96222 35.98588 36.00962 36.03345 36.05355 36.03531 36.01707 35.99884 35.98045 35.96177 35.94279 35.92351 35.90392 35.88401 35.86372 35.843 35.82307 35.83236 35.84137 35.85016 35.85875 35.86716 35.87539 35.88347 35.89138 35.89915 35.90678 35.91426 35.92161 35.9699 36.01846 36.06702
-9999 -9999 -9999 -9999 -9999 -9999 -9999 -9999 -9999 -9999 -9999 -9999 -9999 -9999 -9999 35.39901 35.43123 35.46354 35.49594 35.52844 35.56105 35.59378 35.62664 35.65965 35.69283 35.72496 35.74975 35.77469 35.79974 35.82492 35.8502 35.87559 35.90107 35.92666 35.95236 35.97813 36.00399 36.02586 36.00598 35.9861 35.96619 35.94604 35.9256 35.90486 35.88383 35.86249 35.84083 35.8188 35.79634 35.77475 35.78366 35.79235 35.80083 35.80912 35.81723 35.82518 35.83297 35.8406 35.84809 35.85545 35.86267 35.86975 35.9201 35.97072 36.02135
-9999 -9999 -9999 -9999 -9999 -9999 -9999 -9999 -9999 -9999 -9999 -9999 -9999 -9999 -9999 35.38341 35.41072 35.43774 35.46449 35.491 35.51728 35.54335 35.56923 35.59493 35.6205 35.64601 35.67202 35.69817 35.72446 35.75087 35.77738 35.80399 35.8307 35.85751 35.88442 35.9114 35.93851 35.96142 35.94004 35.91868 35.89718 35.8754 35.85332 35.83096 35.80831 35.78534 35.76207 35.73841 35.71436 35.69112 35.69707 35.70282 35.70836 35.71373 35.71892 35.72395 35.72883 35.73356 35.73816 35.74261 35.74694 35.75113 35.80127 35.85168 35.90211
-9999 -9999 -9999 -9999 -9999 -9999 -9999 -9999 -9999 -9999 -9999 -9999 -9999 -9999 -9999 -9999 35.38848 35.40977 35.43058 35.45093 35.47087 35.49042 35.50961 35.52851 35.54713 35.56673 35.59395 35.62133 35.64885 35.67648 35.70422 35.73205 35.75999 35.78802 35.81614 35.84436 35.87277 35.89672 35.87389 35.85103 35.82791 35.8045 35.7808 35.75682 35.73256 35.70798 35.68309 35.65783 35.63218 35.60734 35.61032 35.61311 35.6157 35.61811 35.62037 35.62246 35.6244 35.62621 35.62788 35.62941 35.63082 35.6321 35.68202 35.73222 35.78243
-9999 -9999 -9999 -9999 -9999 -9999 -9999 -9999 -9999 -9999 -9999 -9999 -9999 -9999 -9999 -9999 -9999 35.37899 35.39361 35.40773 35.42142 35.43472 35.44769 35.46037 35.47282 35.48729 35.51572 35.54432 35.57306 35.60192 35.63089 35.65995 35.68912 35.71837 35.74773 35.77727 35.80701 35.83203 35.80777 35.78333 35.75859 35.73357 35.70826 35.68267 35.6568 35.63062 35.60412 35.57726 35.55 35.52363 35.52365 35.52346 35.52309 35.52256 35.52186 35.52101 35.52002 35.51889 35.51763 35.51623 35.51472 35.51308 35.56278 35.61275 35.66274
-9999 -9999 -9999 -9999 -9999 -9999 -9999 -9999 -9999 -9999 -9999 -9999 -9999 -9999 -9999 -9999 -9999 -9999 35.35306 35.36096 35.3686 35.37602 35.38329 35.39044 35.39751 35.40765 35.43729 35.46711 35.49708 35.52717 35.55737 35.58768 35.61808 35.6486 35.67929 35.71018 35.74128 35.7674 35.74165 35.71559 35.68924 35.66261 35.63571 35.60851 35.58104 35.55325 35.52515 35.49669 35.46789 35.44001 35.43705 35.43389 35.43056 35.42706 35.42341 35.41961 35.41567 35.4116 35.4074 35.40307 35.39862 35.39405 35.44353 35.49329 35.54306
-9999 -9999 -9999 -9999 -9999 -9999 -9999 -9999 -9999 -9999 -9999 -9999 -9999 -9999 -9999 -9999 -9999 -9999 -9999 35.31009 35.31202 35.31406 35.31627 35.31865 35.32117 35.3278 35.35862 35.38967 35.42088 35.4522 35.48365 35.51523 35.54691 35.57877 35.61085 35.64314 35.67565 35.70282 35.67546 35.64781 35.61987 35.59164 35.56313 35.53433 35.50525 35.47587 35.44616 35.41612 35.38586 35.35645 35.35051 35.34438 35.33808 35.33162 35.325 35.31825 35.31136 35.30434 35.2972 35.28992 35.28254 35.27503 35.32429 35.37383 35.42337
-9999 -9999 -9999 -9999 -9999 -9999 -9999 -9999 -9999 -9999 -9999 -9999 -9999 -9999 -9999 -9999 -9999 -9999 -9999 -9999 35.25122 35.24855 35.24646 35.24486 35.24372 35.24765 35.27967 35.31195 35.3444 35.377 35.40974 35.44262 35.47568 35.50897 35.54248 35.57623 35.61012 35.6382 35.60925 35.58 35.55046 35.52063 35.49052 35.46014 35.42946 35.39848 35.36716 35.33562 35.3039 35.27296 35.26404 35.25494 35.24566 35.23623 35.22665 35.21693 35.20709 35.19712 35.18702 35.1768 35.16647 35.15602 35.20504 35.25435 35.30368
-9999 -9999 -9999 -9999 -9999 -9999 -9999 -9999 -9999 -9999 -9999 -9999 -9999 -9999 -9999 -9999 -9999 -9999 -9999 -9999 35.18569 35.17915 35.17362 35.16896 35.16511 35.16715 35.20037 35.23389 35.26763 35.30156 35.33564 35.36996 35.4045 35.43928 35.47432 35.50951 35.54456 35.57352 35.54299 35.51215 35.48103 35.44961 35.41791 35.38592 35.35365 35.32106 35.28822 35.25521 35.22201 35.18954 35.17763 35.16555 35.15329 35.14089 35.12835 35.11566 35.10285 35.08992 35.07687 35.06369 35.05041 35.03701 35.08578 35.13488 35.18399
-9999 -9999 -9999 -9999 -9999 -9999 -9999 -9999 -9999 -9999 -9999 -9999 -9999 -9999 -9999 -9999 -9999 -9999 -9999 -9999 35.11483 35.10545 35.0975 35.0908 35.0852 35.08615 35.12061 35.15546 35.19057 35.22592 35.26152 35.29738 35.3335 35.36991 35.40642 35.44276 35.47895 35.5088 35.47669 35.44428 35.41157 35.37856 35.34526 35.31168 35.2778 35.24368 35.20937 35.17487 35.1402 35.1062 35.0913 35.07622 35.06099 35.0456 35.03008 35.01443 34.99865 34.98274 34.96673 34.9506 34.93436 34.91801 34.96653 35.01541 35.06429
-9999 -9999 -9999 -9999 -9999 -9999 -9999 -9999 -9999 -9999 -9999 -9999 -9999 -9999 -9999 -9999 -9999 -9999 -9999 -9999 -9999 -9999 35.0178 35.01014 35.00381 35.00457 35.04038 35.07668 35.11333 35.15029 35.18754 35.22511 35.263 35.30083 35.33848 35.37597 35.41329 35.44405 35.41037 35.37638 35.34208 35.30748 35.27259 35.23742 35.20201 35.1664 35.1306 35.09462 35.05847 35.02293 35.00502 34.98695 34.96873 34.95036 34.93186 34.91323 34.89447 34.8756 34.85661 34.83752 34.81831 34.79901 34.84728 34.89593 34.94459
-9999 -9999 -9999 -9999 -9999 -9999 -9999 -9999 -9999 -9999 -9999 -9999 -9999 -9999 -9999 -9999 -9999 -9999 -9999 -9999 -9999 -9999 -9999 -9999 -9999 -9999 -9999 -9999 -9999 -9999 35.1142 35.15357 35.19273 35.2317 35.2705 35.30914 35.34759 35.37925 35.34401 35.30844 35.27256 35.23638 35.19992 35.16322 35.12632 35.08921 35.05192 35.01444 34.97681 34.93972 34.91881 34.89775 34.87653 34.85516 34.83367 34.81206 34.79032 34.76847 34.74651 34.72445 34.70227 34.68 -9999 -9999 -9999
-9999 -9999 -9999 -9999 -9999 -9999 -9999 -9999 -9999 -9999 -9999 -9999 -9999 -9999 -9999 -9999 -9999 -9999 -9999 -9999 -9999 -9999 -9999 -9999 -9999 -9999 -9999 -9999 -9999 -9999 -9999 35.08226 35.12255 35.16264 35.20255 35.24228 35.28186 35.31442 35.27762 35.24048 35.20303 35.1653 35.12733 35.08913 35.05072 35.01212 34.97332 34.93435 34.89522 34.85658 34.83267 34.80859 34.78437 34.76001 34.73552 34.71092 34.6862 34.66136 34.63643 34.61138 -9999 -9999 -9999 -9999 -9999
-9999 -9999 -9999 -9999 -9999 -9999 -9999 -9999 -9999 -9999 -9999 -9999 -9999 -9999 -9999 -9999 -9999 -9999 -9999 -9999 -9999 -9999 -9999 -9999 -9999 -9999 -9999 -9999 -9999 -9999 -9999 -9999 -9999 -9999 35.13467 35.17548 35.21614 35.24955 35.2112 35.17254 35.13358 35.09435 35.05486 35.01516 34.97523 34.93512 34.89482 34.85435 34.81371 34.77351 34.74658 34.71949 34.69226 34.6649 34.63741 34.6098 34.58209 34.55426 -9999 -9999 -9999 -9999 -9999 -9999 -9999
-9999 -9999 -9999 -9999 -9999 -9999 -9999 -9999 -9999 -9999 -9999 -9999 -9999 -9999 -9999 -9999 -9999 -9999 -9999 -9999 -9999 -9999 -9999 -9999 -9999 -9999 -9999 -9999 -9999 -9999 -9999 -9999 -9999 -9999 35.12375 35.16441 35.20492 35.23818 35.19965 35.16083 35.1217 35.0823 35.04264 35.00276 34.96267 34.92237 34.8819 34.84125 -9999 -9999 -9999 -9999 -9999 34.65052 34.62281 -9999 -9999 -9999 -9999 -9999 -9999 -9999 -9999 -9999 -9999
-9999 -9999 -9999 -9999 -9999 -9999 -9999 -9999 -9999 -9999 -9999 -9999 -9999 -9999 -9999 -9999 -9999 -9999 -9999 -9999 -9999 -9999 -9999 -9999 -9999 -9999 -9999 -9999 -9999 -9999 -9999 -9999 -9999 -9999 -9999 35.15678 35.19707 35.23012 35.19141 35.15249 35.11327 35.07376 35.034 34.99401 34.95381 34.91341 -9999 34.83208 -9999 -9999 -9999 -9999 -9999 -9999 -9999 -9999 -9999 -9999 -9999 -9999 -9999 -9999 -9999 -9999 -9999
-9999 -9999 -9999 -9999 -9999 -9999 -9999 -9999 -9999 -9999 -9999 -9999 -9999 -9999 -9999 -9999 -9999 -9999 -9999 -9999 -9999 -9999 -9999 -9999 -9999 -9999 -9999 -9999 -9999 -9999 -9999 -9999 -9999 -9999 -9999 -9999 35.1895 35.2223 35.18336 35.14431 35.10499 35.06538 35.02551 34.9854 34.94507 -9999 -9999 -9999 -9999 -9999 -9999 -9999 -9999 -9999 -9999 -9999 -9999 -9999 -9999 -9999 -9999 -9999 -9999 -9999 -9999
-9999 -9999 -9999 -9999 -9999 -9999 -9999 -9999 -9999 -9999 -9999 -9999 -9999 -9999 -9999 -9999 -9999 -9999 -9999 -9999 -9999 -9999 -9999 -9999 -9999 -9999 -9999 -9999 -9999 -9999 -9999 -9999 -9999 -9999 -9999 -9999 -9999 35.21477 35.17558 35.13632 -9999 -9999 -9999 -9999 -9999 -9999 -9999 -9999 -9999 -9999 -9999 -9999 -9999 -9999 -9999 -9999 -9999 -9999 -9999 -9999 -9999 -9999 -9999 -9999 -9999
-9999 -9999 -9999 -9999 -9999 -9999 -9999 -9999 -9999 -9999 -9999 -9999 -9999 -9999 -9999 -9999 -9999 -9999 -9999 -9999 -9999 -9999 -9999 -9999 -9999 -9999 -9999 -9999 -9999 -9999 -9999 -9999 -9999 -9999 -9999 -9999 -9999 -9999 -9999 -9999 -9999 -9999 -9999 -9999 -9999 -9999 -9999 -9999 -9999 -9999 -9999 -9999 -9999 -9999 -9999 -9999 -9999 -9999 -9999 -9999 -9999 -9999 -9999 -9999 -9999
-9999 -9999 -9999 -9999 -9999 -9999 -9999 -9999 -9999 -9999 -9999 -9999 -9999 -9999 -9999 -9999 -9999 -9999 -9999 -9999 -9999 -9999 -9999 -9999 -9999 -9999 -9999 -9999 -9999 -9999 -9999 -9999 -9999 -9999 -9999 -9999 -9999 -9999 -9999 -9999 -9999 -9999 -9999 -9999 -9999 -9999 -9999 -9999 -9999 -9999 -9999 -9999 -9999 -9999 -9999 -9999 -9999 -9999 -9999 -9999 -9999 -9999 -9999 -9999 -9999
