Spatial_Analysis/Downscaled_EnvironmentalLayers/RCP8_5/2050/salinity_nearfuture.asc
ncols         639
nrows         313
xllcorner     -103
yllcorner     4.021
cellsize      0.083
NODATA_value  -9999
[rows 174 to 202 of 313, columns 325 to 389 of 639]
35.86673 35.86655 35.86641 35.86629 35.86621 35.86619 35.86558 35.86149 35.85735 35.85324 35.84916 35.8451 35.84108 35.8371 35.83318 35.82932 35.82553 35.82183 35.81818 35.81302 35.80779 35.80267 35.79762 35.79263 35.7877 35.78279 35.77791 35.77303 35.76815 35.76324 35.7583 35.7526 35.74685 35.74113 35.73544 35.72974 35.72404 35.71832 35.71255 35.70673 35.70082 35.69482 35.68868 35.68262 35.67675 35.67081 35.6648 35.65873 35.6526 35.6464 35.64015 35.63383 35.62745 35.62099 35.61447 35.60685 35.59931 35.59172 35.58408 35.57637 35.56859 35.56073 35.55277 35.54469 35.53647
35.87254 35.87242 35.87232 35.87224 35.8722 35.87215 35.87138 35.86754 35.86356 35.85955 35.85555 35.85157 35.84762 35.84371 35.83985 35.83604 35.83227 35.82849 35.82443 35.81985 35.81493 35.80998 35.80508 35.80024 35.79544 35.79066 35.7859 35.78115 35.77639 35.7716 35.76664 35.76107 35.75526 35.7495 35.74374 35.738 35.73224 35.72647 35.72065 35.71479 35.70887 35.70294 35.69717 35.69069 35.68448 35.67835 35.67219 35.66597 35.65971 35.65339 35.64701 35.64059 35.63412 35.62766 35.62133 35.61332 35.60533 35.59745 35.58956 35.58162 35.57362 35.56554 35.55737 35.54911 35.54076
35.87888 35.87875 35.87863 35.87852 35.87839 35.87825 35.87742 35.87371 35.8699 35.86606 35.8622 35.85834 35.85449 35.85066 35.84686 35.84305 35.83922 35.83537 35.83125 35.82697 35.8224 35.81778 35.81314 35.8085 35.80387 35.79927 35.79467 35.79006 35.78545 35.78081 35.77586 35.77046 35.76473 35.75893 35.75315 35.74738 35.7416 35.73581 35.73 35.72419 35.71839 35.7126 35.70694 35.70031 35.69385 35.68744 35.68105 35.67467 35.66828 35.66185 35.6554 35.64895 35.64252 35.63611 35.62968 35.62145 35.61317 35.60489 35.59664 35.58841 35.58017 35.57187 35.56355 35.5552 35.54691
35.88513 35.88498 35.88483 35.88468 35.88453 35.88433 35.88348 35.87986 35.87614 35.87238 35.86862 35.86486 35.8611 35.85733 35.85357 35.84981 35.84605 35.8422 35.83816 35.83407 35.82977 35.82536 35.82094 35.81653 35.81211 35.8077 35.80329 35.79888 35.79447 35.78995 35.78513 35.7798 35.7742 35.76842 35.76266 35.75689 35.75112 35.74535 35.73957 35.7338 35.72803 35.7223 35.71665 35.70993 35.70333 35.6968 35.69027 35.68374 35.67721 35.67068 35.66415 35.65762 35.6511 35.64457 35.63807 35.6296 35.62112 35.61265 35.60418 35.59571 35.58725 35.57877 35.5703 35.56183 35.55336
35.89137 35.89119 35.89102 35.89085 35.89067 35.89043 35.88956 35.88602 35.8824 35.87871 35.87502 35.87133 35.86763 35.86395 35.86026 35.85656 35.85287 35.84906 35.84512 35.8412 35.83713 35.83293 35.82872 35.82452 35.82031 35.8161 35.8119 35.80769 35.80348 35.79909 35.79442 35.78915 35.78365 35.77792 35.77217 35.76642 35.76067 35.75492 35.74917 35.74342 35.73767 35.73198 35.72633 35.71953 35.71281 35.70615 35.69952 35.69287 35.68623 35.67959 35.67295 35.66631 35.65966 35.65305 35.64647 35.63777 35.62908 35.62042 35.61176 35.60311 35.59445 35.58579 35.57714 35.56848 35.55983
35.89761 35.89741 35.89721 35.89701 35.89681 35.89653 35.89565 35.89219 35.88865 35.88503 35.88142 35.87779 35.87418 35.87055 35.86694 35.86331 35.85969 35.85595 35.85214 35.84837 35.84449 35.8405 35.83651 35.83251 35.82851 35.8245 35.82051 35.81651 35.81249 35.80826 35.80375 35.79854 35.79309 35.78741 35.78168 35.77595 35.77023 35.7645 35.75877 35.75305 35.74732 35.74164 35.73599 35.72911 35.72228 35.71551 35.70876 35.70201 35.69525 35.6885 35.68174 35.67499 35.66823 35.66153 35.65488 35.64595 35.63704 35.62818 35.61934 35.6105 35.60165 35.59281 35.58397 35.57513 35.56628
35.90384 35.90362 35.9034 35.90318 35.90295 35.90264 35.90175 35.89836 35.89489 35.89136 35.88781 35.88426 35.88071 35.87716 35.87362 35.87007 35.86651 35.86287 35.85918 35.85556 35.85186 35.84808 35.84429 35.8405 35.8367 35.8329 35.82911 35.82532 35.8215 35.81745 35.81312 35.80795 35.80255 35.7969 35.79119 35.78549 35.77979 35.77408 35.76837 35.76266 35.75697 35.7513 35.74562 35.73867 35.73175 35.72487 35.71801 35.71114 35.70427 35.6974 35.69054 35.68367 35.67681 35.67001 35.6633 35.65413 35.645 35.63594 35.62691 35.61789 35.60885 35.59983 35.5908 35.58177 35.57273
35.91008 35.90983 35.90959 35.90934 35.90909 35.90876 35.90786 35.90454 35.90115 35.89768 35.8942 35.89073 35.88725 35.88377 35.8803 35.87682 35.87334 35.86981 35.86624 35.86277 35.85924 35.85566 35.85207 35.84848 35.8449 35.84131 35.83772 35.83413 35.83052 35.82668 35.82253 35.81739 35.81203 35.80639 35.8007 35.79502 35.78934 35.78365 35.77797 35.77229 35.7666 35.76094 35.75526 35.74823 35.74122 35.73423 35.72725 35.72027 35.71329 35.70631 35.69933 35.69235 35.68538 35.67849 35.6717 35.6623 35.65295 35.64371 35.63449 35.62527 35.61606 35.60685 35.59763 35.58841 35.5792
35.91631 35.91605 35.91578 35.91551 35.91524 35.9149 35.91399 35.91074 35.90741 35.90401 35.9006 35.8972 35.89379 35.89038 35.88698 35.88357 35.88017 35.87674 35.8733 35.86997 35.86662 35.86323 35.85985 35.85647 35.85309 35.8497 35.84632 35.84295 35.83956 35.83595 35.83197 35.82688 35.82152 35.81588 35.81022 35.80456 35.79889 35.79323 35.78757 35.78191 35.77625 35.77059 35.76488 35.75779 35.75069 35.7436 35.7365 35.7294 35.72231 35.71522 35.70813 35.70103 35.69394 35.68694 35.68008 35.67045 35.66089 35.65147 35.64207 35.63267 35.62326 35.61386 35.60446 35.59506 35.58566
35.92255 35.92226 35.92197 35.92168 35.92138 35.92104 35.92013 35.91695 35.91367 35.91034 35.907 35.90367 35.90033 35.897 35.89366 35.89032 35.88699 35.88365 35.88034 35.87717 35.87398 35.87081 35.86763 35.86446 35.86128 35.85811 35.85493 35.85176 35.84858 35.84525 35.84148 35.83641 35.83102 35.82537 35.81974 35.81409 35.80845 35.80281 35.79716 35.79153 35.78589 35.78024 35.77453 35.76735 35.76015 35.75295 35.74574 35.73854 35.73133 35.72412 35.71692 35.70972 35.70251 35.69537 35.68842 35.67857 35.66883 35.65924 35.64965 35.64006 35.63047 35.62088 35.61129 35.6017 35.59212
35.92876 35.92846 35.92815 35.92784 35.92753 35.92719 35.92628 35.92316 35.91992 35.91666 35.91339 35.91011 35.90685 35.90359 35.90034 35.89708 35.89381 35.89056 35.88736 35.88434 35.88136 35.87839 35.87542 35.87243 35.86945 35.86649 35.86354 35.86057 35.8576 35.85458 35.85105 35.84598 35.84049 35.83487 35.82925 35.82361 35.81797 35.81237 35.80676 35.80115 35.79553 35.78991 35.78419 35.77693 35.76963 35.76231 35.75499 35.74767 35.74035 35.73303 35.72572 35.7184 35.71108 35.70378 35.69672 35.68664 35.67677 35.667 35.65722 35.64745 35.63768 35.6279 35.61813 35.60835 35.59858
35.93464 35.93432 35.93406 35.93384 35.93363 35.93333 35.93246 35.92937 35.92615 35.92282 35.91951 35.91625 35.91304 35.90987 35.90675 35.90367 35.9006 35.89744 35.89433 35.89148 35.8887 35.88581 35.88292 35.88005 35.87725 35.87449 35.8718 35.86916 35.86656 35.86386 35.86069 35.85555 35.84992 35.84414 35.83837 35.83266 35.82702 35.82145 35.81596 35.81053 35.80511 35.79957 35.79388 35.78653 35.7791 35.77167 35.76424 35.75681 35.74937 35.74194 35.73451 35.72708 35.71965 35.71222 35.70494 35.69469 35.68472 35.67476 35.6648 35.65484 35.64488 35.63492 35.62495 35.61499 35.60503
35.94014 35.9398 35.93953 35.93932 35.9392 35.93916 35.93866 35.93528 35.93184 35.92849 35.92521 35.92202 35.91888 35.91581 35.91278 35.90983 35.90693 35.90409 35.90124 35.89843 35.89557 35.89275 35.88998 35.88728 35.88463 35.88205 35.87956 35.87716 35.87486 35.87268 35.87041 35.86469 35.85864 35.8527 35.84686 35.84112 35.83548 35.82994 35.82449 35.81916 35.81393 35.8088 35.80361 35.79607 35.7882 35.78041 35.7727 35.76508 35.75753 35.75004 35.74261 35.73523 35.72789 35.72057 35.71313 35.70281 35.69255 35.68227 35.672 35.66176 35.65155 35.64138 35.63124 35.62116 35.61115
35.94754 35.94732 35.94715 35.94704 35.94698 35.9469 35.94622 35.94357 35.9407 35.93781 35.93496 35.93217 35.92945 35.92678 35.92416 35.92158 35.91904 35.91649 35.91387 35.91166 35.90941 35.9071 35.90483 35.9026 35.90043 35.89832 35.89628 35.89432 35.89243 35.89054 35.88811 35.88328 35.87787 35.87238 35.86696 35.86161 35.85635 35.85119 35.84611 35.84111 35.83616 35.83107 35.82561 35.81821 35.81065 35.80305 35.7955 35.78801 35.78059 35.7733 35.76612 35.75901 35.75197 35.74501 35.73815 35.72742 35.71676 35.70621 35.69567 35.68516 35.67466 35.66419 35.65377 35.64339 35.63304
35.95533 35.95524 35.9552 35.95515 35.95506 35.95496 35.95445 35.95237 35.95019 35.948 35.94577 35.94354 35.94134 35.93917 35.93702 35.93488 35.93269 35.93052 35.9285 35.92674 35.92515 35.92356 35.92194 35.92032 35.91872 35.91715 35.91562 35.9141 35.91253 35.91093 35.90876 35.90461 35.89996 35.89523 35.89043 35.88565 35.88089 35.87618 35.87151 35.86679 35.86194 35.85701 35.85195 35.84472 35.83744 35.83024 35.82313 35.8161 35.80915 35.80226 35.79543 35.78865 35.78194 35.77529 35.7687 35.75768 35.74664 35.73567 35.72478 35.71396 35.70314 35.69235 35.68157 35.6708 35.66005
35.96271 35.96277 35.96284 35.9629 35.96297 35.96301 35.96272 35.96115 35.95952 35.95785 35.95618 35.95452 35.95285 35.95119 35.94952 35.94786 35.94619 35.94458 35.94312 35.94186 35.94075 35.9397 35.93866 35.93761 35.93657 35.93553 35.93448 35.93344 35.93239 35.93121 35.92947 35.92588 35.92185 35.9176 35.91335 35.9091 35.90485 35.9006 35.89627 35.89186 35.88741 35.88291 35.87833 35.87141 35.86458 35.85783 35.85114 35.84449 35.83789 35.83131 35.82479 35.81831 35.81187 35.80547 35.7991 35.7878 35.77645 35.76514 35.75387 35.74266 35.73151 35.72038 35.70925 35.69813 35.68702
35.96999 35.97021 35.97043 35.97065 35.97087 35.97106 35.971 35.96994 35.96884 35.9677 35.96655 35.9654 35.96426 35.96312 35.96198 35.96083 35.95969 35.95864 35.95772 35.95698 35.95636 35.95584 35.95533 35.95482 35.95431 35.95379 35.95328 35.95277 35.95225 35.9515 35.95024 35.94717 35.94372 35.93998 35.93621 35.93244 35.92865 35.92479 35.92085 35.91687 35.91288 35.90903 35.90519 35.89867 35.89221 35.88579 35.87941 35.87306 35.86674 35.86045 35.85419 35.84796 35.84175 35.83557 35.8294 35.81783 35.80619 35.79456 35.78297 35.77141 35.75988 35.74841 35.73695 35.72549 35.71404
35.97726 35.97764 35.97802 35.97841 35.97878 35.97913 35.9793 35.97874 35.97816 35.97754 35.97692 35.9763 35.97567 35.97505 35.97443 35.97381 35.9732 35.97269 35.97231 35.97208 35.97198 35.97198 35.972 35.97202 35.97204 35.97206 35.97208 35.9721 35.9721 35.97182 35.97108 35.9685 35.96558 35.96235 35.95906 35.95575 35.95236 35.94891 35.94541 35.94202 35.93878 35.93562 35.93244 35.92624 35.92007 35.91394 35.90783 35.90173 35.89567 35.88962 35.88359 35.87759 35.87159 35.86561 35.85965 35.8478 35.83586 35.82394 35.81203 35.80014 35.78829 35.77645 35.76466 35.75288 35.7411
35.98454 35.98508 35.98562 35.98616 35.98669 35.98721 35.98761 35.98756 35.98748 35.98738 35.98729 35.98718 35.98709 35.98698 35.98689 35.98679 35.9867 35.98673 35.98687 35.98717 35.98759 35.98811 35.98867 35.98922 35.98977 35.99033 35.99088 35.99143 35.99195 35.99219 35.99197 35.98989 35.98746 35.98472 35.9819 35.979 35.97602 35.97305 35.97027 35.96761 35.96503 35.96251 35.95991 35.95398 35.94807 35.94218 35.93632 35.93046 35.92462 35.91879 35.91297 35.90717 35.90137 35.89559 35.88981 35.87768 35.86545 35.85323 35.84102 35.82883 35.81666 35.80452 35.79238 35.78028 35.76818
35.99181 35.99251 35.99321 35.99391 35.99461 35.99529 35.99593 35.99637 35.99681 35.99723 35.99765 35.99807 35.9985 35.99892 35.99934 35.99976 36.0002 36.00074 36.00142 36.00224 36.00319 36.00425 36.00533 36.00642 36.0075 36.00859 36.00968 36.01076 36.01183 36.01261 36.01292 36.01132 36.00937 36.00709 36.00468 36.00218 35.99978 35.99758 35.99549 35.99347 35.9915 35.98956 35.98753 35.98183 35.97615 35.97049 35.96484 35.95919 35.95356 35.94793 35.94231 35.9367 35.93109 35.92549 35.9199 35.90749 35.89495 35.88243 35.86993 35.85743 35.84495 35.83249 35.82004 35.80762 35.79521
35.99909 35.99995 36.0008 36.00166 36.00252 36.00337 36.00424 36.00519 36.00613 36.00708 36.00802 36.00896 36.00991 36.01085 36.0118 36.01274 36.01368 36.01475 36.01595 36.0173 36.01878 36.02039 36.022 36.02362 36.02524 36.02686 36.02847 36.03009 36.0317 36.03306 36.03392 36.03281 36.03129 36.02941 36.0274 36.02557 36.02393 36.02241 36.02094 36.01952 36.01812 36.01672 36.01522 36.00975 36.00428 35.99883 35.99337 35.98793 35.98249 35.97705 35.97162 35.96619 35.96077 35.95535 35.94994 35.93723 35.9244 35.91158 35.89877 35.88596 35.87317 35.86039 35.84763 35.83488 35.82216
36.00636 36.00738 36.0084 36.00941 36.01043 36.01144 36.01255 36.014 36.01546 36.01692 36.01838 36.01985 36.02132 36.02278 36.02425 36.02571 36.02718 36.02873 36.03045 36.03233 36.03437 36.03652 36.03867 36.04082 36.04297 36.04512 36.04727 36.04942 36.05157 36.05355 36.05498 36.05433 36.05318 36.05168 36.05039 36.04933 36.04836 36.04745 36.04656 36.04568 36.04482 36.04396 36.04298 36.0377 36.03243 36.02718 36.02191 36.01665 36.0114 36.00615 36.0009 35.99566 35.99041 35.98518 35.97993 35.96694 35.9538 35.94068 35.92756 35.91445 35.90134 35.88825 35.87518 35.86211 35.84906
36.01364 36.01482 36.01599 36.01716 36.01834 36.01951 36.02084 36.0228 36.02478 36.02676 36.02875 36.03074 36.03273 36.03471 36.0367 36.03869 36.04068 36.0427 36.04492 36.04734 36.04997 36.05266 36.05534 36.05802 36.06071 36.06339 36.06607 36.06875 36.07144 36.07406 36.0761 36.07588 36.07499 36.07425 36.07376 36.07336 36.07298 36.07263 36.07228 36.07193 36.07159 36.07125 36.07076 36.06564 36.06052 36.0554 36.0503 36.0452 36.04012 36.03506 36.03001 36.02497 36.01994 36.01491 36.00988 35.99661 35.98318 35.96975 35.95632 35.9429 35.92949 35.91608 35.90269 35.88931 35.87594
36.02089 36.02222 36.02357 36.02491 36.02625 36.02757 36.02913 36.03159 36.0341 36.03661 36.03912 36.04163 36.04414 36.04665 36.04915 36.05166 36.05417 36.05668 36.05936 36.06236 36.06558 36.06879 36.07201 36.07523 36.07844 36.08166 36.08487 36.08809 36.0913 36.09452 36.09727 36.09735 36.09715 36.09725 36.0974 36.09756 36.0976 36.09747 36.09733 36.09721 36.09711 36.09705 36.09687 36.09183 36.08682 36.08185 36.07692 36.07202 36.06715 36.06232 36.05753 36.05276 36.04802 36.04331 36.03861 36.02523 36.01169 35.99815 35.9846 35.97104 35.95746 35.94384 35.93017 35.91648 35.90279
36.0281 36.02961 36.03113 36.03264 36.03415 36.03564 36.03738 36.0404 36.04345 36.04649 36.04953 36.05257 36.05559 36.05862 36.06164 36.06467 36.06768 36.0707 36.07375 36.07743 36.0812 36.08497 36.08875 36.09251 36.09625 36.09999 36.10373 36.10745 36.11118 36.11491 36.1185 36.11913 36.11927 36.11938 36.11952 36.11969 36.11989 36.12013 36.12042 36.12075 36.12112 36.12154 36.12185 36.11699 36.11216 36.10738 36.10265 36.09797 36.09332 36.0887 36.08412 36.07959 36.07508 36.07061 36.06618 36.0526 36.03888 36.02518 36.01151 35.99785 35.9842 35.97052 35.95683 35.94311 35.92935
36.03001 36.03149 36.03297 36.03445 36.03592 36.03742 36.03928 36.04256 36.04586 36.04916 36.05246 36.05575 36.05904 36.06234 36.06563 36.06891 36.07232 36.07589 36.0797 36.08434 36.08912 36.09398 36.09882 36.10367 36.10851 36.11333 36.11816 36.12298 36.12733 36.13135 36.13499 36.13661 36.13812 36.13957 36.141 36.14248 36.144 36.14557 36.14719 36.14886 36.15059 36.15236 36.15398 36.14903 36.14413 36.13928 36.13448 36.12972 36.125 36.12033 36.1157 36.11111 36.10656 36.10204 36.09756 36.08447 36.07124 36.05804 36.04487 36.03173 36.01861 36.00551 35.99243 35.97935 35.96626
36.02968 36.03104 36.0324 36.03378 36.0352 36.03665 36.03847 36.04189 36.04534 36.04878 36.05223 36.05569 36.05914 36.06263 36.06626 36.06998 36.07379 36.07767 36.08186 36.08781 36.09383 36.09991 36.10605 36.11221 36.11837 36.124 36.12917 36.13433 36.13951 36.1446 36.14925 36.15255 36.15581 36.15905 36.16228 36.16552 36.16876 36.17203 36.17536 36.17874 36.18218 36.18567 36.18895 36.1838 36.17871 36.17367 36.16867 36.16373 36.15882 36.15397 36.14917 36.1444 36.13968 36.135 36.13036 36.11802 36.10556 36.09315 36.08078 36.06843 36.05611 36.04382 36.03156 36.01931 36.00709
36.02932 36.03057 36.03185 36.03317 36.03451 36.03587 36.03762 36.04121 36.0448 36.04841 36.05202 36.05568 36.05946 36.06332 36.06725 36.07124 36.07528 36.07937 36.0839 36.0912 36.09854 36.10592 36.11312 36.11954 36.12585 36.13214 36.13845 36.1448 36.15112 36.15731 36.16319 36.16817 36.17314 36.1781 36.18309 36.18808 36.1931 36.19814 36.2032 36.20829 36.21344 36.21865 36.2236 36.21826 36.21297 36.20773 36.20255 36.19742 36.19233 36.1873 36.18231 36.17737 36.17247 36.16761 36.1628 36.15121 36.13953 36.12789 36.11629 36.10472 36.09319 36.08169 36.07022 36.05879 36.04738
36.02895 36.03013 36.03134 36.03257 36.03381 36.03506 36.03677 36.04051 36.04426 36.04806 36.05196 36.05594 36.06 36.06411 36.06826 36.07247 36.07672 36.081 36.08587 36.0945 36.10262 36.11007 36.11745 36.12483 36.13226 36.13974 36.14728 36.15481 36.16232 36.16967 36.17685 36.18353 36.19019 36.19688 36.20358 36.21031 36.21708 36.22387 36.23069 36.23755 36.24444 36.25137 36.25798 36.25244 36.24696 36.24154 36.23616 36.23084 36.22557 36.22034 36.21517 36.21004 36.20497 36.19993 36.19495 36.1841 36.17318 36.1623 36.15147 36.14067 36.12992 36.1192 36.10852 36.09787 36.08725
