Spatial_Analysis/Downscaled_EnvironmentalLayers/RCP8_5/2050/salinity_nearfuture.asc
ncols         639
nrows         313
xllcorner     -103
yllcorner     4.021
cellsize      0.083
NODATA_value  -9999
[rows 203 to 231 of 313, columns 520 to 584 of 639]
34.415 34.41965 34.42429 -9999 -9999 34.42251 34.41597 34.4094 34.40284 34.39626 34.38969 34.38313 34.37655 34.36998 34.36341 34.35682 34.34896 34.33883 34.32868 34.31851 34.30835 34.29818 34.28801 34.27785 34.26768 34.25752 34.24735 34.23721 34.23141 34.23537 34.23936 34.24336 34.24736 34.25136 34.25537 34.25937 34.26337 34.26737 34.27137 34.27534 34.28229 34.29775 34.31319 34.32861 34.34404 34.35946 34.37488 34.3903 34.40572 34.42114 34.43657 34.45205 34.46776 34.48428 34.50085 34.51746 34.53408 34.55069 34.5673 34.58392 34.60054 34.61715 34.63377 34.65045 34.66808
34.40588 34.41051 34.41512 34.41969 34.4198 34.41335 34.40685 34.40031 34.39378 34.38724 34.3807 34.37416 34.36763 34.36108 34.35455 34.348 34.34016 34.33001 34.31984 34.30967 34.2995 34.28933 34.27916 34.26899 34.25882 34.24865 34.23848 34.22832 34.22238 34.2259 34.22944 34.23299 34.23655 34.2401 34.24366 34.24721 34.25076 34.25431 34.25787 34.26141 34.26786 34.28268 34.29749 34.31228 34.32707 34.34186 34.35665 34.37144 34.38623 34.40103 34.41582 34.43067 34.44578 34.46176 34.47778 34.49385 34.50993 34.526 34.54208 34.55815 34.57423 34.59031 34.60639 34.62253 34.63965
34.39677 34.40137 34.40595 34.41049 34.41059 34.40418 34.39773 34.39122 34.38472 34.37821 34.3717 34.3652 34.35869 34.35219 34.34568 34.33917 34.33135 34.32119 34.31102 34.30084 34.29066 34.28048 34.27031 34.26013 34.24995 34.23977 34.2296 34.21943 34.21335 34.21643 34.21952 34.22263 34.22573 34.22884 34.23195 34.23505 34.23816 34.24126 34.24437 34.24747 34.25344 34.26761 34.28178 34.29594 34.3101 34.32426 34.33842 34.35259 34.36675 34.38091 34.39508 34.40929 34.42379 34.43923 34.45472 34.47024 34.48578 34.50131 34.51685 34.53239 34.54792 34.56346 34.579 34.5946 34.61121
34.38765 34.39223 34.39679 34.40129 34.4014 34.39503 34.3886 34.38213 34.37566 34.36918 34.36271 34.35624 34.34976 34.34329 34.33682 34.33035 34.32255 34.31237 34.30219 34.292 34.28181 34.27163 34.26145 34.25127 34.24108 34.2309 34.22071 34.21054 34.20432 34.20695 34.2096 34.21226 34.21492 34.21758 34.22024 34.2229 34.22556 34.22822 34.23088 34.23354 34.23902 34.25254 34.26607 34.2796 34.29314 34.30667 34.3202 34.33373 34.34726 34.36079 34.37432 34.38791 34.40179 34.41669 34.43164 34.44664 34.46163 34.47663 34.49163 34.50662 34.52162 34.53661 34.55161 34.56666 34.58276
34.37854 34.38308 34.38763 34.39212 34.39222 34.38589 34.37947 34.37304 34.3666 34.36015 34.35371 34.34727 34.34083 34.33439 34.32795 34.32151 34.31374 34.30355 34.29335 34.28316 34.27297 34.26278 34.25259 34.2424 34.23222 34.22203 34.21184 34.20165 34.19528 34.19747 34.19968 34.20189 34.20411 34.20632 34.20853 34.21074 34.21296 34.21517 34.21738 34.2196 34.22459 34.23747 34.25037 34.26327 34.27617 34.28907 34.30197 34.31487 34.32777 34.34068 34.35357 34.36652 34.37979 34.39415 34.40858 34.42303 34.43749 34.45194 34.4664 34.48086 34.49531 34.50977 34.52423 34.53872 34.5543
34.36942 34.37395 34.37847 34.38295 34.38305 34.37675 34.37035 34.36394 34.35754 34.35113 34.34472 34.33831 34.33191 34.3255 34.31909 34.31268 34.30493 34.29472 34.28452 34.27433 34.26413 34.25394 34.24374 34.23354 34.22334 34.21315 34.20296 34.19276 34.18624 34.188 34.18976 34.19153 34.19329 34.19505 34.19682 34.19859 34.20035 34.20212 34.20388 34.20565 34.21015 34.22239 34.23466 34.24693 34.2592 34.27147 34.28374 34.29602 34.30829 34.32056 34.33282 34.34512 34.35777 34.37161 34.38551 34.39942 34.41334 34.42726 34.44117 34.45509 34.46901 34.48292 34.49684 34.51077 34.52583
34.36031 34.3648 34.3693 34.37379 34.37391 34.3676 34.36123 34.35485 34.34848 34.34211 34.33574 34.32937 34.32299 34.31661 34.31022 34.30385 34.29611 34.28589 34.2757 34.26551 34.25532 34.24513 34.23492 34.22472 34.2145 34.20428 34.19408 34.18387 34.17721 34.17852 34.17984 34.18117 34.1825 34.18382 34.18514 34.18645 34.18777 34.18908 34.19038 34.1917 34.1957 34.20731 34.21895 34.2306 34.24224 34.25389 34.26552 34.27716 34.2888 34.30044 34.31208 34.32373 34.33575 34.34906 34.36244 34.3758 34.38918 34.40255 34.41592 34.4293 34.44268 34.45607 34.46946 34.48283 34.49735
34.35122 34.35566 34.36012 34.36459 34.36479 34.35843 34.35208 34.34574 34.33941 34.33309 34.32678 34.32045 34.31413 34.30779 34.30142 34.29504 34.28728 34.27711 34.26695 34.25677 34.24658 34.23637 34.22615 34.21593 34.2057 34.19547 34.18524 34.175 34.16818 34.16907 34.16996 34.17085 34.17173 34.17262 34.1735 34.17437 34.17523 34.17609 34.17694 34.17778 34.18122 34.19225 34.20329 34.21431 34.22531 34.23631 34.2473 34.2583 34.26929 34.2803 34.29131 34.30233 34.31371 34.32652 34.33933 34.35215 34.36497 34.3778 34.39064 34.40348 34.41632 34.42917 34.44202 34.45489 34.46886
34.34181 34.34729 34.35278 34.35828 34.35905 34.35278 34.34648 34.34018 34.3339 34.32763 34.32134 34.31506 34.30878 34.30248 34.29616 34.28984 34.28213 34.27187 34.26164 34.2514 34.24116 34.2309 34.22063 34.21036 34.20008 34.1898 34.17952 34.16924 34.1622 34.16246 34.16273 34.16299 34.16326 34.16352 34.16378 34.16404 34.16428 34.16452 34.16476 34.165 34.16776 34.17772 34.18772 34.19772 34.2077 34.21768 34.22765 34.23763 34.2476 34.25759 34.26758 34.27758 34.288 34.3001 34.31222 34.32434 34.33646 34.34859 34.36073 34.37287 34.38501 34.39716 34.40931 34.42147 34.43484
34.33225 34.33932 34.34639 34.35345 34.35514 34.34897 34.34273 34.33649 34.33025 34.32401 34.31778 34.31153 34.30529 34.29905 34.2928 34.28656 34.27887 34.26852 34.25817 34.24784 34.23751 34.22717 34.21683 34.20649 34.19614 34.18579 34.17546 34.16512 34.15781 34.15735 34.1569 34.15645 34.156 34.15555 34.1551 34.15465 34.15419 34.15373 34.15328 34.15284 34.15479 34.16349 34.17223 34.18099 34.18975 34.19851 34.20726 34.21601 34.22477 34.23352 34.24228 34.25105 34.26038 34.27164 34.28299 34.29435 34.30569 34.31704 34.32839 34.33974 34.3511 34.36246 34.37381 34.38517 34.39795
34.3227 34.33135 34.34 34.34862 34.35128 34.34515 34.33897 34.33278 34.3266 34.3204 34.31422 34.30803 34.30184 34.29565 34.28946 34.28328 34.27558 34.26517 34.25475 34.24433 34.23391 34.2235 34.21308 34.20266 34.19224 34.18182 34.17141 34.161 34.15343 34.15225 34.15109 34.14993 34.14877 34.14761 34.14645 34.1453 34.14414 34.14298 34.14182 34.14069 34.1418 34.14926 34.15677 34.1643 34.17182 34.17935 34.18687 34.1944 34.20192 34.20945 34.21697 34.22454 34.23276 34.24321 34.25375 34.26431 34.27488 34.28545 34.29602 34.30658 34.31716 34.32772 34.33829 34.34889 34.36104
34.31315 34.32338 34.3336 34.34381 34.34743 34.34133 34.33521 34.32907 34.32294 34.3168 34.31067 34.30453 34.2984 34.29226 34.28613 34.27998 34.27229 34.26181 34.25132 34.24083 34.23033 34.21984 34.20934 34.19884 34.18835 34.17786 34.16736 34.15688 34.14904 34.14715 34.14528 34.14341 34.14155 34.13969 34.13782 34.13596 34.13409 34.13223 34.13037 34.12854 34.12882 34.13504 34.14131 34.1476 34.15389 34.16019 34.16648 34.17278 34.17908 34.18537 34.19167 34.19803 34.20513 34.21478 34.2245 34.23428 34.24406 34.25385 34.26363 34.27342 34.2832 34.29299 34.30277 34.31261 34.32412
34.3036 34.31541 34.32721 34.33901 34.3436 34.33752 34.33144 34.32536 34.31928 34.3132 34.30712 34.30103 34.29495 34.28887 34.28279 34.27668 34.269 34.25845 34.2479 34.23733 34.22675 34.21618 34.20561 34.19503 34.18446 34.17389 34.16331 34.15276 34.14466 34.14206 34.13947 34.1369 34.13433 34.13176 34.12919 34.12661 34.12405 34.12147 34.11891 34.11638 34.11582 34.12081 34.12584 34.1309 34.13597 34.14103 34.1461 34.15117 34.15623 34.1613 34.16637 34.17152 34.17749 34.18634 34.19526 34.20425 34.21325 34.22225 34.23125 34.24025 34.24925 34.25825 34.26725 34.27632 34.28719
34.29404 34.30744 34.32083 34.33423 34.33978 34.33372 34.32768 34.32166 34.31562 34.30959 34.30357 34.29753 34.29151 34.28548 34.27945 34.27338 34.2657 34.2551 34.24447 34.23382 34.22317 34.21252 34.20187 34.19122 34.18057 34.16992 34.15927 34.14864 34.14027 34.13695 34.13366 34.13038 34.12711 34.12383 34.12055 34.11728 34.114 34.11072 34.10745 34.10422 34.10282 34.10658 34.11038 34.11421 34.11805 34.12188 34.12572 34.12955 34.13338 34.13722 34.14107 34.145 34.14984 34.15789 34.16601 34.17422 34.18244 34.19065 34.19887 34.20708 34.2153 34.22351 34.23174 34.24002 34.25025
34.2845 34.29947 34.31444 34.32944 34.33596 34.32993 34.32392 34.31794 34.31197 34.30599 34.30002 34.29404 34.28806 34.28209 34.2761 34.27008 34.26241 34.25174 34.24104 34.23032 34.21959 34.20886 34.19814 34.1874 34.17667 34.16594 34.15522 34.14452 34.13588 34.13185 34.12784 34.12386 34.11988 34.1159 34.11192 34.10794 34.10395 34.09997 34.09599 34.09206 34.08982 34.09234 34.09491 34.09751 34.10012 34.10272 34.10533 34.10793 34.11053 34.11314 34.11576 34.11847 34.12218 34.12943 34.13677 34.14419 34.15162 34.15905 34.16648 34.17392 34.18135 34.18878 34.19622 34.20372 34.2133
34.27495 34.29149 34.30804 34.32465 34.33213 34.32612 34.32016 34.31424 34.30831 34.30239 34.29647 34.29054 34.28462 34.2787 34.27277 34.2668 34.25912 34.24839 34.23762 34.22681 34.21601 34.2052 34.1944 34.18359 34.17278 34.16198 34.15117 34.1404 34.13149 34.12675 34.12204 34.11735 34.11266 34.10797 34.10328 34.09859 34.09391 34.08922 34.08453 34.07989 34.0768 34.0781 34.07944 34.08081 34.08219 34.08356 34.08494 34.08632 34.08769 34.08906 34.09045 34.09192 34.09451 34.10096 34.10752 34.11416 34.12081 34.12745 34.1341 34.14075 34.1474 34.15405 34.16069 34.16741 34.17634
34.2654 34.28352 34.30164 34.31984 34.32829 34.3223 34.3164 34.31053 34.30466 34.29879 34.29292 34.28705 34.28118 34.27531 34.26944 34.26352 34.25585 34.24505 34.2342 34.22332 34.21243 34.20155 34.19066 34.17978 34.16889 34.15801 34.14712 34.13627 34.12709 34.12164 34.11622 34.11083 34.10543 34.10004 34.09465 34.08925 34.08386 34.07846 34.07307 34.06771 34.06378 34.06385 34.06397 34.06411 34.06426 34.06441 34.06456 34.0647 34.06485 34.06499 34.06514 34.06536 34.06681 34.07248 34.07827 34.08413 34.08999 34.09586 34.10172 34.10758 34.11345 34.11931 34.12517 34.13109 34.13937
34.25585 34.27555 34.29525 34.315 34.32441 34.31847 34.31264 34.30682 34.301 34.29519 34.28938 34.28355 34.27774 34.27192 34.2661 34.26025 34.25259 34.24172 34.23077 34.21981 34.20885 34.19788 34.18693 34.17596 34.165 34.15404 34.14307 34.13213 34.12268 34.11652 34.11041 34.10432 34.09821 34.09211 34.08602 34.07991 34.07381 34.06771 34.06161 34.05553 34.05075 34.0496 34.0485 34.04742 34.04634 34.04525 34.04417 34.04309 34.042 34.04091 34.03983 34.03878 34.03909 34.04398 34.04902 34.0541 34.05918 34.06425 34.06934 34.07442 34.07949 34.08457 34.08965 34.09475 34.10238
34.24639 34.26762 34.28885 34.31014 34.32049 34.31464 34.30888 34.30317 34.29745 34.29171 34.28595 34.28017 34.27438 34.26857 34.26276 34.257 34.24936 34.23838 34.22736 34.21637 34.20539 34.19439 34.18337 34.17231 34.16124 34.15013 34.13903 34.12799 34.11826 34.11141 34.10462 34.09789 34.09116 34.0844 34.07761 34.07078 34.06392 34.05704 34.05016 34.04335 34.03772 34.03535 34.03305 34.03081 34.02857 34.02631 34.02401 34.02168 34.01931 34.01691 34.01453 34.01221 34.01133 34.01548 34.01978 34.02414 34.02849 34.03281 34.03711 34.04138 34.04563 34.04988 34.05414 34.05843 34.06538
34.23713 34.2599 34.28264 34.30536 34.31654 34.31092 34.30533 34.29972 34.29407 34.28839 34.28269 34.27696 34.2712 34.26542 34.25961 34.25377 34.24615 34.23514 34.22417 34.21317 34.20215 34.1911 34.18003 34.16891 34.15775 34.14655 34.13528 34.12395 34.11382 34.10645 34.09916 34.09181 34.08441 34.07697 34.06947 34.06194 34.05435 34.04672 34.03903 34.03129 34.02467 34.02126 34.01793 34.01456 34.01113 34.00765 34.00412 34.00055 33.99694 33.99327 33.98956 33.98579 33.98354 33.98713 33.99083 33.99447 33.99805 34.00158 34.00507 34.00854 34.01197 34.01538 34.01878 34.02218 34.02835
34.22222 34.24725 34.27225 34.29728 34.31001 34.30466 34.29942 34.29417 34.2889 34.28361 34.27828 34.27293 34.26756 34.26216 34.25674 34.25132 34.244 34.23302 34.2221 34.21117 34.20021 34.18924 34.17823 34.16719 34.15611 34.14498 34.13381 34.12263 34.11254 34.10464 34.09689 34.08913 34.08132 34.07347 34.06558 34.05764 34.04966 34.04163 34.03357 34.0255 34.01852 34.01427 34.01018 34.00608 34.00195 33.99776 33.99352 33.98925 33.98494 33.98058 33.97618 33.97177 33.96893 33.97145 33.97419 33.9769 33.97956 33.98219 33.98477 33.98732 33.98986 33.99236 33.99486 33.99738 34.00274
34.20375 34.2315 34.25928 34.28711 34.30176 34.29683 34.29208 34.28735 34.28264 34.27792 34.27319 34.26843 34.26367 34.2589 34.25415 34.2494 34.24247 34.23171 34.22085 34.21001 34.19918 34.18835 34.17751 34.16663 34.15575 34.14484 34.13398 34.12312 34.11312 34.10496 34.09684 34.08875 34.08068 34.07261 34.0645 34.05637 34.04821 34.04005 34.03192 34.02381 34.01662 34.01195 34.00734 34.00274 33.99818 33.99361 33.989 33.98438 33.97972 33.97506 33.97044 33.96584 33.9626 33.96402 33.96561 33.96722 33.96886 33.97048 33.97208 33.97366 33.97523 33.9768 33.97838 33.97999 33.98441
34.18547 34.21592 34.24638 34.27699 34.29351 34.28907 34.28487 34.28072 34.27656 34.27241 34.26826 34.26411 34.25996 34.25581 34.25166 34.24745 34.24095 34.2304 34.21974 34.20906 34.19838 34.18769 34.17701 34.16633 34.15565 34.14497 34.13428 34.12362 34.11368 34.10531 34.09698 34.08867 34.08035 34.07203 34.06371 34.05539 34.04708 34.03876 34.03044 34.02214 34.01472 34.00967 34.00468 33.99971 33.99473 33.98975 33.98478 33.9798 33.97482 33.96984 33.96486 33.95994 33.95623 33.95664 33.9572 33.95779 33.95839 33.95899 33.9596 33.9602 33.9608 33.9614 33.962 33.96265 33.96608
34.16721 34.20035 34.23351 34.26688 34.28525 34.28133 34.27765 34.27409 34.27052 34.26696 34.2634 34.25984 34.25628 34.25272 34.24915 34.24551 34.23945 34.22908 34.21863 34.20812 34.19761 34.18711 34.17661 34.1661 34.1556 34.1451 34.13459 34.12411 34.11423 34.10567 34.09713 34.08861 34.08009 34.07157 34.06305 34.05453 34.04601 34.03749 34.02896 34.02048 34.01281 34.0074 34.00203 33.99669 33.99134 33.986 33.98066 33.97532 33.96998 33.96463 33.95929 33.95404 33.94983 33.94925 33.94877 33.94838 33.94798 33.94759 33.94719 33.9468 33.9464 33.946 33.94561 33.94532 33.94775
34.14896 34.18478 34.22065 34.25675 34.27696 34.27359 34.27044 34.26746 34.26449 34.26152 34.25854 34.25557 34.2526 34.24963 34.24664 34.24358 34.23796 34.22778 34.21751 34.20719 34.19686 34.18653 34.1762 34.16588 34.15555 34.14523 34.1349 34.1246 34.11477 34.10601 34.09727 34.08855 34.07982 34.0711 34.06237 34.05365 34.04493 34.03621 34.02748 34.0188 34.01089 34.00511 33.99937 33.99366 33.98796 33.98225 33.97654 33.97084 33.96513 33.95942 33.95373 33.94812 33.94341 33.94184 33.94036 33.93896 33.93757 33.93618 33.93479 33.93339 33.932 33.93061 33.92923 33.92799 33.92939
34.13071 34.16921 34.20778 34.2466 34.26865 34.26582 34.26322 34.26083 34.25845 34.25607 34.25368 34.2513 34.24892 34.24654 34.24414 34.24166 34.23649 34.22648 34.2164 34.20625 34.1961 34.18595 34.1758 34.16565 34.15551 34.14536 34.13521 34.12507 34.11531 34.10635 34.09742 34.08849 34.07956 34.07064 34.06171 34.05278 34.04385 34.03493 34.026 34.01712 34.00896 34.00282 33.99672 33.99064 33.98457 33.9785 33.97243 33.96635 33.96029 33.95422 33.94816 33.94218 33.93697 33.93442 33.93194 33.92954 33.92715 33.92477 33.92238 33.91999 33.91761 33.91522 33.91285 33.91063 33.91103
34.11246 34.15364 34.19489 34.23641 34.2603 34.25803 34.256 34.2542 34.25241 34.25062 34.24883 34.24703 34.24524 34.24345 34.24164 34.23976 34.23503 34.22519 34.21528 34.20531 34.19534 34.18538 34.1754 34.16542 34.15546 34.14548 34.13551 34.12555 34.11584 34.10669 34.09756 34.08843 34.0793 34.07017 34.06104 34.05191 34.04278 34.03365 34.02452 34.01543 34.00703 34.00053 33.99406 33.98762 33.98119 33.97475 33.96832 33.96188 33.95544 33.94901 33.94258 33.93623 33.93052 33.92699 33.92352 33.92013 33.91674 33.91336 33.90997 33.90659 33.90321 33.89983 33.89646 33.89326 33.89264
34.09421 34.13807 34.18198 34.22618 34.25191 34.2502 34.24878 34.24757 34.24637 34.24517 34.24397 34.24277 34.24156 34.24036 34.23915 34.23786 34.23358 34.22392 34.21418 34.20438 34.19458 34.18479 34.175 34.1652 34.15541 34.14561 34.13582 34.12602 34.11637 34.10704 34.09771 34.08837 34.07904 34.06971 34.06038 34.05104 34.04171 34.03237 34.02304 34.01374 34.00509 33.99823 33.9914 33.9846 33.9778 33.971 33.9642 33.9574 33.9506 33.9438 33.93701 33.93028 33.92406 33.91954 33.91509 33.91071 33.90633 33.90195 33.89757 33.8932 33.88881 33.88444 33.88007 33.87586 33.87421
34.07596 34.1225 34.16904 34.2159 34.24346 34.24232 34.24156 34.24094 34.24033 34.23972 34.23911 34.23849 34.23789 34.23727 34.23666 34.23598 34.23214 34.22264 34.21307 34.20345 34.19383 34.18422 34.17459 34.16498 34.15536 34.14574 34.13613 34.1265 34.11691 34.10738 34.09785 34.08831 34.07878 34.06924 34.0597 34.05017 34.04063 34.0311 34.02156 34.01205 34.00315 33.99593 33.98875 33.98158 33.97442 33.96725 33.96009 33.95292 33.94576 33.93859 33.93143 33.92432 33.91758 33.91209 33.90667 33.90129 33.89592 33.89054 33.88517 33.87979 33.87442 33.86904 33.86367 33.85843 33.85576
