Spatial_Analysis/Downscaled_EnvironmentalLayers/RCP8_5/2050/speed_nearfuture.asc
ncols         639
nrows         313
xllcorner     -103
yllcorner     4.021
cellsize      0.083
NODATA_value  -9999
[rows 261 to 289 of 313, columns 195 to 259 of 639]
13.28728 13.41822 13.54894 13.67568 13.61746 13.47902 13.33673 13.19428 13.05183 12.90937 12.76692 12.62447 12.48202 12.33955 12.19705 12.05297 11.88936 11.71462 11.53822 11.36172 11.18522 11.00873 10.83223 10.65573 10.47924 10.30274 10.12618 9.947042 9.740818 9.516014 9.288227 9.060214 8.832201 8.604187 8.376174 8.148159 7.920146 7.692132 7.46405 7.230584 6.908607 6.515747 6.116064 5.715724 5.315385 -9999 -9999 -9999 3.714028 3.313688 2.91333 -9999 -9999 -9999 3.351319 -9999 -9999 -9999 -9999 -9999 -9999 -9999 -9999 -9999 -9999
14.19674 14.29848 14.39946 14.49734 14.41009 14.24365 14.07414 13.90395 13.73376 13.56357 13.39338 13.22319 13.05298 12.88281 12.71239 12.54096 12.3434 12.13172 11.91901 11.70603 11.49305 11.28007 11.06709 10.85411 10.64113 10.42815 10.21472 9.998881 9.764559 9.517558 9.268053 9.017818 8.767584 8.517348 8.267114 8.016879 7.766644 7.516409 7.265023 7.006332 6.706049 6.371751 6.02968 5.685046 5.340413 4.995779 -9999 -9999 3.961877 3.617243 3.271954 2.921698 2.962439 3.375697 3.783537 -9999 -9999 -9999 -9999 -9999 -9999 -9999 -9999 -9999 -9999
15.1062 15.17875 15.25042 15.32016 15.20386 15.00868 14.81156 14.61363 14.4157 14.21777 14.01984 13.82193 13.62398 13.42605 13.22797 13.02954 12.79804 12.5491 12.2998 12.05033 11.80087 11.55141 11.30194 11.05248 10.80301 10.55355 10.30341 10.05137 9.788988 9.519369 9.247879 8.975424 8.702967 8.430511 8.158054 7.885599 7.613142 7.340687 7.065607 6.782336 6.50381 6.227598 5.943297 5.654368 5.36544 5.076512 4.787583 -9999 4.209727 3.920799 3.630371 3.334637 3.400454 3.810712 4.21575 4.617496 5.019237 5.420978 5.82272 6.224461 6.626202 7.027942 -9999 -9999 -9999
16.01566 16.05901 16.10181 16.14368 15.99834 15.77413 15.54897 15.3233 15.09763 14.87196 14.64641 14.42063 14.19496 13.96929 13.74375 13.51844 13.25301 12.96668 12.68059 12.39464 12.1087 11.82275 11.5368 11.25085 10.9649 10.67896 10.39234 10.10433 9.813892 9.521481 9.227702 8.933027 8.63835 8.343674 8.048996 7.754318 7.459641 7.164964 6.866488 6.559066 6.302343 6.083894 5.856849 5.623691 5.390468 5.157245 4.924023 -9999 4.457577 4.224354 3.989031 3.748176 3.839117 4.246135 4.647889 5.045625 5.443277 5.840929 6.238582 6.636234 7.033886 7.43154 -9999 -9999 -9999
16.92512 16.93928 16.95341 16.96749 16.79311 16.53977 16.28638 16.03298 15.77957 15.52642 15.27275 15.01935 14.76594 14.51253 14.25955 14.0074 13.70802 13.3843 13.06138 12.73895 12.41652 12.09409 11.77166 11.44922 11.12679 10.80436 10.48146 10.15756 9.839076 9.523787 9.207528 8.890633 8.573732 8.256835 7.939936 7.623037 7.306139 6.98924 6.668106 6.336977 6.102102 5.941082 5.770459 5.593012 5.415495 5.237978 5.060461 4.882943 4.705426 4.527909 4.348151 4.162475 4.278583 4.682157 5.080101 5.473753 5.867317 6.26088 6.654444 7.048007 7.441571 7.835135 8.230112 -9999 -9999
17.83458 17.81954 17.8049 17.79117 17.58774 17.30532 17.0238 16.74265 16.46188 16.18036 15.89921 15.61806 15.33692 15.05577 14.77522 14.49614 14.16283 13.80177 13.44217 13.08326 12.72434 12.36543 12.00651 11.6476 11.28868 10.92977 10.57063 10.21087 9.86435 9.52616 9.187355 8.848236 8.509116 8.169996 7.830877 7.491757 7.152637 6.813518 6.470751 6.116535 5.903574 5.799517 5.684146 5.562334 5.440523 5.318711 5.196898 5.075088 4.953276 4.831464 4.707829 4.577704 4.719028 5.118909 5.512403 5.901883 6.291357 6.680832 7.070307 7.459782 7.849257 8.238731 8.629579 -9999 -9999
18.74404 18.6998 18.65606 18.61429 18.38181 18.07053 17.76121 17.45278 17.14344 16.83455 16.52567 16.21678 15.9079 15.59901 15.2906 14.98439 14.61713 14.21893 13.82297 13.42757 13.03217 12.63677 12.24137 11.84597 11.45057 11.05517 10.65973 10.26409 9.889528 9.528461 9.167182 8.805841 8.4445 8.083158 7.721817 7.360476 6.999135 6.637794 6.274449 5.898235 5.707301 5.659388 5.597763 5.531657 5.46555 5.399445 5.333338 5.267231 5.201125 5.135019 5.068007 4.994043 5.160667 5.556446 5.944625 6.330011 6.715397 7.100783 7.486169 7.871554 8.256941 8.642327 9.02844 -9999 -9999
19.6535 19.58007 19.50679 19.43641 19.1749 18.83536 18.49913 18.162 17.82537 17.48875 17.15213 16.8155 16.47888 16.14226 15.80573 15.47186 15.07066 14.6358 14.20376 13.77187 13.33999 12.90811 12.47622 12.04434 11.61246 11.18058 10.7487 10.31703 9.914415 9.530588 9.147007 8.763445 8.379883 7.996321 7.612758 7.229196 6.845634 6.462071 6.078365 5.682554 5.51389 5.520335 5.511379 5.500978 5.490578 5.480177 5.469776 5.459375 5.448975 5.438574 5.428147 5.41165 5.603748 5.994556 6.376843 6.75814 7.139437 7.520735 7.902032 8.283329 8.664626 9.045923 9.427222 9.814842 -9999
20.56512 20.46066 20.35771 20.25711 19.9666 19.60096 19.23635 18.87335 18.50991 18.14571 17.7809 17.41574 17.05052 16.68558 16.32113 15.95834 15.52313 15.05292 14.58442 14.11499 13.64507 13.17527 12.70611 12.23804 11.77126 11.3053 10.83762 10.36951 9.938811 9.532617 9.126257 8.715896 8.304939 7.895441 7.488418 7.084452 6.683598 6.284357 5.880565 5.469586 5.32392 5.379692 5.424206 5.462299 5.50038 5.54147 5.586326 5.634951 5.68675 5.739687 5.787434 5.830435 6.048522 6.431852 6.808563 7.179988 7.551603 7.925918 8.30326 8.683306 9.065317 -9999 9.826728 10.20631 11.39429
21.48687 21.35093 21.21342 21.07696 20.75826 20.36992 19.98213 19.5923 19.20071 18.8078 18.41398 18.01962 17.6251 17.2308 16.83715 16.44454 15.97504 15.46907 14.96124 14.45244 13.94336 13.43463 12.92686 12.42069 11.91678 11.41584 10.91838 10.42168 9.962677 9.525952 9.083823 8.642773 8.203971 7.768167 7.336087 6.908531 6.486405 6.070683 5.661936 5.25441 5.136159 5.221841 5.299091 5.381928 5.470961 5.565939 5.66661 5.77284 5.884627 6.002017 6.124669 6.247112 6.494564 6.855292 7.208362 7.567386 7.932473 8.302893 8.677912 9.056907 -9999 -9999 10.21223 10.5987 11.83777
22.19576 22.03813 21.87885 21.72022 21.38359 20.98132 20.57859 20.17374 19.76713 19.35917 18.9503 18.54089 18.13132 17.72197 17.31326 16.90561 16.41755 15.89145 15.36351 14.83459 14.3054 13.77657 13.2487 12.72244 12.19845 11.67747 11.16008 10.6441 10.16827 9.715986 9.258934 8.803092 8.349545 7.899021 7.452242 7.010011 6.573249 6.142969 5.719886 5.299333 5.191719 5.304504 5.410485 5.522367 5.640545 5.764718 5.894615 6.030102 6.171185 6.317944 6.470158 6.623237 6.888345 7.252716 7.610852 7.975253 8.345812 8.721745 9.102306 9.486863 -9999 10.26586 10.65913 11.05185 12.30379
22.60156 22.43487 22.26969 22.10756 21.76999 21.36415 20.96107 20.55901 20.15643 19.75308 19.34909 18.94473 18.54032 18.13618 17.73256 17.33099 16.84725 16.32433 15.80353 15.28174 14.75947 14.23735 13.71588 13.19552 12.67651 12.15844 11.63871 11.1186 10.64312 10.19729 9.751425 9.301414 8.850972 8.402078 7.955727 7.512516 7.072548 6.634469 6.191984 5.742013 5.622203 5.754402 5.875215 5.989372 6.103874 6.221555 6.343107 6.468531 6.597264 6.72739 6.852471 6.972462 7.237681 7.639645 8.035256 8.425347 8.815969 9.209438 9.606025 10.00538 10.4068 -9999 -9999 11.60606 12.81437
23.01758 22.84163 22.6659 22.49519 22.1569 21.75197 21.35187 20.95194 20.55201 20.15208 19.75215 19.35222 18.95229 18.55235 18.15256 17.75702 17.27733 16.75619 16.23957 15.72317 15.20677 14.69038 14.17398 13.65758 13.14118 12.62479 12.10841 11.59328 11.11801 10.66898 10.22139 9.773896 9.326404 8.87891 8.431417 7.983924 7.53643 7.088938 6.641337 6.181612 6.054527 6.185279 6.300425 6.414216 6.528008 6.641799 6.75559 6.869383 6.983174 7.096966 7.210745 7.319228 7.588603 8.01124 8.426318 8.840578 9.254837 9.669097 10.08335 10.49762 10.91187 11.32613 11.74039 12.16119 13.32217
23.43603 23.24884 23.06286 22.88197 22.54298 22.14053 21.7431 21.34675 20.9504 20.55404 20.15769 19.76134 19.36499 18.96864 18.57324 18.18249 17.70681 17.18876 16.67543 16.16326 15.65109 15.13892 14.62675 14.11458 13.60241 13.09024 12.57832 12.0678 11.59271 11.14089 10.69052 10.24057 9.790619 9.340667 8.890714 8.440763 7.99081 7.540858 7.088936 6.623848 6.490256 6.614388 6.724439 6.830014 6.93559 7.041166 7.146741 7.252317 7.357893 7.463469 7.568324 7.667392 7.94146 8.382197 8.816577 9.248681 9.680785 10.11289 10.54499 10.9771 11.4092 11.84131 12.27416 12.71445 13.82714
23.85448 23.65606 23.45968 23.26791 22.92825 22.52898 22.13433 21.74156 21.34879 20.95601 20.56324 20.17047 19.7777 19.38493 18.99391 18.60733 18.13564 17.62125 17.1113 16.60335 16.09541 15.58747 15.07952 14.57158 14.06364 13.55569 13.04823 12.54214 12.06721 11.61275 11.15966 10.70725 10.25483 9.802423 9.350011 8.8976 8.445189 7.992778 7.536658 7.068701 6.928854 7.044513 7.148453 7.245812 7.343172 7.440533 7.537892 7.635252 7.732612 7.829971 7.925946 8.016906 8.295839 8.753811 9.206833 9.656784 10.10673 10.55668 11.00663 11.45658 11.90653 12.35648 12.80797 13.26585 14.32996
24.27292 24.06328 23.85608 23.6531 23.31276 22.91703 22.52556 22.13637 21.74717 21.35798 20.96879 20.57959 20.1904 19.80121 19.41424 19.03154 18.56382 18.05338 17.54716 17.04344 16.53973 16.03601 15.5323 15.02858 14.52486 14.02115 13.51805 13.01628 12.54151 12.08451 11.62879 11.17392 10.71905 10.26418 9.809309 9.354439 8.899568 8.444697 7.985428 7.51573 7.369744 7.476084 7.572396 7.661612 7.750755 7.839899 7.929043 8.018187 8.107331 8.196474 8.284051 8.367467 8.651344 9.126169 9.597034 10.06489 10.53268 11.00047 11.46827 11.93606 12.40386 12.87165 13.34117 13.81585 14.83123
24.69137 24.47049 24.25201 24.03761 23.6966 23.30463 22.91679 22.53118 22.14556 21.75995 21.37433 20.98872 20.60311 20.21749 19.83415 19.45509 18.99134 18.48506 17.98302 17.48353 16.98405 16.48455 15.98507 15.48558 14.98609 14.4866 13.98774 13.49022 13.0156 12.55612 12.09793 11.6406 11.18327 10.72594 10.26861 9.811277 9.353947 8.896617 8.435262 7.96447 7.812414 7.908945 7.996411 8.07741 8.158338 8.239265 8.320193 8.401121 8.48205 8.562978 8.642591 8.718755 9.007615 9.499098 9.987299 10.47299 10.95863 11.44427 11.9299 12.41554 12.90118 13.38682 13.87384 14.36492 15.33151
25.10982 24.87771 24.64751 24.4215 24.07982 23.69182 23.30802 22.92598 22.54395 22.16191 21.77988 21.39785 21.01581 20.63378 20.25361 19.87799 19.41821 18.91628 18.41889 17.92362 17.42836 16.9331 16.43784 15.94258 15.44731 14.95205 14.4573 13.96396 13.48949 13.02758 12.56706 12.10727 11.64748 11.18769 10.7279 10.26811 9.808325 9.348537 8.885896 8.414485 8.256409 8.342773 8.420496 8.493208 8.56592 8.638632 8.711344 8.784056 8.856769 8.929481 9.00138 9.070456 9.364324 9.872352 10.37761 10.88109 11.38458 11.88806 12.39154 12.89503 13.39851 13.90199 14.40624 14.91354 15.83131
25.52827 25.28492 25.04269 24.80482 24.46248 24.0787 23.69925 23.32079 22.94234 22.56388 22.18543 21.80697 21.42852 21.05006 20.67269 20.30018 19.84436 19.34709 18.85475 18.36371 17.87268 17.38165 16.89061 16.39957 15.90854 15.4175 14.92675 14.43749 13.96315 13.4989 13.03619 12.57395 12.1117 11.64945 11.1872 10.72495 10.2627 9.800457 9.3369 8.865355 8.701308 8.777143 8.84451 8.909006 8.973503 9.037998 9.102495 9.166991 9.231486 9.295983 9.360187 9.422262 9.721148 10.24566 10.76787 11.2892 11.81052 12.33185 12.85318 13.37451 13.89584 14.41716 14.93871 15.46219 16.33113
25.94672 25.69214 25.43781 25.1876 24.8446 24.46554 24.09048 23.7156 23.34072 22.96585 22.59097 22.2161 21.84122 21.46635 21.09167 20.72165 20.26976 19.77773 19.29061 18.8038 18.317 17.83019 17.34338 16.85657 16.36977 15.88296 15.39619 14.91079 14.43658 13.97016 13.50533 13.04062 12.57591 12.1112 11.6465 11.18179 10.71708 10.25238 9.78757 9.316643 9.1467 9.211449 9.268524 9.324805 9.381084 9.437365 9.493646 9.549925 9.606206 9.662486 9.718758 9.773856 10.07776 10.61875 11.15813 11.6973 12.23647 12.77564 13.31482 13.85399 14.39316 14.93233 15.47151 16.01134 16.83148
26.36719 26.09956 25.83355 25.56993 25.22629 24.853 24.48192 24.11203 23.74191 23.37108 22.99954 22.62744 22.25502 21.88276 21.51133 21.14241 20.69441 20.20906 19.72651 19.24401 18.76124 18.27825 17.79527 17.31255 16.83024 16.34827 15.86583 15.38389 14.90976 14.44163 13.97435 13.5058 13.03701 12.5687 12.10121 11.63468 11.16909 10.70386 10.23713 9.76777 9.592119 9.644474 9.692389 9.737698 9.782316 9.827841 9.875021 9.924262 9.975577 10.02787 10.07705 10.12491 10.43381 10.99137 11.5482 12.10002 12.65054 13.20297 13.75855 14.31784 14.88071 15.44525 16.00452 16.56146 17.33294
26.79867 26.51677 26.23366 25.9525 25.60837 25.24458 24.88161 24.51695 24.15068 23.78305 23.41432 23.04473 22.67449 22.30384 21.93308 21.56348 21.11907 20.6416 20.16376 19.68488 19.20527 18.72531 18.24537 17.76582 17.28701 16.80934 16.33309 15.85715 15.38288 14.91056 14.43621 13.96232 13.48928 13.01731 12.54659 12.07734 11.60981 11.14426 10.68077 10.21697 10.03662 10.07184 10.10205 10.13284 10.16518 10.1996 10.2366 10.27674 10.32062 10.36889 10.42182 10.4751 10.78893 11.3545 11.91015 12.46793 13.02944 13.59532 14.16617 14.74264 15.3255 15.91558 16.51316 17.11185 17.83604
26.84697 26.56162 26.27482 25.9885 25.65173 25.30095 24.94957 24.59626 24.24126 23.88486 23.52735 23.16895 22.80988 22.45037 22.09068 21.73163 21.29749 20.83014 20.36189 19.89249 19.42235 18.95186 18.48139 18.0113 17.54198 17.07385 16.60728 16.14188 15.67465 15.20648 14.73713 14.26841 13.80061 13.3339 12.86847 12.40454 11.94239 11.4823 11.02452 10.56795 10.38765 10.41574 10.44061 10.46646 10.49396 10.52362 10.55592 10.59141 10.63075 10.67465 10.72377 10.7762 11.08634 11.64166 12.19044 12.74223 13.29802 13.85833 14.42371 14.99482 15.57249 16.15769 16.75124 17.35033 18.0247
26.22806 25.95596 25.68556 25.41724 25.1016 24.76915 24.43859 24.1092 23.7793 23.44856 23.11704 22.78489 22.45237 22.11988 21.78831 21.45896 21.04702 20.59587 20.14702 19.69817 19.24894 18.79948 18.35003 17.90085 17.45216 17.00396 16.5554 16.10717 15.65948 15.21355 14.76833 14.32165 13.87496 13.42886 12.98366 12.53953 12.09649 11.65413 11.21043 10.76448 10.59256 10.63381 10.67183 10.70676 10.74146 10.77729 10.81496 10.8549 10.89725 10.94125 10.98264 11.02168 11.30983 11.83564 12.36104 12.88034 13.39936 13.92077 14.44568 14.97468 15.50782 16.04373 16.57538 17.10174 17.70977
25.62054 25.36143 25.10241 24.84577 24.55144 24.24305 23.93695 23.63091 23.32487 23.01884 22.7128 22.40676 22.10072 21.79468 21.48874 21.18682 20.79677 20.3631 19.93372 19.50452 19.07532 18.64611 18.21691 17.78771 17.35851 16.92931 16.50014 16.07308 15.64483 15.21681 14.79128 14.3659 13.94052 13.51513 13.08974 12.66438 12.239 11.81362 11.38822 10.95976 10.7978 10.84417 10.88653 10.92858 10.97063 11.01266 11.05468 11.09677 11.13881 11.18086 11.22291 11.2662 11.53386 12.01532 12.49861 12.98208 13.46555 13.94899 14.43241 14.91595 15.39942 15.88288 16.36635 16.84917 17.39566
25.01611 24.7676 24.51952 24.27338 24.0004 23.71722 23.43596 23.15508 22.87421 22.59334 22.31246 22.03159 21.75072 21.46984 21.18978 20.91386 20.54563 20.13096 19.72051 19.31105 18.90159 18.49213 18.08266 17.6732 17.26374 16.85428 16.44528 16.03906 15.6302 15.22054 14.8138 14.40783 14.00186 13.59589 13.18992 12.78395 12.37798 11.97201 11.56556 11.15569 11.0039 11.05403 11.10049 11.14583 11.19116 11.2365 11.28183 11.32717 11.37251 11.41784 11.46341 11.511 11.75812 12.19542 12.63494 13.07524 13.51554 13.95584 14.39613 14.83643 15.27673 15.71703 16.15728 16.59713 17.08227
24.41169 24.17377 23.9364 23.70031 23.44868 23.19118 22.93496 22.67926 22.42355 22.16784 21.91213 21.65642 21.40071 21.14501 20.89072 20.64012 20.29369 19.89866 19.5073 19.11758 18.72786 18.33813 17.94841 17.55869 17.16897 16.77925 16.39057 16.00491 15.61541 15.22436 14.83631 14.44975 14.0632 13.67664 13.29008 12.90352 12.51697 12.13041 11.7429 11.35229 11.21073 11.26413 11.31445 11.36308 11.4117 11.46033 11.50895 11.55757 11.6062 11.65482 11.7041 11.75584 11.9824 12.37563 12.77128 13.1684 13.56553 13.96266 14.35979 14.75691 15.15404 15.55117 15.9483 16.34549 16.76932
23.80726 23.57994 23.35301 23.12679 22.89651 22.66489 22.43397 22.20343 21.97289 21.74234 21.5118 21.28126 21.05071 20.82017 20.59132 20.36571 20.04107 19.66598 19.29409 18.92411 18.55413 18.18415 17.81417 17.44418 17.0742 16.70422 16.33573 15.97046 15.60033 15.22801 14.85883 14.49168 14.12453 13.75739 13.39024 13.02309 12.65595 12.2888 11.9205 11.54945 11.41816 11.4746 11.5284 11.58033 11.63224 11.68415 11.73606 11.78798 11.83989 11.8918 11.94476 12.00052 12.20652 12.55575 12.90765 13.26157 13.61552 13.96948 14.32344 14.67739 15.03135 15.38531 15.73943 16.09406 16.4566
23.20284 22.9861 22.76949 22.55308 22.34415 22.13846 21.93298 21.7276 21.52222 21.31684 21.11147 20.90609 20.70071 20.49534 20.29155 20.09076 19.78791 19.43292 19.08089 18.73064 18.3804 18.03016 17.67991 17.32967 16.97943 16.62918 16.28063 15.9356 15.58481 15.23137 14.88135 14.53361 14.18587 13.83814 13.4904 13.14267 12.79493 12.4472 12.09838 11.74706 11.62606 11.68541 11.74236 11.79758 11.85278 11.90798 11.96318 12.01838 12.07358 12.12878 12.18521 12.24487 12.43028 12.73561 13.04399 13.35473 13.66551 13.9763 14.28709 14.59787 14.90866 15.21945 15.53056 15.84263 16.14389
