Spatial_Analysis/Downscaled_EnvironmentalLayers/RCP8_5/2050/speed_nearfuture.asc
ncols         639
nrows         313
xllcorner     -103
yllcorner     4.021
cellsize      0.083
NODATA_value  -9999
[rows 232 to 260 of 313, columns 195 to 259 of 639]
31.04661 31.1041 31.16176 31.22506 30.79928 30.17291 29.55194 28.9311 28.31024 27.68951 27.06867 26.44769 25.82685 25.206 -9999 -9999 -9999 -9999 -9999 -9999 -9999 -9999 -9999 -9999 -9999 -9999 -9999 -9999 -9999 -9999 -9999 -9999 -9999 -9999 -9999 -9999 -9999 -9999 -9999 28.34111 28.543 28.48024 28.40366 28.32586 28.24821 28.17045 28.09275 28.01524 27.93759 27.85994 27.78229 27.70613 27.22725 26.36462 25.50424 24.64406 23.78388 22.92369 22.06353 21.20333 20.34315 19.48297 18.62278 17.76026 17.33767
32.05116 32.16724 32.285 32.40592 31.97814 31.32544 30.67608 30.02913 29.38185 28.73329 28.08296 27.43061 26.77619 26.12045 -9999 -9999 -9999 -9999 -9999 -9999 -9999 -9999 -9999 -9999 -9999 -9999 -9999 -9999 -9999 -9999 -9999 -9999 -9999 -9999 -9999 -9999 -9999 -9999 -9999 -9999 29.14461 29.02075 28.88705 28.7504 28.6142 28.47955 28.34684 28.21617 28.08743 27.95994 27.83049 27.69825 27.14078 26.17806 25.21456 24.24991 23.28708 22.32592 21.36547 20.40462 19.44235 18.47805 17.51349 16.55041 16.09134
33.0682 33.24352 33.41661 33.58889 33.15939 32.48781 31.81662 31.14395 30.46946 29.79285 29.11383 28.43201 27.74692 -9999 -9999 -9999 -9999 -9999 -9999 -9999 -9999 -9999 -9999 -9999 -9999 -9999 -9999 -9999 -9999 -9999 -9999 -9999 -9999 -9999 -9999 -9999 -9999 -9999 -9999 -9999 29.74699 29.54952 29.35114 29.15532 28.96216 28.77166 28.58384 28.39881 28.21676 28.03795 27.86263 27.68971 27.05697 25.98281 24.91151 23.84612 22.78498 21.72642 20.66884 19.61073 18.55052 17.48658 16.41716 15.34151 14.84314
33.09016 33.3324 33.57298 33.81606 33.42042 32.76378 32.11071 31.45674 30.80114 30.14354 29.48361 28.821 28.15529 -9999 -9999 -9999 -9999 -9999 -9999 -9999 -9999 -9999 -9999 -9999 -9999 -9999 -9999 -9999 -9999 -9999 -9999 -9999 -9999 -9999 -9999 -9999 -9999 -9999 -9999 -9999 -9999 29.04107 28.92382 28.8082 28.69494 28.58419 28.47602 28.37053 28.26788 28.16819 28.07125 27.97264 27.3655 26.27608 25.18421 24.09709 23.0139 21.93315 20.85335 19.77303 18.69071 17.60489 16.5143 15.42128 14.91723
32.33371 32.64974 32.96733 33.28636 32.95279 32.34807 31.74472 31.14353 30.54274 29.94105 29.33791 28.73308 -9999 -9999 -9999 -9999 -9999 -9999 -9999 -9999 -9999 -9999 -9999 -9999 -9999 -9999 -9999 -9999 -9999 -9999 -9999 -9999 -9999 -9999 -9999 -9999 -9999 -9999 -9999 -9999 -9999 27.71376 27.79131 27.86655 27.94114 28.01678 28.09401 28.17293 28.25329 28.33394 28.41203 28.48962 27.99292 26.94894 25.90497 24.85993 23.81553 22.77236 21.72979 20.68689 19.64286 18.59764 17.5533 16.50852 16.01678
31.58894 31.9773 32.36578 32.75602 32.48462 31.93728 31.39164 30.84609 30.30054 29.75499 29.20944 28.66389 -9999 -9999 -9999 -9999 -9999 -9999 -9999 -9999 -9999 -9999 -9999 -9999 -9999 -9999 -9999 -9999 -9999 -9999 -9999 -9999 -9999 -9999 -9999 -9999 -9999 -9999 -9999 -9999 -9999 -9999 26.64428 26.90676 27.16924 27.43172 27.69419 27.95667 28.21915 28.48163 28.74413 29.00812 28.62265 27.61831 26.61597 25.61391 24.61185 23.60979 22.60772 21.60566 20.6036 19.60154 18.59947 17.59386 17.1144
30.84591 31.30495 31.76432 32.2249 32.01568 31.52659 31.0387 30.5511 30.0635 29.5759 29.0883 28.6007 -9999 -9999 -9999 -9999 -9999 -9999 -9999 -9999 -9999 -9999 -9999 -9999 -9999 -9999 -9999 -9999 -9999 -9999 -9999 -9999 -9999 -9999 -9999 -9999 -9999 -9999 -9999 -9999 -9999 -9999 -9999 25.94458 26.39196 26.83933 27.2867 27.73408 28.18145 28.62882 29.0767 29.52802 29.25392 28.28858 27.32695 26.36679 25.40663 24.44647 23.48631 22.52615 21.56598 20.60582 19.64494 18.67813 18.21098
30.10287 30.6326 31.16261 31.69322 31.54619 31.11567 30.68576 30.25611 29.82646 29.3968 28.96715 28.5375 -9999 -9999 -9999 -9999 -9999 -9999 -9999 24.22219 23.55397 22.88574 -9999 -9999 -9999 -9999 -9999 -9999 -9999 -9999 -9999 -9999 -9999 -9999 -9999 -9999 -9999 -9999 -9999 -9999 -9999 -9999 -9999 -9999 25.61468 26.24694 26.87921 27.51148 28.14375 28.77601 29.40977 30.0486 29.88588 28.95944 28.03795 27.11968 26.20141 25.28315 24.36489 23.44663 22.52837 21.61011 20.68988 19.76212 19.30731
29.35984 29.96025 30.5607 31.16123 31.0764 30.70457 30.33282 29.96112 29.58942 29.21771 28.84601 28.4743 28.1026 -9999 -9999 -9999 -9999 -9999 -9999 -9999 23.51593 22.79893 22.08194 -9999 -9999 -9999 -9999 -9999 -9999 -9999 -9999 -9999 -9999 -9999 -9999 -9999 -9999 -9999 -9999 -9999 -9999 -9999 -9999 -9999 24.8374 25.65456 26.47172 27.28888 28.10604 28.9232 29.74288 30.56912 30.51778 29.63029 28.74903 27.87256 26.9962 26.11983 25.24347 24.36711 23.49075 22.61438 21.73495 20.84653 20.40413
28.61681 29.2879 29.95874 30.62917 30.60653 30.29342 29.97989 29.66613 29.35238 29.03862 28.72486 28.41111 28.09735 27.7836 -9999 -9999 -9999 -9999 -9999 -9999 -9999 22.71213 21.94636 21.18059 20.41483 -9999 -9999 -9999 -9999 -9999 -9999 -9999 -9999 -9999 -9999 -9999 -9999 -9999 -9999 -9999 -9999 -9999 -9999 -9999 -9999 -9999 26.06423 27.06628 28.06834 29.07039 30.07551 31.08886 31.14885 30.30052 29.46002 28.62544 27.79098 26.95652 26.12206 25.28759 24.45313 23.61866 22.78068 21.93208 21.50216
27.87378 28.61555 29.35689 30.09727 30.13682 29.88237 29.62695 29.37114 29.11534 28.85953 28.60372 28.34791 28.09211 27.8363 27.58229 -9999 -9999 -9999 -9999 -9999 -9999 -9999 -9999 20.99624 20.1817 19.36716 -9999 -9999 -9999 -9999 -9999 -9999 -9999 -9999 -9999 -9999 -9999 -9999 -9999 -9999 -9999 -9999 -9999 -9999 -9999 -9999 -9999 26.84368 28.03063 29.21758 30.40725 31.6071 31.77834 30.96958 30.1709 29.37833 28.58577 27.7932 27.00064 26.20807 25.41551 24.62295 23.82746 23.01946 22.60215
27.13075 27.94319 28.75528 29.56576 29.6675 29.47155 29.27401 29.07615 28.87829 28.68044 28.48257 28.28472 28.08686 27.889 27.69196 27.49911 26.86134 25.99275 -9999 -9999 -9999 -9999 -9999 20.81189 19.94858 19.08527 -9999 -9999 -9999 -9999 -9999 -9999 -9999 -9999 -9999 -9999 -9999 -9999 -9999 -9999 -9999 -9999 -9999 -9999 -9999 -9999 -9999 26.62108 27.99293 29.36477 30.73798 32.12309 32.40542 31.63705 30.88188 30.13121 29.38055 28.62988 27.87922 27.12856 26.37789 25.62723 24.87527 24.10939 23.70494
26.38772 27.27084 28.15389 29.03489 29.19882 29.06093 28.92108 28.78116 28.64125 28.50134 28.36143 28.22152 28.08161 27.9417 27.80186 27.6652 27.01577 26.10017 25.18795 -9999 -9999 -9999 21.53965 20.62754 19.71546 18.80338 -9999 -9999 -9999 -9999 -9999 -9999 -9999 -9999 -9999 -9999 -9999 -9999 -9999 -9999 -9999 -9999 -9999 -9999 -9999 -9999 -9999 -9999 27.95522 29.51196 31.0687 32.63614 33.02916 32.30314 31.59286 30.8841 30.17533 29.46656 28.75777 28.04904 27.34027 26.63151 25.92274 25.20249 24.81146
25.6426 26.59803 27.5523 28.50489 28.73097 28.6501 28.56789 28.48545 28.40344 28.3218 28.24032 28.15875 28.07687 27.9946 27.91244 27.83155 27.17046 26.20831 25.24796 24.28905 -9999 22.37116 21.41102 20.4496 19.48672 18.52283 -9999 -9999 -9999 -9999 -9999 -9999 -9999 -9999 -9999 -9999 -9999 -9999 -9999 -9999 -9999 -9999 -9999 -9999 -9999 -9999 -9999 -9999 -9999 -9999 31.40077 33.14617 33.64864 32.97072 32.30411 31.63732 30.96848 30.29836 29.6284 28.96009 28.29469 27.63243 26.96892 26.29853 25.92273
24.89006 25.91835 26.94709 27.9751 28.26319 28.23676 28.21133 28.18724 28.16411 28.14156 28.11925 28.09681 28.07389 28.05013 28.02513 27.99911 27.32622 26.32016 25.31556 24.31103 23.30603 22.30013 21.29288 20.28384 19.27245 18.25816 17.24043 -9999 -9999 -9999 -9999 -9999 -9999 -9999 -9999 -9999 -9999 -9999 -9999 -9999 -9999 -9999 -9999 -9999 -9999 -9999 -9999 -9999 -9999 -9999 -9999 -9999 34.26502 33.6451 33.02163 32.39192 31.75816 31.12254 30.48715 29.85407 29.22546 28.60359 27.99079 27.38669 27.03812
23.95431 24.9806 26.00719 27.03219 27.33786 27.33742 27.33713 27.33804 27.33986 27.34226 27.34488 27.34738 27.34942 27.35064 27.35075 27.35057 26.6978 25.70718 24.71874 23.7305 22.74185 21.75233 20.76151 19.76892 18.77407 17.77645 16.77584 15.77666 15.13881 14.7389 14.34441 -9999 -9999 -9999 -9999 -9999 -9999 -9999 -9999 -9999 -9999 -9999 -9999 -9999 -9999 -9999 -9999 -9999 -9999 -9999 -9999 -9999 -9999 32.60766 32.04737 31.48144 30.91162 30.33998 29.76857 29.19942 28.6346 28.07625 27.52614 26.98032 26.67251
22.84356 23.79641 24.74822 25.69779 25.97827 25.97483 25.96939 25.96364 25.95815 25.95299 25.94797 25.94287 25.93751 25.93187 25.92644 25.92159 25.31855 24.40357 23.48932 22.57631 21.6637 20.75071 19.83688 18.92191 18.00573 17.08906 16.17489 15.26028 14.66664 14.27971 13.89355 13.51061 -9999 -9999 -9999 -9999 -9999 -9999 -9999 -9999 -9999 -9999 -9999 -9999 -9999 -9999 -9999 -9999 -9999 -9999 -9999 -9999 -9999 -9999 29.46147 28.98432 28.50567 28.02591 27.54627 27.06812 26.59245 26.11892 25.6429 25.16058 24.9223
21.72568 22.60633 23.48674 24.36304 24.6182 24.61046 24.59874 24.58683 24.57492 24.56301 24.5511 24.53919 24.52728 24.51537 24.50349 24.49224 23.93884 23.10229 22.2664 21.43056 20.59472 19.75888 18.92304 18.0872 17.25136 16.41604 15.57969 14.74422 14.19389 13.82722 13.46096 13.09474 12.72852 12.3623 11.99607 -9999 -9999 -9999 -9999 -9999 -9999 -9999 -9999 -9999 -9999 -9999 -9999 -9999 -9999 -9999 -9999 -9999 -9999 27.27498 26.88075 26.4885 26.09626 25.70401 25.31177 24.91952 24.52728 24.13503 23.74276 23.33734 23.17647
20.60654 21.41615 22.22461 23.02862 23.25845 23.24544 23.22803 23.20959 23.19114 23.1727 23.15425 23.13581 23.11737 23.09892 23.08054 23.0624 22.55861 21.80098 21.0436 20.28629 19.52897 18.77165 18.01434 17.25702 16.50008 15.74239 14.98506 14.22766 13.72061 13.37464 13.02861 12.68255 12.33649 11.99043 11.64437 11.29831 -9999 -9999 -9999 -9999 -9999 -9999 -9999 -9999 -9999 -9999 -9999 -9999 -9999 -9999 -9999 -9999 -9999 -9999 24.30005 23.99288 23.68571 23.37853 23.07136 22.76419 22.45701 22.14984 21.84093 21.51702 21.43502
19.48741 20.22597 20.96251 21.69467 21.89915 21.88043 21.85732 21.83234 21.80736 21.78238 21.75741 21.73243 21.70745 21.68248 21.65743 21.63223 21.17806 20.49951 19.8208 19.14201 18.46321 17.78442 17.10563 16.42695 15.74805 15.06926 14.39028 13.7108 13.24701 12.92188 12.59625 12.27036 11.94446 11.61856 11.29267 10.96677 10.64088 -9999 -9999 -9999 -9999 -9999 -9999 -9999 -9999 -9999 -9999 -9999 -9999 -9999 -9999 -9999 -9999 -9999 -9999 21.49726 21.27516 21.05306 20.83096 -9999 20.38675 20.16465 19.93906 19.69972 19.69709
18.36827 19.03578 19.70072 20.36127 20.54042 20.51571 20.4866 20.45509 20.42358 20.39207 20.36056 20.32905 20.29754 20.26603 20.23424 20.20192 19.79737 19.19794 18.59799 17.99773 17.39746 16.79719 16.19661 15.59666 14.9964 14.39613 13.79543 13.19382 12.7733 12.46904 12.16389 11.85816 11.55243 11.2467 10.94097 10.63524 10.32951 10.02377 -9999 -9999 -9999 -9999 -9999 -9999 -9999 -9999 -9999 -9999 -9999 -9999 -9999 -9999 -9999 -9999 -9999 19.00164 18.86461 18.72758 18.59055 18.45352 -9999 18.17946 18.03829 17.88494 17.96191
17.24913 17.8456 18.43938 19.02853 19.18232 19.15143 19.11589 19.07784 19.0398 19.00176 18.96372 18.92567 18.88763 18.84959 18.81107 18.77164 18.4167 17.89639 17.37519 16.85345 16.33171 15.8092 15.28822 14.76648 14.24474 13.723 13.20063 12.67693 12.29967 12.01625 11.73153 11.44597 11.1604 10.87483 10.58927 10.3037 10.01813 9.732564 9.447258 -9999 -9999 -9999 -9999 -9999 -9999 -9999 -9999 -9999 -9999 -9999 -9999 -9999 -9999 -9999 -9999 -9999 16.45406 16.4021 16.35014 16.29819 -9999 -9999 16.13866 16.07211 16.22882
16.13 16.65541 17.17855 17.69655 17.82499 17.78766 17.74517 17.7006 17.65602 17.61145 17.56687 17.52229 17.47772 17.43314 17.38803 17.34156 17.03624 16.59499 16.15239 15.70917 15.26495 14.82274 14.37952 13.9363 13.49309 13.04987 12.60601 12.16031 11.82632 11.56366 11.29918 11.03377 10.76837 10.50297 10.23756 9.97216 9.706758 9.441353 9.175927 -9999 -9999 -9999 -9999 -9999 -9999 -9999 -9999 -9999 -9999 -9999 -9999 -9999 -9999 -9999 -9999 -9999 -9999 -9999 -9999 -9999 -9999 -9999 -9999 14.26067 14.49722
15.01086 15.46523 15.91823 16.36545 16.46853 16.42436 16.37446 16.32335 16.27224 16.22113 16.17002 16.11892 16.0678 16.0167 15.96521 15.91187 15.65616 15.29381 14.92958 14.56381 14.2002 13.83551 13.47082 13.10612 12.74143 12.37674 12.01164 11.64416 11.35345 11.11137 10.86682 10.62158 10.37634 10.1311 9.885862 9.640623 9.395384 9.150144 8.904785 -9999 -9999 -9999 -9999 -9999 -9999 -9999 -9999 -9999 -9999 -9999 -9999 -9999 -9999 -9999 -9999 -9999 -9999 -9999 -9999 -9999 -9999 -9999 -9999 -9999 12.76657
13.89172 14.27504 14.6581 15.03538 15.11308 15.06121 15.00375 14.94611 14.88846 14.83082 14.77318 14.71554 14.65789 14.60025 14.54255 14.48274 14.27667 13.99284 13.70568 13.42061 13.13445 12.84828 12.56211 12.27595 11.98978 11.70361 11.4174 11.12868 10.88129 10.65935 10.43446 10.20939 9.984312 9.759237 9.534162 9.309085 9.084009 8.858934 -9999 -9999 8.30888 8.3103 -9999 -9999 -9999 -9999 -9999 -9999 -9999 -9999 -9999 -9999 -9999 -9999 -9999 -9999 -9999 -9999 -9999 -9999 -9999 -9999 -9999 -9999 -9999
12.76657 13.08363 13.39712 13.7064 13.75868 13.69721 13.63159 13.56218 13.49356 13.42711 13.36311 13.30146 13.24171 13.18245 13.11963 13.05433 12.89792 12.69052 12.48306 12.2719 12.06163 11.85308 11.64612 11.44035 11.23521 11.02987 10.82284 10.61399 10.41004 10.20702 10.00211 9.797743 9.594239 9.391048 9.187462 8.982796 8.776551 -9999 -9999 -9999 -9999 7.738236 7.526665 -9999 -9999 -9999 -9999 -9999 -9999 -9999 -9999 -9999 -9999 -9999 -9999 -9999 -9999 -9999 -9999 -9999 -9999 -9999 -9999 -9999 -9999
11.61694 11.86766 12.12281 12.37711 12.40373 12.31894 12.23338 12.15193 12.07455 12.00097 11.93094 11.86432 11.80103 11.74105 11.6841 11.62593 11.51831 11.37994 11.24036 11.10494 10.97321 10.84445 10.71801 10.59329 10.46972 10.34676 10.22374 10.09907 9.939243 9.753388 9.569715 9.388453 9.20858 9.029096 8.84903 8.667413 8.483223 8.295382 -9999 -9999 -9999 -9999 6.769381 6.360027 -9999 -9999 -9999 -9999 -9999 -9999 -9999 -9999 -9999 -9999 -9999 -9999 -9999 -9999 -9999 -9999 -9999 -9999 -9999 -9999 -9999
11.43435 11.63309 11.83599 12.03634 12.03585 11.93693 11.83552 11.73793 11.64433 11.55448 11.46815 11.38519 11.30553 11.22909 11.15545 11.07918 10.98369 10.87146 10.75769 10.64785 10.54161 10.43831 10.3373 10.238 10.13983 10.04225 9.944555 9.844872 9.695679 9.511221 9.328547 9.148219 8.969267 8.790699 8.611557 8.430876 8.247652 8.060843 7.869592 -9999 -9999 -9999 -9999 5.817033 5.317264 -9999 -9999 -9999 -9999 -9999 -9999 -9999 -9999 -9999 -9999 -9999 -9999 -9999 -9999 -9999 -9999 -9999 -9999 -9999 -9999
12.37286 12.53724 12.69809 12.85559 12.82636 12.71403 12.59844 12.47908 12.36017 12.24326 12.12871 12.0164 11.90584 11.79549 11.68162 11.56584 11.43621 11.29744 11.1569 11.01376 10.87124 10.7303 10.59089 10.45262 10.31492 10.17694 10.03732 9.895988 9.717964 9.514194 9.308401 9.10306 8.898522 8.694291 8.489683 8.284042 8.076921 7.868657 7.662063 7.45449 7.110976 6.658492 -9999 5.75179 -9999 -9999 -9999 -9999 -9999 -9999 -9999 -9999 -9999 -9999 -9999 -9999 -9999 -9999 -9999 -9999 -9999 -9999 -9999 -9999 -9999
