Spatial_Analysis/Downscaled_EnvironmentalLayers/RCP8_5/2050/speed_nearfuture.asc
ncols         639
nrows         313
xllcorner     -103
yllcorner     4.021
cellsize      0.083
NODATA_value  -9999
[rows 0 to 28 of 313, columns 195 to 259 of 639]
0.7866784 0.6349388 0.4830377 0.3309685 0.2798715 0.2709368 0.2617917 0.2524285 0.2428398 0.2330171 0.2229521 0.2126355 0.2020574 0.191207 0.1800735 0.1686448 0.1190838 -9999 -9999 -9999 -9999 -9999 -9999 -9999 -9999 -9999 -9999 -9999 -9999 -0.7541835 -0.789888 -0.8261743 -0.863066 -0.9005901 -0.9387757 -0.9776529 -1.017254 -9999 -9999 -9999 -9999 -9999 -9999 -9999 -9999 -9999 -9999 -9999 -9999 -9999 -9999 -9999 -9999 -9999 -9999 -9999 -9999 -9999 -9999 -9999 -9999 -9999 -9999 -9999 -9999
0.7825095 0.630645 0.4786153 0.326414 0.2751803 0.2661026 0.2568073 0.2472867 0.2375326 0.227536 0.2172878 0.206778 0.1959958 0.1849296 0.1735676 0.1618963 0.1120774 0.04214007 -9999 -9999 -9999 -9999 -9999 -9999 -9999 -9999 -9999 -0.6800587 -0.730728 -0.7663651 -0.8025796 -0.8393947 -0.8768357 -0.9149305 -0.9537085 -0.9932008 -1.033439 -1.074458 -9999 -9999 -9999 -9999 -9999 -9999 -9999 -9999 -9999 -9999 -9999 -9999 -9999 -9999 -9999 -9999 -9999 -9999 -9999 -9999 -9999 -9999 -9999 -9999 -9999 -9999 -9999
0.7787648 0.6267791 0.4746248 0.3222948 0.2709287 0.2617115 0.2522693 0.2425936 0.2326756 0.2225057 0.2120739 0.201369 0.1903797 0.1790929 0.1674953 0.1555722 0.1054834 -9999 -9999 -9999 -9999 -9999 -9999 -9999 -9999 -0.5418747 -0.6161611 -0.6909762 -0.7421222 -0.7782549 -0.8149834 -0.852331 -0.8903247 -0.9289924 -0.9683636 -1.008469 -1.049341 -1.091013 -1.133518 -9999 -9999 -9999 -9999 -9999 -9999 -9999 -9999 -9999 -9999 -9999 -9999 -9999 -9999 -9999 -9999 -9999 -9999 -9999 -9999 -9999 -9999 -9999 -9999 -9999 -9999
0.775474 0.6233712 0.471096 0.3186409 0.2671466 0.2577936 0.2482073 0.2383785 0.2282975 0.2179539 0.2073364 0.1964331 0.1852309 0.1737153 0.1618714 0.1496824 0.09930605 -9999 -9999 -9999 -0.1853799 -0.2576761 -0.3304235 -0.4036384 -0.477339 -0.5515444 -0.6262751 -0.7015522 -0.7531785 -0.7898093 -0.8270527 -0.8649338 -0.9034795 -0.9427173 -0.9826764 -1.023387 -1.064879 -1.107184 -1.150335 -1.194361 -9999 -9999 -9999 -9999 -9999 -9999 -9999 -9999 -9999 -9999 -9999 -9999 -9999 -9999 -9999 -9999 -9999 -9999 -9999 -9999 -9999 -9999 -9999 -9999 -9999
0.7726693 0.6204536 0.4680611 0.3154843 0.2638655 0.25438 0.2446519 0.234671 0.2244264 0.2139067 0.2030993 0.1919907 0.1805659 0.1688086 0.1567014 0.1442251 0.09353387 0.02264905 -0.04867589 -0.1204563 -0.1926714 -0.2653345 -0.3384625 -0.4120739 -0.486187 -0.5608218 -0.6359987 -0.7117391 -0.7638462 -0.8009739 -0.8387305 -0.877141 -0.9162321 -0.9560304 -0.9965634 -1.037859 -1.079946 -1.12285 -1.166085 -1.208198 -1.236407 -9999 -9999 -9999 -9999 -9999 -9999 -9999 -9999 -9999 -9999 -9999 -9999 -9999 -9999 -9999 -9999 -9999 -9999 -9999 -9999 -9999 -9999 -9999 -9999
0.7703621 0.6180537 0.465554 0.3128582 0.2611175 0.2515021 0.2416331 0.2314992 0.2210882 0.2103869 0.1993812 0.1880552 0.1763918 0.1643719 0.1519749 0.1391773 0.08812976 0.01685882 -0.05483174 -0.1269521 -0.1995184 -0.2725472 -0.3460566 -0.4200648 -0.4945907 -0.5696543 -0.6452763 -0.7214783 -0.7740628 -0.8116815 -0.8499435 -0.8888731 -0.9284949 -0.968834 -1.009915 -1.051759 -1.093336 -1.13367 -1.172587 -1.209888 -1.232676 -9999 -9999 -9999 -9999 -9999 -9999 -9999 -9999 -9999 -9999 -9999 -9999 -9999 -9999 -9999 -9999 -9999 -9999 -9999 -9999 -9999 -9999 -9999 -9999
0.8018199 0.6530573 0.5040987 0.3549348 0.3015237 0.2880477 0.2742983 0.260269 0.2459462 0.2313144 0.216357 0.2010551 0.1853886 0.169334 0.1528661 0.1359659 0.0828743 0.01065624 -0.0619899 -0.1350797 -0.2086301 -0.2826577 -0.3571808 -0.4322177 -0.5077879 -0.5839111 -0.6606078 -0.7378989 -0.7898966 -0.8258524 -0.8624623 -0.8997484 -0.9377326 -0.9762763 -1.013985 -1.050406 -1.085368 -1.118665 -1.149829 -1.178436 -1.192903 -1.19523 -1.193747 -9999 -9999 -9999 -9999 -9999 -9999 -9999 -9999 -9999 -9999 -9999 -9999 -9999 -9999 -9999 -9999 -9999 -9999 -9999 -9999 -9999 -9999
0.8704292 0.729205 0.5877791 0.4461407 0.3893468 0.367916 0.346193 0.3241623 0.3018075 0.2791105 0.2560583 0.2326299 0.2087996 0.184548 0.159905 0.1348652 0.07791066 0.004055858 -0.0702405 -0.1449946 -0.2202232 -0.2959435 -0.3721737 -0.4489321 -0.526238 -0.6041107 -0.6825699 -0.761636 -0.8118676 -0.8437804 -0.876352 -0.9089839 -0.9404601 -0.970606 -0.9992492 -1.026134 -1.050773 -1.072837 -1.091981 -1.107799 -1.111324 -1.103827 -1.091223 -1.072417 -9999 -9999 -9999 -9999 -9999 -9999 -9999 -9999 -9999 -9999 -9999 -9999 -9999 -9999 -9999 -9999 -9999 -9999 -9999 -9999 -9999
0.9395403 0.8058535 0.6719572 0.5378391 0.4776522 0.4482581 0.4185518 0.3885146 0.3581259 0.327363 0.2961996 0.2646168 0.232648 0.2002887 0.1675323 0.1343666 0.07355607 -0.001928568 -0.07786816 -0.1542787 -0.2311774 -0.3085815 -0.3865085 -0.464977 -0.544005 -0.6236115 -0.7038145 -0.7846321 -0.8329982 -0.8594492 -0.884676 -0.9085288 -0.9308343 -0.9512284 -0.9693211 -0.9848182 -0.9973786 -1.006606 -1.012039 -1.013133 -1.003268 -0.982751 -0.9551911 -0.9195046 -0.8743986 -9999 -9999 -9999 -9999 -9999 -9999 -9999 -9999 -9999 -9999 -9999 -9999 -9999 -9999 -9999 -9999 -9999 -9999 -9999 -9999
1.009157 0.8830011 0.7566247 0.6300135 0.5664147 0.5290335 0.4913164 0.4532356 0.4147651 0.3758878 0.336641 0.2970191 0.2570096 0.2165989 0.1757732 0.1345179 0.06987965 -0.007213831 -0.08478278 -0.1628372 -0.241392 -0.3204645 -0.4000714 -0.4802303 -0.5609583 -0.642272 -0.7236608 -0.8039575 -0.846431 -0.8639576 -0.8798496 -0.8936906 -0.9052002 -0.9140875 -0.9200162 -0.9225961 -0.9213728 -0.9157636 -0.9048822 -0.8879426 -0.8610336 -0.8237594 -0.7772501 -0.7200105 -0.6502327 -9999 -9999 -9999 -9999 -9999 -9999 -9999 -9999 -9999 -9999 -9999 -9999 -9999 -9999 -9999 -9999 -9999 -9999 -9999 -9999
1.079268 0.9606271 0.8417494 0.7226171 0.6555708 0.6101546 0.5643739 0.5181993 0.4716719 0.424785 0.3775264 0.3298833 0.2818431 0.2333918 0.1845154 0.1351994 0.06677294 -0.01187932 -0.09101683 -0.1706555 -0.2508118 -0.3315012 -0.4127398 -0.4944453 -0.5754325 -0.6552547 -0.733778 -0.8108439 -0.8460066 -0.8532424 -0.8581121 -0.8603268 -0.8595531 -0.8554051 -0.8474326 -0.8349363 -0.8171604 -0.7933716 -0.7627079 -0.7241509 -0.6761951 -0.6174505 -0.5465254 -0.4700165 -0.3925767 -0.3143552 -0.2355729 -0.1565527 -9999 -9999 -9999 -9999 -9999 -9999 -9999 -9999 -9999 -9999 -9999 -9999 -9999 -9999 -9999 -9999 -9999
1.149833 1.038675 0.9272549 0.8155487 0.744988 0.6914744 0.6376657 0.5835128 0.5290034 0.4741254 0.4188665 0.3632137 0.3071539 0.2506734 0.193758 0.1363934 0.06419122 -0.01600635 -0.09669793 -0.1778988 -0.2596237 -0.3411679 -0.421619 -0.5008585 -0.578752 -0.6550825 -0.7295028 -0.8017853 -0.828012 -0.8234531 -0.8158731 -0.8048884 -0.7899922 -0.7704633 -0.7456713 -0.7148981 -0.6773015 -0.631888 -0.5774772 -0.5126575 -0.4405753 -0.3687765 -0.2962988 -0.2233227 -0.1501084 -0.07703114 -0.004637986 0.06625772 0.1344084 -9999 -9999 -9999 -9999 -9999 -9999 -9999 -9999 -9999 -9999 -9999 -9999 -9999 -9999 -9999 -9999
1.220763 1.117025 1.012984 0.9086477 0.8346147 0.7731184 0.711347 0.6492342 0.5867561 0.5238999 0.4606537 0.3970042 0.3329379 0.2684413 0.2035004 0.1381006 0.06213701 -0.01959133 -0.1015304 -0.1825365 -0.2624 -0.3410024 -0.4181893 -0.4936426 -0.5671364 -0.6384528 -0.7073423 -0.7735173 -0.7894278 -0.7715012 -0.7494974 -0.7228397 -0.6909221 -0.6530379 -0.6083589 -0.5559081 -0.4945265 -0.423003 -0.3472727 -0.270979 -0.1994501 -0.1317895 -0.06424069 0.002759933 0.06858253 0.1322965 0.1927925 0.2521616 0.3093385 -9999 -9999 -9999 -9999 -9999 -9999 -9999 -9999 -9999 -9999 -9999 -9999 -9999 -9999 -9999 -9999
1.291868 1.195502 1.0989 1.002053 0.9246079 0.8551335 0.7853918 0.7153344 0.6449025 0.5740835 0.5028646 0.4312327 0.3591744 0.2866759 0.2137234 0.1403888 0.06193602 -0.01846492 -0.09767199 -0.1755617 -0.2518695 -0.3263623 -0.3988491 -0.4691121 -0.5369015 -0.6019306 -0.6638687 -0.7222098 -0.7256411 -0.6917322 -0.6525472 -0.6073864 -0.5554293 -0.4957093 -0.427079 -0.3516256 -0.2755553 -0.1991752 -0.1226706 -0.04629898 0.02167028 0.08243206 0.14147 0.1977194 0.2510365 0.3031521 0.3513206 0.3905169 0.4105049 0.4076401 -9999 -9999 -9999 -9999 -9999 -9999 -9999 -9999 -9999 -9999 -9999 -9999 -9999 -9999 -9999
1.363145 1.274266 1.18515 1.095791 1.014931 0.9374772 0.8597584 0.7817579 0.7033889 0.6246231 0.5454472 0.4658481 0.3858237 0.3062432 0.2277129 0.1503263 0.07266366 -0.004335284 -0.07963562 -0.1530695 -0.2244448 -0.2935425 -0.3601112 -0.4238625 -0.4843873 -0.5411832 -0.5938039 -0.6417342 -0.6300525 -0.5774096 -0.5179367 -0.4506692 -0.3758049 -0.2996504 -0.223294 -0.1468984 -0.0706861 0.005038261 0.07985461 0.1531758 0.2135226 0.2621247 0.3088887 0.353328 0.3920287 0.4196992 0.4262165 0.4214625 0.4148487 0.4067655 -9999 -9999 -9999 -9999 -9999 -9999 -9999 -9999 -9999 -9999 -9999 -9999 -9999 -9999 -9999
1.43472 1.353317 1.271679 1.189798 1.105515 1.020074 0.9343718 0.8484027 0.762113 0.6754165 0.5889709 0.5035507 0.4192388 0.3361298 0.2543987 0.1742729 0.09865868 0.02641028 -0.04371953 -0.1115088 -0.1767036 -0.2389565 -0.2978154 -0.3528883 -0.4037285 -0.4498194 -0.4905615 -0.5252566 -0.4952093 -0.4205791 -0.3440457 -0.2674209 -0.1908514 -0.1145342 -0.03873411 0.03618979 0.1097469 0.1812566 0.2497564 0.3154165 0.3660244 0.4021514 0.4307842 0.4461288 0.4435709 0.4373045 0.4295496 0.4203497 0.4095966 0.3989531 -9999 -9999 -9999 -9999 -9999 -9999 -9999 -9999 -9999 -9999 -9999 -9999 -9999 -9999 -9999
1.506511 1.432566 1.358385 1.283963 1.196237 1.10279 1.009086 0.9156778 0.8234169 0.7322844 0.6423239 0.5536907 0.4665922 0.3811616 0.2975498 0.2159288 0.1435348 0.07723552 0.01365894 -0.04679531 -0.1037826 -0.1569102 -0.205726 -0.2497069 -0.2882454 -0.3206329 -0.3463224 -0.3700234 -0.3323663 -0.2553458 -0.1786584 -0.1025401 -0.02730542 0.04662359 0.1186736 0.1880538 0.2542363 0.3187276 0.3803375 0.4362791 0.466763 0.469105 0.4632715 0.4555021 0.4464808 0.4360081 0.424041 0.4121309 0.4006303 0.389693 -9999 -9999 -9999 -9999 -9999 -9999 -9999 -9999 -9999 -9999 -9999 -9999 -9999 -9999 -9999
1.578383 1.511859 1.445097 1.378093 1.287428 1.187871 1.089541 0.9925258 0.8969862 0.803082 0.7107965 0.6202486 0.531592 0.4450029 0.360683 0.278921 0.2113836 0.1529732 0.09811747 0.04721665 0.0007323027 -0.04080075 -0.07676083 -0.1067539 -0.1352096 -0.1638279 -0.1927423 -0.2221262 -0.1872386 -0.1114721 -0.03699675 0.03569075 0.1059189 0.1729934 0.2382312 0.3011521 0.3594995 0.4106294 0.4503084 0.4786115 0.4857201 0.4765036 0.4660471 0.4541055 0.4408075 0.4275971 0.4146769 0.4021337 0.3905043 0.3803974 -9999 -9999 -9999 -9999 -9999 -9999 -9999 -9999 -9999 -9999 -9999 -9999 -9999 -9999 -9999
1.725313 1.664232 1.604296 1.54558 1.458798 1.361189 1.265209 1.170977 1.078628 0.9883119 0.9001126 0.8140727 0.7304751 0.6496023 0.5717256 0.497156 0.4334708 0.3776376 0.3263574 0.2801823 0.2390406 0.1985822 0.1578643 0.1167607 0.07511008 0.03270522 -0.01072112 -0.0555163 -0.03222489 0.03369558 0.09662572 0.1577059 0.2167397 0.271844 0.3209451 0.3610465 0.3901365 0.4161819 0.440288 0.4630096 0.4659991 0.4531186 0.4391768 0.4253559 0.411728 0.3983545 0.3856197 0.3741497 0.3642353 0.3562561 -9999 -9999 -9999 -9999 -9999 -9999 -9999 -9999 -9999 -9999 -9999 -9999 -9999 -9999 -9999
1.979133 1.923949 1.870245 1.818143 1.740332 1.652874 1.567393 1.484046 1.403027 1.324623 1.249076 1.176477 1.106987 1.040929 0.9786723 0.9206475 0.8592519 0.7971364 0.7348904 0.6722876 0.6092068 0.5454948 0.4809579 0.4153483 0.3483485 0.2795473 0.2084066 0.1344055 0.1353747 0.1837183 0.2284539 0.2679025 0.2997782 0.3220711 0.3411474 0.3582188 0.3738434 0.3879864 0.4004273 0.4109223 0.4075903 0.3940399 0.3805988 0.3673115 0.3545011 0.3427657 0.3323429 0.3235222 0.3162614 0.3069247 -9999 -9999 -9999 -9999 -9999 -9999 -9999 -9999 -9999 -9999 -9999 -9999 -9999 -9999 -9999
2.248382 2.200238 2.153898 2.109494 2.0417 1.965538 1.891915 1.821043 1.753162 1.688545 1.627502 1.57038 1.517344 1.468565 1.420854 1.372784 1.300838 1.216071 1.130583 1.044188 0.9566515 0.8676786 0.7768888 0.6837913 0.5881866 0.4911004 0.3919667 0.2892349 0.2650947 0.2878884 0.3026641 0.3147602 0.3248843 0.3335147 0.3407048 0.3462652 0.3499545 0.3518864 0.353205 0.354017 0.3467585 0.3333057 0.3202605 0.308153 0.2971829 0.2875859 0.2796434 0.2708248 0.2587922 -9999 -9999 -9999 -9999 -9999 -9999 -9999 -9999 -9999 -9999 -9999 -9999 -9999 -9999 -9999 -9999
2.537525 2.497461 2.45969 2.424391 2.368237 2.305124 2.245165 2.188649 2.13591 2.087327 2.04133 1.995378 1.949379 1.902939 1.855823 1.807886 1.720208 1.611047 1.500377 1.387841 1.272981 1.156311 1.03827 0.9179672 0.7940819 0.6654867 0.5305864 0.3895351 0.3368399 0.3402444 0.3420582 0.3424472 0.3412433 0.3382331 0.3332157 0.3271549 0.3204318 0.3130072 0.3048316 0.2959803 0.2846258 0.2718592 0.2601035 0.2495637 0.2404828 0.2313745 0.2191594 0.2033791 0.1834238 -9999 -9999 -9999 -9999 -9999 -9999 -9999 -9999 -9999 -9999 -9999 -9999 -9999 -9999 -9999 -9999
2.852156 2.821805 2.794287 2.769846 2.727175 2.679136 2.633756 2.588457 2.543115 2.497668 2.452036 2.40612 2.359796 2.312893 2.264822 2.215143 2.109452 1.973508 1.836394 1.697746 1.556375 1.411409 1.261829 1.10635 0.947582 0.7870426 0.6246246 0.4607489 0.392544 0.3851404 0.3757085 0.3641692 0.3512613 0.337602 0.3231413 0.3078179 0.291554 0.274317 0.2564878 0.2385102 0.2236759 0.2117407 0.2011371 0.1907145 0.1772056 0.160165 0.1390951 0.1132595 0.08159858 -9999 -9999 -9999 -9999 -9999 -9999 -9999 -9999 -9999 -9999 -9999 -9999 -9999 -9999 -9999 -9999
3.200323 3.18154 3.164646 3.14773 3.111111 3.066152 3.021008 2.9756 2.929824 2.883553 2.836631 2.78886 2.739994 2.689981 2.63962 2.588325 2.465421 2.303237 2.137339 1.966766 1.792255 1.616167 1.438331 1.258962 1.078282 0.8961368 0.71234 0.5266656 0.4428965 0.4244781 0.4049532 0.3842252 0.3625131 0.339784 0.3159329 0.2910789 0.2654338 0.2390023 0.2117887 0.1844007 0.1656503 0.1525481 0.1361277 0.1160901 0.09202719 0.06329966 0.02896982 -0.01022589 -0.0394392 -9999 -9999 -9999 -9999 -9999 -9999 -9999 -9999 -9999 -9999 -9999 -9999 -9999 -9999 -9999 -9999
3.572682 3.552996 3.533117 3.512975 3.474794 3.428746 3.382107 3.334711 3.286351 3.237191 3.187836 3.13807 3.086976 3.034027 2.978738 2.92047 2.774848 2.58349 2.390531 2.196014 2.000326 1.803358 1.604964 1.404973 1.203181 0.9993979 0.7944397 0.5885592 0.4925274 0.466673 0.4394488 0.4106247 0.3801762 0.3486702 0.3161196 0.2824896 0.2477336 0.2117881 0.1745567 0.1339089 0.1020209 0.07615924 0.04617447 0.0114904 -0.02877402 -0.075477 -0.1151298 -0.1408496 -9999 -9999 -0.127887 -0.08772761 -9999 -9999 -9999 -9999 -9999 -9999 -9999 -9999 -9999 -9999 -9999 -9999 -9999
3.925563 3.901423 3.876714 3.851306 3.809384 3.760692 3.711861 3.662333 3.611356 3.558606 3.503667 3.446105 3.387498 3.328534 3.269168 3.209677 3.050573 2.839469 2.627331 2.413726 2.198487 1.981415 1.76283 1.543543 1.323478 1.10254 0.8806252 0.6576147 0.5510874 0.5189444 0.4853382 0.450066 0.4128649 0.3737209 0.3331485 0.2910545 0.24638 0.1941767 0.1334261 0.06503582 0.0098598 -0.03623974 -0.08800721 -0.1465908 -0.1984153 -0.2343792 -0.2554852 -0.261508 -9999 -9999 -0.1730668 -0.09969938 -0.0270524 -9999 -9999 -9999 -9999 -9999 -9999 -9999 -9999 -9999 -9999 -9999 -9999
4.253565 4.225705 4.196332 4.164872 4.118013 4.06356 4.00694 3.949226 3.891031 3.832292 3.77303 3.713877 3.65499 3.596395 3.538121 3.480196 3.307323 3.074569 2.842926 2.612655 2.381825 2.150294 1.917984 1.684829 1.450771 1.215752 0.9797069 0.7425187 0.6286095 0.5934457 0.5567029 0.5181612 0.4775066 0.4338863 0.3812811 0.3184121 0.2448065 0.1597244 0.06227762 -0.04704177 -0.1399483 -0.220848 -0.2896748 -0.3392106 -0.3702243 -0.3850324 -0.3834239 -0.36383 -9999 -9999 -9999 -0.09810454 -0.02484155 -9999 -9999 -9999 -9999 -9999 -9999 -9999 -9999 -9999 -9999 -9999 -9999
4.560479 4.524403 4.486413 4.446331 4.392079 4.330546 4.26823 4.206042 4.144003 4.082117 4.020369 3.958727 3.897145 3.835769 3.776277 3.719169 3.533973 3.283248 3.035615 2.791457 2.551284 2.313137 2.074235 1.834504 1.593776 1.351973 1.109085 0.8651557 0.7516471 0.7218316 0.6897621 0.6469038 0.5912732 0.5217679 0.4367658 0.3342484 0.2140722 0.07453442 -0.08680236 -0.2587931 -0.3799178 -0.4536605 -0.501424 -0.5255588 -0.5312469 -0.5180345 -0.4832414 -0.4223611 -0.3416391 -9999 -0.17893 -0.09734839 -9999 -9999 -9999 -9999 -9999 -9999 -9999 -9999 -9999 -9999 -9999 -9999 -9999
4.843078 4.803013 4.760575 4.715598 4.657959 4.593138 4.524931 4.452979 4.378232 4.304024 4.23265 4.164154 4.098588 4.036143 3.977371 3.922291 3.725197 3.456821 3.19524 2.940856 2.693733 2.454626 2.224784 2.002689 1.780267 1.55784 1.334458 1.098197 0.9844818 0.9438636 0.8867435 0.8120394 0.7182759 0.6017439 0.456722 0.2752491 0.06715792 -0.1390934 -0.3358414 -0.5201172 -0.639513 -0.6900033 -0.7039367 -0.6944742 -0.6595547 -0.5927504 -0.5107416 -0.4285054 -0.3460447 -0.2633736 -0.1805125 -9999 -9999 -9999 -9999 -9999 -9999 -9999 -9999 -9999 -9999 -9999 -9999 -9999 -9999
