Spatial_Analysis/Downscaled_EnvironmentalLayers/RCP8_5/2050/speed_nearfuture.asc
ncols         639
nrows         313
xllcorner     -103
yllcorner     4.021
cellsize      0.083
NODATA_value  -9999
[rows 58 to 86 of 313, columns 325 to 389 of 639]
6.899086 6.793044 6.687002 6.580959 6.477322 6.406744 6.432162 6.773475 7.150849 7.561861 7.975649 8.389439 8.803226 9.217016 9.630805 10.04459 10.45762 10.8567 11.14605 10.77358 10.38542 9.982031 9.577067 9.172104 8.767139 8.362175 7.957211 7.552247 7.147209 6.740292 6.34729 6.142766 5.936044 5.727118 5.517913 5.308708 5.099503 4.890298 4.681093 4.471888 4.262693 4.053949 3.851369 3.829252 3.807683 3.786682 3.765767 3.744851 3.723936 3.70302 3.682105 3.661189 3.640267 3.618869 3.596818 3.638281 3.680311 3.721693 3.762958 3.804223 3.845489 3.886754 3.928019 3.969284 4.010543
6.756622 6.614326 6.472029 6.329733 6.191921 6.086986 6.08283 6.432228 6.813798 7.228613 7.648387 8.068161 8.487934 8.907707 9.327482 9.747255 10.16559 10.57114 10.87012 10.51086 10.13885 9.753313 9.365396 8.97748 8.589563 8.201648 7.813731 7.425815 7.037724 6.647713 6.270628 6.067657 5.862725 5.655666 5.44817 5.240673 5.033176 4.825679 4.618183 4.410686 4.203223 3.996245 3.795296 3.771861 3.748934 3.726568 3.704336 3.682104 3.659872 3.63764 3.615407 3.593175 3.570916 3.548147 3.524791 3.553299 3.582219 3.610517 3.638647 3.666776 3.694906 3.723035 3.751165 3.779294 3.807367
6.614158 6.435607 6.257057 6.078506 5.904595 5.762192 5.727524 6.085901 6.474714 6.895366 7.321125 7.746882 8.172641 8.5984 9.024158 9.449917 9.874336 10.28782 10.59689 10.25047 9.893291 9.524593 9.153725 8.782857 8.411988 8.041121 7.670252 7.299384 6.928332 6.555433 6.194335 5.992874 5.789558 5.584214 5.378425 5.172637 4.966848 4.76106 4.555272 4.349483 4.143734 3.938468 3.739131 3.714387 3.690143 3.666454 3.642906 3.619357 3.595808 3.572259 3.54871 3.525161 3.501582 3.477505 3.452867 3.468411 3.484175 3.499341 3.514335 3.529329 3.544323 3.559317 3.574311 3.589305 3.604219
6.471694 6.256889 6.042085 5.827279 5.615397 5.432979 5.367026 5.735116 6.133672 6.562118 6.993861 7.425605 7.857348 8.289092 8.720835 9.152578 9.583633 10.00591 10.32535 9.991545 9.648428 9.295874 8.942053 8.588234 8.234413 7.880592 7.526772 7.172953 6.819031 6.463416 6.118361 5.918373 5.716532 5.512761 5.308681 5.104601 4.900521 4.696442 4.492362 4.288281 4.084221 3.880619 3.682877 3.656834 3.63131 3.60634 3.581475 3.556609 3.531744 3.506878 3.482013 3.457147 3.432269 3.406937 3.381035 3.383608 3.386179 3.388165 3.390023 3.391882 3.39374 3.395599 3.397457 3.399316 3.401141
6.32923 6.078171 5.827112 5.576053 5.325541 5.100073 5.001933 5.380595 5.791864 6.22887 6.666599 7.104327 7.542055 7.979784 8.417511 8.85524 9.2929 9.724544 10.05454 9.733214 9.403634 9.067154 8.730382 8.39361 8.056837 7.720066 7.383293 7.046521 6.709743 6.371614 6.04267 5.844111 5.643578 5.441308 5.238937 5.036566 4.834194 4.631823 4.429451 4.227079 4.024708 3.822704 3.626535 3.599204 3.57245 3.546227 3.520044 3.493862 3.46768 3.441498 3.415315 3.389133 3.362951 3.336431 3.309289 3.298881 3.288212 3.276989 3.265712 3.254435 3.243158 3.23188 3.220603 3.209326 3.198049
6.186766 5.899452 5.61214 5.324826 5.037513 4.764548 4.632685 5.023379 5.45191 5.895623 6.339336 6.783049 7.226762 7.670475 8.114189 8.557901 9.001616 9.442816 9.783493 9.474548 9.158158 8.838435 8.518711 8.198986 7.879262 7.559538 7.239814 6.92009 6.600366 6.279952 5.96723 5.770031 5.570519 5.369856 5.169193 4.96853 4.767867 4.567204 4.366541 4.165877 3.965214 3.764737 3.5701 3.541502 3.513612 3.486113 3.458614 3.431115 3.403616 3.376117 3.348618 3.321119 3.29362 3.265964 3.237624 3.214218 3.190225 3.165813 3.1414 3.116987 3.092575 3.068162 3.04375 3.019337 2.994924
6.042212 5.719646 5.396954 -9999 -9999 4.429123 4.259587 4.666068 5.112678 5.562781 6.014024 6.465116 6.915477 7.364874 7.813301 8.261202 8.710261 9.159709 9.511189 9.214534 8.912392 8.610132 8.309044 8.007492 7.70505 7.401784 7.097964 6.794063 6.490982 6.18823 5.892021 5.695999 5.497358 5.298517 5.100064 4.901466 4.702581 4.503438 4.304131 4.104806 3.905721 3.706781 3.513565 3.483756 3.454815 3.425969 3.396836 3.367504 3.338224 3.30924 3.28073 3.252666 3.224289 3.195467 3.166037 3.12959 3.092185 3.054467 3.015733 2.977102 2.939075 2.901758 2.865078 2.828737 2.791799
5.892023 5.536436 5.180662 4.823683 4.464526 -9999 3.882822 4.318059 4.77839 5.239153 5.699038 6.157723 6.61501 7.070709 7.524612 7.97651 8.426344 8.875371 9.236456 8.95252 8.672933 8.392763 8.110406 7.826013 7.53992 7.252472 6.963995 6.674818 6.385337 6.096391 5.817019 5.621487 5.42615 5.230675 5.03446 4.837564 4.640114 4.442239 4.244061 4.045704 3.84731 3.649121 3.456927 3.426151 3.395831 3.364695 3.332976 3.301037 3.269234 3.237918 3.207445 3.178176 3.150415 3.123904 3.094517 3.044828 2.990466 2.935454 2.881589 2.829002 2.777646 2.727464 2.678412 2.63045 2.583476
5.877622 5.499512 5.121204 4.741602 4.359524 -9999 3.719974 4.163298 4.618866 5.073469 5.526841 5.978856 6.429371 6.878204 7.325113 7.769795 8.211887 8.651148 9.002453 8.740726 8.482833 8.221827 7.958037 7.691978 7.424097 7.154778 6.884357 6.613143 6.341445 6.069648 5.806269 5.619439 5.433119 5.245736 5.057407 4.86832 4.678636 4.4885 4.29804 4.107379 3.916636 3.725957 3.540412 3.502953 3.465103 3.426205 3.386684 3.346939 3.307343 3.268264 3.230084 3.193223 3.158147 3.125313 3.092773 3.025456 2.953362 2.882786 2.813807 2.746279 2.680078 2.615123 2.551373 2.488825 2.427503
6.316576 5.945786 5.574838 5.202976 4.829893 4.457014 -9999 4.59842 4.996384 5.396751 5.797401 6.197354 6.596234 6.993828 7.390026 7.784931 8.179495 8.576797 8.894388 8.651276 8.409981 8.171341 7.932461 7.692302 7.450835 7.208272 6.964909 6.721144 6.477673 6.235803 6.000053 5.840749 5.680318 5.520709 5.361039 5.200947 5.04043 4.879569 4.718472 4.557274 4.396183 4.235552 4.07787 4.015792 3.953484 3.890873 3.827805 3.764529 3.701347 3.63856 3.576437 3.515152 3.454473 3.39267 3.330998 3.243938 3.157562 3.069379 2.980863 2.893061 2.806187 2.720261 2.635226 2.550919 2.466825
6.750205 6.388794 6.027328 5.665825 5.304322 4.948435 4.725689 -9999 5.384251 5.731454 6.078656 6.425972 6.773314 7.120403 7.467467 7.814669 8.161873 8.50963 8.787605 8.567823 8.350807 8.134592 7.918375 7.702258 7.486154 7.269838 7.053512 6.837296 6.621079 6.404814 6.194958 6.063581 5.931907 5.800136 5.668365 5.536622 5.404888 5.273088 5.141281 5.00951 4.877739 4.745837 4.614496 4.528434 4.441431 4.354081 4.266731 4.179359 4.09195 4.004616 3.917333 3.829983 3.742634 3.655552 3.570606 3.460802 3.352862 3.245891 3.138921 3.031893 2.924801 2.817885 2.711039 2.604069 2.497098
7.179559 6.829387 6.479216 6.129044 5.778885 5.438529 5.215353 -9999 5.772427 6.068942 6.365493 6.662044 6.958596 7.255147 7.551699 7.848249 8.144801 8.443233 8.68157 8.485134 8.291931 8.101019 7.910132 7.719246 7.528358 7.337472 7.146585 6.955698 6.764811 6.57414 6.390634 6.286897 6.183564 6.080539 5.977519 5.8745 5.771481 5.668462 5.565443 5.462423 5.359405 5.255745 5.150587 5.040622 4.929338 4.816988 4.704601 4.592216 4.479829 4.367443 4.255057 4.142671 4.030285 3.919158 3.811072 3.678473 3.548239 3.420444 3.29277 3.165095 3.037421 2.909747 2.782073 2.654398 2.526724
7.608781 7.269941 6.931102 6.592262 6.25405 5.924942 -9999 5.925353 6.161257 -9999 6.652329 6.89823 7.14413 7.39003 7.635929 7.881829 8.127894 8.377165 8.575822 8.402764 8.233353 8.067446 7.901889 7.736331 7.570774 7.405216 7.239658 7.0741 6.908569 6.743799 6.586759 6.510589 6.435317 6.360941 6.286674 6.212406 6.138138 6.063871 5.989604 5.915337 5.84104 5.765418 5.68642 5.552564 5.417069 5.279894 5.142471 5.005049 4.867626 4.730203 4.592781 4.455358 4.317966 4.183147 4.051911 3.896523 3.74399 3.594997 3.446619 3.29824 3.149862 3.001484 2.853106 2.704728 2.556332
8.038004 7.710497 7.382989 7.055481 6.728824 6.40849 6.179992 6.361698 6.549609 6.743918 6.939166 7.134416 7.329664 7.524913 7.720161 7.91541 8.111122 8.311028 -9999 8.320313 8.174875 8.033875 7.893645 7.753417 7.613189 7.47296 7.332731 7.192502 7.052391 6.913596 6.783045 6.734426 6.687155 6.641343 6.595827 6.550312 6.504796 6.45928 6.413765 6.368249 6.322603 6.275067 6.222249 6.064491 5.904744 5.7428 5.580341 5.417882 5.255423 5.092964 4.930505 4.768045 4.605773 4.44713 4.292683 4.114528 3.939821 3.769549 3.600467 3.431385 3.262303 3.093221 2.924139 2.755057 2.5858
8.467227 8.151052 7.834876 7.5187 7.202994 6.890462 6.658642 6.796453 6.937326 7.081406 7.226003 7.370601 7.515198 7.659796 7.804393 7.948991 8.094207 8.244452 -9999 8.237401 8.116204 8.000301 7.885402 7.770503 7.655603 7.540704 7.425804 7.310905 7.19619 7.083305 6.979223 6.958169 6.938951 6.921745 6.904982 6.888218 6.871454 6.85469 6.837926 6.821162 6.804211 6.784902 6.758311 6.576628 6.39252 6.205707 6.018211 5.830716 5.64322 5.455724 5.268229 5.080732 4.893507 4.710732 4.532961 4.332086 4.135425 3.944102 3.754316 3.56453 3.374744 3.184958 2.995172 2.805386 2.61537
8.89645 8.591606 8.286762 7.981918 7.677074 7.372229 7.137052 7.231 7.324948 7.418894 7.51284 7.606786 7.700732 7.794678 7.888624 7.982571 8.076981 8.17708 8.25617 8.153659 8.057141 7.966729 7.877159 7.787589 7.698018 7.608448 7.518878 7.429308 7.339879 7.252706 7.175024 7.181578 7.19058 7.202148 7.214135 7.226123 7.238111 7.250099 7.262087 7.274075 7.285941 7.295123 7.294852 7.089196 6.880523 6.668613 6.456081 6.243548 6.031016 5.818484 5.605952 5.39342 5.18104 4.973598 4.772312 4.548796 4.330558 4.118655 3.908165 3.697675 3.487185 3.276695 3.066206 2.855716 2.64513
9.325672 9.032162 8.738649 8.445137 8.151554 7.855159 7.616855 7.666723 7.712996 7.756382 7.799677 7.842972 7.886266 7.929562 7.972856 8.016151 8.059525 8.108583 8.1474 8.068729 7.997701 7.933157 7.868916 7.804675 7.740434 7.676192 7.611951 7.54771 7.483482 7.421588 7.370165 7.404417 7.442 7.48255 7.52329 7.56403 7.604769 7.645508 7.686248 7.726988 7.767725 7.80591 7.832136 7.602417 7.368786 7.131519 6.893951 6.656382 6.418814 6.181245 5.943676 5.706108 5.468539 5.235426 5.010265 4.764254 4.525148 4.293208 4.062014 3.83082 3.599627 3.368433 3.137239 2.906045 2.674851
9.754895 9.472715 9.190536 8.908356 8.626175 8.340505 8.099791 8.104895 8.101227 8.09387 8.086514 8.079158 8.0718 8.064444 8.057088 8.049731 8.042374 8.038756 8.036699 7.982336 7.938496 7.899584 7.860672 7.82176 7.782848 7.743936 7.705024 7.666112 7.627201 7.589812 7.564327 7.62648 7.69346 7.762952 7.832444 7.901935 7.971426 8.040918 8.110409 8.179901 8.249393 8.317357 8.370461 8.116484 7.857032 7.594426 7.33182 7.069216 6.806611 6.544005 6.2814 6.018795 5.756189 5.496095 5.246288 4.978095 4.719672 4.46776 4.215863 3.963965 3.712068 3.46017 3.208272 2.956374 2.704477
-9999 9.915201 9.642887 9.371537 9.100725 8.828724 8.58782 8.546051 8.489367 -9999 8.372095 8.313588 8.255766 8.198359 8.140983 8.083294 8.025303 7.968048 7.923442 7.894685 7.879595 7.866202 7.854013 7.842086 7.829596 7.816004 7.801064 7.785247 7.770932 7.757599 7.757139 7.847768 7.945111 8.043701 8.14432 8.244462 8.343209 8.440599 8.537054 8.633375 8.731057 8.829123 8.910175 8.631397 8.344975 8.057543 7.772226 7.487473 7.201797 6.914279 6.624485 6.333069 6.04384 5.756383 5.479766 5.190259 4.914915 4.642699 4.374907 4.107188 3.83693 3.56345 3.286973 3.00896 2.734102
10.63118 -9999 10.09807 9.83356 9.572661 9.31556 9.083283 8.985975 8.872421 -9999 8.649875 8.541751 8.434965 8.328892 8.222906 8.116385 8.008717 7.899654 7.806859 7.808983 7.823867 7.840592 7.857635 7.874176 7.889512 7.902965 7.913838 7.92145 7.92538 7.927465 7.948171 8.069798 8.205643 8.341871 8.474649 8.604053 8.730588 8.854799 8.977212 9.098363 9.218917 9.340361 9.451653 9.145596 8.838087 8.534157 8.23063 7.926124 7.619526 7.309769 6.995759 6.676414 6.351011 6.021831 5.710128 5.403478 5.124641 4.850881 4.572684 4.289019 3.999794 3.705024 3.404686 3.098764 2.787629
11.02184 10.75574 10.48983 10.22606 9.966495 9.71336 9.490853 9.340225 9.183408 -9999 8.880634 8.73299 8.586805 8.441384 8.296062 8.150163 8.00296 7.85367 7.720957 7.750116 7.787849 7.826485 7.865189 7.903256 7.940005 7.974726 8.006645 8.034876 8.058395 8.07618 8.102271 8.257772 8.422255 8.581269 8.735517 8.885878 9.033104 9.177831 9.320601 9.461909 9.60223 9.742126 9.870874 9.558139 9.248535 8.940134 8.631578 8.321774 8.009668 7.69416 7.374042 7.047924 6.714194 6.371178 6.025658 5.724386 5.449681 5.168197 4.879787 4.584936 4.283977 3.977049 3.664086 3.344817 3.018784
11.15045 10.87324 10.5962 10.32073 10.04756 9.774527 9.517115 9.385478 9.235453 9.083339 -9999 8.782326 8.633603 8.485476 8.337417 8.188906 8.039594 7.88998 7.768893 7.776428 7.801098 7.828123 7.856026 7.883717 7.910452 7.935608 7.958663 7.979375 7.998668 8.021717 8.057171 8.195434 8.33816 8.485698 8.632688 8.777414 8.919845 9.060328 9.199348 9.337538 9.475994 9.617224 9.745911 9.489558 9.23065 8.975571 8.722144 8.468327 8.21287 7.954766 7.693179 7.427688 7.159547 6.896981 6.645142 6.350951 6.070975 5.801145 5.532405 5.260318 4.983842 4.702725 4.41704 4.127331 3.83581
11.28916 10.99729 10.70552 10.41389 10.12226 9.827041 9.550162 9.420649 9.274841 9.125156 8.975471 -9999 8.675928 8.526341 8.37673 8.227046 8.077359 7.931095 7.815936 7.81006 7.822601 7.840149 7.857695 7.875463 7.893263 7.91068 7.927887 7.945426 7.962973 7.980593 8.007785 8.14277 8.278232 8.413841 8.549452 8.68536 8.821233 8.956637 9.091903 9.227502 9.363112 9.498976 9.626443 9.425968 9.227506 9.029739 8.831974 8.634539 8.437247 8.239324 8.040951 7.843145 7.645381 7.448684 7.261393 6.994041 6.73557 6.481195 6.226821 5.973019 5.719417 5.464723 5.209404 4.954949 4.700325
11.43645 11.1265 10.81656 10.50662 10.19668 9.879998 9.588235 9.456491 9.313705 9.163902 9.014086 -9999 8.714453 8.564636 8.41482 8.265003 8.115187 7.974363 7.861692 7.845067 7.844462 7.854923 7.865473 7.876023 7.886573 7.897123 7.907672 7.918222 7.928772 7.938223 7.955441 8.088234 8.218885 8.347946 8.47698 8.606015 8.735049 8.864083 8.993117 9.122151 9.251186 9.382622 9.510802 9.365208 9.224754 9.088369 8.952104 8.815839 8.679574 8.543308 8.407043 8.270778 8.134513 8.000975 7.874281 7.635475 7.400955 7.171843 6.942967 6.714092 6.485218 6.256343 6.027468 5.798099 5.569718
11.58412 11.25586 10.92761 10.59935 10.27066 9.93528 9.629916 9.49472 9.352091 9.20265 -9999 -9999 8.752806 8.602858 8.452909 8.30296 8.153625 8.0171 7.905861 7.879307 7.867476 7.869699 7.873252 7.876805 7.880359 7.883912 7.887465 7.891018 7.894462 7.894567 7.901396 8.03226 8.15913 8.282051 8.40451 8.526968 8.649426 8.771885 8.894343 9.016802 9.13938 9.267917 9.397246 9.306308 9.222842 9.146999 9.072234 8.99747 8.922705 8.84794 8.773175 8.69841 8.623677 8.552031 8.484749 8.274967 8.066585 7.862489 7.659114 7.455739 7.252363 7.048987 6.844779 6.642237 6.438835
11.73179 11.38522 11.03865 10.69208 10.34483 9.992477 9.674024 9.53489 9.390728 9.241397 9.091317 8.941237 8.791158 -9999 8.490998 8.340919 8.192418 8.058455 7.948108 7.912043 7.890558 7.884474 7.881031 7.877588 7.874144 7.870701 7.867258 7.863813 7.859888 7.850408 7.846768 7.975756 8.099038 8.216156 8.332039 8.447921 8.563804 8.679687 8.795568 8.911451 9.027958 9.153705 9.284208 9.247912 9.221387 9.205628 9.192364 9.1791 9.165836 9.152572 9.139308 9.126043 9.11289 9.101972 9.093645 8.913076 8.731738 8.553136 8.37526 8.197384 8.019508 7.840386 7.663757 7.485881 7.307646
11.87947 11.51458 11.1497 10.78481 10.41944 10.05083 9.719507 9.576229 9.429825 9.280145 9.129933 8.979721 8.82951 -9999 8.529088 8.378877 8.230597 8.097906 7.98804 7.942785 7.912812 7.89925 7.888809 7.878369 7.867929 7.85749 7.84705 7.83661 7.825404 7.80662 7.792606 7.919656 8.039118 8.150261 8.259567 8.368874 8.478182 8.587488 8.696795 8.806102 8.916376 9.038739 9.170209 9.188663 9.219534 9.264258 9.312494 9.36073 9.408966 9.457203 9.50544 9.553677 9.601974 9.651286 9.701736 9.550451 9.39651 9.243782 9.091407 8.93903 8.785147 8.634277 8.481901 8.329525 8.176644
12.02714 11.64394 11.26074 10.87754 10.4942 10.10953 9.765394 9.617914 9.469076 9.318892 9.168549 9.018206 8.867863 8.717521 -9999 8.416834 8.267857 8.135027 8.025192 7.971098 7.933912 7.914024 7.896588 7.879151 7.861714 7.844278 7.826841 7.809405 7.791366 7.764077 7.739955 7.864898 7.979872 8.084366 8.187097 8.289827 8.392558 8.49529 8.59802 8.700751 8.804163 8.921795 9.053761 9.127205 9.216511 9.322888 9.432625 9.542361 9.652098 9.761835 9.871572 9.981308 10.09104 10.20053 10.30974 10.18775 10.06124 9.934429 9.807552 9.679264 9.5538 9.426922 9.300045 9.173168 9.046063
12.17482 11.7733 11.37179 10.97027 10.56877 10.16776 9.810719 9.65912 9.50813 9.357637 9.207164 9.056689 8.906215 8.755741 8.605267 8.454792 8.304572 8.169466 8.058989 7.996582 -9999 7.9288 7.904366 7.879933 7.8555 7.831067 7.806634 7.782202 7.757695 7.723592 7.689923 7.812404 7.921483 8.018471 8.114626 8.210781 8.306936 8.403091 8.499246 8.595401 8.691582 8.801756 8.933281 9.062197 9.212023 9.381517 9.552754 9.723991 9.895229 10.06647 10.2377 10.40894 10.58018 10.75027 10.91839 10.82563 10.72625 10.62508 10.52253 10.42232 10.32094 10.21957 10.11819 10.01681 9.915436
