Spatial_Analysis/Downscaled_EnvironmentalLayers/RCP8_5/2050/sst_nearfuture.asc
ncols         639
nrows         313
xllcorner     -103
yllcorner     4.021
cellsize      0.083
NODATA_value  -9999
[rows 116 to 144 of 313, columns 195 to 259 of 639]
28.98485 28.99482 29.00478 29.01444 29.02231 29.02914 29.0357 29.04226 29.04881 29.05536 29.06192 29.06848 29.07504 29.0816 29.08815 29.09501 29.09769 29.09844 29.09951 29.10059 29.10166 29.10273 29.10381 29.10489 29.10597 29.10705 29.10813 29.10952 29.112 29.11539 29.11918 29.12298 29.12677 29.13056 29.13435 29.13816 29.14198 29.14578 29.14958 29.15315 29.15599 29.15817 29.16001 29.16183 29.16363 29.16543 29.16724 29.16909 29.17095 29.17278 29.1746 29.17636 29.17859 29.18126 29.18382 29.18638 29.18891 29.19143 29.19397 29.19656 29.19915 29.20171 29.20427 29.20691 29.20968
28.9893 28.99961 29.00988 29.01978 29.0274 29.03387 29.03999 29.04605 29.05211 29.05817 29.06423 29.0703 29.07636 29.08242 29.08853 29.09502 29.09753 29.09812 29.09911 29.10015 29.1012 29.10225 29.10329 29.10434 29.10538 29.10643 29.10752 29.109 29.11141 29.11455 29.11812 29.12177 29.12542 29.12907 29.13272 29.13637 29.14002 29.14368 29.1473 29.15061 29.15335 29.1556 29.15749 29.1593 29.16111 29.16293 29.16474 29.16655 29.16837 29.17018 29.17198 29.17369 29.17585 29.17845 29.18093 29.18338 29.18583 29.18827 29.19073 29.19318 29.19563 29.19808 29.20053 29.20314 29.20582
28.99374 29.00441 29.01496 29.02516 29.03255 29.03859 29.04427 29.04984 29.05541 29.06098 29.06654 29.07211 29.07768 29.08325 29.08893 29.09498 29.0973 29.09782 29.0987 29.09971 29.10073 29.10174 29.10276 29.10377 29.10479 29.1058 29.10693 29.10841 29.11074 29.11371 29.11706 29.12056 29.12406 29.12756 29.13107 29.13457 29.13807 29.14157 29.145 29.14812 29.15079 29.15303 29.15498 29.15678 29.15858 29.16038 29.16218 29.16398 29.16578 29.16758 29.16936 29.17103 29.17313 29.17563 29.17803 29.18037 29.18272 29.18506 29.18741 29.18975 29.1921 29.19444 29.19681 29.19934 29.20193
28.99818 29.00921 29.02007 29.03059 29.03774 29.04332 29.04856 29.05363 29.05871 29.06378 29.06885 29.07393 29.079 29.08407 29.08931 29.09487 29.09701 29.09748 29.09829 29.09927 29.10026 29.10124 29.10223 29.10321 29.1042 29.10518 29.10631 29.10776 29.10999 29.11283 29.11599 29.11935 29.1227 29.12605 29.12941 29.13276 29.13611 29.13947 29.14272 29.14569 29.14827 29.1505 29.15247 29.15425 29.15604 29.15783 29.15962 29.1614 29.16319 29.16498 29.16673 29.16839 29.17043 29.17283 29.17513 29.17737 29.17961 29.18185 29.18409 29.18633 29.18856 29.19081 29.19309 29.19552 29.19802
29.00262 29.01401 29.02521 29.03607 29.04299 29.04808 29.05285 29.05742 29.062 29.06658 29.07116 29.07574 29.08032 29.0849 29.08965 29.09472 29.09667 29.09712 29.09788 29.09883 29.09979 29.10074 29.1017 29.10265 29.1036 29.10456 29.10565 29.10705 29.1092 29.11192 29.11493 29.11814 29.12134 29.12455 29.12775 29.13095 29.13416 29.13737 29.14046 29.1433 29.14581 29.148 29.14995 29.15173 29.1535 29.15528 29.15705 29.15883 29.1606 29.16238 29.16412 29.16577 29.16774 29.17003 29.17224 29.17437 29.1765 29.17864 29.18077 29.18291 29.18504 29.18717 29.18935 29.19167 29.19407
29.00706 29.01881 29.03038 29.0416 29.04828 29.05288 29.05713 29.06121 29.0653 29.06938 29.07347 29.07756 29.08164 29.08573 29.08996 29.09451 29.09628 29.09672 29.09747 29.09839 29.09932 29.10024 29.10116 29.10209 29.10301 29.10393 29.10497 29.10629 29.10835 29.11097 29.11386 29.11692 29.11998 29.12303 29.12609 29.12915 29.13221 29.13526 29.13823 29.14096 29.14338 29.14553 29.14744 29.1492 29.15097 29.15273 29.15449 29.15625 29.15802 29.15978 29.16151 29.16315 29.16507 29.16725 29.16934 29.17137 29.1734 29.17542 29.17745 29.17948 29.18151 29.18354 29.1856 29.1878 29.19011
29.0115 29.02361 29.03559 29.04719 29.05363 29.05771 29.06141 29.06501 29.0686 29.07219 29.07578 29.07937 29.08296 29.08655 29.09024 29.09426 29.09584 29.09629 29.09706 29.09795 29.09885 29.09974 29.10063 29.10152 29.10242 29.10331 29.10427 29.1055 29.10747 29.11 29.1128 29.11571 29.11862 29.12153 29.12443 29.12734 29.13025 29.13316 29.13601 29.13864 29.14099 29.14308 29.14493 29.14668 29.14843 29.15018 29.15193 29.15368 29.15543 29.15718 29.15891 29.16055 29.16241 29.16447 29.16644 29.16837 29.17029 29.17221 29.17414 29.17606 29.17798 29.1799 29.18185 29.18392 29.18612
29.01594 29.02841 29.04082 29.05284 29.05903 29.06256 29.0657 29.0688 29.07189 29.07499 29.07809 29.08118 29.08428 29.08738 29.09051 29.09397 29.09536 29.09584 29.09665 29.09752 29.09838 29.09924 29.1001 29.10096 29.10182 29.10269 29.10357 29.10469 29.10656 29.10902 29.11174 29.1145 29.11726 29.12002 29.12278 29.12554 29.1283 29.13105 29.1338 29.13634 29.13861 29.14063 29.14241 29.14415 29.14589 29.14763 29.14937 29.15111 29.15284 29.15458 29.15631 29.15797 29.15977 29.16171 29.16355 29.16536 29.16718 29.169 29.17081 29.17263 29.17445 29.17627 29.17809 29.18002 29.18213
29.02039 29.0332 29.04602 29.05854 29.0645 29.06738 29.06999 29.0726 29.07524 29.07787 29.08047 29.08305 29.08561 29.08821 29.09081 29.09364 29.09484 29.09542 29.09624 29.09708 29.09795 29.09881 29.09964 29.10044 29.10124 29.10206 29.10289 29.10386 29.10565 29.10806 29.11068 29.11329 29.11594 29.11859 29.12121 29.1238 29.12636 29.12895 29.13156 29.13406 29.13626 29.13818 29.1399 29.14164 29.14343 29.14521 29.14694 29.14863 29.15029 29.15198 29.15371 29.15539 29.15713 29.15894 29.16065 29.16237 29.16415 29.16592 29.16765 29.16932 29.17095 29.17263 29.17434 29.17611 29.17811
29.02513 29.03817 29.0512 29.06429 29.07 29.0722 29.07447 29.07674 29.07897 29.08115 29.08327 29.08533 29.08732 29.08926 29.09118 29.09328 29.09429 29.09507 29.09605 29.09701 29.09792 29.09876 29.09954 29.10028 29.10096 29.10162 29.10227 29.10305 29.10473 29.10717 29.10979 29.11244 29.11507 29.11765 29.12016 29.1226 29.12494 29.1272 29.12939 29.13176 29.13391 29.1357 29.13772 29.13974 29.14169 29.14353 29.14527 29.1469 29.14842 29.14984 29.15121 29.15281 29.15451 29.15617 29.1581 29.16005 29.16191 29.16366 29.16529 29.16681 29.16821 29.1695 29.17074 29.17221 29.17409
29.03026 29.04363 29.05692 29.07012 29.07561 29.07758 29.07948 29.08132 29.08309 29.0848 29.08644 29.08802 29.08952 29.09093 29.09224 29.09344 29.09421 29.0954 29.09646 29.09741 29.09828 29.09907 29.09979 29.10046 29.10107 29.10163 29.10214 29.1026 29.10413 29.1068 29.10945 29.11206 29.11463 29.11715 29.11959 29.12193 29.12418 29.12629 29.12823 29.12997 29.1319 29.13431 29.13657 29.13869 29.14068 29.14254 29.14429 29.14591 29.1474 29.14874 29.14993 29.15092 29.15229 29.15459 29.15671 29.15867 29.16048 29.16216 29.1637 29.1651 29.16637 29.16748 29.16843 29.16918 29.17052
29.03121 29.0443 29.05741 29.07053 29.07594 29.07767 29.07945 29.08125 29.08301 29.08471 29.08637 29.08797 29.08951 29.091 29.09249 29.09417 29.09494 29.09552 29.0963 29.09709 29.09782 29.0985 29.09912 29.09969 29.10022 29.10073 29.10124 29.10189 29.10339 29.10562 29.10802 29.11047 29.1129 29.11528 29.11761 29.11986 29.12202 29.12411 29.12616 29.12839 29.1304 29.13211 29.13397 29.1359 29.13775 29.13951 29.14117 29.14273 29.14418 29.14555 29.14689 29.14847 29.15001 29.15143 29.15304 29.15472 29.15633 29.15784 29.15924 29.16052 29.16169 29.16277 29.16382 29.16513 29.1668
29.03252 29.04543 29.05833 29.0709 29.07624 29.07824 29.07991 29.08159 29.08329 29.08499 29.08667 29.08833 29.08998 29.09165 29.09333 29.0952 29.09593 29.09622 29.09673 29.09723 29.09776 29.09829 29.09879 29.09927 29.09976 29.10026 29.10077 29.10143 29.10286 29.10488 29.10711 29.10934 29.1116 29.11386 29.11611 29.11832 29.12052 29.12275 29.12498 29.1271 29.12904 29.1308 29.13238 29.13395 29.13556 29.13717 29.13875 29.14029 29.14181 29.14338 29.14495 29.14647 29.14789 29.14923 29.15047 29.15171 29.15299 29.15427 29.15552 29.15673 29.15791 29.15914 29.16038 29.16166 29.16322
29.03408 29.04667 29.05919 29.0713 29.07658 29.07876 29.08052 29.08223 29.08394 29.08565 29.08735 29.08906 29.09077 29.09248 29.09422 29.09617 29.09685 29.09697 29.09731 29.09768 29.09806 29.09843 29.09881 29.09918 29.09956 29.09993 29.10033 29.10099 29.10232 29.10419 29.10633 29.10852 29.11071 29.1129 29.11509 29.11728 29.11946 29.12165 29.12383 29.12581 29.1277 29.12946 29.13101 29.13252 29.13402 29.13553 29.13703 29.13854 29.14004 29.14155 29.14305 29.14446 29.14579 29.14702 29.14815 29.14926 29.15036 29.15147 29.15258 29.15368 29.15479 29.1559 29.15701 29.15818 29.15961
29.03565 29.04792 29.06004 29.07176 29.07697 29.07925 29.08112 29.08286 29.0846 29.08634 29.08809 29.08983 29.09157 29.09331 29.0951 29.09708 29.09771 29.09771 29.09789 29.09813 29.09838 29.09862 29.09887 29.09911 29.09936 29.0996 29.09993 29.10052 29.10177 29.10352 29.10555 29.10769 29.10984 29.11198 29.11413 29.11627 29.11841 29.12056 29.12265 29.12454 29.12637 29.12811 29.12965 29.13109 29.13253 29.13396 29.1354 29.13684 29.13828 29.13972 29.14114 29.14247 29.14369 29.14481 29.14583 29.1468 29.14778 29.14875 29.14973 29.1507 29.15168 29.15265 29.15364 29.15468 29.15597
29.03721 29.04916 29.06091 29.07228 29.07743 29.07977 29.08173 29.0835 29.08527 29.08704 29.08882 29.09059 29.09236 29.09413 29.09597 29.09795 29.09853 29.09843 29.09847 29.09859 29.0987 29.09881 29.09893 29.09904 29.09916 29.09927 29.09951 29.10004 29.1012 29.10284 29.10477 29.10687 29.10896 29.11106 29.11316 29.11526 29.11736 29.11946 29.12148 29.12329 29.12506 29.12677 29.12828 29.12966 29.13103 29.1324 29.13377 29.13515 29.13652 29.13789 29.13923 29.14049 29.14161 29.1426 29.1435 29.14435 29.14519 29.14603 29.14688 29.14772 29.14857 29.14941 29.15026 29.15116 29.15232
29.03877 29.05041 29.06182 29.07286 29.07793 29.08032 29.08233 29.08413 29.08594 29.08774 29.08955 29.09135 29.09316 29.09496 29.09682 29.09879 29.09932 29.09913 29.09905 29.09904 29.09902 29.099 29.09899 29.09897 29.09896 29.09894 29.09908 29.09952 29.10058 29.10214 29.10399 29.10604 29.1081 29.11015 29.1122 29.11426 29.11631 29.11837 29.12033 29.12207 29.12379 29.12546 29.12692 29.12822 29.12953 29.13084 29.13214 29.13345 29.13476 29.13606 29.13734 29.13852 29.13954 29.1404 29.14118 29.14189 29.14261 29.14332 29.14403 29.14474 29.14545 29.14617 29.14688 29.14763 29.14866
29.04033 29.05165 29.06277 29.0735 29.0785 29.08091 29.08294 29.08477 29.08661 29.08844 29.09028 29.09212 29.09395 29.09579 29.09766 29.09961 29.10009 29.09982 29.09963 29.09949 29.09934 29.0992 29.09905 29.09891 29.09876 29.09862 29.09861 29.09896 29.09992 29.1014 29.1032 29.10522 29.10723 29.10923 29.11124 29.11325 29.11526 29.11727 29.11919 29.12088 29.12255 29.12416 29.12555 29.12679 29.12803 29.12927 29.13051 29.13176 29.133 29.13424 29.13544 29.13656 29.13748 29.13822 29.13886 29.13944 29.14002 29.1406 29.14118 29.14176 29.14234 29.14292 29.14351 29.1441 29.145
29.0419 29.0529 29.06376 29.07419 29.07913 29.08154 29.08354 29.08541 29.08727 29.08914 29.09101 29.09288 29.09475 29.09661 29.0985 29.10043 29.10086 29.10051 29.10021 29.09994 29.09966 29.09939 29.09911 29.09884 29.09856 29.09829 29.09811 29.09833 29.0992 29.10062 29.10242 29.10439 29.10635 29.10832 29.11028 29.11225 29.11421 29.11617 29.11808 29.11973 29.12135 29.1229 29.12419 29.12536 29.12654 29.12771 29.12889 29.13006 29.13123 29.13241 29.13356 29.13462 29.13544 29.13604 29.13654 29.13699 29.13743 29.13788 29.13833 29.13878 29.13923 29.13968 29.14013 29.14058 29.14134
29.04346 29.05414 29.06477 29.07495 29.07982 29.08219 29.08414 29.08604 29.08794 29.08984 29.09174 29.09364 29.09554 29.09744 29.09934 29.10126 29.10164 29.10121 29.1008 29.10039 29.09999 29.09958 29.09917 29.09877 29.09836 29.09796 29.09759 29.09763 29.09841 29.0998 29.10164 29.10356 29.10548 29.1074 29.10932 29.11124 29.11316 29.11508 29.11698 29.11863 29.1202 29.12166 29.12282 29.12393 29.12504 29.12615 29.12726 29.12836 29.12947 29.13058 29.13168 29.13269 29.13342 29.13387 29.13421 29.13453 29.13485 29.13516 29.13548 29.1358 29.13611 29.13643 29.13675 29.13706 29.13768
29.04502 29.05539 29.06575 29.07578 29.08057 29.08282 29.08475 29.08668 29.08861 29.09054 29.09247 29.09441 29.09634 29.09827 29.1002 29.10212 29.10244 29.10191 29.10138 29.10084 29.10031 29.09977 29.09923 29.0987 29.09816 29.09763 29.09709 29.09685 29.09752 29.09899 29.10086 29.10274 29.1046 29.10646 29.10833 29.11022 29.11211 29.11399 29.11586 29.11757 29.1191 29.12041 29.12146 29.1225 29.12354 29.12458 29.12563 29.12667 29.12771 29.12875 29.12979 29.13078 29.13141 29.1317 29.13189 29.13208 29.13228 29.13248 29.13267 29.13284 29.13301 29.13319 29.13337 29.13355 29.13404
29.04659 29.05663 29.06668 29.07665 29.08136 29.08339 29.08535 29.08732 29.08928 29.09124 29.09321 29.09517 29.09713 29.09909 29.10106 29.10302 29.10328 29.10263 29.10196 29.10129 29.10063 29.09996 29.09929 29.09863 29.09796 29.0973 29.09663 29.09601 29.09654 29.09825 29.10001 29.10177 29.10353 29.10533 29.10715 29.109 29.11088 29.11279 29.1147 29.11653 29.11805 29.11912 29.12005 29.12101 29.122 29.12301 29.12403 29.12504 29.12603 29.12699 29.12791 29.12887 29.12942 29.12952 29.12966 29.1298 29.12993 29.13002 29.13009 29.13012 29.13011 29.13008 29.13003 29.13005 29.13042
29.0491 29.05862 29.06809 29.07752 29.08216 29.08443 29.08664 29.08879 29.09088 29.09292 29.09492 29.09686 29.09874 29.10058 29.10236 29.10409 29.10411 29.10326 29.10241 29.10158 29.10077 29.09999 29.09926 29.09855 29.09782 29.09708 29.0963 29.09545 29.09563 29.09723 29.09887 29.10054 29.10225 29.10399 29.10577 29.10759 29.10943 29.11132 29.11325 29.11522 29.11683 29.11761 29.11848 29.11942 29.12041 29.12143 29.12246 29.12347 29.12446 29.12541 29.12629 29.12707 29.1275 29.12765 29.12775 29.1278 29.12781 29.12779 29.12772 29.12762 29.12748 29.12729 29.12705 29.12675 29.1269
29.05179 29.06099 29.07001 29.07874 29.08317 29.08563 29.08777 29.08974 29.09169 29.09361 29.09549 29.09734 29.09912 29.10069 29.10211 29.10353 29.10338 29.10237 29.10127 29.10014 29.09907 29.09804 29.09706 29.09614 29.09528 29.09449 29.09381 29.0932 29.09316 29.09376 29.09498 29.09666 29.09836 29.10008 29.10182 29.1036 29.10541 29.10724 29.10907 29.11082 29.11223 29.11315 29.11395 29.11476 29.11561 29.11648 29.11736 29.11823 29.11908 29.1199 29.12068 29.12149 29.12179 29.1215 29.12123 29.12098 29.1207 29.12039 29.12005 29.11968 29.11928 29.11884 29.11839 29.11802 29.11814
29.05486 29.06344 29.07183 29.08003 29.08425 29.08668 29.08894 29.091 29.09284 29.09462 29.0963 29.09778 29.09909 29.10036 29.10158 29.10276 29.1025 29.10145 29.10035 29.09917 29.09791 29.09666 29.09547 29.09434 29.09328 29.09231 29.09144 29.0908 29.09069 29.09101 29.09162 29.09259 29.09409 29.0958 29.09753 29.09927 29.10101 29.10275 29.10448 29.10605 29.10734 29.10834 29.10909 29.10984 29.11059 29.11133 29.11209 29.11284 29.11358 29.11432 29.11507 29.11572 29.11582 29.11538 29.11476 29.11413 29.11352 29.11291 29.11229 29.11165 29.11101 29.11037 29.10975 29.10911 29.10911
29.05786 29.0659 29.0738 29.08159 29.08558 29.0879 29.09011 29.09217 29.09404 29.09558 29.09682 29.09796 29.09903 29.10007 29.10106 29.10201 29.10163 29.10054 29.0994 29.09821 29.09695 29.09563 29.09427 29.09297 29.09174 29.09059 29.08955 29.08875 29.08832 29.08826 29.08858 29.08919 29.09008 29.09137 29.09305 29.09476 29.09646 29.09816 29.09985 29.10132 29.10253 29.10349 29.1042 29.10486 29.10552 29.10618 29.10684 29.1075 29.10816 29.10882 29.10947 29.10992 29.10983 29.10922 29.10837 29.10746 29.10656 29.10565 29.10475 29.10384 29.10294 29.10203 29.10113 29.10022 29.1001
29.06088 29.06846 29.07595 29.08334 29.0871 29.08929 29.09138 29.09324 29.09483 29.09614 29.09722 29.09813 29.09898 29.09979 29.10055 29.10127 29.10078 29.09964 29.09846 29.09723 29.09596 29.09463 29.09324 29.09181 29.09044 29.08914 29.08795 29.08699 29.08628 29.08584 29.0857 29.08592 29.08653 29.0874 29.0886 29.09022 29.0919 29.09357 29.09521 29.09664 29.09777 29.09864 29.0993 29.09988 29.10045 29.10102 29.10159 29.10217 29.10274 29.10331 29.10384 29.10411 29.10384 29.10303 29.10198 29.1008 29.09961 29.09843 29.09724 29.09606 29.09488 29.09369 29.09251 29.09134 29.09111
29.06398 29.07114 29.07822 29.08523 29.08877 29.09079 29.09259 29.09414 29.09545 29.09657 29.09752 29.09831 29.09894 29.09952 29.10006 29.10056 29.09996 29.09877 29.09754 29.09627 29.09496 29.09361 29.09221 29.09076 29.08927 29.08784 29.08653 29.08541 29.08446 29.08371 29.08319 29.08297 29.08311 29.0837 29.08456 29.08575 29.08734 29.08899 29.09058 29.092 29.09306 29.09382 29.09441 29.09489 29.09538 29.09587 29.09635 29.09684 29.09732 29.09781 29.0982 29.09832 29.09786 29.09686 29.09559 29.09413 29.09266 29.0912 29.08974 29.08828 29.08681 29.08535 29.0839 29.08247 29.08212
29.06716 29.07392 29.0806 29.08722 29.09052 29.09224 29.09372 29.09498 29.09606 29.09699 29.09779 29.09843 29.09892 29.09928 29.0996 29.09988 29.09917 29.09793 29.09665 29.09534 29.09399 29.0926 29.09118 29.08971 29.08819 29.08665 29.08523 29.08396 29.08279 29.08175 29.08092 29.08033 29.08003 29.08012 29.08071 29.0816 29.08281 29.08441 29.08597 29.08739 29.08839 29.08902 29.08951 29.08991 29.09031 29.09071 29.09111 29.09151 29.09191 29.0923 29.09258 29.09255 29.09192 29.0907 29.08919 29.08746 29.08572 29.08397 29.08224 29.0805 29.07875 29.07701 29.07529 29.0736 29.07313
