Spatial_Analysis/Downscaled_EnvironmentalLayers/RCP8_5/2050/sst_nearfuture.asc
ncols         639
nrows         313
xllcorner     -103
yllcorner     4.021
cellsize      0.083
NODATA_value  -9999
[rows 203 to 231 of 313, columns 325 to 389 of 639]
28.54678 28.53805 28.52939 28.52078 28.51222 28.50371 28.49512 28.48599 28.47678 28.46745 28.45801 28.4485 28.4389 28.42924 28.41952 28.40974 28.39991 28.39002 28.37986 28.36914 28.35836 28.34755 28.33673 28.3259 28.31506 28.30423 28.29343 28.28266 28.2719 28.2611 28.2498 28.23311 28.21642 28.19974 28.18306 28.16641 28.14977 28.13315 28.11655 28.09997 28.08342 28.06688 28.051 28.05584 28.06071 28.06559 28.0705 28.07543 28.08039 28.08536 28.09035 28.09537 28.1004 28.10545 28.11052 28.12576 28.1412 28.15667 28.17215 28.18764 28.20315 28.21867 28.23421 28.24976 28.26533
28.547 28.53795 28.52896 28.52003 28.51113 28.50228 28.49326 28.48327 28.47319 28.46302 28.45279 28.44249 28.43213 28.42172 28.41126 28.40075 28.39003 28.37906 28.36792 28.35606 28.34418 28.3323 28.32041 28.30852 28.29664 28.28479 28.27295 28.26113 28.24928 28.23742 28.22491 28.20514 28.18537 28.16561 28.14586 28.12613 28.10641 28.08671 28.06703 28.04737 28.02773 28.00811 27.98923 27.99362 27.99803 28.00246 28.00691 28.01138 28.01588 28.0204 28.02493 28.02948 28.03405 28.03864 28.04325 28.05869 28.07435 28.09003 28.10572 28.12143 28.13715 28.15289 28.16864 28.1844 28.20018
28.54718 28.5378 28.52848 28.51921 28.50998 28.50073 28.49114 28.48033 28.46945 28.45851 28.44751 28.43646 28.42536 28.41422 28.4029 28.39128 28.37955 28.36778 28.35584 28.34287 28.32991 28.31695 28.304 28.29106 28.27815 28.26525 28.25237 28.23949 28.22658 28.21365 28.19994 28.1771 28.15425 28.13141 28.10858 28.08577 28.06297 28.04019 28.01743 27.99469 27.97196 27.94925 27.92737 27.9313 27.93526 27.93923 27.94323 27.94724 27.95128 27.95534 27.95942 27.96351 27.96762 27.97175 27.97589 27.99155 28.00742 28.02331 28.03922 28.05515 28.07108 28.08703 28.10299 28.11897 28.13496
28.54731 28.5376 28.52794 28.51834 28.5087 28.49897 28.48886 28.47727 28.46563 28.45393 28.44219 28.4304 28.41853 28.40629 28.39386 28.38138 28.36887 28.35635 28.34363 28.32959 28.31555 28.30153 28.28752 28.27353 28.25957 28.24563 28.23171 28.21777 28.2038 28.18982 28.1749 28.14898 28.12305 28.09713 28.07122 28.04533 28.01945 27.99359 27.96774 27.94191 27.9161 27.89031 27.86541 27.8689 27.8724 27.87592 27.87947 27.88303 27.88661 27.89021 27.89383 27.89746 27.90112 27.90479 27.90847 27.92433 27.94042 27.95653 27.97265 27.98879 28.00494 28.02111 28.03728 28.05347 28.06968
28.54738 28.53735 28.52736 28.51735 28.50725 28.49708 28.48649 28.47415 28.46176 28.44932 28.43686 28.42409 28.41099 28.3978 28.38456 28.37131 28.35805 28.3448 28.33133 28.31621 28.30111 28.28603 28.27097 28.25594 28.24093 28.22594 28.21096 28.19596 28.18095 28.16592 28.1498 28.12079 28.09178 28.06278 28.03379 28.00481 27.97585 27.9469 27.91797 27.88906 27.86016 27.83128 27.80338 27.80642 27.80947 27.81254 27.81563 27.81873 27.82186 27.825 27.82816 27.83134 27.83454 27.83775 27.84098 27.85704 27.87335 27.88967 27.90601 27.92237 27.93873 27.95511 27.9715 27.9879 28.00432
28.54742 28.53705 28.52667 28.51621 28.50568 28.4951 28.48405 28.47097 28.45785 28.44462 28.43094 28.41704 28.40308 28.38909 28.37509 28.3611 28.34712 28.33316 28.31894 28.30276 28.2866 28.27047 28.25436 28.23828 28.22222 28.20618 28.19015 28.17409 28.15803 28.14195 28.12462 28.09253 28.06044 28.02835 27.99628 27.96422 27.93217 27.90014 27.86813 27.83613 27.80415 27.77219 27.74128 27.74386 27.74647 27.74908 27.75172 27.75437 27.75704 27.75973 27.76243 27.76515 27.76789 27.77064 27.77341 27.78967 27.8062 27.82274 27.83929 27.85586 27.87244 27.88903 27.90564 27.92225 27.93888
28.54742 28.53668 28.52586 28.51498 28.50405 28.49306 28.48157 28.46776 28.45367 28.43913 28.42444 28.4097 28.39495 28.38021 28.36548 28.35077 28.33609 28.32143 28.30647 28.28923 28.27202 28.25484 28.23769 28.22056 28.20345 28.18636 28.16927 28.15216 28.13504 28.11791 28.09937 28.0642 28.02902 27.99386 27.9587 27.92356 27.88843 27.85332 27.81822 27.78314 27.74808 27.71303 27.67912 27.68125 27.6834 27.68556 27.68774 27.68994 27.69215 27.69438 27.69662 27.69888 27.70116 27.70345 27.70576 27.72223 27.73897 27.75572 27.77249 27.78927 27.80607 27.82288 27.8397 27.85653 27.87337
28.54736 28.53619 28.52496 28.51368 28.50235 28.49098 28.47903 28.46404 28.44866 28.43318 28.41767 28.40216 28.38667 28.37121 28.35577 28.34036 28.32498 28.30964 28.29394 28.27565 28.25739 28.23916 28.22096 28.20278 28.18462 28.16647 28.14832 28.13015 28.11198 28.09381 28.07406 28.0358 27.99755 27.9593 27.92106 27.88284 27.84463 27.80643 27.76825 27.73008 27.69194 27.6538 27.61688 27.61856 27.62025 27.62196 27.62368 27.62542 27.62718 27.62895 27.63074 27.63254 27.63436 27.63619 27.63804 27.65471 27.67167 27.68864 27.70563 27.72262 27.73964 27.75666 27.77369 27.79074 27.80779
28.56061 28.54908 28.5375 28.52588 28.51422 28.50245 28.48939 28.47283 28.4562 28.43956 28.42293 28.40633 28.38976 28.37323 28.35674 28.34028 28.32385 28.30746 28.29068 28.27111 28.25157 28.23205 28.21256 28.19308 28.17362 28.15418 28.13473 28.11527 28.09582 28.07635 28.05538 28.01661 27.97784 27.93909 27.90034 27.8616 27.82288 27.78417 27.74547 27.70679 27.66812 27.62947 27.59219 27.59887 27.60556 27.61226 27.61898 27.62572 27.63247 27.63923 27.64602 27.65281 -9999 -9999 27.67329 27.68444 27.69569 27.70695 27.71822 27.72951 27.7408 27.75211 27.76343 27.77476 27.7861
28.58079 28.56894 28.55705 28.54513 28.533 28.52016 28.50622 28.48825 28.47028 28.45234 28.43444 28.41658 28.39877 28.38099 28.36326 28.34557 28.32791 28.31029 28.29226 28.27128 28.25032 28.22939 28.20847 28.18758 28.1667 28.14584 28.12497 28.1041 28.08323 28.06236 28.04015 28.00221 27.96427 27.92635 27.88843 27.85052 27.81263 27.77475 27.73688 27.69902 27.66118 27.62335 27.58711 27.60163 27.61617 27.63072 27.64529 27.65987 27.67447 27.68909 27.70371 27.71835 -9999 -9999 -9999 -9999 -9999 27.76987 27.77233 27.7748 27.77728 27.77978 27.78228 27.7848 27.78732
28.6009 28.58875 28.57656 28.56405 28.55078 28.53729 28.52275 28.50346 28.4842 28.465 28.44585 28.42675 28.4077 28.38869 28.36972 28.3508 28.33192 28.31307 28.29379 28.27139 28.24901 28.22666 28.20433 28.18202 28.15972 28.13744 28.11516 28.09287 28.07058 28.0483 28.02486 27.98775 27.95065 27.91355 27.87646 27.83938 27.80231 27.76526 27.72821 27.69118 27.65417 27.61717 27.58197 27.60434 27.62672 27.64912 27.67154 27.69397 27.71641 27.73887 27.76134 -9999 -9999 -9999 -9999 -9999 -9999 -9999 27.82638 27.82004 27.8137 27.80738 27.80107 27.79477 27.78848
28.62095 28.60851 28.59562 28.58192 28.56803 28.55413 28.53909 28.51851 28.49801 28.47756 28.45717 28.43684 28.41656 28.39632 28.37613 28.35598 28.33587 28.31579 28.29526 28.27144 28.24765 28.22388 28.20013 28.1764 28.15269 28.12899 28.10529 28.08159 28.0579 28.03421 28.00953 27.97325 27.93697 27.9007 27.86443 27.82818 27.79194 27.75571 27.71949 27.68329 27.6471 27.61093 27.57676 27.60698 27.63721 27.66746 27.69772 -9999 27.75829 27.78859 -9999 -9999 -9999 -9999 -9999 -9999 -9999 -9999 -9999 27.86521 27.85006 27.83493 27.8198 27.80469 27.78959
28.64097 28.62773 28.61359 28.5993 28.58501 28.57079 28.55528 28.53346 28.51172 28.49004 28.46843 28.44687 28.42536 28.4039 28.38249 28.36111 28.33977 28.31846 28.29667 28.27144 28.24623 28.22104 28.19588 28.17073 28.14561 28.12049 28.09538 28.07027 28.04516 28.02005 27.99414 27.95868 27.92323 27.88778 27.85235 27.81692 27.78151 27.74611 27.71072 27.67534 27.63998 27.60463 27.5715 27.60957 27.64765 27.68574 27.72385 -9999 -9999 -9999 -9999 -9999 -9999 -9999 -9999 -9999 -9999 -9999 -9999 27.91033 27.88637 27.86242 27.83848 27.81456 27.79064
28.66038 28.64581 28.63109 28.61642 28.60182 28.58731 28.57137 28.54833 28.52536 28.50246 28.47962 28.45684 28.43411 28.41143 28.3888 28.36619 28.34361 28.32107 28.29803 28.27138 28.24476 28.21816 28.19158 28.16502 28.13848 28.11195 28.08542 28.0589 28.03237 28.00585 27.97869 27.94406 27.90943 27.87481 27.8402 27.80561 27.77102 27.73645 27.70189 27.66734 27.6328 27.59827 27.56618 27.61209 27.65802 27.70396 -9999 -9999 -9999 -9999 -9999 -9999 -9999 -9999 -9999 -9999 -9999 -9999 -9999 27.9554 27.92263 27.88987 27.85713 27.8244 27.79169
28.67858 28.66343 28.64835 28.63337 28.61851 28.60375 28.58739 28.56312 28.53893 28.51482 28.49076 28.46677 28.44282 28.41891 28.39504 28.37121 28.3474 28.32363 28.29934 28.27128 28.24324 28.21523 28.18724 28.15927 28.13131 28.10336 28.07541 28.04747 28.01953 27.99159 27.9632 27.92939 27.89558 27.86179 27.82801 27.79424 27.76048 27.72674 27.693 27.65928 27.62556 27.59186 27.56081 27.61457 27.66834 27.72213 -9999 -9999 -9999 -9999 -9999 -9999 -9999 -9999 -9999 -9999 -9999 -9999 28.04202 28.00044 27.95886 27.91731 27.87577 27.83425 27.79275
28.69631 28.68081 28.66545 28.65022 28.63511 28.62011 28.60334 28.57786 28.55246 28.52713 28.50186 28.47665 28.45148 28.42634 28.40124 28.37618 28.35115 28.32615 28.3006 28.27113 28.24168 28.21226 28.18285 28.15346 28.12409 28.09472 28.06535 28.03599 28.00663 27.97728 27.94765 27.91467 27.88169 27.84872 27.81577 27.78283 27.7499 27.71697 27.68406 27.65116 27.61827 27.5854 27.55538 27.61699 27.67861 -9999 -9999 -9999 -9999 -9999 -9999 -9999 -9999 -9999 -9999 -9999 -9999 28.14624 28.09585 28.04547 27.9951 27.94476 27.89442 27.84411 27.7938
28.71381 28.69805 28.68245 28.66699 28.65164 28.63641 28.61924 28.59255 28.56595 28.53941 28.51292 28.48648 28.46008 28.43372 28.40739 28.3811 28.35485 28.32862 28.30183 28.27094 28.24008 28.20924 28.17842 28.14761 28.11681 28.08603 28.05524 28.02447 27.9937 27.96293 27.93206 27.8999 27.86775 27.83561 27.80348 27.77136 27.73926 27.70716 27.67508 27.643 27.61094 27.57889 -9999 -9999 -9999 -9999 -9999 -9999 -9999 -9999 -9999 -9999 -9999 -9999 -9999 -9999 28.26807 28.20887 28.14968 28.0905 28.03134 27.9722 27.91307 27.85395 27.79485
28.73117 28.71519 28.69938 28.68369 28.66812 28.65266 28.63509 28.6072 28.57939 28.55163 28.52392 28.49625 28.46863 28.44105 28.4135 28.38598 28.3585 28.33105 28.30301 28.27071 28.23844 28.20617 28.17393 28.1417 28.10949 28.07729 28.04509 28.0129 27.98071 27.94853 27.91642 27.88509 27.85377 27.82245 27.79115 27.75985 27.72857 27.6973 27.66604 -9999 -9999 -9999 -9999 -9999 -9999 -9999 -9999 -9999 -9999 -9999 -9999 -9999 -9999 -9999 28.47291 28.40751 28.33949 28.27149 28.2035 28.13553 28.06757 27.99963 27.9317 27.86378 27.79587
28.74846 28.73228 28.71625 28.70035 28.68456 28.66888 28.65091 28.62182 28.59278 28.56381 28.53488 28.50599 28.47714 28.44834 28.41957 28.39083 28.36213 28.33345 28.30415 28.27044 28.23674 28.20306 28.1694 28.13576 28.10212 28.0685 28.03489 28.00129 27.96769 27.93409 27.90074 27.87024 27.83974 27.80925 27.77877 27.7483 27.71784 27.6874 -9999 -9999 -9999 -9999 -9999 -9999 -9999 -9999 -9999 -9999 -9999 -9999 28.22043 28.3057 28.39099 28.47629 28.56161 28.48771 28.4109 28.3341 28.25732 28.18055 28.10379 28.02704 27.95031 27.87359 27.79688
28.76569 28.74931 28.73307 28.71696 28.70096 28.68506 28.66669 28.63638 28.60614 28.57594 28.54579 28.51568 28.48562 28.45559 28.4256 28.39564 28.36571 28.3358 28.30524 28.27011 28.235 28.1999 28.16482 28.12976 28.09471 28.05968 28.02465 27.98963 27.95462 27.91961 27.88502 27.85534 27.82566 27.796 27.76635 27.7367 27.70707 -9999 -9999 -9999 -9999 -9999 -9999 -9999 -9999 -9999 -9999 -9999 -9999 28.18456 28.27768 28.37081 28.46396 28.55712 28.6503 28.56791 28.4823 28.3967 28.31112 28.22555 28.13999 28.05444 27.96891 27.88338 27.79787
28.79258 28.77671 28.76097 28.74534 28.72982 28.71438 28.69625 28.66508 28.63398 28.60292 28.57191 28.54094 28.51001 28.47912 28.44826 28.41743 28.38662 28.35584 28.32448 28.28887 28.25298 28.21682 28.18037 28.14363 28.10661 28.06928 28.03165 27.9937 27.95543 27.91685 27.8787 27.84933 27.81998 27.79064 27.76131 -9999 -9999 -9999 -9999 -9999 -9999 -9999 -9999 -9999 -9999 -9999 -9999 -9999 -9999 28.25639 28.35649 28.45577 28.55421 28.65183 28.74864 28.66203 28.5713 28.47983 28.38759 28.29457 28.20078 28.10619 28.01079 27.91458 27.81754
28.8257 28.81077 28.79597 28.78128 28.76668 28.75216 28.73465 28.70287 28.67113 28.63945 28.60781 28.5762 28.54464 28.51311 28.48162 28.45014 28.41869 28.38726 28.35542 28.32029 28.28439 28.24771 28.21023 28.1719 28.1327 28.09259 28.05153 28.0095 27.96644 27.92233 27.8784 27.84904 27.81968 27.79034 -9999 -9999 -9999 -9999 -9999 -9999 -9999 -9999 -9999 -9999 -9999 -9999 -9999 -9999 -9999 28.34773 28.45351 28.55688 28.65789 28.75665 28.85322 28.76623 28.67389 28.57945 28.48285 28.384 28.28284 28.17926 28.07319 27.96453 27.85318
28.85878 28.84481 28.83095 28.81719 28.80351 28.78989 28.77303 28.74061 28.70825 28.67594 28.64367 28.61143 28.57924 28.54707 28.51493 28.48281 28.4507 28.41863 28.38638 28.35217 28.31673 28.28 -9999 -9999 -9999 -9999 28.07402 28.02768 27.97934 27.92888 27.87807 27.84871 27.81935 -9999 -9999 -9999 -9999 -9999 -9999 -9999 -9999 -9999 -9999 -9999 -9999 -9999 -9999 -9999 -9999 -9999 28.55633 28.66243 28.76457 28.86296 28.9578 28.87186 28.77937 28.68339 28.58373 28.48017 28.37246 28.26037 28.1436 28.02185 27.89481
28.89184 28.87883 28.86591 28.85307 28.8403 28.82759 28.81137 28.77833 28.74534 28.7124 28.6795 28.64663 28.61379 28.58098 28.54819 28.51543 28.48269 28.44997 28.41736 28.38452 28.35003 28.31376 -9999 -9999 -9999 -9999 -9999 -9999 -9999 -9999 -9999 -9999 -9999 -9999 -9999 -9999 -9999 -9999 -9999 -9999 -9999 -9999 -9999 -9999 -9999 -9999 -9999 -9999 -9999 -9999 28.66547 28.77273 28.87436 28.97079 29.0624 28.97894 28.88786 28.79193 28.69074 28.58386 28.47077 28.35092 -9999 -9999 -9999
28.92484 28.91281 28.90083 28.88891 28.87705 28.86525 28.84967 28.81601 28.7824 28.74883 28.71529 28.68179 28.64831 28.61485 -9999 28.54801 28.51463 28.48127 28.44835 28.41737 28.38436 28.34912 -9999 -9999 -9999 -9999 -9999 -9999 -9999 -9999 -9999 -9999 -9999 -9999 -9999 -9999 -9999 -9999 -9999 -9999 -9999 -9999 -9999 -9999 -9999 -9999 -9999 -9999 -9999 -9999 -9999 28.8881 28.9874 29.08016 29.167 29.0875 28.99951 28.90539 28.80447 28.696 -9999 -9999 -9999 -9999 -9999
28.9578 28.94674 28.93571 28.92472 28.91377 28.90289 28.88795 28.85367 28.81943 28.78522 28.75105 28.7169 28.68278 -9999 -9999 -9999 -9999 28.51253 28.47937 28.45072 28.41976 -9999 -9999 -9999 -9999 -9999 -9999 -9999 -9999 -9999 -9999 -9999 -9999 -9999 -9999 -9999 -9999 -9999 -9999 -9999 -9999 -9999 -9999 -9999 -9999 -9999 -9999 -9999 -9999 -9999 -9999 -9999 29.10385 29.19112 29.27161 29.19758 29.11444 29.0241 -9999 -9999 -9999 -9999 -9999 -9999 -9999
28.99074 28.98063 28.97055 28.96049 28.95047 28.94049 28.9262 28.89129 28.85642 28.82158 28.78677 28.75198 -9999 -9999 -9999 -9999 -9999 -9999 28.5104 28.48458 28.45629 -9999 -9999 -9999 -9999 -9999 -9999 -9999 -9999 -9999 -9999 -9999 -9999 -9999 -9999 -9999 -9999 -9999 -9999 -9999 -9999 -9999 -9999 -9999 -9999 -9999 -9999 -9999 -9999 -9999 -9999 -9999 29.22384 29.3037 29.37623 -9999 -9999 -9999 -9999 -9999 -9999 -9999 -9999 -9999 -9999
29.02366 29.0145 29.00536 28.99623 28.98713 28.97807 28.96442 28.92888 28.89338 28.8579 28.82245 -9999 -9999 -9999 -9999 -9999 -9999 28.57495 28.54145 28.51898 -9999 -9999 -9999 -9999 -9999 -9999 -9999 -9999 -9999 -9999 -9999 -9999 -9999 -9999 -9999 -9999 -9999 -9999 -9999 -9999 -9999 -9999 -9999 -9999 -9999 -9999 -9999 -9999 -9999 -9999 -9999 -9999 29.34756 29.41793 29.48086 -9999 -9999 -9999 -9999 -9999 -9999 -9999 -9999 -9999 -9999
29.05656 29.04834 29.04013 29.03194 29.02377 29.01563 29.00261 28.96644 28.9303 -9999 -9999 -9999 -9999 -9999 -9999 -9999 -9999 -9999 -9999 28.55392 -9999 -9999 -9999 -9999 -9999 -9999 -9999 -9999 -9999 -9999 -9999 -9999 -9999 -9999 -9999 -9999 -9999 -9999 -9999 -9999 -9999 -9999 -9999 -9999 -9999 -9999 -9999 -9999 -9999 -9999 -9999 -9999 -9999 29.53386 29.5855 -9999 -9999 -9999 -9999 -9999 -9999 -9999 -9999 -9999 -9999
