Spatial_Analysis/Downscaled_EnvironmentalLayers/RCP8_5/2050/sst_nearfuture.asc
ncols         639
nrows         313
xllcorner     -103
yllcorner     4.021
cellsize      0.083
NODATA_value  -9999
[rows 29 to 57 of 313, columns 65 to 129 of 639]
-9999 -9999 -9999 25.36982 -9999 25.48068 25.5361 25.59153 25.64695 25.70238 25.7578 25.81322 25.86864 25.92341 25.97537 26.02733 26.07929 26.13124 26.18319 26.23514 26.28708 26.33901 26.39094 26.44285 26.49475 26.541 26.55212 26.56323 26.57433 26.58542 26.5965 26.60756 26.61862 26.62966 26.6407 26.65172 26.66273 26.67332 26.67977 26.68621 26.69263 26.69904 26.70543 26.7118 26.71816 26.72451 26.73085 26.73717 26.74348 26.74978 26.75601 26.76223 26.76844 26.77464 26.78083 26.787 26.79317 26.79931 26.80544 26.81155 26.81765 26.82373 26.82983 26.83621 26.84282
-9999 -9999 -9999 -9999 25.44662 25.50563 25.56465 25.62366 25.68267 25.74168 25.8007 25.8597 25.9187 25.9768 26.03094 26.08508 26.13922 26.19336 26.24749 26.30161 26.35574 26.40985 26.46396 26.51805 26.57213 26.62014 26.63039 26.64064 26.65087 26.66109 26.67129 26.68149 26.69167 26.70184 26.712 26.72215 26.73228 26.74197 26.74745 26.75291 26.75834 26.76376 26.76917 26.77456 26.77994 26.7853 26.79065 26.79599 26.8013 26.80663 26.81255 26.81845 26.82433 26.83019 26.83603 26.84185 26.84765 26.85343 26.85922 26.86502 26.8708 26.87667 26.88398 26.89136 26.89874
-9999 -9999 -9999 -9999 25.46478 25.5254 25.58603 25.64665 25.70728 25.7679 25.82852 25.88914 25.94975 26.00923 26.06374 26.11826 26.17277 26.22728 26.28179 26.33629 26.39079 26.44528 26.49977 26.55424 26.60869 26.65693 26.66657 26.6762 26.68581 26.6954 26.70499 26.71456 26.72411 26.73366 26.74319 26.75271 26.76221 26.77131 26.77656 26.7818 26.78702 26.79222 26.7974 26.80258 26.80774 26.81289 26.81803 26.82316 26.82827 26.83341 26.83927 26.84511 26.85094 26.85674 26.86252 26.86827 26.87398 26.87967 26.88535 26.89104 26.89683 26.90298 26.91029 26.9177 26.92512
25.28096 25.29623 25.35847 -9999 25.48295 25.54519 25.60743 25.66967 25.7319 25.79414 25.85637 25.91861 25.98084 26.0417 26.09659 26.15148 26.20638 26.26126 26.31615 26.37104 26.42592 26.4808 26.53567 26.59052 26.64536 26.69384 26.70287 26.71188 26.72088 26.72986 26.73883 26.74779 26.75673 26.76566 26.77457 26.78347 26.79236 26.80088 26.80593 26.81096 26.81598 26.82098 26.82598 26.83096 26.83593 26.84089 26.84583 26.85076 26.85567 26.86061 26.86637 26.87211 26.87781 26.88346 26.88907 26.89466 26.90024 26.90583 26.91146 26.91717 26.92308 26.9293 26.93661 26.94404 26.9515
-9999 -9999 25.37344 25.43729 25.50115 25.56501 25.62886 25.69271 25.75657 25.82042 25.88427 25.94812 26.01197 26.07422 26.1295 26.18478 26.24006 26.29533 26.35061 26.40588 26.46115 26.51643 26.57169 26.62695 26.68217 26.73091 26.73934 26.74775 26.75614 26.76452 26.77288 26.78123 26.78957 26.79789 26.8062 26.81449 26.82275 26.83068 26.83552 26.84035 26.84517 26.84997 26.85476 26.85954 26.8643 26.86905 26.87378 26.87848 26.88316 26.88785 26.89346 26.899 26.9045 26.90998 26.91547 26.92096 26.92648 26.93204 26.93768 26.94344 26.94944 26.95562 26.96295 26.97039 26.97789
-9999 -9999 -9999 25.45392 25.51939 25.58486 25.65034 25.71581 25.78128 25.84676 25.91223 25.9777 26.04318 26.10682 26.16249 26.21816 26.27382 26.32949 26.38516 26.44083 26.4965 26.55218 26.60785 26.6635 26.71914 26.76813 26.77596 26.78377 26.79157 26.79934 26.8071 26.81485 26.82258 26.83029 26.83798 26.84565 26.85328 26.86063 26.86527 26.8699 26.87451 26.87911 26.88369 26.88826 26.8928 26.89731 26.90179 26.90622 26.91055 26.91487 26.92026 26.92564 26.93103 26.93644 26.94185 26.9473 26.95279 26.95834 26.96399 26.96981 26.97582 26.98193 26.98928 26.99674 27.00427
-9999 -9999 -9999 25.47059 25.53768 25.60478 25.67187 25.73897 25.80606 25.87316 25.94026 26.00736 26.07446 26.1395 26.19556 26.25162 26.30769 26.36376 26.41982 26.47589 26.53197 26.58805 26.64412 26.7002 26.75625 26.8055 26.81275 26.81996 26.82716 26.83434 26.8415 26.84864 26.85576 26.86286 26.86993 26.87696 26.88397 26.89074 26.89518 26.8996 26.90401 26.90839 26.91274 26.91706 26.92132 26.92549 26.92955 26.93357 26.93758 26.94165 26.94695 26.95225 26.95757 26.96291 26.96827 26.97368 26.97915 26.98471 26.9904 26.99625 27.00219 27.00823 27.01561 27.02309 27.03066
25.33305 25.34991 25.41862 -9999 25.55604 25.62476 25.69347 25.7622 25.83092 25.89964 25.96837 26.0371 26.10583 26.17228 26.22873 26.2852 26.34166 26.39813 26.45461 26.51108 26.56757 26.62406 26.68055 26.73705 26.79353 26.84306 26.84972 26.85635 26.86295 26.86953 26.87609 26.88263 26.88914 26.8956 26.90203 26.90845 26.91484 26.92103 26.92525 26.92945 26.93361 26.93771 26.94172 26.94559 26.9494 26.95319 26.95698 26.96077 26.96456 26.96842 26.97363 26.97886 26.98412 26.9894 26.99473 27.00011 27.00558 27.01116 27.01691 27.02269 27.02856 27.03453 27.04193 27.04943 27.05704
-9999 25.36346 25.43379 -9999 25.57446 25.6448 25.71515 25.7855 25.85585 25.9262 25.99657 26.06693 26.1373 26.20515 26.26201 26.31888 26.37575 26.43263 26.48952 26.54641 26.60331 26.66023 26.71715 26.77408 26.831 26.88082 26.88691 26.89295 26.89896 26.90495 26.9109 26.91682 26.92269 26.92852 26.93433 26.94012 26.94588 26.95145 26.9554 26.95925 26.96293 26.96652 26.9701 26.97367 26.97725 26.98082 26.98438 26.98795 26.99152 26.99517 27.00031 27.00548 27.01067 27.01592 27.02122 27.0266 27.03209 27.03775 27.04344 27.04913 27.05491 27.0608 27.06823 27.07577 27.08343
-9999 25.37708 25.44904 -9999 25.59296 25.66493 25.7369 25.80888 25.88087 25.95286 26.02485 26.09686 26.16887 26.23814 26.29541 26.35268 26.40997 26.46727 26.52458 26.5819 26.63923 26.69658 26.75394 26.81131 26.8687 26.91884 26.92435 26.92981 26.93523 26.94061 26.94594 26.9512 26.95643 26.96164 26.9668 26.9719 26.9769 26.98158 26.98495 26.98831 26.99167 26.99503 26.99839 27.00174 27.00509 27.00844 27.01179 27.01513 27.01847 27.02191 27.02698 27.03209 27.03725 27.04247 27.04777 27.05319 27.05876 27.06437 27.06997 27.07557 27.08124 27.08705 27.09451 27.1021 27.10981
-9999 -9999 25.46435 -9999 25.61154 25.68514 25.75875 25.83236 25.90598 25.97961 26.05325 26.1269 26.20056 26.27124 26.32893 26.38663 26.44434 26.50207 26.5598 26.61756 26.67534 26.73313 26.79095 26.84879 26.90664 26.95714 26.96208 26.96696 26.97178 26.97651 26.98117 26.98578 26.99034 26.99477 26.99894 27.00299 27.00702 27.01098 27.01412 27.01726 27.0204 27.02354 27.02667 27.02981 27.03293 27.03606 27.03917 27.04228 27.04539 27.04863 27.05363 27.0587 27.06384 27.06908 27.07444 27.07995 27.08547 27.09098 27.09649 27.10201 27.10756 27.11328 27.12076 27.12843 27.1362
-9999 -9999 25.47974 -9999 25.6302 25.70543 25.78068 25.85593 25.93119 26.00647 26.08175 26.15705 26.23236 26.30447 26.36259 26.42071 26.47886 26.53703 26.59521 26.65343 26.71166 26.76992 26.82822 26.88654 26.9449 26.99579 27.00017 27.00444 27.00855 27.01258 27.01646 27.01997 27.02338 27.02679 27.0302 27.03361 27.03701 27.04037 27.0433 27.04622 27.04913 27.05204 27.05494 27.05784 27.06073 27.06362 27.06652 27.06941 27.0723 27.07532 27.08028 27.08534 27.09052 27.09585 27.10125 27.10665 27.11208 27.11753 27.123 27.12845 27.13388 27.13946 27.147 27.15477 27.16257
-9999 -9999 25.49521 25.57207 -9999 25.72581 25.8027 25.8796 25.95651 26.03344 26.11037 26.18733 26.2643 26.33784 26.39639 26.45496 26.51355 26.57216 26.63081 26.68949 26.74821 26.80696 26.86577 26.92462 26.98351 27.03486 27.03862 27.04199 27.04478 27.04754 27.0503 27.05306 27.05584 27.05861 27.0614 27.0642 27.067 27.06977 27.07247 27.07513 27.07777 27.0804 27.08304 27.0857 27.08837 27.09106 27.09377 27.09648 27.0992 27.10199 27.10694 27.11208 27.11729 27.12253 27.1278 27.13312 27.13846 27.14384 27.14926 27.15471 27.16018 27.16561 27.17326 27.18097 27.18866
-9999 -9999 25.52545 25.60291 -9999 25.75786 25.83535 25.91286 25.99038 26.06791 26.14546 26.22304 26.30064 26.37466 26.43303 26.49144 26.54988 26.60835 26.66686 26.72541 26.784 26.84265 26.90136 26.96011 27.01847 27.06921 27.07162 27.07395 27.07628 27.07861 27.08094 27.08327 27.08561 27.08794 27.09027 27.0926 27.09493 27.09728 27.09981 27.10232 27.1048 27.10729 27.10979 27.11231 27.11485 27.1174 27.11997 27.12254 27.1251 27.12774 27.13284 27.13793 27.14304 27.14819 27.15337 27.15859 27.16385 27.16914 27.17447 27.17984 27.18524 27.1906 27.19815 27.20572 27.21329
-9999 -9999 25.58545 25.6614 -9999 25.81334 25.88933 25.96534 26.04136 26.11741 26.19347 26.26956 26.34567 26.41822 26.47519 26.5322 26.58924 26.64629 26.70336 26.76035 26.81707 26.87376 26.93049 26.98731 27.0442 27.09378 27.0962 27.09848 27.10075 27.10303 27.1053 27.10758 27.10986 27.11214 27.11441 27.11669 27.11897 27.12129 27.12377 27.1263 27.12883 27.13136 27.13388 27.13641 27.13894 27.14147 27.144 27.14653 27.14906 27.1518 27.15675 27.16188 27.16699 27.17208 27.17718 27.18231 27.18746 27.19263 27.19783 27.20302 27.20817 27.21345 27.22058 27.22796 27.2353
-9999 -9999 -9999 25.71991 25.79437 -9999 25.94333 26.01783 26.09235 26.16688 26.24144 26.316 26.39058 26.46158 26.517 26.57229 26.62749 26.68271 26.73793 26.79318 26.84845 26.90377 26.95915 27.01457 27.07006 27.11835 27.12078 27.123 27.12522 27.12745 27.12967 27.13189 27.13411 27.13634 27.13856 27.14078 27.14302 27.14534 27.14776 27.15026 27.15278 27.15531 27.15784 27.16037 27.1629 27.16543 27.16796 27.17049 27.17304 27.17583 27.18066 27.18564 27.19068 27.19572 27.20076 27.2058 27.21084 27.21588 27.22092 27.22596 27.23102 27.23624 27.24302 27.24997 27.25699
-9999 -9999 -9999 25.77835 25.85128 -9999 25.99715 26.0701 26.14303 26.21593 26.28876 26.36152 26.43429 26.50351 26.55723 26.61098 26.66474 26.71853 26.77234 26.82619 26.88009 26.93399 26.98792 27.04188 27.09593 27.14293 27.14536 27.14753 27.14969 27.15186 27.15403 27.1562 27.15837 27.16053 27.1627 27.16487 27.1671 27.16942 27.17177 27.17422 27.17674 27.17927 27.1818 27.18433 27.18686 27.18939 27.19192 27.19445 27.19703 27.19982 27.20455 27.2094 27.21433 27.21927 27.22421 27.22915 27.23408 27.23902 27.24396 27.24889 27.25388 27.25899 27.26543 27.27199 27.27864
-9999 -9999 -9999 -9999 25.90769 -9999 26.05015 26.12137 26.19259 26.26382 26.33506 26.40629 26.47754 26.54524 26.59753 26.64983 26.70216 26.75453 26.80695 26.85938 26.91182 26.96426 27.01673 27.06924 27.12182 27.16752 27.16994 27.17205 27.17416 27.17628 27.17839 27.1805 27.18262 27.18473 27.18684 27.18896 27.19118 27.19351 27.19579 27.19819 27.2007 27.20323 27.20576 27.20829 27.21082 27.21335 27.21588 27.21841 27.22101 27.22379 27.22843 27.23317 27.23799 27.24282 27.24765 27.25249 27.25732 27.26216 27.26699 27.27183 27.27673 27.28172 27.28782 27.29401 27.30029
-9999 -9999 -9999 -9999 25.9633 -9999 26.10268 26.17238 26.24208 26.31178 26.38149 26.4512 26.52093 26.58713 26.63798 26.68886 26.73976 26.79069 26.84163 26.89261 26.94359 26.99458 27.0456 27.09664 27.14771 27.19212 27.19452 27.19658 27.19863 27.20069 27.20275 27.20481 27.20687 27.20893 27.21099 27.21306 27.21527 27.21759 27.21981 27.22216 27.22466 27.22719 27.22972 27.23225 27.23478 27.23731 27.23984 27.24237 27.24498 27.24773 27.25229 27.25693 27.26164 27.26637 27.2711 27.27583 27.28056 27.2853 27.29003 27.29476 27.29955 27.30441 27.31019 27.31603 27.32194
-9999 -9999 -9999 -9999 -9999 -9999 26.15533 26.2235 26.29168 26.35986 26.42805 26.49625 26.56446 26.62918 26.6786 26.72803 26.77747 26.82691 26.87637 26.92587 26.9754 27.02494 27.0745 27.12406 27.17361 27.21674 27.21909 27.2211 27.2231 27.22511 27.22711 27.22912 27.23112 27.23313 27.23513 27.23715 27.23934 27.24166 27.24381 27.24613 27.24862 27.25115 27.25368 27.25621 27.25874 27.26127 27.2638 27.26633 27.26893 27.27167 27.27614 27.28068 27.28529 27.28992 27.29455 27.29918 27.30381 27.30843 27.31306 27.31769 27.32237 27.3271 27.33254 27.33804 27.34359
-9999 -9999 -9999 -9999 -9999 -9999 26.20809 26.27474 26.3414 26.40807 26.47475 26.54144 26.60816 26.67137 26.71932 26.76728 26.81523 26.86319 26.91116 26.95917 27.00724 27.05533 27.10342 27.1515 27.19953 27.24137 27.24367 27.24562 27.24757 27.24952 27.25148 27.25343 27.25538 27.25733 27.25928 27.26124 27.26338 27.26569 27.26779 27.27008 27.27258 27.27511 27.27764 27.28017 27.2827 27.28523 27.28776 27.29029 27.29287 27.29559 27.29998 27.30443 27.30895 27.31347 27.318 27.32252 27.32705 27.33157 27.3361 27.34062 27.34518 27.34978 27.35489 27.36004 27.36524
-9999 -9999 -9999 -9999 -9999 26.19584 26.26097 26.32611 26.39126 26.45642 26.5216 26.58677 26.65194 26.71362 26.76011 26.80658 26.85306 26.89953 26.94602 26.99253 27.03912 27.08575 27.13237 27.17897 27.22549 27.26602 27.26825 27.27015 27.27205 27.27394 27.27584 27.27773 27.27963 27.28153 27.28342 27.28532 27.28739 27.28967 27.29172 27.29402 27.29654 27.29907 27.3016 27.30413 27.30666 27.30919 27.31172 27.31425 27.31681 27.3195 27.32382 27.32818 27.3326 27.33702 27.34145 27.34587 27.35029 27.35471 27.35913 27.36356 27.36799 27.37246 27.37724 27.38205 27.38688
-9999 -9999 -9999 -9999 -9999 26.25035 26.31397 26.3776 26.44125 26.50488 26.56852 26.63215 26.69578 26.75593 26.80094 26.84595 26.89095 26.93594 26.98094 27.02596 27.07103 27.11618 27.16133 27.20645 27.25148 27.29069 27.29283 27.29467 27.29651 27.29836 27.3002 27.30204 27.30388 27.30572 27.30757 27.30941 27.31135 27.31359 27.3156 27.31797 27.3205 27.32303 27.32556 27.32809 27.33062 27.33315 27.33568 27.3382 27.34075 27.34342 27.34765 27.35194 27.35625 27.36057 27.36489 27.36921 27.37353 27.37785 27.38217 27.38649 27.39081 27.39514 27.3996 27.40406 27.40853
-9999 -9999 -9999 -9999 -9999 26.30498 26.36709 26.4292 26.4913 26.5534 26.6155 26.67759 26.73967 26.79829 26.84183 26.88536 26.92889 26.97241 27.01593 27.05946 27.103 27.14664 27.19031 27.23395 27.2775 27.31538 27.31741 27.3192 27.32099 27.32281 27.32464 27.32645 27.32824 27.33 27.33174 27.3335 27.3353 27.33742 27.33945 27.34193 27.34448 27.34707 27.34966 27.35221 27.35472 27.3572 27.35967 27.36217 27.3647 27.36733 27.37149 27.37569 27.37992 27.38418 27.38843 27.39265 27.39685 27.40104 27.40522 27.40942 27.41364 27.41784 27.42196 27.42607 27.43019
-9999 -9999 -9999 -9999 26.29912 26.35969 26.42026 26.48083 26.5414 26.60196 26.66252 26.72307 26.78361 26.8407 26.88278 26.92484 26.9669 27.00895 27.05099 27.09302 27.13504 27.17711 27.21931 27.26147 27.30353 27.3401 27.34199 27.3438 27.34563 27.34748 27.34931 27.35111 27.35288 27.3546 27.35626 27.35784 27.35936 27.36115 27.36337 27.36613 27.36887 27.37154 27.37416 27.3767 27.3792 27.38164 27.38402 27.38637 27.3887 27.39126 27.39534 27.39961 27.40386 27.40806 27.41222 27.41632 27.4204 27.42444 27.42846 27.43247 27.43649 27.44057 27.44434 27.44814 27.45194
-9999 -9999 -9999 -9999 26.35123 26.41103 26.47082 26.53061 26.59039 26.65018 26.70996 26.76973 26.8295 26.88563 26.92595 26.96626 27.00656 27.04685 27.08712 27.12737 27.16759 27.20783 27.24819 27.28858 27.32887 27.36391 27.36577 27.36757 27.36938 27.3712 27.37301 27.3748 27.37654 27.37824 27.37986 27.38139 27.38283 27.38433 27.38679 27.38966 27.39246 27.39517 27.39781 27.40038 27.40289 27.40536 27.40776 27.41011 27.41242 27.41487 27.41893 27.42314 27.42729 27.43136 27.43539 27.43937 27.44331 27.44722 27.45111 27.45498 27.45884 27.46275 27.46619 27.46965 27.47308
-9999 -9999 -9999 26.33187 26.39281 26.45374 26.51468 26.57561 26.63655 26.69747 26.7584 26.81931 26.88023 26.93682 26.97467 27.0125 27.05033 27.08813 27.1259 27.16364 27.20133 27.23902 27.27676 27.31466 27.35246 27.38539 27.38727 27.38891 27.39059 27.39229 27.39399 27.39567 27.39732 27.39894 27.40051 27.40207 27.4037 27.40568 27.40783 27.41049 27.41326 27.41603 27.41878 27.42147 27.42412 27.42673 27.42932 27.4319 27.43456 27.43729 27.44113 27.44497 27.44887 27.45278 27.45666 27.46051 27.46433 27.46813 27.47192 27.47571 27.47954 27.48334 27.48642 27.48943 27.49245
-9999 -9999 -9999 26.37234 26.43442 26.49649 26.55857 26.62066 26.68273 26.74481 26.80688 26.86895 26.931 26.98807 27.02345 27.05881 27.09415 27.12946 27.16474 27.19996 27.23515 27.27029 27.30542 27.34075 27.37606 27.40689 27.4088 27.4104 27.41199 27.41359 27.41519 27.41679 27.41838 27.41998 27.42157 27.42317 27.42485 27.42694 27.42912 27.43176 27.43455 27.43734 27.44013 27.44292 27.44571 27.4485 27.45129 27.45408 27.45687 27.45968 27.4634 27.46709 27.47079 27.47448 27.47817 27.48187 27.48556 27.48925 27.49294 27.49663 27.50031 27.50393 27.50666 27.50932 27.51195
-9999 -9999 26.34961 26.41283 26.47605 26.53928 26.60251 26.66574 26.72896 26.79218 26.8554 26.91862 26.98182 27.03937 27.07228 27.10517 27.13802 27.17085 27.20362 27.23636 27.26903 27.30162 27.33417 27.36685 27.39969 27.42841 27.43033 27.43188 27.43343 27.43498 27.43653 27.43808 27.43963 27.44118 27.44273 27.44428 27.44602 27.44812 27.4504 27.45303 27.45593 27.45884 27.46174 27.46465 27.46756 27.47046 27.47337 27.47627 27.47916 27.48205 27.48565 27.48922 27.49276 27.49631 27.49985 27.50339 27.50693 27.51048 27.51402 27.51756 27.52107 27.52451 27.5269 27.52921 27.53147
