Spatial_Analysis/Downscaled_EnvironmentalLayers/RCP8_5/2050/sst_nearfuture.asc
ncols         639
nrows         313
xllcorner     -103
yllcorner     4.021
cellsize      0.083
NODATA_value  -9999
[rows 232 to 260 of 313, columns 0 to 64 of 639]
29.39439 29.39443 29.39447 29.3945 29.39454 29.39456 29.3945 29.39436 29.39418 29.394 29.39382 29.39364 29.39346 29.39328 29.3931 29.39292 29.39273 29.3925 29.39159 29.3898 29.38792 29.38602 29.38413 29.38223 29.38034 29.37844 29.37654 29.37465 29.37275 29.37085 29.36778 29.36281 29.35783 29.35285 29.34786 29.34288 29.3379 29.33291 29.32793 29.32294 29.31796 29.31299 29.30814 29.3035 29.29889 29.29428 29.28968 29.28508 29.28048 29.27587 29.27127 29.26666 29.26206 29.25749 29.25385 29.25241 29.25106 29.24974 29.24841 29.24709 29.24577 29.24443 29.2431 29.24178 29.24045
29.37322 29.37323 29.37321 29.37317 29.37316 29.37318 29.37301 29.37264 29.37227 29.37194 29.37162 29.37127 29.37089 29.37048 29.37003 29.36956 29.36911 29.36871 29.36766 29.36578 29.36386 29.362 29.36014 29.35825 29.35632 29.35435 29.35233 29.35028 29.34826 29.34631 29.34328 29.33849 29.33371 29.32902 29.32433 29.3196 29.31482 29.30998 29.3051 29.30018 29.29529 29.29049 29.28588 29.2816 29.27737 29.27325 29.26912 29.26495 29.26073 29.25645 29.25212 29.24774 29.24339 29.23915 29.23588 29.23495 29.23412 29.23339 29.23267 29.2319 29.23108 29.2302 29.22927 29.2283 29.22736
29.35228 29.35226 29.35222 29.35213 29.35199 29.35181 29.35153 29.35107 29.35066 29.35021 29.34971 29.34918 29.3486 29.34797 29.3473 29.34657 29.34578 29.34494 29.34375 29.34194 29.34018 29.33838 29.33653 29.33462 29.33266 29.33064 29.32855 29.3264 29.32416 29.32186 29.31879 29.31438 29.31008 29.30571 29.30127 29.29675 29.29217 29.28752 29.28279 29.27798 29.27309 29.26812 29.26361 29.25994 29.2564 29.25278 29.24909 29.24531 29.24146 29.23752 29.23351 29.22942 29.22523 29.22097 29.21788 29.21772 29.21772 29.21763 29.21745 29.21719 29.21685 29.21643 29.21595 29.21539 29.21475
29.33296 29.33295 29.3329 29.33281 29.33268 29.33257 29.33226 29.33163 29.33109 29.33053 29.32994 29.3293 29.32862 29.3279 29.32713 29.32631 29.32544 29.32458 29.3234 29.32153 29.31978 29.31801 29.31618 29.31432 29.31239 29.31041 29.30837 29.30626 29.30409 29.30192 29.29905 29.29475 29.29062 29.28647 29.28225 29.27797 29.27362 29.2692 29.26471 29.26015 29.25551 29.25088 29.24673 29.24318 29.23985 29.23649 29.23306 29.22955 29.22597 29.22232 29.21859 29.21478 29.2109 29.207 29.20431 29.2042 29.20435 29.20446 29.20449 29.20444 29.20433 29.20413 29.20387 29.20354 29.20314
29.31497 29.31497 29.31494 29.31492 29.31492 29.31492 29.3146 29.31392 29.31322 29.31255 29.31189 29.31122 29.31052 29.3098 29.30905 29.30829 29.30757 29.30684 29.30566 29.3039 29.30206 29.30026 29.29849 29.29669 29.29486 29.293 29.2911 29.2892 29.28734 29.28549 29.28279 29.27871 29.2746 29.27054 29.26651 29.26246 29.25837 29.25424 29.25006 29.24588 29.24174 29.23764 29.23377 29.23035 29.22695 29.2236 29.22028 29.21695 29.21356 29.21014 29.20667 29.20317 29.19975 29.19635 29.19391 29.19367 29.19354 29.19346 29.19341 29.19334 29.19323 29.19308 29.19288 29.19266 29.1925
29.29722 29.29724 29.29725 29.29727 29.29728 29.29728 29.29695 29.29627 29.29556 29.29485 29.29414 29.29342 29.29271 29.292 29.29128 29.29057 29.28986 29.28909 29.28794 29.28632 29.28461 29.28289 29.28116 29.27944 29.27771 29.27599 29.27426 29.27253 29.27081 29.26907 29.26653 29.26274 29.25891 29.25508 29.25125 29.24741 29.24358 29.23975 29.23591 29.23208 29.22825 29.22443 29.22081 29.2176 29.2144 29.21122 29.20803 29.20484 29.20165 29.19846 29.19528 29.19209 29.1889 29.18576 29.18348 29.18324 29.18309 29.18297 29.18286 29.18274 29.18262 29.1825 29.18239 29.18227 29.18215
29.27957 29.27959 29.27961 29.27962 29.27964 29.27963 29.2793 29.27862 29.27791 29.27719 29.27647 29.27575 29.27503 29.27431 29.27359 29.27287 29.27214 29.27134 29.27023 29.26874 29.26717 29.26556 29.26394 29.26233 29.26072 29.25911 29.2575 29.25589 29.25427 29.25263 29.25028 29.24677 29.24322 29.23966 29.2361 29.23254 29.22899 29.22543 29.22187 29.21831 29.21475 29.2112 29.20784 29.20485 29.20186 29.19889 29.19591 29.19293 29.18996 29.18698 29.18401 29.18103 29.17806 29.17515 29.17303 29.1728 29.17264 29.17254 29.17243 29.17233 29.17222 29.17212 29.17201 29.17191 29.1718
29.26192 29.26194 29.26196 29.26198 29.262 29.26199 29.26166 29.26097 29.26026 29.25953 29.2588 29.25807 29.25735 29.25662 29.25589 29.25516 29.25442 29.2536 29.25254 29.25117 29.24972 29.24823 29.24673 29.24523 29.24374 29.24224 29.24074 29.23924 29.23774 29.23621 29.23402 29.23079 29.22753 29.22425 29.22096 29.21768 29.21439 29.21111 29.20782 29.20454 29.20125 29.19798 29.19487 29.19209 29.18932 29.18656 29.18379 29.18103 29.17826 29.1755 29.17274 29.16998 29.16722 29.16453 29.16257 29.16235 29.1622 29.1621 29.16201 29.16192 29.16182 29.16173 29.16164 29.16154 29.16145
29.24428 29.2443 29.24432 29.24434 29.24436 29.24436 29.24402 29.24332 29.2426 29.24187 29.24113 29.2404 29.23966 29.23893 29.2382 29.23746 29.2367 29.23588 29.23486 29.2336 29.23228 29.23089 29.22951 29.22813 29.22675 29.22536 29.22398 29.2226 29.22121 29.21978 29.21777 29.21482 29.21184 29.20883 29.20582 29.20281 29.1998 29.19679 29.19378 29.19077 29.18776 29.18475 29.18189 29.17933 29.17678 29.17422 29.17167 29.16912 29.16657 29.16402 29.16147 29.15892 29.15638 29.1539 29.1521 29.15189 29.15175 29.15166 29.15158 29.1515 29.15142 29.15134 29.15126 29.15118 29.1511
29.22663 29.22665 29.22668 29.2267 29.22672 29.22673 29.22639 29.22568 29.22495 29.22421 29.22346 29.22272 29.22198 29.22124 29.2205 29.21976 29.21899 29.21816 29.21719 29.21604 29.21483 29.21356 29.2123 29.21103 29.20976 29.20849 29.20722 29.20595 29.20468 29.20336 29.20152 29.19885 29.19615 29.19341 29.19068 29.18794 29.18521 29.18247 29.17973 29.17699 29.17426 29.17152 29.16891 29.16657 29.16423 29.16189 29.15956 29.15722 29.15488 29.15254 29.1502 29.14786 29.14553 29.14326 29.14161 29.14143 29.1413 29.14123 29.14116 29.14109 29.14102 29.14096 29.14089 29.14082 29.14075
29.20898 29.20901 29.20904 29.20906 29.20909 29.2091 29.20876 29.20803 29.20729 29.20654 29.2058 29.20505 29.2043 29.20355 29.2028 29.20205 29.20129 29.20046 29.19953 29.19849 29.19739 29.19623 29.19508 29.19393 29.19277 29.19162 29.19046 29.18931 29.18815 29.18694 29.18528 29.18289 29.18046 29.178 29.17554 29.17307 29.17061 29.16815 29.16568 29.16322 29.16076 29.15829 29.15594 29.15381 29.15169 29.14956 29.14744 29.14531 29.14318 29.14105 29.13893 29.1368 29.13468 29.13262 29.13112 29.13095 29.13085 29.13079 29.13074 29.13068 29.13062 29.13057 29.13051 29.13046 29.1304
29.19133 29.19136 29.19139 29.19142 29.19145 29.19147 29.19113 29.19039 29.18964 29.18888 29.18813 29.18737 29.18662 29.18586 29.1851 29.18435 29.18359 29.18276 29.18188 29.18095 29.17994 29.1789 29.17786 29.17682 29.17578 29.17474 29.1737 29.17266 29.17162 29.17053 29.16904 29.16694 29.16478 29.16258 29.1604 29.15821 29.15602 29.15383 29.15164 29.14945 29.14726 29.14507 29.14296 29.14106 29.13915 29.13723 29.13532 29.1334 29.13149 29.12957 29.12766 29.12574 29.12383 29.12197 29.12062 29.12047 29.1204 29.12035 29.12031 29.12027 29.12022 29.12018 29.12014 29.12009 29.12005
29.17369 29.17372 29.17375 29.17378 29.17382 29.17384 29.1735 29.17275 29.17199 29.17122 29.17046 29.1697 29.16894 29.16817 29.16741 29.16665 29.16588 29.16507 29.16424 29.16341 29.16249 29.16157 29.16064 29.15972 29.15879 29.15787 29.15695 29.15602 29.1551 29.15414 29.15283 29.15099 29.14909 29.14717 29.14526 29.14334 29.14142 29.13951 29.13759 29.13568 29.13376 29.13184 29.12999 29.1283 29.1266 29.1249 29.1232 29.1215 29.11979 29.11809 29.11639 29.11469 29.11299 29.11131 29.11011 29.10999 29.10995 29.10991 29.10988 29.10985 29.10982 29.10979 29.10976 29.10973 29.1097
29.15617 29.15618 29.15618 29.15617 29.15618 29.15621 29.15587 29.1551 29.15434 29.15361 29.15289 29.15214 29.15137 29.15058 29.14978 29.14897 29.14817 29.14739 29.14661 29.14586 29.14505 29.14428 29.14351 29.14272 29.14192 29.14109 29.14025 29.1394 29.13856 29.13775 29.13662 29.13504 29.1334 29.1318 29.1302 29.12858 29.12695 29.1253 29.12363 29.12194 29.12026 29.11862 29.11703 29.11555 29.11407 29.11263 29.11119 29.10974 29.10826 29.10676 29.10523 29.10368 29.10214 29.10065 29.09959 29.09951 29.0995 29.09954 29.0996 29.09963 29.09963 29.0996 29.09953 29.09943 29.09935
29.13885 29.13885 29.13884 29.13878 29.1387 29.1386 29.13823 29.13755 29.1369 29.13622 29.13551 29.13476 29.13399 29.13318 29.13235 29.13149 29.1306 29.1297 29.12899 29.12838 29.1278 29.12719 29.12655 29.12589 29.1252 29.12448 29.12374 29.12297 29.12218 29.12136 29.12044 29.11915 29.1179 29.11663 29.11533 29.11401 29.11266 29.11128 29.10987 29.10842 29.10695 29.10543 29.10407 29.10288 29.10176 29.10061 29.09943 29.09821 29.09696 29.09568 29.09435 29.09297 29.09155 29.09008 29.08907 29.08915 29.08935 29.08952 29.08964 29.08972 29.08974 29.08972 29.08965 29.08952 29.08933
29.12342 29.12343 29.12341 29.12336 29.12328 29.12321 29.12288 29.1222 29.12158 29.12093 29.12025 29.11955 29.11881 29.11805 29.11726 29.11644 29.1156 29.11477 29.11413 29.11359 29.11309 29.11259 29.11205 29.11148 29.11089 29.11028 29.10963 29.10897 29.10828 29.10759 29.1068 29.10567 29.10459 29.1035 29.10238 29.10124 29.10007 29.09887 29.09764 29.09638 29.09509 29.09379 29.09261 29.09147 29.09043 29.08938 29.08829 29.08717 29.08602 29.08483 29.0836 29.08232 29.08101 29.07967 29.07876 29.07873 29.07884 29.07894 29.07899 29.079 29.07896 29.07888 29.07874 29.07856 29.07831
29.1098 29.10982 29.10982 29.10982 29.10984 29.10988 29.10959 29.10894 29.10828 29.10766 29.10704 29.10641 29.10576 29.10509 29.10441 29.10372 29.10306 29.10239 29.10181 29.10136 29.10085 29.10036 29.09988 29.0994 29.09889 29.09837 29.09783 29.09729 29.09677 29.09625 29.09552 29.0945 29.0934 29.09233 29.09127 29.0902 29.08912 29.08801 29.08689 29.08576 29.08466 29.08356 29.08243 29.08126 29.08007 29.07891 29.07776 29.07661 29.07543 29.07422 29.073 29.07176 29.07055 29.06936 29.06846 29.0682 29.068 29.06783 29.06769 29.06753 29.06734 29.06713 29.06688 29.06661 29.06638
29.09638 29.09642 29.09645 29.09649 29.09652 29.09655 29.09629 29.09573 29.09516 29.09459 29.09402 29.09346 29.09289 29.09232 29.09175 29.09118 29.09062 29.09001 29.0895 29.08916 29.08875 29.08832 29.0879 29.08748 29.08706 29.08663 29.08621 29.08579 29.08536 29.08489 29.08424 29.08334 29.08236 29.08135 29.08035 29.07935 29.07835 29.07735 29.07635 29.07535 29.07435 29.07333 29.07226 29.07109 29.06989 29.06869 29.06748 29.06628 29.06508 29.06388 29.06267 29.06147 29.06027 29.05909 29.05815 29.05775 29.0574 29.05706 29.05672 29.05638 29.05604 29.0557 29.05537 29.05503 29.05469
29.08306 29.08309 29.08313 29.08316 29.08319 29.08322 29.08301 29.08252 29.08204 29.08155 29.08107 29.08059 29.08011 29.07962 29.07914 29.07866 29.07817 29.07763 29.0772 29.07695 29.07664 29.07631 29.07597 29.07563 29.0753 29.07496 29.07463 29.07429 29.07395 29.07355 29.07298 29.07218 29.07131 29.0704 29.06949 29.06858 29.06767 29.06676 29.06586 29.06495 29.06404 29.06311 29.06209 29.06091 29.05971 29.05849 29.05728 29.05606 29.05485 29.05363 29.05242 29.0512 29.04999 29.04881 29.04782 29.04729 29.04679 29.04632 29.04584 29.04537 29.04489 29.04442 29.04395 29.04347 29.043
29.06974 29.06977 29.0698 29.06983 29.06986 29.06989 29.06972 29.06932 29.06892 29.06852 29.06812 29.06772 29.06732 29.06693 29.06653 29.06613 29.06572 29.06526 29.06492 29.06476 29.06454 29.06429 29.06404 29.0638 29.06355 29.06329 29.06304 29.0628 29.06253 29.06221 29.06172 29.06102 29.06026 29.05944 29.05863 29.05781 29.05699 29.05618 29.05536 29.05455 29.05373 29.05289 29.05192 29.05074 29.04952 29.0483 29.04707 29.04585 29.04462 29.04339 29.04217 29.04094 29.03972 29.03852 29.03749 29.03683 29.03619 29.03558 29.03497 29.03436 29.03374 29.03314 29.03252 29.03192 29.0313
29.05642 29.05645 29.05648 29.05651 29.05653 29.05656 29.05643 29.05611 29.0558 29.05548 29.05517 29.05486 29.05454 29.05423 29.05392 29.0536 29.05327 29.0529 29.05264 29.05256 29.05244 29.05228 29.05211 29.05195 29.05179 29.05163 29.05146 29.0513 29.05112 29.05087 29.05048 29.04987 29.04921 29.04849 29.04776 29.04704 29.04632 29.04559 29.04487 29.04415 29.04342 29.04267 29.04176 29.04056 29.03934 29.03811 29.03687 29.03563 29.03439 29.03315 29.03191 29.03067 29.02944 29.02823 29.02715 29.02636 29.02558 29.02483 29.02409 29.02334 29.0226 29.02185 29.0211 29.02036 29.01961
29.04311 29.04313 29.04316 29.04318 29.04321 29.04323 29.04314 29.04291 29.04267 29.04245 29.04222 29.04199 29.04176 29.04153 29.0413 29.04107 29.04083 29.04055 29.04038 29.04038 29.04034 29.04026 29.04019 29.04011 29.04003 29.03996 29.03988 29.03981 29.03971 29.03955 29.03925 29.03873 29.03816 29.03753 29.0369 29.03627 29.03564 29.03501 29.03438 29.03374 29.03311 29.03245 29.0316 29.03039 29.02916 29.02791 29.02666 29.02541 29.02416 29.02291 29.02166 29.0204 29.01916 29.01794 29.01681 29.01588 29.01497 29.01409 29.01321 29.01233 29.01145 29.01056 29.00968 29.0088 29.00792
29.02979 29.02981 29.02983 29.02985 29.02988 29.02991 29.02985 29.0297 29.02955 29.02941 29.02926 29.02912 29.02898 29.02883 29.02869 29.02854 29.02839 29.0282 29.02812 29.0282 29.02824 29.02825 29.02826 29.02827 29.02828 29.02829 29.0283 29.02831 29.02831 29.02824 29.02802 29.0276 29.02711 29.02658 29.02604 29.0255 29.02496 29.02442 29.02388 29.02334 29.0228 29.02224 29.02145 29.02022 29.01898 29.01772 29.01645 29.01519 29.01393 29.01266 29.0114 29.01014 29.00888 29.00764 29.00646 29.0054 29.00437 29.00335 29.00233 29.00132 29.0003 28.99928 28.99826 28.99724 28.99623
29.01647 29.01649 29.01651 29.01653 29.01655 29.01657 29.01656 29.01649 29.01643 29.01637 29.01631 29.01625 29.01619 29.01613 29.01608 29.01602 29.01595 29.01586 29.01586 29.01602 29.01614 29.01623 29.01633 29.01643 29.01652 29.01662 29.01672 29.01682 29.01691 29.01694 29.01681 29.01648 29.01607 29.01562 29.01518 29.01473 29.01428 29.01384 29.01339 29.01294 29.01249 29.01203 29.0113 29.01006 29.0088 29.00752 29.00625 29.00497 29.0037 29.00242 29.00115 28.99987 28.9986 28.99734 28.99611 28.99493 28.99376 28.99261 28.99146 28.9903 28.98915 28.988 28.98684 28.98569 28.98454
29.00315 29.00316 29.00318 29.0032 29.00322 29.00324 29.00327 29.00328 29.00331 29.00334 29.00336 29.00339 29.00341 29.00344 29.00346 29.00349 29.00352 29.00352 29.00361 29.00384 29.00403 29.00422 29.0044 29.00459 29.00477 29.00495 29.00514 29.00532 29.00551 29.00565 29.00561 29.00536 29.00502 29.00467 29.00431 29.00396 29.0036 29.00325 29.0029 29.00254 29.00219 29.00182 29.00115 28.9999 28.99862 28.99733 28.99604 28.99475 28.99347 28.99218 28.99089 28.98961 28.98832 28.98704 28.98576 28.98445 28.98316 28.98187 28.98058 28.97929 28.978 28.97671 28.97542 28.97413 28.97284
28.9899 28.98991 28.9899 28.98989 28.98989 28.98991 28.98997 28.99008 28.99019 28.99032 28.99046 28.99058 28.99069 28.99079 28.99088 28.99097 28.99107 28.99118 28.99136 28.99166 28.99193 28.99222 28.9925 28.99278 28.99305 28.99331 28.99357 28.99383 28.9941 28.99436 28.99443 28.99424 28.99397 28.99372 28.99346 28.9932 28.99294 28.99268 28.99241 28.99214 28.99188 28.99161 28.991 28.98973 28.98844 28.98714 28.98585 28.98456 28.98326 28.98196 28.98066 28.97935 28.97804 28.97674 28.97541 28.97397 28.97255 28.97114 28.96973 28.96831 28.9669 28.96547 28.96403 28.96259 28.96115
28.97678 28.97678 28.97676 28.97672 28.97665 28.97659 28.97667 28.97692 28.97719 28.97744 28.97767 28.97788 28.97808 28.97826 28.97842 28.97857 28.9787 28.97883 28.97911 28.97951 28.97992 28.98031 28.98068 28.98104 28.98139 28.98173 28.98207 28.98239 28.98272 28.98305 28.98326 28.9831 28.98296 28.9828 28.98264 28.98248 28.98231 28.98214 28.98196 28.98178 28.98159 28.9814 28.98087 28.97957 28.97828 28.97699 28.97569 28.9744 28.97309 28.97178 28.97046 28.96914 28.9678 28.96646 28.96507 28.96352 28.962 28.96048 28.95894 28.95741 28.95586 28.9543 28.95273 28.95114 28.94954
28.96507 28.96506 28.96503 28.96499 28.96493 28.96486 28.96496 28.96522 28.96551 28.96578 28.96604 28.96627 28.96649 28.96669 28.96687 28.96704 28.9672 28.96736 28.96767 28.96808 28.96852 28.96893 28.96934 28.96972 28.9701 28.97047 28.97083 28.97119 28.97154 28.9719 28.97213 28.97201 28.97188 28.97175 28.97162 28.97148 28.97134 28.97119 28.97104 28.97088 28.97072 28.97056 28.97003 28.96872 28.9674 28.96609 28.96477 28.96345 28.96212 28.96079 28.95945 28.95811 28.95675 28.95539 28.95395 28.95231 28.95068 28.94906 28.94743 28.94579 28.94414 28.94248 28.94081 28.93912 28.93742
28.95495 28.95495 28.95493 28.95491 28.95491 28.95491 28.955 28.95516 28.95533 28.95552 28.95571 28.95589 28.95606 28.95622 28.95638 28.95652 28.95669 28.95685 28.9571 28.95747 28.95782 28.95818 28.95854 28.95889 28.95923 28.95957 28.95991 28.96024 28.96059 28.96092 28.96106 28.96093 28.96073 28.96054 28.96035 28.96016 28.95997 28.95977 28.95957 28.95937 28.95917 28.95897 28.95838 28.95704 28.95568 28.95431 28.95295 28.9516 28.95023 28.94886 28.94749 28.94612 28.94474 28.94338 28.94191 28.94019 28.93847 28.93676 28.93505 28.93334 28.93163 28.9299 28.92817 28.92644 28.92471
