Spatial_Analysis/Maxent_Inputs/Inputs/RCP4_5_Near/currentspeed_near45.asc
NCOLS 638 
NROWS 314 
XLLCORNER -102.97071042 
YLLCORNER 3.973116569 
CELLSIZE 0.083 
NODATA_value -9999 
[rows 66 to 87 of 314, columns 500 to 549 of 638]
2.97181029689414 3.00563275726753 3.03951232714192 3.07322896842079 3.10676903990335 3.14013611282308 3.17333344034242 3.20636163288654 3.23921635759748 3.27189546517904 3.3044495235379 3.33529266193863 3.36094843413788 3.38283599742005 3.40480847792432 3.42662409543527 3.44826400465048 3.46973082097935 3.49102512881471 3.51214437785113 3.53308345495114 3.55383723370377 3.57444927906237 3.5890879588851 3.58408535617244 3.56309944438689 3.54222228163992 3.52117127969109 3.49993204767411 3.47851621239998 3.45693352264908 3.43519111768838 3.41329260100892 3.3912423318763 3.36908088750915 3.34497508926035 3.31377775166781 3.27609482298315 3.23852423207416 3.20081321769159 3.16294464700646 3.12492482327276 3.08676068000264 3.04845615206642 3.01001073509769 2.97142632343199 2.93273171283878 2.89293417371663 2.84874109960947 2.80015806035824
2.93476400198078 2.96462751758744 2.99453078269157 3.02441696424085 3.05418273585216 3.08380455884456 3.11327744564139 3.14260276074832 3.17178856022725 3.20087566364406 3.22995563345935 3.25858774686394 3.28575296885961 3.31188253872448 3.33806052318013 3.36423019507806 3.39028292393995 3.41619187476358 3.44194938344925 3.46755439839379 3.4930131029231 3.51836310021544 3.54370165787864 3.56328429695859 3.56370223770185 3.54852959550548 3.53344844633734 3.51835109173558 3.50312921721054 3.48776135743525 3.47224740774373 3.45659367396054 3.44081355870251 3.42494351018546 3.4090712813256 3.39078886072646 3.36353821410166 3.32813650203116 3.29280209461514 3.25746180236462 3.22202009873731 3.18645409376042 3.15076198355846 3.11494692088369 3.07901654517199 3.04300042513938 3.00697639307057 2.96934268452278 2.92495543760118 2.87380196203643
2.87592344594518 2.898016336544 2.92013395809434 2.94229856084605 2.96443732790896 2.98653013968084 3.00855797034537 3.03052527634366 3.05245210656816 3.07436816193655 3.09633034920385 3.1198433169559 3.14793667319758 3.17937144710686 3.21082486189536 3.2423302806708 3.2738118226097 3.30524780297006 3.33661889401988 3.36792677534139 3.39919072358565 3.43044038500259 3.4617522212929 3.48770411518439 3.4956059716598 3.48876152155821 3.48202377838767 3.47534468693293 3.46863996121247 3.46188938832062 3.455076817324 3.44820551642567 3.44129605491224 3.43437497181558 3.42750135081918 3.41783429965521 3.39774887327866 3.36817112158939 3.33863571363199 3.3091509523262 3.27964712870765 3.25010459377602 3.22050947697842 3.19086202756967 3.16117898270977 3.13148242385012 3.10184046666401 3.06971969696308 3.0270341640629 2.97366165169428
2.81719410628635 2.83183825658623 2.84642925120931 2.86100941050367 2.87559273040026 2.89017921534725 2.90475835296556 2.91933301738713 2.93391166349573 2.94849119179545 2.96305621693326 2.98118360167645 3.01024749622543 3.0472832028196 3.08427762805442 3.12126402361915 3.15825316550472 3.19524569782413 3.23223143046266 3.26921202799638 3.3061966740171 3.34318373025597 3.38018777806944 3.41220632305791 3.42760521689482 3.4294158556816 3.43127900178625 3.43315441926559 3.4350319385298 3.43691254816978 3.43878764574802 3.44065728528696 3.44252989592116 3.44440495199225 3.44628026473723 3.44497269428999 3.43205389003105 3.40854823099687 3.3850427881466 3.36153775575311 3.33803458093473 3.31453387917052 3.29102919738889 3.26751944058733 3.24401206483248 3.22050722918516 3.19703769575536 3.17018540632054 3.12917083825442 3.07382776932738
2.75846443041078 2.76567316849764 2.77281984396345 2.77994284297266 2.78706617852066 2.79418979466538 2.80131293606119 2.808436196175 2.8155591951842 2.82268071213792 2.82978841843803 2.84254420237994 2.87257554907883 2.91521250215889 2.95782050504265 3.00041751817431 3.04301444986087 3.08561140366286 3.12820845239116 3.17080564350607 3.21340295333898 3.25600207952075 3.29862179371216 3.33669296341454 3.35959099102728 3.37008245114288 3.38061859344676 3.39117398023516 3.40172902228855 3.41228439066259 3.42283997160318 3.43339512699725 3.44395005033264 3.45450569598023 3.46506424476794 3.47211781903434 3.46636567606474 3.44893781429719 3.431517293995 3.41410010687501 3.39668321161688 3.37926617283428 3.36184914759301 3.34443199015251 3.32701502961823 3.30960170564137 3.29223881490828 3.27063274234183 3.2312878117343 3.17400129334542
2.69974016558183 2.69950900073786 2.69920974898871 2.69887592425155 2.69854240377971 2.69820869453301 2.69787476465138 2.69754074576203 2.69720692102487 2.69687168548994 2.69652733989864 2.70391880237483 2.73491653740395 2.78314728619935 2.83136293863772 2.87957097874465 2.92777872278246 2.97598609721583 3.02419389463251 3.07240153017048 3.12060932758716 3.16882026054735 3.21705113229509 3.26116643148837 3.29156429421017 3.31074391900591 3.32995883948492 3.34919354658205 3.36842881734351 3.38766441448573 3.40689978187909 3.42613477973099 3.44537005049245 3.4646066151681 3.48385047456958 3.49926680327785 3.50068125154074 3.48932966008724 3.47799200161834 3.46666253621445 3.45533372354273 3.44400494055052 3.4326759984336 3.42134697806835 3.41001816539664 3.39869705802734 3.38743459420006 3.37105830060284 3.33338294993512 3.27416575868727
2.64102395964882 2.63334877421408 2.62559948134793 2.61780894297753 2.61001816729422 2.60222716610296 2.59443643728144 2.58664565137997 2.57885459509994 2.57106376445668 2.56327092869844 2.56530082355782 2.5972650851595 2.65108642844062 2.70490592349367 2.75872443232439 2.81254273944029 2.86636091110008 2.92017924194755 2.97399736506929 3.02781565544709 3.08163704852619 3.13547470807642 3.1856307075257 3.22352840187664 3.25140039859122 3.27929866259987 3.30721333730047 3.3351288497715 3.36304445125026 3.39095986180438 3.41887491901861 3.44679016446646 3.4747077786917 3.50263702806282 3.52641575524215 3.53499652069151 3.52972129552064 3.52446666662222 3.51922486360477 3.51398408229181 3.50874353560073 3.50350290322509 3.49826197677151 3.49302155148946 3.48779017548061 3.48261942316035 3.47146331294457 3.4354571388178 3.3743181793169
2.58231962402564 2.56719532580569 2.55199008002066 2.53674237544652 2.52149432076004 2.50624626607357 2.4909984379084 2.4757506562238 2.46050248281933 2.44525585092309 2.43001538222394 2.42668377318994 2.45961443027062 2.5190263448467 2.57844909882863 2.63787773164959 2.69730670376335 2.75673555779125 2.81616423915025 2.87559330027175 2.93502215429965 2.99445282255355 3.05389485326049 3.1100904238714 3.15548807012266 3.19205359838181 3.22863749043296 3.26523285188177 3.30182835574795 3.33842392489029 3.37501970112622 3.41161550764445 3.44821081568218 3.48480887326885 3.52142192999481 3.55356191797673 3.5693088031372 3.5701109533918 3.57094091734184 3.57178722766807 3.57263445183106 3.57348204221236 3.57432975406568 3.57517691292175 3.57602459234155 3.57688030183257 3.57779250053783 3.57184964459762 3.53751256303815 3.47445832991962
2.52363012186802 2.50104941031751 2.47838082006521 2.45567586129438 2.43297087771708 2.41026561097984 2.38756021796054 2.36485525918971 2.34215027561241 2.31944677570386 2.29675580601231 2.2880611395175 2.32195814774926 2.38696265405537 2.45199164946546 2.517031109163 2.58207079269081 2.64711047685218 2.71214961611546 2.77718917076722 2.84222869304987 2.90726895204267 2.97231488409484 3.03454942816101 3.08744698315187 3.13270647119315 3.17797655396568 3.22325250021358 3.26852798468474 3.31380355816362 3.35907950377796 3.40435575966851 3.44963128460935 3.49490866212685 3.54020242410773 3.58070144877677 3.60361505493272 3.61049737731096 3.61741474672505 3.62434988675635 3.63128544977098 3.63822079914129 3.64515649697844 3.65209212526922 3.65902747463952 3.66596758314013 3.67295535714904 3.67221907716979 3.63955131555224 3.57458822352502
2.4649580840116 2.43491112596494 2.40477118307051 2.37460877215265 2.34444679548326 2.3142844574686 2.28412174984949 2.25395974350059 2.22379780730088 2.19363632196034 2.16348962787004 2.14942641410898 2.18429052775884 2.25489372786248 2.32553422652489 2.39618446781643 2.46683461519643 2.53748493470552 2.6081349634305 2.67878505743163 2.74943525822271 2.8200856904389 2.8907371555271 2.95901173569908 3.01940912937742 3.07336135283016 3.1273161105987 3.18127211993935 3.23522804084431 3.28918363052481 3.3431395972138 3.39709575549177 3.45105130957563 3.50500767374492 3.55897865994556 3.60783141328055 3.63791160481296 3.65087890891522 3.66388879459341 3.67691216238108 3.68993584303894 3.70295961862312 3.7159833424417 3.72900707163761 3.74203069353927 3.75505504021872 3.7681134627708 3.77257332233845 3.74157455380338 3.67471139148394
2.40630344982909 2.36877465756466 2.33116143928586 2.29353995013385 2.25591669436859 2.2182933581697 2.18067176348971 2.14305434099788 2.10544060544297 2.06782570469311 2.03021764961268 2.01077299982609 2.04660660320545 2.12281994761446 2.19907404561603 2.27532050837313 2.35155694812431 2.42779939131386 2.50405637363053 2.58033139058088 2.65661983117807 2.73290109685155 2.80916264369456 2.88348109644367 2.95137790345234 3.01401914969337 3.07664969863231 3.13925971870482 3.2018565349928 3.26446948441151 3.32710729126539 3.38976866407647 3.45244289551578 3.51510506743282 3.57775206621511 3.63494856282077 3.67219589614397 3.69125662595394 3.710357849592 3.72944371377812 3.7485139247461 3.76759870888098 3.7867084161065 3.80584491030329 3.82499919718203 3.84414171400195 3.86327340369886 3.87291600894437 3.84358542956985 3.7748335249993
2.3476616003885 2.30262762876947 2.2575444789573 2.21245313285011 2.16735701267249 2.12226147428712 2.07717104537081 2.03209095873172 1.98702484086863 1.94197195812318 1.89692719490038 1.87210265363196 1.90890086957587 1.99071218180836 2.07250758196638 2.15428905382375 2.23607207613692 2.31787690502272 2.3997182789863 2.48160711137179 2.56354801451086 2.64553080960052 2.72752253103769 2.80795975405588 2.88334619658181 2.95459374729226 3.02575205709657 3.09692041167779 3.16812307761529 3.2393829278093 3.31070550310417 3.38208928008877 3.45352479021367 3.52499045010142 3.5964502679751 3.66205802612759 3.70646170343286 3.73156191639081 3.75660320444512 3.78164550509725 3.80671500915462 3.83183891871463 3.85702720746774 3.88228428148944 3.90760625708515 3.93297111015037 3.95834255728602 3.97326172949511 3.94558497527993 3.87488072538085
2.30983247605861 2.25755591983926 2.2052555058286 2.15294198493155 2.10062225344312 2.04830336791998 1.99599172065704 1.9436937655662 1.89141681061429 1.83916718465168 1.78694542148204 1.75674274480217 1.7936187344638 1.87948443927007 1.96531046621164 2.051135469255 2.1369788936119 2.22285495105306 2.30877796806686 2.39476284668371 2.48082645311635 2.56698413295466 2.65323011722772 2.73837857434685 2.81972610974931 2.89789200436302 2.97601784782256 3.05422118040436 3.13251182749373 3.21088602586196 3.28934081446229 3.36787531856528 3.44648851020561 3.5251806280927 3.60393050546133 3.67662584042513 3.72723539947165 3.75771834698193 3.78814684816507 3.81863547729322 3.84920121107414 3.87984844494215 3.91057964822823 3.94139980003421 3.97231625403336 4.00333497886287 4.03444137729255 4.05443316519122 4.0289311647553 3.95745230682107
2.37789861764738 2.31975241991292 2.26154643213218 2.20333003994392 2.14510798250802 2.08688652026506 2.02867137935453 1.97046844360585 1.91228327721723 1.85411702161837 1.79596452816103 1.76022884341404 1.79279039644494 1.87523193745429 1.95766313588199 2.04007495288023 2.1224966845088 2.2049458263665 2.28743674104483 2.3699828976912 2.45259501215645 2.53527149509627 2.61797932652095 2.69995984798846 2.77950290425431 2.85699353450939 2.93445847507916 3.01193233150058 3.08946740756884 3.16707365628015 3.24475151496382 3.32250003557853 3.40031461346145 3.47818030773463 3.55605344720152 3.62833349579523 3.68029246348514 3.71371130262403 3.74710940175783 3.78050323124169 3.81394833599522 3.84746185279703 3.8810507730679 3.91471903231319 3.94846858644351 3.98228756509763 4.01612875809125 4.0392244908742 4.01845692910984 3.95331996002136
2.5123947093407 2.44926946870356 2.38598365130551 2.32268671393867 2.25938728759632 2.19608749645813 2.13279085313848 2.06949956418405 2.00621366295069 1.94293247042903 1.87965979285423 1.83832836925002 1.86380418250377 1.93808127318723 2.01239833583748 2.08670244941529 2.16100541425122 2.23531621912589 2.3096461954817 2.38400097793243 2.45837671356822 2.53276554650707 2.60714273019447 2.68114942146975 2.75400182306303 2.82590713527705 2.89780058219431 2.96967001899344 3.04155191576721 3.11345607624005 3.18539328783104 3.25736211832624 3.32935093415153 3.40134723250518 3.4733272707338 3.54061565655163 3.5908621286655 3.62556887985664 3.66028861381079 3.69498263417955 3.72968527272088 3.76440800787182 3.79916521221429 3.83395808410905 3.86877722734744 3.90360875547043 3.93842689552593 3.96355514081375 3.94911737617399 3.89465834464355
2.64683665394467 2.57875259371735 2.51041170588355 2.44202125761287 2.37363072691738 2.30523957845423 2.23684952067324 2.16845977322858 2.10006932495789 2.03168009833464 1.96331537935753 1.91641727089048 1.9347918552853 2.00085128403137 2.0669797567203 2.13312199317595 2.19926275222999 2.26540209944647 2.33154387273702 2.39768907010055 2.46383299772521 2.52997595902405 2.59613453103413 2.66231548152448 2.72846923355361 2.7946111753168 2.86079930643032 2.92699898550785 2.99319611333347 3.05939123617572 3.12559100385233 3.19179459326686 3.25799620794003 3.32419611021569 3.39040935384035 3.45283986274137 3.50136917667477 3.537227333282 3.57313202497562 3.60904852838621 3.64496308860011 3.68087477046355 3.71679094287748 3.75271164247603 3.78863109790171 3.82454784400254 3.8604867013331 3.88781180996448 3.87970502678314 3.83576129015233
2.78125614746024 2.70820739101592 2.63483795790942 2.56134926866158 2.48786084115192 2.41437186874415 2.34088347028041 2.26739502603265 2.19390609409456 2.12042126966324 2.04696994430256 1.99449229746561 2.0057687639038 2.06361928127262 2.12153779483351 2.1794823288166 2.23742705695189 2.29537176898265 2.35331597658499 2.41126051056809 2.46920523870338 2.52715380792648 2.58513555822529 2.64350002180486 2.70295492553018 2.76331716124391 2.8237504003725 2.88421476136996 2.94467934616979 3.00514412844499 3.06560858436877 3.1260729750164 3.18653740126068 3.24700339100554 3.30748670611107 3.36505237009029 3.41186507812081 3.44887755617963 3.48593091242876 3.5230022156064 3.56007436842241 3.59714636587966 3.63421804458033 3.67128967410938 3.70836164951131 3.74543557383922 3.78254183548643 3.81205566569528 3.81027887554068 3.77685634191837
2.91568651599459 2.83766033963141 2.75926171069606 2.68067706182652 2.60209050550698 2.52350373127433 2.44491680867352 2.3663300047907 2.28774290420664 2.20916267295721 2.13062017212454 2.0725535565489 2.0767332354441 2.12638293614531 2.17609618897762 2.22584253823959 2.2755895477978 2.32533651419529 2.37508362405713 2.42483077438867 2.47457778394687 2.52433344526631 2.57414225575157 2.62469093425831 2.6774470005301 2.73202780206448 2.78670284562746 2.84143054153738 2.89616010553186 2.95088994192685 3.00561976810369 3.06034918971156 3.11507857084975 3.16981053266755 3.22456012720904 3.27725385199708 3.32235064742322 3.36052343049326 3.39873035708783 3.43695638289273 3.475183719035 3.51341104438709 3.55163825108415 3.58986529052517 3.62809221406231 3.6663239228679 3.70459312028656 3.73628429573345 3.74083764045527 3.71794513588183
3.05015594736065 2.96713150221868 2.88368475073436 2.8000052379815 2.71631996868704 2.63263519787308 2.54895011741646 2.46526499649017 2.38157972188136 2.29790202091314 2.21426267271347 2.15060291256598 2.14768611084141 2.18914055780709 2.23065448819543 2.27220269589699 2.31375204402104 2.35530131389676 2.39685079146601 2.438400541405 2.47995028602964 2.52151268569686 2.56314613898299 2.60587604238433 2.65193316045733 2.70073541231696 2.74965540529512 2.79864632062704 2.84764110169779 2.8966356799144 2.94563059580769 2.99462541734811 3.0436197641704 3.09261680709976 3.1416294436467 3.18944742246224 3.23282811242644 3.2721653355426 3.31152940581545 3.3509106499741 3.390293319962 3.42967560423949 3.46905795379312 3.50844051044035 3.54782309736988 3.58721115938257 3.62663702970663 3.66049918065046 3.67138253045595 3.65902627399883
3.1846907184192 3.09664026921593 3.0081128362071 2.91933353981432 2.83054973287223 2.74176650319734 2.65298307604708 2.56419997524823 2.47541656759009 2.38663937659684 2.29789771834965 2.2286418466707 2.21862913485491 2.25189226067925 2.2852118142468 2.31856295385803 2.35191485362352 2.38526658072011 2.41861844488894 2.45197028469263 2.48532247524222 2.51868854352395 2.55213764772649 2.58704260213338 2.62640145831074 2.66943234877948 2.71260588646146 2.75586201343221 2.79912189500959 2.84238170704058 2.88564127574775 2.92890118700463 2.97216093375947 3.01542241168193 3.05869595905543 3.1016362806575 3.14330045784295 3.18380362849502 3.224327823897 3.26486478223293 3.30540253517858 3.34594022936804 3.38647772120909 3.42701583607203 3.46755385664224 3.50809630274791 3.54867361963005 3.58470276607934 3.60191605819258 3.60009977481255
3.31931696785543 3.22619729822482 3.13254219067657 3.03866152713146 2.94477951056797 2.85089792068888 2.75701641444019 2.66313472425745 2.56925313437836 2.4753758575511 2.38152771698265 2.30667218691928 2.28956412152163 2.3146397547288 2.33976897411989 2.36492314711208 2.39007755750951 2.41523177097139 2.44038609236108 2.46554035436101 2.49069471622039 2.51585949350589 2.54110963724832 2.56817878433825 2.60084029932197 2.63811244114197 2.67555433814567 2.71307805470424 2.75060266731305 2.78812754425402 2.82565228149942 2.86317708826043 2.90070217561817 2.93822778167443 2.97576108176496 3.01382305181528 3.05377111053728 3.09544076429259 3.13712588057031 3.17881878232332 3.22051179678343 3.2622050081791 3.30389811164695 3.34559145248781 3.38728461534543 3.42898023478489 3.47070443115637 3.50889655157221 3.53243964778308 3.54116680769579
3.45405781034415 3.35580398702345 3.25696898164974 3.15798944917244 3.05900938856735 2.96002945740746 2.8610496341754 2.76206957357031 2.66308964241042 2.56411136600327 2.46515428580626 2.38469540644262 2.36049261624357 2.377384440282 2.39432675112849 2.41128335653507 2.42824027810426 2.44519680804588 2.4621535024602 2.47911042402939 2.49606690543296 2.51302717080822 2.5300615710786 2.54927262076545 2.57523843535323 2.60677329531929 2.63850396636237 2.67029388233194 2.70208373954532 2.73387350120024 2.76566355424207 2.79745330295559 2.82924338080389 2.86103336091174 2.89282712030819 2.92601120757698 2.96424318991848 3.0070790674088 3.04992416382933 3.09277249327509 3.13562097640337 3.17846974601475 3.22131814073667 3.26416662386495 3.30701535787968 3.3498642924685 3.39273296133771 3.43308229187295 3.46295517835224 3.48223092298719
