Spatial_Analysis/Maxent_Inputs/Inputs/RCP4_5_Near/currentspeed_near45.asc
NCOLS 638 
NROWS 314 
XLLCORNER -102.97071042 
YLLCORNER 3.973116569 
CELLSIZE 0.083 
NODATA_value -9999 
[rows 198 to 219 of 314, columns 150 to 199 of 638]
7.83398104674546 7.90139919676763 7.98774293107937 8.07253392748554 8.15384367105667 8.23108921492639 8.30447811579047 8.36007611877338 8.40031952938608 8.46309812981732 8.50231647491455 -9999 -9999 -9999 -9999 -9999 -9999 -9999 -9999 -9999 -9999 -9999 -9999 -9999 -9999 -9999 -9999 -9999 -9999 -9999 -9999 -9999 -9999 -9999 -9999 -9999 -9999 -9999 -9999 -9999 -9999 -9999 -9999 -9999 -9999 -9999 -9999 -9999 -9999 -9999
7.85017743660779 7.92019582661248 8.00970926818129 8.09777861575819 8.18124876647568 8.26022317260086 8.33510170341024 8.4062581935387 8.47400610807603 8.53865633980761 8.62174111806835 8.72527105999452 8.75274468687494 8.69135565543991 8.62070468134089 8.57651901245117 -9999 -9999 -9999 -9999 -9999 -9999 -9999 -9999 -9999 -9999 -9999 -9999 -9999 -9999 -9999 -9999 -9999 -9999 -9999 -9999 -9999 -9999 -9999 -9999 -9999 -9999 -9999 -9999 -9999 -9999 -9999 -9999 -9999 -9999
8.05093231458281 8.11783011782446 8.19836807351729 8.28033389692702 8.36179567292592 8.4412505064112 8.5179775856665 8.59203615422603 8.66387505855796 8.73458147143869 8.80549075806283 8.87830220106571 8.90411348476506 8.83096356955054 8.74455156726927 8.68477969055586 8.64255244347607 8.58066177368164 -9999 -9999 -9999 -9999 -9999 -9999 -9999 -9999 -9999 -9999 -9999 -9999 -9999 -9999 6.48199655987743 6.37348222732544 -9999 6.03627777099609 -9999 5.88928985595703 -9999 -9999 -9999 -9999 -9999 -9999 -9999 -9999 -9999 -9999 -9999 -9999
8.29907077978969 8.3681146515491 8.44575679234666 8.52379551022182 8.60265282748323 8.68133923854939 8.75924356521622 8.83630397150411 8.91274846533759 8.98924774425412 9.06649640463648 9.14455595343789 9.16635098986307 9.07402880578757 8.9641584101384 8.8550089492069 8.74638781658107 8.65920164585532 8.58648951022528 8.5101146697998 -9999 -9999 -9999 8.03970146179199 -9999 -9999 -9999 -9999 -9999 -9999 -9999 -9999 6.48749611498685 6.33348042637834 6.16754948057115 5.98671660902639 5.87701348764523 -9999 -9999 -9999 -9999 -9999 -9999 -9999 -9999 -9999 -9999 -9999 -9999 -9999
8.54724639417757 8.61970962064263 8.69886351403591 8.77796844490126 8.85706883799144 8.93616954812831 9.01527062530641 9.09437050048696 9.17347103596374 9.25257133412761 9.3317696396417 9.41147474630345 9.42832023089091 9.3178055320758 9.18742036540249 9.0575913661102 8.92782137336427 8.79805130518416 8.66828076225512 8.55467112666 8.45149583603894 8.31311135354697 8.16869963632987 8.03140987319357 7.90253757660545 7.78957986831665 -9999 -9999 -9999 -9999 -9999 -9999 6.53168578396965 6.35584712870241 6.18556123783548 6.00638597389811 5.88248527842444 -9999 -9999 -9999 -9999 -9999 -9999 -9999 -9999 -9999 -9999 -9999 -9999 -9999
8.79545428932313 8.87132385028308 8.95198063856915 9.03259989235906 9.11321176431443 9.19382385409061 9.2744360066427 9.35504714274455 9.43565920885212 9.5162717581904 9.59701871586436 9.67825623173237 9.69004346427345 9.56143976236306 9.41068949833165 9.26044678671906 9.11031651191367 8.96018628887387 8.81005616076039 8.65992598088131 8.50979556368932 8.35966541608372 8.21104223523292 8.06821577038796 7.91733179699277 7.74389951462264 7.57409050805678 7.40374914095799 7.23525334559981 7.06675799910776 6.89826251231734 6.72593862958156 6.55038849405375 6.38179717810234 6.21084555475894 6.030305404114 5.95636349825507 6.04645586013794 -9999 -9999 -9999 -9999 -9999 -9999 -9999 -9999 -9999 -9999 -9999 -9999
9.04368232413067 9.1229528734434 9.20510224062441 9.28723095581202 9.36935433460649 9.45147801766629 9.53360132102656 9.61572424456424 9.69784757159311 9.77997299771736 9.86222945931832 9.94490054451581 9.95158934924088 9.8049411906157 9.63391568020359 9.46330166144436 9.29281150807645 9.12232081730678 8.95183109970354 8.7813412397137 8.61085092446707 8.44036985726814 8.27148469263456 8.10788586026808 7.94200975237065 7.76387680953631 7.58814293780416 7.41793643062619 7.24957128762046 7.08120625358667 6.91284133820935 6.74447665046043 6.57611197245758 6.40774200912312 6.2313706372373 6.04081969254529 5.97432316248126 6.18434775594654 6.3803448677063 -9999 -9999 -9999 -9999 -9999 -9999 -9999 -9999 -9999 -9999 -9999
9.291920087928 9.37458910553775 9.45822719806677 9.54186245503542 9.6254973558558 9.70913237539419 9.79276713382796 9.87640247471833 9.96003733048387 10.0436726127691 10.1274106686074 10.211455963771 10.2130256619741 10.0483522149066 9.85710401154621 9.6661564649177 9.47530669839143 9.2844557535362 9.0936062371042 8.90275649424653 8.71190592921391 8.52106653273929 8.33158189594836 8.14647470218888 7.96536175353676 7.78650510659174 7.6122507954433 7.4425282439013 7.27438958671142 7.10625069214708 6.93811202521114 6.76997351040787 6.60183507110035 6.43369199030659 6.32416977091172 -9999 6.12832191643597 6.23579214256204 6.42575871237957 -9999 -9999 -9999 -9999 -9999 -9999 -9999 -9999 -9999 -9999 -9999
9.54015592727281 9.62622410575503 9.71135151039395 9.79649421105809 9.88164151404436 9.96678846151105 10.0519334341596 10.1370804527552 10.2222254967846 10.3073716370169 10.3925758674384 10.4779727441314 10.4744167906053 10.2917265252725 10.0802760790751 9.86901124041712 9.65780167506209 9.44659109325682 9.23538133792607 9.02417125466141 8.81296102888705 8.60175417305393 8.39147193119439 8.18444949887353 7.98797294198223 7.80850456193309 7.63606553610055 7.46712006692247 7.29920745427573 7.13129519645717 6.96338341452871 6.79547080188197 6.62755849229784 6.45964583231673 6.35027753857447 -9999 -9999 6.26272739899439 -9999 -9999 -9999 -9999 -9999 -9999 -9999 -9999 -9999 -9999 -9999 -9999
9.78837804192504 9.87784905978982 9.96447149429071 10.0511250456799 10.1377853141791 10.2244431862744 10.3110976352671 10.3977570259011 10.4844134497118 10.5710692800367 10.6577462978893 10.7445001993664 10.7358256385321 10.5351186361903 10.3034534200038 10.071866745065 9.84029781475181 9.60872643297744 9.37715620574034 9.14558592433219 8.91401674569572 8.6824468872709 8.45134068227438 8.2223060829649 8.01041202451168 7.83037966245158 7.65984789483102 7.49171206251549 7.3240258741758 7.15633970190844 6.98865418246699 6.82096810734015 6.65328232673258 6.48559635203431 6.32115538765973 6.15572621518101 6.04043912887573 -9999 -9999 -9999 -9999 -9999 -9999 -9999 -9999 -9999 -9999 -9999 -9999 -9999
10.0365754796228 10.1294580896708 10.2175883621363 10.3057567304506 10.3939279709157 10.4820997808022 10.5702719230701 10.6584388252344 10.7466010227975 10.8347693911119 10.922940113921 11.011096336168 10.9973183121704 10.7785727056125 10.5266512448878 10.2747224979074 10.0227983962677 9.7708872409546 9.51897940562943 9.26703281333963 9.01507576600852 8.76314255933301 8.51134294130435 8.26054335912498 8.03325921970927 7.85263983503522 7.68385582709036 7.51630402792326 7.34885950913761 7.1814821024044 7.01412315966513 6.84660416971941 6.67902382791994 6.51154579619457 6.34375585399017 6.17274881636708 6.14571664590845 6.30475521087646 -9999 -9999 -9999 -9999 -9999 -9999 -9999 -9999 -9999 -9999 -9999 -9999
10.2847369062642 10.3810475133365 10.4706983144311 10.5603709977977 10.6501033919131 10.7398864502287 10.8296797490228 10.9194295497383 11.0090956577234 11.0986730384992 11.1882118647258 11.2777822808181 11.2589602193946 11.022118156323 10.7499695043476 10.4780446442749 10.2062158194333 9.93431326854956 9.6622482555564 9.38993652615135 9.11736103661261 8.84456241256735 8.57176271581635 8.29953552729212 8.05712049702477 7.87567898777782 7.70847524323244 7.54252642296515 7.37714831293455 7.21167001161784 7.04563473356261 6.87857673467092 6.71031138160058 6.54092548923995 6.37127383107824 6.20151014297356 6.1754095788989 6.47270045065149 6.73287916183472 -9999 -9999 -9999 -9999 -9999 -9999 -9999 -9999 -9999 -9999 -9999
10.532845292673 10.6324936950129 10.7235906781675 10.8148881290193 10.9063609649885 10.9979379366665 11.0895336006345 11.1810523118621 11.2724047084674 11.3635174607284 11.4543593520221 11.5449701725113 11.5208351571665 11.2663284022405 10.9748073625508 10.6834222551815 10.3919839706591 10.1003096584616 9.80828556195098 9.51581317220086 9.2227980498563 8.92916977566439 8.63500338932289 8.34055109612866 8.08256322698785 7.90126283102432 7.7381143331073 7.57609131776236 7.41441308515436 7.25218200856459 7.08872422662072 6.92341541218916 6.75564798010949 6.58491744534561 6.41138122382869 6.23569989480805 6.21066294635646 6.51634373422145 6.93264250966988 7.22050809860229 -9999 -9999 -9999 -9999 -9999 -9999 -9999 -9999 -9999 -9999
10.8368389297897 10.9499822001409 11.0538520317655 11.157959034922 11.2622729739656 11.3666995033989 11.4711456511785 11.5755121120465 11.6796990113042 11.7836080120341 11.8871575891329 11.99045813848 11.9797389474917 11.7398053496997 11.4631350889485 11.1866598678393 10.9100266030773 10.6331197404165 10.35583185788 10.0780624908368 9.79970843909964 9.52064926646326 9.24082042870284 8.96062367076963 8.71372664057341 8.53607764135903 8.37491973316042 8.21521711236261 8.05556759857075 7.89523045254689 7.73355807572486 7.56990617726488 7.40359286116458 7.2339086341985 7.06033980205641 6.88460907162366 6.85565778058141 7.14417659257106 7.52516126630448 8.04305060640087 8.5378885269165 -9999 -9999 -9999 -9999 -9999 -9999 -9999 -9999 -9999
11.2111724286205 11.3504832597414 11.4813681739375 11.6123135145977 11.7433520717353 11.8744652005574 12.0055913678052 12.1366600717297 12.2676081356166 12.3984108194481 12.529106671728 12.65967746404 12.6855490112947 12.5009556101891 12.282095974014 12.0633671232634 11.8447242634496 11.6259850562712 11.4069884946884 11.1876377876391 10.967889898585 10.7477989523692 10.5275586907786 10.307186812735 10.103563557591 9.93480809106442 9.77326822228023 9.61251793976477 9.45239503470724 9.29214009213309 9.13099462502675 8.96839381548092 8.80396140894362 8.63783307860652 8.47079147122813 8.3040689844665 8.26391370431275 8.49517339600526 8.80280725204178 9.11221271123024 9.61022453853387 10.1556596755981 -9999 -9999 -9999 -9999 -9999 -9999 -9999 -9999
11.6069414247797 11.776218886677 11.9384216254943 12.1005605874823 12.2627067391604 12.4248756774655 12.5870466340808 12.7492006217928 12.9113188176098 13.073414368228 13.2354984653446 13.3972874632621 13.4664602413719 13.3500918142166 13.2030716899295 13.0557612982292 12.9085454938609 12.7613392604594 12.6140548713363 12.4666579753699 12.3191457559973 12.1715876235327 12.0240784668366 11.8759914255754 11.7244500096671 11.5673355118901 11.4076090865309 11.2472523166036 11.0872769773159 10.9274018257206 10.7672712259088 10.6066713548555 10.4455223486196 10.2841215237451 10.1230913879808 9.96215946942237 9.904173784289 10.0696458812961 10.2964910731402 10.5232772999097 10.7509447442483 11.1589938844763 11.7051634653762 11.8304901123047 -9999 -9999 -9999 -9999 -9999 -9999
12.0026030162619 12.2018639285111 12.3953913887362 12.5887602575262 12.7821128671198 12.9754667826113 13.1688193922049 13.3621733076964 13.5555257231378 13.7488792825984 13.9421296115914 14.1348654715779 14.2473130054069 14.1992493940489 14.1245068545377 14.0491979199534 13.9738305962062 13.8984608561692 13.8230905415344 13.7477230754006 13.6723530742589 13.5969841317246 13.5214477172534 13.4449548600988 13.3454901011497 13.200171349868 13.043496311489 12.8856721714167 12.7277054703722 12.5697418363995 12.4117734549376 12.2538062606557 12.0958384486154 11.9378735282368 11.7799002303198 11.6218146344273 11.5453516216427 11.645659658866 11.794949041906 11.9440735716552 12.0931967668266 12.2423214620672 12.3914428581032 12.6991821641845 13.0865497589111 -9999 -9999 -9999 -9999 -9999
12.3982104975773 12.627463839766 12.8523400740788 13.0769609717595 13.3015285348566 13.5260976844674 13.7506648915335 13.9752342352964 14.1998014618547 14.4243701884821 14.6487456797954 14.8724279582483 15.0281945177121 15.0483932871243 15.0459014958558 15.0426912367324 15.039323344114 15.0359543405187 15.0325834615849 15.0292136274445 15.025843005062 15.0224755440507 15.0188076653588 15.0139925607413 14.9667650136946 14.833120575407 14.6793366119678 14.5242798592022 14.3689111939268 14.2135458515056 14.0581796787044 13.902809589563 13.7474410666743 13.5920737072969 13.4367976117368 13.2818737831579 13.1871975404612 13.2221580989751 13.2935313893146 13.3653058328006 13.43721419146 13.5091217957775 13.5810251702618 13.6529298269944 13.8719248297118 14.1881904602051 -9999 -9999 -9999 -9999
12.7938111191885 13.0530548462636 13.3092801949831 13.5651609978343 13.8209436331719 14.0767275938995 14.3325099681324 14.5882940712467 14.8440765641976 15.0998582705331 15.3553729109798 15.6100486830088 15.809159959718 15.8975918338326 15.9673041589911 16.0361877339791 16.1048165667897 16.1734462630229 16.2420740602719 16.3107037990428 16.3793361921626 16.4479639468739 16.5162116882696 16.5832040779812 16.5882826022547 16.4662479587196 16.3152257791381 16.1628933099234 16.0101209954466 15.8573486284352 15.7045815159354 15.5518118550424 15.3990414820876 15.2462711091327 15.0937663013975 14.9421754277229 14.8293555280888 14.7989127607213 14.7922252685194 14.7865434816124 14.78123235257 14.7759180189956 14.7706064145813 14.7652960491127 14.7599846820113 14.7298115602754 -9999 -9999 -9999 -9999
13.1894563425701 13.4786846686962 13.7662390860464 14.0533619731723 14.3403591067565 14.6273583338769 14.914355823492 15.2013548564601 15.4883519900443 15.7753475152379 16.0620346198863 16.3477783371824 16.590260242224 16.7469060166839 16.888757146584 17.0296799073428 17.1703091528188 17.3109401034034 17.4515676921306 17.5921970284813 17.7328265551769 17.8734502563069 18.013677133771 18.1526165524543 18.2100499593285 18.0995811917844 17.9512071840755 17.8015047435425 17.6513311096906 17.5011549936289 17.3509846216338 17.2008148753791 17.0506429891507 16.9004687720732 16.7507300348459 16.6024572031945 16.4714870433497 16.3756510667954 16.2909107906208 16.2077775275774 16.1252477169446 16.0427158883519 15.9601888734319 15.8776636196857 15.7951349243483 15.8481706327718 16.0433597564697 -9999 -9999 -9999
13.5852021245476 13.9043921894899 14.2232297123794 14.5415616432161 14.8597740626852 15.1779879304388 15.4962006110124 15.8144143363795 16.1326269500007 16.4508394133804 16.768753125381 17.0856694543441 17.371551801104 17.5963772206923 17.8102815274913 18.0231736511569 18.2358022567765 18.4484322870122 18.6610594687658 18.8736868879555 19.0863141732403 19.2989406431898 19.5112144921344 19.7222413663512 19.8320741766549 19.7331329269068 19.587289942117 19.4401121270627 19.2925407594499 19.1449661768137 18.9973923879846 18.8498197906541 18.7022447764107 18.5546699953227 18.4076022439001 18.262443869051 18.1132589396389 17.9520781572456 17.7894487570042 17.6290094758526 17.469264800734 17.3095176608615 17.149774275704 16.990030070635 16.8302864910717 16.6705431059142 16.6379770572254 16.7678203582764 -9999 -9999
13.9810901855249 14.3302077097979 14.6802587954129 15.0297587971403 15.379189730422 15.7286190782127 16.0780464189117 16.4274750546405 16.7769029260305 17.1263320042348 17.4755313490923 17.8237615479813 18.1530929376893 18.4460431231748 18.7318760679492 19.0166651124588 19.3012925129793 19.5859199134998 19.8705473140202 20.1551747145407 20.4398023998344 20.7244303225641 21.0088139376459 21.2920794225638 21.4543693848364 21.3669020332028 21.223464514864 21.0787236794227 20.9337478637099 20.7887726519745 20.6437977855249 20.4988222890162 20.3538471851306 20.2088702693092 20.0643168111598 19.9218876944632 19.7543165232207 19.5279111878607 19.2877348619831 19.0502412862946 18.8132806353002 18.5763189479943 18.339359293835 18.1023974556607 17.8654379910964 17.6284756833533 17.3937264675906 17.2816869183436 17.3499698638916 -9999
