Spatial_Analysis/Maxent_Inputs/Inputs/RCP4_5_Near/currentspeed_near45.asc
NCOLS 638 
NROWS 314 
XLLCORNER -102.97071042 
YLLCORNER 3.973116569 
CELLSIZE 0.083 
NODATA_value -9999 
[rows 88 to 109 of 314, columns 100 to 149 of 638]
10.0721384372732 10.1176830851802 10.1838676744276 10.2746003430368 10.3770529415072 10.4825305916351 10.5882098577067 10.6937606175825 10.7990713992669 10.9041856964311 11.0092088491695 11.11431920954 11.2193972702668 11.3222512494975 11.4106697160488 11.4772954370752 11.5403697585864 11.6025625822484 11.664863290728 11.7271583641542 11.7893525296906 11.8514140826275 11.9133580110056 11.9753138991294 12.0371238601741 12.0964076676599 12.1583219815455 12.2296638596236 12.2958286836337 12.3603353349045 12.4246706215906 12.4888554179748 12.5530939459896 12.6176153956151 12.6825268200279 12.747543769874 12.8124536802788 12.8795374588019 12.9028443330803 12.8388672980628 12.7749579391854 12.712594768265 12.6500478857988 12.5877733446147 12.5258201430229 12.4639490432777 12.4018975345958 12.3396354428251 12.2771022383006 12.2109480200615
10.2943051390262 10.3268206599904 10.390185876644 10.4975842270402 10.6159611031092 10.7350021880262 10.8535414628214 10.9713866921924 11.0885662894124 11.2052344557687 11.3215804223018 11.4378703967376 11.5543349754375 11.6694726669335 11.7647242619696 11.8267857461422 11.8857536320109 11.9446553112575 12.0035355575578 12.0622434417431 12.1206670900324 12.1787445686468 12.2364483422368 12.2938397073345 12.3510489228303 12.4072417058892 12.4650909077141 12.5269412916325 12.5843611291398 12.6406527194834 12.6961738460745 12.751311813186 12.8066209026759 12.8626690914772 12.919924905447 12.9785427628609 13.0382745051408 13.0988784117708 13.1125302349801 13.0382434573572 12.9624510492341 12.8874471006783 12.8138778249534 12.7417163269776 12.6704754218522 12.5994332875109 12.5278645815996 12.4552269355153 12.3813243774296 12.3050186177513
10.5029231531703 10.5223946162027 10.5811528141005 10.7051405063403 10.835896910875 10.9654957486997 11.0937354350657 11.2208363700378 11.3470370220451 11.4725648602269 11.5976193240369 11.7224187853879 11.8472232355625 11.9713611354881 12.0708844553452 12.1268977663056 12.1809506218211 12.2349772195842 12.2887637997229 12.3422315097131 12.3953136416069 12.4479410611749 12.5000296740571 12.5514888031901 12.6022934735657 12.6525524487969 12.7041054338458 12.7567345261715 12.8053651363244 12.852213863199 12.8978266588737 12.9429479363092 12.9883082952632 13.0346394277698 13.0826822143177 13.1332046847636 13.1868097276229 13.2428746932188 13.2510958662628 13.1689429897718 13.0850889568349 13.0043941622173 12.9269601893715 12.851809856371 12.7779201919059 12.7042908774461 12.6299343106885 12.553839384824 12.4750689869615 12.3931954513388
10.5776533775415 10.595834009321 10.6505823972626 10.7634307006337 10.8847716396938 11.0058911444763 11.1260660209018 11.2452653005112 11.3636559449288 11.4814335286743 11.5987940923522 11.7159823698305 11.8333515754188 11.9494739185158 12.0373455577137 12.0769966824577 12.1136555509717 12.1504335962229 12.1870927980812 12.2234869827981 12.2595337586848 12.2951649502247 12.330318999472 12.3649686994033 12.3993011231535 12.432700475261 12.4699580122498 12.5148011363637 12.554432199338 12.5927369012498 12.6300003321896 12.6668165068493 12.7038441799821 12.7417515504611 12.7811823905232 12.8226583560572 12.8659634714069 12.911689101458 12.923743928555 12.869937425319 12.8198799302969 12.7715513957339 12.725548672288 12.6814973436831 12.6385806017129 12.5959069715469 12.5525792273594 12.5077670481096 12.4611001269218 12.4110352060239
10.5666619753363 10.5892330641921 10.6392476040113 10.7257722353206 10.8239178778278 10.9241108018238 11.0241160290742 11.1238256792888 11.2231763829075 11.3222169114619 11.421105704927 11.5200103217319 11.6189334616224 11.7151323156341 11.7808111778861 11.7973030574433 11.809430256674 11.8210019346123 11.8325916559645 11.8441205293627 11.8554953248395 11.8666603683127 11.8776417033313 11.8884987830116 11.8991805866445 11.9071714008342 11.9241508827227 11.9626106953447 11.9940397423469 12.0238037170232 12.0531929135967 12.0823592703192 12.111610351342 12.1413003334349 12.1716044620261 12.202509476739 12.2339225151522 12.2701397049818 12.2953041718957 12.290169154845 12.2964603407385 12.3056483717247 12.3153836325877 12.3257727149197 12.3366549450773 12.3476666614728 12.3583935212818 12.3685899410699 12.378092780526 12.3817096390762
10.5594649408141 10.5839949815339 10.6270618304824 10.6916130726635 10.7671443986521 10.8470007277429 10.9269179388145 11.0068638737484 11.0867680142772 11.166617419639 11.2464687672219 11.3263545800913 11.4057074103153 11.4811783995246 11.524787860268 11.5178659031565 11.5065792921865 11.4934470075547 11.4802985759359 11.4671720109203 11.4540244663429 11.4408392302784 11.4276486262353 11.4144846070455 11.4003642272578 11.381064476652 11.3771382831283 11.4095720972895 11.4337526432746 11.4539738985577 11.4740788293629 11.4941459499629 11.5142181250281 11.5343686427162 11.5545578096336 11.5746943347741 11.5966344004181 11.6291450126931 11.6704010021389 11.7101294559792 11.7671557350511 11.8333495377849 11.8998560340677 11.9663456489758 12.0328878836916 12.0994548783615 12.1659940557029 12.2325174996696 12.2973797319088 12.3514662605997
10.5524936929354 10.5777292945556 10.6128136983862 10.6570642169157 10.7111196653435 10.7710770009135 10.831422981318 10.8917702670166 10.9521154170411 11.0124603526522 11.0728105105014 11.1331434289375 11.1925202136841 11.2474885092672 11.2694692977365 11.2385887250572 11.2037269053205 11.1663650949499 11.1287979961246 11.0912303038133 11.0536617811219 11.0160914777647 10.9785245213259 10.9409407813348 10.9012680081814 10.8542390378718 10.82987993551 10.8559443570554 10.8730019177702 10.8838871546995 10.8941273262108 10.9043671416911 10.9146072937102 10.9248477263261 10.9350877359586 10.9453381457707 10.9599078627826 10.9904789815195 11.0470891574546 11.1319562975137 11.238502019126 11.3595873433259 11.4824968940207 11.605406586333 11.7283213067313 11.8512345593528 11.9741492797511 12.0970589728324 12.2160832439017 12.3198282324855
10.5452018443937 10.5698475201463 10.5966047280379 10.6215548621711 10.6552380970548 10.6951528942425 10.7359514227074 10.7767549589971 10.8175587097 10.8583572381649 10.8991586387804 10.9399027121081 10.9794332707765 11.0143536532901 11.0148595459892 10.9596618696316 10.9008146760911 10.8392826129235 10.7773088502542 10.7153316460127 10.6533539670033 10.591378898436 10.5294051357667 10.467318312496 10.4020653089904 10.3276819280843 10.28311287789 10.3023975916989 10.3119634834893 10.3138063636296 10.3141644327746 10.31452081618 10.3148810641599 10.3152410748269 10.3156011609281 10.3161258067037 10.3235450172497 10.3517930643524 10.4233033136536 10.554002205893 10.7105935863134 10.8858246312109 11.0651190063853 11.2444123367663 11.4237105325854 11.6030103903525 11.7823064504974 11.9615134571835 12.1347291859331 12.2889369116466
10.5373480699125 10.560478800825 10.5787419056778 10.5849325597861 10.5990741418825 10.619227192595 10.6404843217384 10.6617410756125 10.6829975165974 10.7042527042188 10.7255062730531 10.7466720062799 10.7665405733677 10.7817818248505 10.7608940722193 10.6811782391137 10.5980242820607 10.5121985646445 10.4258163145773 10.3394326601362 10.2530473437661 10.1666652878511 10.0802835556935 9.99368464044026 9.90313757722673 9.80208081904349 9.73746885096003 9.74963523027036 9.75114505197231 9.74372388351459 9.73420104292675 9.7246771575455 9.71515600192828 9.70563439105425 9.69611295484031 9.68695474767793 9.68667396785342 9.71117585980508 9.79718536846263 9.9743690365074 10.182176744558 10.41206049523 10.647738507704 10.8834200804871 11.1191012780009 11.3547823567776 11.5904623440697 11.8259318333392 12.0539645814407 12.2602058532871
10.5288361458887 10.5498612620082 10.5595247311765 10.5473015076554 10.5425336660104 10.5433055539795 10.5450167980398 10.5467268123863 10.5484358014316 10.5501456216259 10.5518544487924 10.5534915696539 10.553910508148 10.5497318040522 10.5075019550902 10.403137221137 10.29540974775 10.1851152929743 10.074324749919 9.96353416370301 9.85274347826109 9.74195291571368 9.63116275248097 9.52017809629499 9.40494781553541 9.27804127070303 9.19357417348552 9.19824293180625 9.19088978955757 9.17363866731123 9.15423602165811 9.13483353788371 9.11543089223059 9.09602826606959 9.07662550169847 9.05753995187377 9.0481833795134 9.06689552905858 9.16689252180501 9.39139275520777 9.65233085269139 9.93829684437389 10.23036085727 10.5224274489386 10.8144919046793 11.1065553156267 11.398620032472 11.6905164016119 11.9745492438818 12.2347922036668
10.5198493493061 10.5382488186422 10.5392220474977 10.5088895377536 10.4857309052719 10.4673832746657 10.4495481115798 10.4317093686926 10.4138730420763 10.3960380731426 10.3782016278083 10.360340863356 10.3414889800385 10.3181569534771 10.2546345873907 10.1254838786154 9.99293544662195 9.85803239669833 9.72283439142904 9.58763594368431 9.4524383267194 9.31724039688432 9.18204222973632 9.04677829073697 8.90763167171692 8.75612944478789 8.65209182120447 8.64868882532429 8.63133442519275 8.60355464208933 8.57427183129236 8.54498878318247 8.51570561635459 8.4864223740925 8.4571388512337 8.42795490419825 8.40771004795661 8.41733230446542 8.53049227924781 8.80365175758389 9.12058460756167 9.46453439096381 9.81298364512339 10.1614323254313 10.5098814865644 10.8583311983919 11.2067773499103 11.5551807335579 11.89663771714 12.2137180416801
10.5107496232603 10.5259261582403 10.5180892453065 10.4700420036573 10.4289663736127 10.3914556314963 10.3540755087797 10.3166924944204 10.2793113269105 10.2419311847018 10.2045500171919 10.1671683087306 10.12914782973 10.0869860704865 10.0022532152498 9.84811267086196 9.69047334821889 9.53094896973132 9.37134311153821 9.21173772797092 9.05213286661282 8.89252766871597 8.73292204783576 8.57331616167448 8.41097592794694 8.23680276369309 8.11373772272946 8.1011583221587 8.07214256114941 8.03347119407452 7.99430744892419 7.95514379870018 7.91597995432397 7.87681599983463 7.83765244453693 7.79848860016072 7.76551549662372 7.76119823799842 7.8859086944647 8.21036525941592 8.58758897227639 8.99077200462924 9.3956048664723 9.80043700106673 10.205270000868 10.6101031130515 11.0149350383126 11.4197664459179 11.8200363463537 12.1976945693637
10.5017445909565 10.5133109886784 10.4964220551491 10.431152674823 10.3724598071321 10.3155649924315 10.2587653372351 10.2020269963245 10.145230396311 10.0882750993287 10.0311414957666 9.9740077858177 9.91680585872604 9.85606669129619 9.75029963633218 9.57086099167226 9.38788037512814 9.20404543225189 9.02056814479312 8.83707463784995 8.65324316477847 8.46897978467113 8.28438256907823 8.09987660160383 7.91472770822647 7.71993218015222 7.57919928233266 7.5553140825547 7.5124138187845 7.46382587599622 7.41625302707854 7.3689188351713 7.3207486013026 7.27118890183298 7.22031083687725 7.16950392324046 7.12229454197211 7.0989205143394 7.23110311888825 7.61226794802239 8.05592797714798 8.51747514780088 8.97994065384374 9.44182741504603 9.90259646933267 10.3628218135443 10.8232720253377 11.2842806235298 11.7440351092133 12.1859076556364
10.4929944609903 10.5012897494367 10.4747950673171 10.3929518143416 10.3162372381876 10.2402837316217 10.1646525288989 10.0891361340675 10.0134539870249 9.93734304868519 9.86060364296001 9.78321031111942 9.70533969710241 9.62502522760516 9.49855625008838 9.29390309053591 9.08759720079944 8.88170060906517 8.67563133385477 8.46890358087414 8.26117364311346 8.05228251707555 7.84221689439716 7.63125209347502 7.41981696217306 7.20365908345812 7.04817033634212 7.0104948831314 6.95743718330183 6.90538970695924 6.85408712827348 6.80188349902962 6.74714944808888 6.68867905171324 6.62574592274206 6.55876458039703 6.48954743661887 6.43615190997086 6.5664982515226 7.01527200007278 7.53469821975909 8.05948718483522 8.58009976801961 9.09631510743199 9.6091634092221 10.1205741010464 10.6326197170515 11.147020962863 11.6645316007632 12.1742299248702
10.4838883315117 10.4908895438059 10.4564249037545 10.3594536871873 10.2657497769432 10.1728325355568 10.0803937233796 9.98807397760887 9.89552666615255 9.80240250749966 9.70834294815383 9.61298201145933 9.51609195961776 9.41612339591507 9.26911019274333 9.04273309903094 8.81614644175039 8.58923744559239 8.36125962487551 8.1320195518077 7.90137549929553 7.66917057660228 7.43521770765298 7.19932276052758 6.96150448935367 6.72137801977138 6.54984773926136 6.50319597742451 6.44848805744698 6.39582472848322 6.34257172752494 6.28715985006424 6.22817435253383 6.16417051195115 6.09360695237209 6.01489928084112 5.92718627299564 5.8371523563845 5.95546753727186 6.48033858763795 7.06792582483256 7.6462651575023 8.21426640115232 8.77461169246227 9.33021203660371 9.88389526617997 10.4384523857528 10.9967144462003 11.5613743300517 12.1311897935356
10.4772214587648 10.4959819747519 10.4682347275693 10.3688937064087 10.2734598311172 10.1786535589075 10.084281637528 9.99002370685932 9.89555539984857 9.80055613012445 9.70470984656495 9.60776829841876 9.50988959328262 9.40902333444375 9.25568194213303 9.01427382744439 8.77157644127386 8.52926298434494 8.28627108083134 8.04219036672064 7.796823187954 7.55001125227837 7.30161775194004 7.05161242425005 6.80058952895136 6.54651468637874 6.36318130152804 6.31247490543618 6.24983537594705 6.18985402035613 6.12998991513154 6.06832828794041 6.00339609511883 5.93382034090876 5.85829402007156 5.77589349092108 5.68810296611538 5.60551094873778 5.72831110242681 6.24131339210204 6.8199971972088 7.39566208925806 7.96359525797742 8.52481183150138 9.08168518957454 9.63678117046317 10.1926802833931 10.7518822866028 11.3160475583912 11.8803093054179
10.4720768263925 10.5117393076694 10.5006546020811 10.4081657358996 10.3211061757004 10.2349895643542 10.1490547929839 10.0632087171441 9.97726258587051 9.89103482529236 9.80445965116247 9.71757410940279 9.63050075198642 9.53991855641155 9.38934620816741 9.13888548009606 8.885241356081 8.63167946277741 8.37810507617697 8.12427238595691 7.86983391575069 7.61462551467304 7.35877399222853 7.10254208776663 6.84593876038229 6.58234770239676 6.38934341294703 6.33885627925266 6.27019862424459 6.20003217921542 6.13048980636418 6.06074544924369 5.98949943888383 5.91577568859807 5.83955969874554 5.76148794478087 5.68401613061352 5.62700905535427 5.75911561303298 6.21301281297054 6.73491505760187 7.26867387628173 7.80061860403748 8.33037063224526 8.85811634215942 9.38489378124281 9.91207064527853 10.440624596069 10.9700933597369 11.4867930919352
10.4666997185385 10.5276973423839 10.5330213056276 10.4481043656624 10.369038647332 10.2922528077656 10.2154928370327 10.1387633911197 10.0620195179479 9.98521831902639 9.90839391678328 9.83160592074075 9.75434586642955 9.67202886044275 9.52354183699978 9.26602966850463 9.00449793804714 8.74128746450185 8.47811489114397 8.21502789234196 7.95185296343862 7.68851916566131 7.42514382561529 7.16186967473859 6.89678556437209 6.62086391055549 6.41864272701581 6.36944536836837 6.30275752303324 6.22802054996295 6.15328319745921 6.07882414022934 6.00416740360933 5.92899831012299 5.85362593448192 5.77856313764094 5.70743451179977 5.66077179590552 5.78833917342644 6.20212109694613 6.67407328609921 7.16668809992726 7.66003613180438 8.15351796320907 8.64673032236241 9.13973253939571 9.63280404768818 10.1260079937599 10.6166394834444 11.0885307037828
10.4614480836553 10.5435974535771 10.5648938041267 10.4881453320479 10.4172220125816 10.3497861771295 10.2825715042866 10.215358611087 10.1481476927055 10.0809335894091 10.0137200838791 9.9464959797179 9.87830839724574 9.80407483882533 9.65798895463186 9.39315610338666 9.12426179642944 8.85283108971976 8.58119557357333 8.30956048041022 8.03792512829227 7.76629002538313 7.49465491063967 7.22300094149126 6.94801332437653 6.66089850130855 6.45189401304441 6.4013867375802 6.33614161614791 6.2607459797863 6.1843953222553 6.10804412314607 6.03169290024516 5.95534215202875 5.87899158188934 5.80265061893113 5.73316302842782 5.69012765744273 5.80616547034665 6.18707947278355 6.61696131775602 7.07092615572515 7.5275670270133 7.98420750658012 8.44084869067405 8.89748977554207 9.35413036199255 9.81077130865055 10.2624249079031 10.6932833434412
10.4561590175781 10.5589345160139 10.5960418150864 10.527904837785 10.4655522411776 10.4073194990331 10.3496670484688 10.2920174895663 10.2343674364038 10.1767167665055 10.1190618673969 10.0613486531489 10.0022799779595 9.93643668378173 9.79287332059076 9.52044834847865 9.2439197930349 8.96437827890801 8.68434355890479 8.40430876346738 8.12427361623992 7.84423885851964 7.56420411693606 7.28404153835673 6.99979433353193 6.7035858682371 6.48866024871888 6.43522454901826 6.3694053731406 6.2934759691459 6.21568317050117 6.13788999203385 6.06009707467113 5.98230415730841 5.9045110457935 5.82688246566484 5.7573155566357 5.71257664624769 5.81455434475667 6.16653736796292 6.55972612301837 6.97516674638487 7.39522820075532 7.81528949109726 8.23535081061297 8.65541190895248 9.07547310221828 9.49546027173185 9.90939320039452 10.3032054328944
10.450614250844 10.5735263152816 10.6263527570884 10.5671128208865 10.513757526937 10.4648552177154 10.416765887804 10.368675940738 10.320586349722 10.2724965450426 10.224405506492 10.1762040094119 10.1264069182274 10.0692878912762 9.9283166376515 9.64811825052497 9.36367270320308 9.07592532140435 8.78749125515774 8.49905669049362 8.21062200711147 7.92218770779288 7.63375338803508 7.3450987738813 7.05234888369998 6.74865554740592 6.52820048584716 6.47104383450881 6.40327412458095 6.32620622391542 6.24697099495536 6.16773612202624 6.08850105494491 6.00926582598487 5.93003081066915 5.85109300158353 5.77966532970036 5.72930281301261 5.81613345051544 6.1409601670898 6.50080104220757 6.8794077448411 7.26288925584375 7.64637093511581 8.02985270937571 8.4133343314414 8.79681600432273 9.18014705058015 9.55769637830498 9.91754694327867
10.4446040253589 10.5872416494999 10.6557178649006 10.6056158142798 10.5616992018192 10.5223903669762 10.4838621684626 10.4453310452638 10.4068047882722 10.3682772253826 10.329749026869 10.2911167214341 10.2508381887739 10.2027531933774 10.0644366278348 9.77630608012567 9.48362934261658 9.1874723164404 8.89063874207169 8.59380471244618 8.29697032678972 8.00013627767212 7.70330246384071 7.40629819022097 7.10575557661702 6.79556263405873 6.56980309344439 6.50847196441937 6.43779769222649 6.35893689831286 6.27825943654506 6.19758225201862 6.11690508698429 6.03622735012494 5.95554998758304 5.87507841164543 5.80040644664316 5.74227960259833 5.8134262476037 6.11196769281085 6.44043417436617 6.78364841858997 7.13055031308198 7.47745234356991 7.82435426179207 8.17125659110168 8.51815850723556 8.86495857231222 9.2071658395482 9.53486554700454
