Spatial_Analysis/Maxent_Inputs/Inputs/RCP4_5_Near/currentspeed_near45.asc
NCOLS 638 
NROWS 314 
XLLCORNER -102.97071042 
YLLCORNER 3.973116569 
CELLSIZE 0.083 
NODATA_value -9999 
[rows 220 to 241 of 314, columns 450 to 499 of 638]
26.0445221861956 25.9227676687552 26.189431974214 26.5920619480792 26.9907748417622 27.3864732131408 27.7795550817512 28.1713047941963 28.5645340286682 28.9650163838852 29.381172814354 29.8191825531064 30.2790922473711 30.830696937402 31.5726382531881 32.3910353226995 33.2075626432586 34.0266726628088 34.8473674303316 35.6629876538423 36.4422033815686 37.1331005031549 37.6940512960815 38.1660180538737 38.7404256179514 39.212003492011 39.0920460364459 38.58479873903 37.9927031224864 37.3940654154293 36.7958957381974 36.1982744444692 35.5993986523811 34.9996617954574 34.4008493540655 33.8056734016747 33.2826393245204 33.0502511719159 33.2830166342251 33.8806559745382 34.644114504997 35.4304905133328 36.217332720845 37.0045864748231 37.7905826046414 38.5761044133291 39.3623610291825 40.14863759928 40.9312528684387 41.7008129049213
25.626211919944 25.4912806957215 25.7957543297 26.254395830686 26.7089452054066 27.1596305692361 27.6068782594316 28.0516698766381 28.4945066747 28.9373649471917 29.3853233251412 29.8481418092672 30.3394985726425 30.955344817465 31.8054043178269 32.7459151358269 33.6878530223641 34.6358173025176 35.5910045600264 36.5544220060447 37.5259632164547 38.49702126115 39.4147169641156 40.2065693325207 40.9041412714532 41.3624334932939 41.1734483884376 40.5023492862207 39.7888592792081 39.0861121917973 38.3848759159254 37.6780617826202 36.9586582816402 36.2224317734872 35.4690666066451 34.7086777178548 34.0032773947294 33.591793321819 33.7588195068027 34.3703602411121 35.1269800223768 35.8961459483982 36.6497065192623 37.38663587894 38.1103220318776 38.8274447153274 39.5455093873526 40.2706039645805 41.0020396056849 41.7635574240363
25.2010524617515 25.0506879586311 25.3909140871865 25.904405150899 26.4146557899997 26.9212769245859 27.4242126502626 27.9237441093508 28.4203569786983 28.9150291642131 29.4083286626617 29.9040180311038 30.412165332062 31.0630594590415 32.0105888957021 33.0692508903111 34.13417342093 35.2057766793356 36.2848527049975 37.3728100878691 38.4715652933312 39.5835514025311 40.710678986376 41.8262637577983 42.8760092909376 43.5311598456573 43.2645255214125 42.4716360316528 41.6842354578027 40.9065901798606 40.1252147070332 39.3291812267787 38.5083058260041 37.6526476926339 36.7536123140125 35.8110097274711 34.8464881963869 34.1429427970242 34.2575768431707 35.0212372184968 35.8052668064657 36.5507155888659 37.2496813740513 37.9109740912752 38.5466183488047 39.1691450160531 39.7913115553102 40.4261282043109 41.0832795568536 41.8335203991404
25.0188367143254 24.8542631703465 25.1950200354325 25.7148700378087 26.2324716399333 26.7475578635267 27.2597598463132 27.7687010280578 28.2743579739111 28.7770913782353 29.2775269880988 29.7765944869313 30.2752575499307 30.9159876609974 31.8918748398761 33.0125939134657 34.1460438042092 35.2860868731325 36.4329584594282 37.5876578273247 38.7516982362126 39.9273020517283 41.1177983064122 42.3284742161127 43.5683196056594 44.5228858491858 44.5065377460751 43.709548487143 42.8477390570572 42.0025064871358 41.151208541578 40.2832790282572 39.3881604847456 38.4546796468684 37.4710749420806 36.4270870114971 35.3364303683463 34.5117669221226 34.5634012435683 35.3154149456961 36.0728001386776 36.7645053385308 37.3996925160764 37.9927953217721 38.5579748350777 39.1087954665863 39.6586915361665 40.2215477829573 40.8111475883975 41.5375561577425
25.1741098060107 24.9980404390325 25.2921909632623 25.7532548029623 26.2126963584589 26.6703960390146 27.1261588046328 27.5797173054314 28.0306978124658 28.478788923621 28.9241941222425 29.3677334767058 29.8108323324421 30.4007827043144 31.3433712397921 32.4458153694357 33.5639246398548 34.6956097603174 35.8341532578206 36.9802664243935 38.1351183138439 39.3004321791535 40.478766095972 41.673754207718 42.8923387984615 43.9260244348897 44.2807441495187 43.8917399056144 43.0483739323364 42.048832076995 41.1303421374526 40.2071997839778 39.2646766081151 38.2947122009158 37.2948270087219 36.2752117209532 35.2793572373497 34.5678354481343 34.5429976094871 35.0524136956252 35.6703959375868 36.2746481539608 36.8535359966198 37.4039546404532 37.9334635195328 38.4524404102592 38.972236661969 39.5032558623344 40.0501271784925 40.7451650073947
25.4440406161942 25.2570266844478 25.4879806532621 25.867449867988 26.2457374549612 26.6227936221275 26.9985293420806 27.3728169048454 27.7454911863151 28.1163809402807 28.485336213411 28.8524674572668 29.2183918846035 29.7418340546651 30.6432137573079 31.7083208719588 32.7827886779888 33.8727186292408 34.9760617564448 36.0880489721759 37.2081703331474 38.3377655507774 39.4784277009317 40.6320137068317 41.8062215498708 42.7976652714394 43.2561677416049 43.2977090713542 42.9025627657957 41.9990252956118 40.9065726024501 39.9124600342141 38.9461925906218 37.97139849532 36.9896605722979 36.011868857929 35.1056279071619 34.4961181974147 34.4002866526201 34.711684092972 35.1945494036491 35.6981815908974 36.1998941415031 36.6934002659765 37.1800379091739 37.6632954951799 38.1473945096751 38.6358046871971 39.1331616017742 39.8023318919831
25.712539872754 25.5140012722341 25.6811178138386 25.9782692493634 26.2745668452958 26.5699949890194 26.8645264382651 27.1581321793782 27.4508039707839 27.7425496184563 28.0333263695882 28.3229884727798 28.611378937079 29.0687127785323 29.931542333802 30.9678087282977 32.0074597391958 33.0551444099959 34.1167217519549 35.1918926066717 36.2773670318722 37.3708668868611 38.4732285139595 39.5856939147892 40.7161944366743 41.6632803214245 42.0916142826926 42.2414474539876 42.2714045289625 41.8930962940407 40.9620747385614 39.8000197919665 38.763985729834 37.7870568416469 36.8102414257022 35.8415560273116 34.9641013348512 34.3839056824636 34.2349202140974 34.4350852988505 34.8178432159606 35.2416466136435 35.665448916252 36.0892498797893 36.5130573604715 36.9368575742431 37.3606585377805 37.7861840871536 38.2298799470549 38.8837587882737
25.980158062414 25.7696133767038 25.8723254425914 26.0865232174534 26.3001382265661 26.5131889422796 26.7256661495628 26.9376044141204 27.1490654113311 27.3600719116147 27.5706066023375 27.7806334077117 27.9901021831902 28.3811549394181 29.2063401444031 30.2158478291662 31.2263108859332 32.2397788819672 33.2602744692702 34.4819653074962 35.8822465796992 36.7565519521296 37.4610109966442 38.5339488024816 39.6219661478771 40.5248213294225 40.9205982769448 41.0590879890348 41.1875678188996 41.2064738388024 40.8366462111049 39.8850444483901 38.6844647721933 37.6274618099153 36.6417243143128 35.6739807418901 34.8084741049664 34.2194617797241 34.0299675406675 34.1534316269776 34.4450401957305 34.8005028078065 35.15598880985 35.5114781512263 35.8669706698992 36.2224566719427 36.577946013319 36.9394351623232 37.3365103981315 37.9799708657347
26.2472139521021 26.0243475985976 26.0622522950039 26.1930070321853 26.323364250963 26.4533671133438 26.5830694256545 26.7125552374007 26.8418577082914 26.9709730212918 27.0999275211253 27.228742550403 27.3574395469033 27.680551241063 28.6225813961163 29.8955763353819 30.8939929360229 31.7224164365491 32.4048373716257 33.068893492315 -9999 36.1300633699051 36.4438374359585 37.4780469063077 38.5239528470786 39.3843217321935 39.7491080335029 39.8674446875937 39.9909913788492 40.1017479311011 40.1069077809836 39.7328919442518 38.7629138852042 37.5390236549974 36.4732921415211 35.5011328884408 34.6287310324048 34.0130836724246 33.7880047164734 33.8561036475363 34.0727437684762 34.3593553335874 34.6465280043153 34.9337033334264 35.2208795515343 35.5080550705096 35.7952327294471 36.0938092265825 36.4463214042631 37.0793632093018
26.5137515590901 26.2783519998123 26.2238686751599 26.2378065037527 26.3260891504809 26.3914345517132 26.437788664681 26.4840980933568 26.5304081701521 26.576762281241 26.623204972822 26.6697434590732 26.7164199626294 26.9701091393449 27.6020477944138 28.0096206665039 -9999 -9999 32.0423554680462 -9999 -9999 35.1241111359694 35.4242305012 36.4194454317901 37.423905832304 38.2436274218252 38.5792125096827 38.6764488133014 38.7825201627951 38.8928921153626 38.9876058698673 38.9787659124097 38.5903281731555 37.5965078483144 36.3632981103868 35.3224055877899 34.427670674781 33.7763005269402 33.5180626821337 33.5445042910059 33.7000790494304 33.9182035525778 34.1370653002773 34.3559286011944 34.5747943362341 34.7936581727705 35.0125216291093 35.2466383061245 35.5504869387852 36.1706003073545
26.7797887033954 26.5316704473935 26.4591808329595 26.4461968809215 26.3786804092884 26.3278892846282 26.2905334149817 26.2531814676407 26.2159088475652 26.1787970434571 26.1419185112827 26.1053258755148 26.069093545385 26.2523687102508 26.9587104505573 27.7662939732656 28.469267814363 29.3862350820379 29.9797096252441 -9999 32.1364800058521 33.2040405608544 34.4081276064008 35.3606345441542 36.3235527702559 37.1045050471162 37.4125021603415 37.4891699959777 37.5754947822463 37.6701342037973 37.766614286914 37.8466959347268 37.8235383489718 37.4083723599274 36.3834518695816 35.1726468966081 34.2129071445525 33.5200395659632 33.2299936020536 33.2232500022706 33.326757199537 33.4770572174744 33.6276049088674 33.7781580117242 33.9287097344987 34.0792574258917 34.2298093896557 34.3954834710973 34.6406063761086 35.2423367513969
27.0453373502654 26.7843461529311 26.6265318516578 26.505449531772 26.3842187004998 26.262915999068 26.141592361389 26.0203041515718 25.8991256967233 25.7781242889033 25.6573807477706 25.5369954069609 25.4170705565231 25.5290975799814 26.193691400243 27.0928840081119 27.9925643290381 28.8926575390677 29.6581579860417 30.4459740659241 31.59320735559 32.4937711662651 33.3971423878837 34.3067397794447 35.225649402159 35.9682206722333 36.2503744412663 36.3074081017098 36.3739405072454 36.4493761191542 36.5309276895018 36.6126726756294 36.6788097341994 36.6383741094974 36.1790783847034 35.1267913756526 33.9971743001727 33.2545713254994 32.9335382718502 32.8984933088145 32.9536747007281 33.0359108995464 33.1181476162932 33.2003831939243 33.2826193927426 33.3648561094895 33.4470940169469 33.5391690879248 33.7105332994364 34.2828579952119
27.3104124418619 27.0364172659549 26.8130370991073 26.6076512802106 26.4021716215913 26.1966574074631 25.9911545615197 25.7857106497628 25.5803924420279 25.3752631496638 25.1703846041567 24.9658443670896 24.7617382101315 24.8018918124225 25.4239902436737 26.2932057986642 27.1630714689081 28.0335126642904 28.9043714162274 29.7754469243733 30.6463758434344 31.5167797129695 32.3869459890086 33.2585155480833 34.1345168637035 34.8372145942261 35.0936398714978 35.1324584836719 35.4248200836652 35.933822280313 36.0077223366639 35.8285725214747 35.6877352033011 36.2036701404912 36.0030690995246 35.1325251150679 33.9069220220975 33.1413651463484 32.8073400131465 32.6899485495239 32.5808370104445 32.6935714896164 32.9026006826562 32.9559301504296 32.8687378502801 32.6504694484256 32.6643807158767 32.8672039725612 33.3130519100465 33.8704207232344
27.5750350961975 27.28792053943 26.9988433143348 26.7090149976937 26.4191335618793 26.129241248501 25.8393845596553 25.5496045632047 25.2599554797309 24.9704964598006 24.6812814949357 24.392380595819 24.1038741553511 24.071858790812 24.6510350006215 25.6576099448709 26.811131659071 27.6689023267395 28.5271325606351 29.3856593428235 30.2441862617139 31.1022617249891 31.9592920073033 32.8157755042073 33.6744430132036 34.3599109516125 34.6052338151081 34.6366510054843 -9999 -9999 -9999 -9999 -9999 -9999 -9999 -9999 -9999 -9999 -9999 -9999 32.3477593254582 32.1278612508114 31.9749844082049 31.910628078673 31.916619787684 31.9907439578675 31.9156065822817 31.7044898827195 31.4015093757482 31.3798503875732
27.8392179739215 27.5388812338696 27.1839998580643 26.8096119155419 26.4351947735076 26.0607862167227 25.6864239688942 25.3121513036853 24.9380136040903 24.564059750123 24.1903375667229 23.8169077184703 23.4438316541081 23.3394876653899 23.8755853721958 24.55998654716 24.8565292358398 -9999 26.7296567503024 27.5266890178279 28.3241755930255 28.8403205871582 -9999 -9999 -9999 -9999 -9999 -9999 -9999 -9999 -9999 -9999 -9999 32.4108935467823 32.4260005748455 32.4327605937995 32.4260335793681 32.4141006469727 -9999 -9999 31.905509855372 31.8932030366768 31.8172698704272 31.724902724519 31.6122418811764 31.4756655519044 31.312383353451 31.1249173905145 30.9304625973066 30.8367612466213
28.0186120199111 27.7094833839763 27.3102300039388 26.8787777419625 26.4473081037561 26.0158616200393 25.5844690440536 25.153171980807 24.7220077469773 24.2910213876446 23.8602481387452 23.429744976464 22.9995557776573 22.8463687456584 23.3534063853883 24.1405734119272 24.8727336594749 25.6929385343035 26.6484553123746 27.293704133185 28.0830519438651 28.8067488393033 29.1969699859619 -9999 -9999 -9999 -9999 -9999 -9999 -9999 -9999 -9999 -9999 32.2068461897559 31.8355615504022 31.8080910583116 31.7710197873897 31.7653706112361 31.9325960010418 32.1186053849774 32.0126437080356 31.9472424484075 31.8663767436212 31.7668698257075 31.6451260020539 31.4968445900369 31.3170314541893 31.101060094756 30.8567280647553 30.6801671860228
28.0695054105651 27.7583717108006 27.3473439727112 26.9006378406337 26.4539269983015 26.007242767214 25.560616051481 25.1140889912339 24.667690398711 24.221454663355 23.7754172117541 23.329621254763 22.8841016017907 22.7178261826388 23.2150725840375 23.9928827925959 24.7747834009757 -9999 -9999 27.1228385622211 27.9062175966506 28.6898277647804 -9999 -9999 -9999 -9999 -9999 -9999 -9999 -9999 -9999 -9999 -9999 -9999 31.2234453236971 30.8297569207399 30.7381461952131 30.8834868899538 31.5455772641427 32.1801191133157 32.3921452508288 32.4460486238377 32.4197214908366 32.3770628643783 32.3168983971731 32.2367116526986 32.136917660427 32.0259936876374 31.9347578774937 32.5026423703763
28.0714469303515 27.7608397708747 27.3503551443476 26.9042012765784 26.4580508202655 26.0119327704123 25.5658736562489 25.1199076472645 24.6740613724175 24.228365535104 23.7828498370401 23.3375480282833 22.8924909499379 22.7266226945554 22.9501574211455 -9999 -9999 -9999 -9999 -9999 -9999 -9999 -9999 -9999 -9999 -9999 -9999 -9999 -9999 -9999 -9999 -9999 30.2014007568359 -9999 -9999 30.2557282893565 29.7785665987272 29.9097882779393 30.7698465657477 31.9190105784641 32.629691050727 33.0235288304021 33.2209431591407 33.2965643610358 33.3320208977882 33.3608720630062 33.3848581646172 33.4116528496356 33.5001433243186 33.9544209373732
28.0730182506061 27.7628770711557 27.3528709217644 26.9072029757414 26.4615389155428 26.0159101621764 25.5703382088068 25.1248530948557 24.6794776993923 24.2342384627796 23.7891581476493 23.3429506819958 22.8957944421433 22.7300800371276 -9999 -9999 -9999 -9999 -9999 -9999 -9999 -9999 -9999 -9999 -9999 -9999 -9999 -9999 -9999 -9999 -9999 -9999 -9999 -9999 -9999 28.9173345360449 29.0128264158034 29.3065799463262 29.8878926626104 31.316620238574 32.4883346608703 33.3005778651831 33.8796970803803 34.2483969507814 34.4562119786454 34.5919958345779 34.7276935884915 34.8699262089289 34.7531374916334 34.6769495299033
28.0736174485876 27.7636638211662 27.3538493060533 26.9088893151022 26.4644399737449 26.0192333490885 25.5740814973733 25.1290061924537 24.68403391423 24.2391770987952 23.7934208085763 -9999 -9999 -9999 -9999 -9999 -9999 -9999 -9999 -9999 -9999 -9999 -9999 -9999 -9999 -9999 -9999 -9999 -9999 -9999 -9999 -9999 -9999 -9999 -9999 27.944394260075 27.922157296896 28.4618414313796 28.9795946673492 30.5764435898571 32.0656445887805 33.2652153384676 34.2076856817322 34.9673588490073 35.5086915142151 35.575795011192 35.300357509648 35.4892416866367 -9999 -9999
-9999 -9999 -9999 -9999 26.4655643760125 26.0205257457085 25.5755423166307 25.1306278859834 24.6858138717361 24.2411064434713 -9999 -9999 -9999 -9999 -9999 -9999 -9999 -9999 -9999 -9999 -9999 -9999 -9999 -9999 -9999 -9999 -9999 -9999 -9999 -9999 -9999 -9999 -9999 -9999 27.0896301269531 -9999 -9999 -9999 28.4225602191757 29.7884601171195 31.4847058304418 33.005086161205 34.2697318546797 35.3650240291327 36.2943588273722 37.1845604074339 38.0070690200162 38.409130911697 38.9164523990392 39.5346383683308
-9999 -9999 -9999 -9999 -9999 -9999 -9999 -9999 -9999 -9999 -9999 -9999 -9999 -9999 -9999 -9999 -9999 -9999 -9999 -9999 -9999 -9999 -9999 -9999 -9999 -9999 -9999 -9999 -9999 -9999 -9999 -9999 -9999 -9999 -9999 -9999 -9999 -9999 28.3756301157926 28.9902101103951 30.950486512093 32.857759974902 34.2586507554176 35.534529069988 36.7853591730949 37.8752428581315 38.6914813638389 39.2461658407852 39.8036935033916 40.4293976047849
