Spatial_Analysis/Maxent_Inputs/Inputs/RCP4_5_Near/PAR_near45.asc
NCOLS 638 
NROWS 314 
XLLCORNER -102.97071042 
YLLCORNER 3.973116569 
CELLSIZE 0.083 
NODATA_value -9999 
[rows 264 to 285 of 314, columns 100 to 149 of 638]
42.9941291809082 43.0319709777832 43.0564994812012 43.067741394043 43.0790786743164 43.0904388427734 43.1017990112305 43.113151550293 43.12451171875 43.1358604431152 43.1472206115723 43.158561706543 43.1697502136231 43.180778503418 43.2012214660645 43.231071472168 43.2607383728027 43.2903709411621 43.3199996948242 43.3496284484863 43.3792610168457 43.4088897705078 43.4385185241699 43.4681205749512 43.4971618652344 43.5255699157715 43.5426406860352 43.5483589172363 43.553409576416 43.5582809448242 43.5631484985352 43.5680198669434 43.5728797912598 43.577751159668 43.5826187133789 43.587459564209 43.5916900634766 43.5951805114746 43.5996894836426 43.6052017211914 43.6099281311035 43.614429473877 43.6189193725586 43.6234092712402 43.6279106140137 43.6324005126953 43.6369018554688 43.6413993835449 43.6462593078613 43.6515502929688
42.8804206848145 42.9170684814453 42.9400901794434 42.9494895935059 42.9589385986328 42.9683990478516 42.9778594970703 42.9873085021973 42.996768951416 43.0062217712402 43.0156784057617 43.0251197814941 43.0344390869141 43.0435905456543 43.0618400573731 43.0891494750977 43.1163101196289 43.1434211730957 43.170539855957 43.1976699829102 43.224781036377 43.2518997192383 43.2790298461914 43.3061103820801 43.3326606750488 43.3586006164551 43.3742980957031 43.3797187805176 43.3844909667969 43.3890991210938 43.3936996459961 43.3983001708984 43.4029006958008 43.4075088500977 43.412109375 43.416690826416 43.4206504821777 43.4239006042481 43.4285888671875 43.4347114562988 43.4400596618652 43.4451713562012 43.4502792358399 43.4553909301758 43.4605102539063 43.4656181335449 43.4707298278809 43.4758605957031 43.4813613891602 43.4873390197754
42.7667007446289 42.8021697998047 42.8236808776856 42.8312492370606 42.8387985229492 42.8463592529297 42.8539085388184 42.8614692687988 42.8690299987793 42.876579284668 42.8841400146484 42.8916893005371 42.8991317749023 42.9064407348633 42.9224700927734 42.9472389221191 42.9718704223633 42.9964790344238 43.0210914611816 43.0457000732422 43.0703086853027 43.0949211120606 43.1195297241211 43.1441307067871 43.1682510375977 43.1917381286621 43.2060394287109 43.2111206054688 43.2155799865723 43.2199211120606 43.224250793457 43.2285995483399 43.2329292297363 43.2372703552246 43.2416000366211 43.2459411621094 43.2497215270996 43.2527389526367 43.2575988769531 43.2642707824707 43.2701797485352 43.2759094238281 43.2816390991211 43.2873802185059 43.2931098937988 43.2988395690918 43.3045806884766 43.3103103637695 43.3163986206055 43.3230400085449
42.6530113220215 42.6872901916504 42.7072906494141 42.7130088806152 42.7186584472656 42.7243194580078 42.72998046875 42.7356300354004 42.7412910461426 42.746940612793 42.7526016235352 42.7582511901855 42.7638397216797 42.7692909240723 42.7831192016602 42.8053398132324 42.8274383544922 42.8495407104492 42.871639251709 42.893741607666 42.9158401489258 42.937931060791 42.9600410461426 42.9821395874024 43.003890991211 43.024959564209 43.0378608703613 43.0425605773926 43.0466690063477 43.0507392883301 43.0548095703125 43.0588912963867 43.0629615783691 43.0670318603516 43.0710983276367 43.0751686096192 43.0788612365723 43.0816993713379 43.0867195129395 43.093879699707 43.1002998352051 43.1066513061524 43.1130104064941 43.1193618774414 43.1257095336914 43.1320610046387 43.1384086608887 43.1447715759277 43.1513710021973 43.1586418151856
42.5393600463867 42.5724792480469 42.590950012207 42.5947685241699 42.598518371582 42.6022796630859 42.6060409545899 42.609790802002 42.6135482788086 42.6173095703125 42.6210594177246 42.6248092651367 42.6285400390625 42.6321411132813 42.6437683105469 42.6634216308594 42.6830101013184 42.7025909423828 42.7221794128418 42.7417793273926 42.761360168457 42.780948638916 42.8005409240723 42.8201293945313 42.8395805358887 42.8582801818848 42.8697509765625 42.873950958252 42.8777503967285 42.8815612792969 42.885368347168 42.8891792297363 42.8929786682129 42.8967895507813 42.9005889892578 42.9043998718262 42.9080581665039 42.9107894897461 42.9159317016602 42.9234504699707 42.930419921875 42.9374008178711 42.9443702697754 42.9513397216797 42.958309173584 42.9652786254883 42.9722518920899 42.9792289733887 42.9862899780274 42.9941101074219
42.4257392883301 42.4577484130859 42.4746589660645 42.4765281677246 42.4783706665039 42.4801788330078 42.481990814209 42.4838104248047 42.4856605529785 42.4875411987305 42.4894599914551 42.4913711547852 42.4932289123535 42.4949989318848 42.5044097900391 42.5214996337891 42.5385208129883 42.5554618835449 42.5724182128906 42.5894393920899 42.6065216064453 42.6236801147461 42.6409111022949 42.6581192016602 42.6752014160156 42.6916694641113 42.70166015625 42.7052993774414 42.7087783813477 42.7121887207031 42.7156600952149 42.7192001342773 42.7227897644043 42.7264213562012 42.7300415039063 42.7336196899414 42.7371597290039 42.739990234375 42.7452011108399 42.7529602050781 42.7605781555176 42.7682800292969 42.776008605957 42.7837181091309 42.7913589477539 42.7988891601563 42.8063087463379 42.8137016296387 42.8212699890137 42.8294296264649
42.3120994567871 42.3431396484375 42.3583297729492 42.3582191467285 42.3580589294434 42.3578910827637 42.3577308654785 42.3575897216797 42.357479095459 42.3574295043945 42.3574485778809 42.3575592041016 42.3577690124512 42.3578300476074 42.3649597167969 42.3791694641113 42.3933792114258 42.4076499938965 42.421989440918 42.4364204406738 42.4509506225586 42.4655990600586 42.4803886413574 42.4953384399414 42.5104293823242 42.5251388549805 42.5333213806152 42.5361099243164 42.5390281677246 42.5421409606934 42.5453910827637 42.5487594604492 42.5522003173828 42.5556907653809 42.5591888427735 42.562671661377 42.566089630127 42.5692901611328 42.5742607116699 42.5825996398926 42.5910911560059 42.5996704101563 42.608268737793 42.6168212890625 42.6252708435059 42.6335487365723 42.6416206359863 42.6493911743164 42.6568489074707 42.6646308898926
42.1985282897949 42.228328704834 42.241828918457 42.2397308349609 42.2375907897949 42.2354316711426 42.2332801818848 42.2311401367188 42.2290496826172 42.2270088195801 42.225040435791 42.2231712341309 42.2213897705078 42.2194900512695 42.2243499755859 42.2359504699707 42.24755859375 42.2592315673828 42.270980834961 42.2828216552734 42.2947502136231 42.3068084716797 42.3190116882324 42.3313713073731 42.343879699707 42.356071472168 42.3629684448242 42.3656387329102 42.3684616088867 42.3714790344238 42.3746299743652 42.3779106140137 42.3812599182129 42.3846588134766 42.388069152832 42.3914604187012 42.3947792053223 42.3979187011719 42.4033203125 42.4126014709473 42.4220314025879 42.4315299987793 42.4410591125488 42.4505386352539 42.4599189758301 42.4691390991211 42.4781303405762 42.4868202209473 42.4951896667481 42.5038108825684
42.0800514221191 42.1072311401367 42.1192092895508 42.1160888671875 42.1129188537598 42.1097412109375 42.1065406799316 42.1033592224121 42.1002082824707 42.0970916748047 42.0940093994141 42.0909309387207 42.0877990722656 42.0846290588379 42.0877685546875 42.0971984863281 42.106559753418 42.1158485412598 42.1251487731934 42.134521484375 42.1439514160156 42.1534690856934 42.1630516052246 42.1726303100586 42.182071685791 42.1911506652832 42.1969108581543 42.1994400024414 42.2018394470215 42.2041893005371 42.2065887451172 42.2090682983398 42.2116088867188 42.214168548584 42.2167282104492 42.2192611694336 42.2217407226563 42.2236404418945 42.2294387817383 42.2392997741699 42.2490692138672 42.2589111328125 42.268798828125 42.2786483764649 42.2884407043457 42.2981109619141 42.3076705932617 42.3171806335449 42.326889038086 42.3370513916016
41.9564781188965 41.9801902770996 41.9904899597168 41.9873695373535 41.9840812683106 41.9807891845703 41.9775009155274 41.9742088317871 41.9709205627441 41.9676399230957 41.9643516540527 41.9610595703125 41.9577789306641 41.9544982910156 41.9563713073731 41.96337890625 41.9703903198242 41.977409362793 41.9844207763672 41.991439819336 41.9984512329102 42.0054588317871 42.0124816894531 42.0194892883301 42.0264587402344 42.0331611633301 42.0370903015137 42.0382194519043 42.0392112731934 42.0401992797852 42.0411911010742 42.0421905517578 42.0431785583496 42.0441703796387 42.0451698303223 42.0461616516113 42.0470504760742 42.0472602844238 42.0524291992188 42.0625 42.0721893310547 42.0818710327149 42.0915603637695 42.1012496948242 42.1109313964844 42.1206207275391 42.1303100585938 42.1399993896485 42.1497383117676 42.1599617004395
41.832878112793 41.8531684875488 41.861759185791 41.8586311340332 41.8552093505859 41.8517799377441 41.8483505249024 41.8449211120606 41.841480255127 41.8380508422852 41.8346290588379 41.8311882019043 41.8277816772461 41.8244018554688 41.8250007629395 41.8295593261719 41.8341598510742 41.8387603759766 41.8433494567871 41.8479499816895 41.8525505065918 41.8571395874024 41.8617401123047 41.866340637207 41.8708992004395 41.8753700256348 41.8773994445801 41.8769798278809 41.8764991760254 41.8760108947754 41.8755187988281 41.8750305175781 41.8745307922363 41.8740386962891 41.8735504150391 41.8730583190918 41.8723297119141 41.8710708618164 41.8755111694336 41.885669708252 41.8953399658203 41.9049911499024 41.9146308898926 41.9242706298828 41.9339103698731 41.9435501098633 41.9531898498535 41.9628295898438 41.9725914001465 41.9826507568359
41.7092895507813 41.726188659668 41.7330513000488 41.7298698425293 41.7263488769531 41.722770690918 41.7192001342774 41.7156181335449 41.7120399475098 41.7084693908691 41.7048988342285 41.7013206481934 41.6977882385254 41.6943092346191 41.6936302185059 41.6957511901855 41.6979217529297 41.7000999450684 41.7022895812988 41.7044715881348 41.7066497802734 41.7088317871094 41.7110099792481 41.7131881713867 41.7154197692871 41.717700958252 41.7178192138672 41.7157783508301 41.7137908935547 41.7118110656738 41.7098388671875 41.7078590393066 41.7058906555176 41.7039108276367 41.7019309997559 41.699951171875 41.6976890563965 41.695011138916 41.6987190246582 41.7088203430176 41.7184982299805 41.728099822998 41.7376899719238 41.7472915649414 41.7568893432617 41.7664794921875 41.7760810852051 41.7856712341309 41.7953605651856 41.8051986694336
41.5857391357422 41.599250793457 41.6043891906738 41.6011199951172 41.5974807739258 41.5937614440918 41.5900382995606 41.5863189697266 41.5825996398926 41.5788803100586 41.5751609802246 41.5714492797852 41.567798614502 41.5642204284668 41.5622596740723 41.561939239502 41.5616798400879 41.561450958252 41.5612182617188 41.5609817504883 41.5607490539551 41.5605087280274 41.5602798461914 41.5600509643555 41.5599784851074 41.5600891113281 41.5582809448242 41.5545883178711 41.5510787963867 41.5476188659668 41.5441589355469 41.540699005127 41.537239074707 41.5337791442871 41.5303192138672 41.5268516540527 41.5231094360352 41.5190505981445 41.5220184326172 41.5320091247559 41.5416603088379 41.5512084960938 41.5607604980469 41.5703086853027 41.5798606872559 41.5894088745117 41.5989608764649 41.6085090637207 41.6180801391602 41.627670288086
41.4622383117676 41.4723815917969 41.4757690429688 41.4723892211914 41.4686088562012 41.4647483825684 41.4608917236328 41.4570198059082 41.4531593322754 41.4492988586426 41.4454307556152 41.4415702819824 41.437801361084 41.4341201782227 41.4308891296387 41.4281196594238 41.4254493713379 41.4227981567383 41.4201507568359 41.4174995422363 41.4148483276367 41.4121894836426 41.4095497131348 41.406909942627 41.404541015625 41.4024696350098 41.3987503051758 41.3934097290039 41.388370513916 41.383430480957 41.3784790039063 41.3735389709473 41.3685913085938 41.363639831543 41.358699798584 41.3537406921387 41.3485794067383 41.3431510925293 41.3453788757324 41.3552284240723 41.3648185729981 41.3743209838867 41.3838310241699 41.3933296203613 41.4028396606445 41.412338256836 41.4218406677246 41.4313507080078 41.4407691955567 41.4500999450684
41.3387908935547 41.3455696105957 41.3472099304199 41.3436889648438 41.3397407531738 41.3357391357422 41.331729888916 41.3277206420899 41.3237190246582 41.319709777832 41.3157005310059 41.3116989135742 41.3078002929688 41.3040084838867 41.2995109558106 41.2943000793457 41.2892189025879 41.2841491699219 41.2790794372559 41.2740097045899 41.2689514160156 41.2638816833496 41.2588081359863 41.2537498474121 41.2490386962891 41.2447700500488 41.2391510009766 41.2321815490723 41.2256584167481 41.2192306518555 41.2127990722656 41.2063713073731 41.1999397277832 41.1935081481934 41.1870803833008 41.1806488037109 41.1740684509277 41.1672897338867 41.168758392334 41.1784706115723 41.1879806518555 41.1974411010742 41.206901550293 41.2163505554199 41.2258110046387 41.235279083252 41.2447319030762 41.2541885375977 41.2635002136231 41.2725791931152
41.2154083251953 41.2188491821289 41.2187309265137 41.2150115966797 41.210880279541 41.206729888916 41.202579498291 41.198429107666 41.1942710876465 41.190128326416 41.1859703063965 41.1818199157715 41.1777610778809 41.1738586425781 41.1680908203125 41.1604690551758 41.1529808044434 41.1455001831055 41.1380081176758 41.1305313110352 41.1230506896973 41.1155586242676 41.108081817627 41.1006011962891 41.0934410095215 41.0869483947754 41.0794296264649 41.0709114074707 41.0629501342774 41.0550384521485 41.047119140625 41.0392112731934 41.0312881469727 41.023380279541 41.0154609680176 41.0075492858887 40.999568939209 40.9914283752442 40.9921493530274 41.001708984375 41.0111312866211 41.0205497741699 41.0299606323242 41.0393791198731 41.0487899780274 41.0582008361817 41.0676193237305 41.0770301818848 41.0862808227539 41.0951385498047
41.0920906066895 41.0922317504883 41.0903205871582 41.0862998962402 41.0820083618164 41.0777091979981 41.0734214782715 41.0691299438477 41.0648307800293 41.0605392456055 41.0562400817871 41.0519409179688 41.0476989746094 41.0436706542969 41.0366516113281 41.0266494750977 41.0167388916016 41.0068397521973 40.996940612793 40.9870491027832 40.9771385192871 40.9672508239746 40.9573402404785 40.9474487304688 40.9377288818359 40.9289207458496 40.9195289611816 40.9096412658691 40.9002418518066 40.8908386230469 40.8814392089844 40.8720397949219 40.8626518249512 40.8532485961914 40.8438491821289 40.8344497680664 40.8250389099121 40.8155403137207 40.8154983520508 40.8249206542969 40.8342895507813 40.8436584472656 40.8530311584473 40.8624000549316 40.871768951416 40.8811416625977 40.8904991149902 40.8998718261719 40.9091606140137 40.9178695678711
40.9687805175781 40.9657402038574 40.9619598388672 40.9575805664063 40.9532203674316 40.9489784240723 40.9447288513184 40.9404106140137 40.9359817504883 40.9314002990723 40.9267082214356 40.9220809936524 40.9176406860352 40.9134292602539 40.9051704406738 40.8928184509277 40.8806610107422 40.8687591552734 40.8568000793457 40.8446617126465 40.8322982788086 40.819709777832 40.8069610595703 40.7943000793457 40.7819786071777 40.7705993652344 40.7594718933106 40.748420715332 40.7376899719238 40.7272415161133 40.7166595458985 40.7058792114258 40.6948890686035 40.6837310791016 40.6724891662598 40.6613502502442 40.6504592895508 40.6395797729492 40.6388015747071 40.648120880127 40.6575088500977 40.6669807434082 40.6763801574707 40.6856803894043 40.6949195861817 40.7041511535645 40.7134017944336 40.7227096557617 40.7320289611817 40.7408103942871
40.845401763916 40.8394012451172 40.8334999084473 40.8293800354004 40.8253402709961 40.8212814331055 40.8171501159668 40.8128814697266 40.8084297180176 40.8037605285645 40.7988204956055 40.7935409545899 40.7879791259766 40.7831001281738 40.7738494873047 40.7602996826172 40.7467384338379 40.7329406738281 40.7188491821289 40.704460144043 40.6897506713867 40.6746597290039 40.6591796875 40.6432800292969 40.6270294189453 40.611930847168 40.5996589660645 40.5887107849121 40.5775985717774 40.5660285949707 40.5540504455566 40.5417098999023 40.5290489196777 40.5161209106445 40.5029792785645 40.4896697998047 40.4762802124024 40.4635200500488 40.4620780944824 40.4719886779785 40.4817390441895 40.4911918640137 40.5004081726074 40.5094795227051 40.5184516906738 40.527400970459 40.5363883972168 40.5454902648926 40.5547714233399 40.5640182495117
40.7229690551758 40.7137908935547 40.7063407897949 40.7023811340332 40.6984786987305 40.6945304870605 40.6904983520508 40.6863403320313 40.6820106506348 40.6774406433106 40.6725807189941 40.6673889160156 40.6618118286133 40.6567115783692 40.646598815918 40.6309700012207 40.6152000427246 40.5991592407227 40.582820892334 40.5661697387695 40.5491790771484 40.5318183898926 40.5140495300293 40.4958190917969 40.4771385192871 40.4592399597168 40.4454193115234 40.4330406188965 40.4202690124512 40.4070091247559 40.393310546875 40.3792495727539 40.364860534668 40.3502082824707 40.3353309631348 40.3202590942383 40.305061340332 40.290340423584 40.2880516052246 40.2977294921875 40.30712890625 40.3162117004395 40.3250503540039 40.3337211608887 40.3423118591309 40.3508682250977 40.3594703674316 40.3681907653809 40.3770904541016 40.3860893249512
40.6265296936035 40.6154289245606 40.6075592041016 40.6031799316406 40.5988998413086 40.5947189331055 40.590518951416 40.586238861084 40.5818405151367 40.5772705078125 40.5725593566895 40.5678215026855 40.5633697509766 40.5591697692871 40.5481986999512 40.5304107666016 40.512939453125 40.4956817626953 40.4782981872559 40.4607200622559 40.4429092407227 40.4248390197754 40.406551361084 40.3882598876953 40.3704299926758 40.3536605834961 40.3379592895508 40.3229789733887 40.308479309082 40.2941589355469 40.279670715332 40.2649307250977 40.2499809265137 40.2348403930664 40.2195816040039 40.2043609619141 40.1894912719727 40.1747894287109 40.1715202331543 40.1796417236328 40.1879081726074 40.196231842041 40.2044410705566 40.2125511169434 40.220588684082 40.2286109924316 40.2366790771484 40.2447891235352 40.2529411315918 40.2605590820313
40.5550498962402 40.5435104370117 40.5355911254883 40.5312385559082 40.5265998840332 40.5219688415527 40.5173416137695 40.5127105712891 40.5080795288086 40.5034484863281 40.4988098144531 40.4941787719727 40.4896011352539 40.4852294921875 40.4743995666504 40.4571304321289 40.43994140625 40.4227600097656 40.4055786132813 40.3884010314941 40.3712196350098 40.3540306091309 40.3368492126465 40.3196716308594 40.3026885986328 40.2869415283203 40.2715301513672 40.2565498352051 40.2421607971191 40.2277793884277 40.2133903503418 40.1990089416504 40.1846199035645 40.170238494873 40.1558494567871 40.141471862793 40.1271095275879 40.1129684448242 40.1095008850098 40.1167106628418 40.1240310668945 40.1313591003418 40.1386909484863 40.1460113525391 40.1533393859863 40.1606597900391 40.1679916381836 40.1753196716309 40.1825714111328 40.1891708374024
