Spatial_Analysis/Maxent_Inputs/Inputs/RCP4_5_Near/PAR_near45.asc
NCOLS 638 
NROWS 314 
XLLCORNER -102.97071042 
YLLCORNER 3.973116569 
CELLSIZE 0.083 
NODATA_value -9999 
[rows 132 to 153 of 314, columns 300 to 349 of 638]
45.2350616455078 45.2010307312012 45.1669998168945 45.1329803466797 45.0989608764648 45.0650215148926 45.0262718200684 44.9827194213867 44.9392395019531 44.8958206176758 44.8524017333984 44.8089904785156 44.7655792236328 44.7221603393555 44.6787490844727 44.6353416442871 44.5919799804688 44.5489616394043 44.5625495910645 44.6327209472656 44.7032012939453 44.7740097045898 44.8448715209961 44.9157295227051 44.9865913391113 45.0574417114258 45.1282997131348 45.199161529541 45.2700614929199 45.3412284851074 45.4157905578613 45.4937210083008 45.5719108581543 45.6503791809082 45.7289009094238 45.8074188232422 45.8860397338867 45.9644584655762 46.0429801940918 46.1214981079102 46.2000694274902 46.2789993286133 46.3429412841797 46.3918495178223 46.4411201477051 46.490779876709 46.5405197143555 46.5902404785156 46.6399803161621 46.6897201538086
45.1793518066406 45.137580871582 45.0958099365234 45.0540390014648 45.012279510498 44.9705505371094 44.9257507324219 44.8778610229492 44.830020904541 44.7822189331055 44.7344093322754 44.6866188049316 44.6388206481934 44.5910110473633 44.5432090759277 44.4954109191894 44.4476699829102 44.4003295898438 44.4137001037598 44.4877510070801 44.5621910095215 44.6370391845703 44.7119102478027 44.7868003845215 44.8616790771484 44.9365615844727 45.0114402770996 45.0863304138184 45.1612396240234 45.2364501953125 45.3123588562012 45.3889617919922 45.4658584594727 45.5430488586426 45.6202697753906 45.697639465332 45.774730682373 45.8519515991211 45.9291801452637 46.0064010620117 46.0836601257324 46.1612091064453 46.2245216369629 46.2735786437988 46.322940826416 46.3726196289062 46.4223403930664 46.4720687866211 46.5217895507812 46.5715103149414
45.1236381530762 45.0741310119629 45.0246086120605 44.9750900268555 44.9255790710449 44.876091003418 44.8252296447754 44.7730102539062 44.7207984924316 44.6686096191406 44.6164207458496 44.5642395019531 44.5120506286621 44.4598617553711 44.4076805114746 44.3554916381836 44.3033294677734 44.2516212463379 44.2647590637207 44.342700958252 44.4211692810059 44.5000610351562 44.5789604187012 44.6578712463379 44.7367706298828 44.8156814575195 44.8945808410645 44.9734992980957 45.0524101257324 45.1316108703613 45.2088813781738 45.2841606140137 45.359790802002 45.4357109069824 45.5117988586426 45.5875701904297 45.6635093688965 45.7394409179688 45.8153800964355 45.891300201416 45.9672508239746 46.0433883666992 46.1060791015625 46.1552886962891 46.204761505127 46.2544593811035 46.3041687011719 46.353889465332 46.4035911560059 46.4533081054688
45.0679206848145 45.010669708252 44.9534111022949 44.8961601257324 44.8389015197754 44.7816390991211 44.7247200012207 44.6681594848633 44.6115913391113 44.5550117492676 44.4984397888184 44.4418601989746 44.3852882385254 44.3287200927734 44.2721405029297 44.2155609130859 44.1589889526367 44.1027984619141 44.1156806945801 44.1975517272949 44.2801513671875 44.3630790710449 44.4460105895996 44.528938293457 44.6118698120117 44.6948013305664 44.7777290344238 44.8606605529785 44.9435997009277 45.0267295837402 45.1053199768066 45.1793098449707 45.2537307739258 45.3285293579101 45.4030113220215 45.4776496887207 45.5522918701172 45.6269302368164 45.7015686035156 45.7762107849121 45.8508491516113 45.9255790710449 45.9876403808594 46.0370101928711 46.0866012573242 46.1362991333008 46.1860008239746 46.2356986999512 46.285400390625 46.3351097106934
45.0123291015625 44.9472999572754 44.8822402954102 44.817211151123 44.7522087097168 44.6872100830078 44.6242408752441 44.5633316040039 44.502368927002 44.4414100646973 44.380500793457 44.3196182250977 44.2586898803711 44.1977005004883 44.1366500854492 44.0756416320801 44.0146789550781 43.9538803100586 43.9664192199707 44.0523109436035 44.1391487121582 44.2261009216309 44.3131103515625 44.4001502990723 44.4871292114258 44.5740394592285 44.6609191894531 44.7478294372559 44.834789276123 44.9218101501465 45.0016899108887 45.0744209289551 45.1478500366211 45.2210388183594 45.2943916320801 45.3677597045898 45.4411010742188 45.5144309997559 45.587760925293 45.6611099243164 45.7344589233398 45.8078193664551 45.8692588806152 45.9187812805176 45.9684410095215 46.018138885498 46.0678100585937 46.117488861084 46.1671714782715 46.216869354248
44.9574394226074 44.8846282958984 44.811710357666 44.7387199401855 44.6656684875488 44.5927886962891 44.523811340332 44.4585113525391 44.3933792114258 44.3284187316895 44.2634201049805 44.1983413696289 44.133129119873 44.0677680969238 44.0022392272949 43.9365196228027 43.8706588745117 43.8050117492676 43.8168907165527 43.907169342041 43.9984703063965 44.089958190918 44.1812896728516 44.2724418640137 44.363410949707 44.4542388916016 44.5449485778809 44.635570526123 44.7261695861816 44.8169593811035 44.89794921875 44.9697494506836 45.0417594909668 45.1139717102051 45.1860694885254 45.2580909729004 45.3300514221191 45.4019889831543 45.4739418029785 45.5459403991699 45.6180191040039 45.6901206970215 45.7509498596191 45.8006095886231 45.9684410095215 46.018138885498 46.0678100585937 46.117488861084 46.0486488342285 46.0983581542969
44.9032211303711 44.822639465332 44.7419395446777 44.6611289978027 44.5801696777344 44.499080657959 44.423511505127 44.3545913696289 44.2855911254883 44.2165107727051 44.1473197937012 44.078010559082 44.0085487365723 43.9389190673828 43.8690795898438 43.7989807128906 43.7285881042481 43.6578102111816 43.6672515869141 43.7637214660645 43.8597297668457 43.9553604125977 44.0507011413574 44.1457786560059 44.2406692504883 44.3353691101074 44.4299392700195 44.5243911743164 44.6187400817871 44.7130088806152 44.7941398620605 44.8654899597168 44.9365692138672 45.0074195861816 45.0780906677246 45.1486511230469 45.2191505432129 45.2896194458008 45.3600997924805 45.4306411743164 45.5012893676758 45.5721092224121 45.632740020752 45.6820907592774 -9999 -9999 -9999 -9999 46.0486488342285 46.0983581542969
44.8496208190918 -9999 -9999 -9999 -9999 -9999 -9999 -9999 44.1790199279785 -9999 44.0321197509766 43.9585609436035 43.8848915100098 43.8110694885254 43.7370681762695 43.6628913879394 43.5885581970215 43.5144882202148 43.5259895324707 43.623950958252 43.7229614257812 43.8221702575684 43.9212417602539 44.0201110839844 44.1188201904297 44.2173805236816 44.3158187866211 44.4141807556152 44.5125198364258 44.6110610961914 44.6944007873535 44.7630081176758 44.8321495056152 44.9013290405273 44.9704208374024 45.0394287109375 45.1083793640137 45.1772994995117 45.2462387084961 45.3152198791504 45.3842811584473 45.453369140625 45.5127906799316 45.4486083984375 -9999 -9999 -9999 -9999 -9999 -9999
-9999 -9999 -9999 -9999 -9999 -9999 -9999 -9999 -9999 -9999 -9999 -9999 -9999 -9999 43.7005004882812 43.6250114440918 43.549560546875 43.4743003845215 43.4838600158691 43.5782699584961 43.6736793518066 43.7692184448242 43.864818572998 43.9604301452637 44.0559997558594 44.1515083312988 44.2469711303711 44.3424797058105 44.4380302429199 44.5336494445801 44.6142616271973 44.6798706054688 44.7460403442383 44.8123092651367 44.8785705566406 44.9448509216309 45.011100769043 45.0773506164551 45.1436004638672 45.2098503112793 45.2761116027832 45.3423690795898 45.3998718261719 45.4486083984375 -9999 -9999 -9999 -9999 -9999 -9999
-9999 -9999 -9999 -9999 -9999 -9999 -9999 -9999 -9999 -9999 -9999 -9999 -9999 -9999 -9999 43.6845283508301 43.6099090576172 43.5357208251953 43.540828704834 43.6251411437988 43.7102508544922 43.7957611083984 43.8812599182129 43.9667587280273 44.0522499084473 44.1377487182617 44.223258972168 44.3087501525879 44.3942489624023 44.4799880981445 44.5537300109863 44.6154594421387 44.6776390075684 44.7400588989258 44.8024787902832 44.8649101257324 44.9273300170898 44.9897499084473 45.0521812438965 45.1146011352539 45.1770286560059 45.2394599914551 45.2940101623535 45.3406600952148 45.3873405456543 45.3219909667969 45.4807205200195 -9999 -9999 -9999
-9999 -9999 -9999 -9999 -9999 -9999 -9999 -9999 -9999 -9999 -9999 -9999 -9999 -9999 -9999 43.6845283508301 43.6099090576172 43.5357208251953 43.5976181030273 43.6719207763672 43.7468490600586 43.8222885131836 43.8977508544922 43.9732093811035 44.0486602783203 44.1241111755371 44.1995697021484 44.2750282287598 44.3504905700684 44.4262886047363 44.4931297302246 44.5509986877441 44.6092414855957 44.6678085327148 44.7263984680176 44.7849884033203 44.8435783386231 44.9021682739258 44.9607582092285 45.0193481445313 45.0779418945312 45.1365699768066 45.1881713867188 45.2327308654785 45.2773284912109 45.3219909667969 45.3666381835937 45.4113006591797 -9999 -9999
44.9083518981934 -9999 -9999 -9999 -9999 -9999 -9999 -9999 -9999 -9999 -9999 -9999 -9999 -9999 -9999 -9999 -9999 -9999 -9999 -9999 -9999 43.848819732666 43.9142417907715 43.9796485900879 44.0450592041016 44.1104698181152 44.1758804321289 44.2412910461426 44.3067512512207 44.3725395202637 44.4324607849121 44.4864883422852 44.5408592224121 44.5955696105957 44.6503295898438 44.7050895690918 44.7598304748535 44.8145904541016 44.8693389892578 44.9240989685059 44.9788589477539 45.03369140625 45.0823402404785 45.1248016357422 45.1673393249512 45.2099418640137 45.2525596618652 45.2951812744141 45.3377914428711 45.3804092407227
44.9328308105469 44.8924903869629 -9999 -9999 -9999 -9999 -9999 -9999 -9999 -9999 -9999 -9999 -9999 -9999 -9999 -9999 -9999 -9999 -9999 -9999 -9999 43.9389743804932 43.9307289123535 43.9860992431641 44.0414695739746 44.0968399047851 44.1521911621094 44.2075691223145 44.2629890441895 44.3187408447266 44.3717308044434 44.4219398498535 44.4724617004395 44.5233306884766 44.5742492675781 44.625171661377 44.6760902404785 44.7270088195801 44.7779312133789 44.8288497924805 44.8797798156738 44.9308013916016 44.9765014648438 45.0168800354004 45.0573310852051 45.097900390625 45.1384811401367 45.1790504455566 45.2196311950684 45.2602081298828
44.9573097229004 44.8924903869629 44.8276710510254 -9999 -9999 -9999 -9999 -9999 -9999 -9999 -9999 44.2642097473145 -9999 -9999 44.0526504516602 43.9226112365723 43.9116401672363 -9999 -9999 -9999 -9999 43.9554653167725 43.9472198486328 43.9925498962402 44.0378684997559 44.0831909179688 44.1285209655762 44.1738395690918 44.2192001342773 44.2648887634277 44.3109397888184 44.3573303222656 44.4040489196777 44.4510803222656 44.4981689453125 44.5452613830566 44.5923385620117 44.6394195556641 44.6865081787109 44.7336006164551 44.780689239502 44.8278999328613 44.8706512451172 44.9089393615723 44.9473304748535 44.9858512878418 45.0243911743164 45.062931060791 45.1014709472656 45.1399993896484
44.9817886352539 44.9219398498535 44.8620910644531 44.8022499084473 -9999 -9999 -9999 -9999 -9999 -9999 -9999 44.2642097473145 44.1936912536621 -9999 44.0526504516602 43.9821281433105 43.9116401672363 43.8414916992188 -9999 -9999 -9999 43.9554653167725 43.9637107849121 43.9989891052246 44.0342712402344 44.0695495605469 44.1048316955566 44.1401100158691 44.1754112243652 44.2109985351562 44.2500991821289 44.2926788330078 44.3356094360351 44.3788414001465 44.4220886230469 44.4653396606445 44.5085906982422 44.5518417358398 44.5950889587402 44.6383399963379 44.6815910339355 44.7249794006348 44.7647705078125 44.800968170166 44.8373184204101 44.8738098144531 44.9103088378906 44.9468002319336 44.9832992553711 45.0197982788086
45.0062789916992 44.9513893127441 44.8965110778809 44.8416290283203 44.786750793457 44.7321090698242 44.6696815490723 44.5994110107422 44.529541015625 -9999 44.292329788208 44.3204498291016 44.2507514953613 44.1810493469238 44.1113510131836 44.0416488647461 43.9719505310059 43.9024887084961 43.8800811767578 43.9047012329102 43.9297294616699 43.9549598693848 43.9802017211914 44.0054397583008 44.0306816101074 44.055908203125 44.0811500549316 44.1063804626465 44.1316184997559 44.1570587158203 44.1892013549805 44.2279891967773 44.2671890258789 44.3065910339356 44.3460083007812 44.3854293823242 44.4248390197754 44.4642601013184 44.5036811828613 44.5430908203125 44.5825119018555 44.6220207214356 44.6588516235352 44.6929702758789 44.7272987365723 44.7617607116699 44.7962188720703 44.830680847168 44.8651390075684 44.899600982666
45.030818939209 44.980899810791 44.9309387207031 44.8810195922852 44.8311080932617 44.7813110351562 44.7216911315918 44.6522598266602 44.5833206176758 44.5144386291504 44.3486042022705 44.3767585754395 44.3079109191895 44.2390098571777 44.1700706481934 44.1011695861816 44.032299041748 43.9634895324707 43.9364509582519 43.9511795043945 43.9663009643555 43.9814987182617 43.9967308044434 44.0120010375977 44.027229309082 44.0423889160156 44.0574989318848 44.0726509094238 44.0878410339355 44.1031112670899 44.1282501220703 44.1632690429688 44.1987686157227 44.2343482971191 44.2699699401855 44.3056488037109 44.3412704467774 44.3768196105957 44.4123115539551 44.4478416442871 44.4834213256836 44.5190391540527 44.5528717041016 44.5849304199219 44.6172904968262 44.6497192382813 44.6821708679199 44.7146911621094 44.7471694946289 44.7795486450195
45.0558204650879 45.0108489990234 44.9658088684082 44.9207000732422 44.8755493164062 44.8305206298828 44.7735786437988 44.705150604248 44.6372413635254 44.5694618225098 44.501651763916 44.433780670166 44.3657989501953 44.2977294921875 44.2295303344727 44.1612091064453 44.0928001403809 44.0245780944824 43.9928283691406 43.997730255127 44.003101348877 44.0086898803711 44.0142097473145 44.0196113586426 44.0248718261719 44.0299606323242 44.0348892211914 44.0396614074707 44.044319152832 44.0492210388184 44.0672302246094 44.0986213684082 44.1306114196777 44.162899017334 44.1950912475586 44.2271308898926 44.2589797973633 44.2906494140625 44.3221282958984 44.3534393310547 44.3846282958984 44.4160804748535 44.4468116760254 44.4769096374512 44.5075302124023 44.5384902954102 44.5693588256836 44.6000518798828 44.6305694580078 44.6608695983887
45.0812606811523 45.0412788391113 45.0012092590332 44.9610481262207 44.9207801818848 44.8803596496582 44.8253593444824 44.7587509155274 44.6920700073242 44.6253089904785 44.5584487915039 44.4914894104004 44.4244194030762 44.3572311401367 44.2898788452148 44.2223701477051 44.1546401977539 44.086669921875 44.049259185791 44.04541015625 44.0414085388184 44.0372085571289 44.0328407287598 44.0282897949219 44.0235710144043 44.0186614990234 44.0135498046875 44.0082092285156 44.0026092529297 43.9967002868652 44.0061492919922 44.0353393554688 44.0643615722656 44.0931091308594 44.1216087341309 44.1498908996582 44.1779403686523 44.2057800292969 44.2333908081055 44.2607498168945 44.2878494262695 44.3146286010742 44.340690612793 44.3702697753906 44.3998184204102 44.429069519043 44.4580612182617 44.4868011474609 44.5153007507324 44.543571472168
45.1071090698242 45.072151184082 45.037109375 45.0019989013672 44.9668388366699 44.9317817687988 44.8805809020996 44.8139114379883 44.7478485107422 44.6819000244141 44.6159210205078 44.5498580932617 44.4837112426758 44.4174499511719 44.3510589599609 44.2845497131348 44.2179183959961 44.1514511108398 44.1107597351074 44.0958290100098 44.081298828125 44.066951751709 44.0525283813476 44.037971496582 44.0232582092285 44.0083885192871 43.993350982666 43.978141784668 43.9627990722656 43.9476585388184 43.9518890380859 43.975700378418 44.0001411437988 44.0248413085938 44.049430847168 44.0738410949707 44.0980682373047 44.1221084594727 44.1459503173828 44.169620513916 44.1931381225586 44.216869354248 44.2416687011719 44.2676811218262 44.2943382263184 44.3213005065918 44.3481597900391 44.3748207092285 44.4012908935547 44.4275512695313
45.0804710388184 45.0487594604492 45.0170402526855 44.9853286743164 44.9536514282227 44.9221305847168 44.874439239502 44.8105812072754 44.7475318908691 44.6845588684082 44.621639251709 44.5587310791016 44.4957885742188 44.4328002929688 44.369758605957 44.3067512512207 44.2437782287598 44.1808280944824 44.140251159668 44.1220397949219 44.103931427002 44.0858306884766 44.0677909851074 44.0497703552246 44.0317115783691 44.0135688781738 43.9953689575195 43.9771995544434 43.9590911865234 43.9410400390625 43.9427909851074 43.9643707275391 43.9863510131836 44.0083808898926 44.0304908752441 44.0526313781738 44.0747108459473 44.0966987609863 44.1186218261719 44.1405715942383 44.1626014709473 44.1846809387207 44.2077102661133 44.2317199707031 44.2561798095703 44.2807197570801 44.3053398132324 44.3299903869629 44.3545913696289 44.3790893554688
45.001350402832 44.9711418151855 44.9409294128418 44.9107208251953 44.8805084228516 44.8507804870605 44.8066596984863 44.7481002807617 44.6903495788574 44.6329498291016 44.5755310058594 44.5181198120117 44.4607086181641 44.4033012390137 44.3458786010742 44.2884712219238 44.2310600280762 44.1736488342285 44.1375617980957 44.1227989196777 44.108039855957 44.0932693481445 44.0785102844238 44.0637512207031 44.0489807128906 44.0342216491699 44.0194511413574 44.0046882629395 43.9899291992188 43.9753189086914 43.9786109924316 43.9998207092285 44.0213203430176 44.0429801940918 44.0646286010742 44.0862808227539 44.1079406738281 44.1295890808105 44.1512489318848 44.1729011535645 44.1945610046387 44.2163887023926 44.2384910583496 44.260799407959 44.283519744873 44.3064613342285 44.3293991088867 44.3523483276367 44.3752899169922 44.3982391357422
