Spatial_Analysis/Maxent_Inputs/Inputs/RCP4_5_Near/PAR_near45.asc
NCOLS 638 
NROWS 314 
XLLCORNER -102.97071042 
YLLCORNER 3.973116569 
CELLSIZE 0.083 
NODATA_value -9999 
[rows 110 to 131 of 314, columns 400 to 449 of 638]
44.2623710632324 44.2285804748535 44.2049217224121 44.190788269043 44.1812400817871 44.1765098571777 44.1726303100586 44.1687316894531 44.1648406982422 44.1609497070312 44.1570587158203 44.1531715393066 44.1492805480957 44.1455001831055 44.1518898010254 44.1684112548828 44.1851692199707 44.2021713256836 44.2192192077637 44.236270904541 44.2533187866211 44.2703704833984 44.2874183654785 44.3044700622559 44.3215217590332 44.3383407592773 44.3519706726074 44.3624801635742 44.3724708557129 44.3819007873535 44.3912010192871 44.4005088806152 44.4098014831543 44.4191093444824 44.428409576416 44.4377098083496 44.4470100402832 44.4564399719238 44.462459564209 44.465030670166 44.4679298400879 44.47119140625 44.4745483398438 44.4779090881348 44.481258392334 44.484619140625 44.487979888916 44.4913291931152 44.4946784973145 44.497989654541
44.277889251709 44.2421417236328 44.2179489135742 44.205020904541 44.1974601745606 44.1941719055176 44.1910209655762 44.1878814697266 44.1847305297852 44.1815910339355 44.1784400939941 44.1752891540527 44.1721496582031 44.1690406799316 44.1764907836914 44.1945190429688 44.2127189636231 44.2310791015625 44.2494506835938 44.2678184509277 44.286190032959 44.3045616149902 44.3229217529297 44.3412895202637 44.3596611022949 44.3779106140137 44.3930397033691 44.4050483703613 44.4163703918457 44.427059173584 44.4377288818359 44.4483909606934 44.4590492248535 44.4697113037109 44.4803695678711 44.4910316467285 44.5016899108887 44.5124206542969 44.51953125 44.5230102539063 44.5270118713379 44.5314598083496 44.535961151123 44.540470123291 44.5449600219727 44.5494689941406 44.5539703369141 44.5584602355957 44.5629692077637 44.567440032959
44.293399810791 44.2558708190918 44.2303199768066 44.2187881469727 44.2142295837402 44.2118301391602 44.2094116210938 44.206958770752 44.2045097351074 44.202091217041 44.1997184753418 44.1973991394043 44.195011138916 44.1926116943359 44.2011489868164 44.2206611633301 44.2403106689453 44.2599906921387 44.2796211242676 44.2991600036621 44.3187713623047 44.3384704589844 44.3582496643066 44.3780708312988 44.3978004455566 44.41748046875 44.4342803955078 44.4477691650391 44.4602088928223 44.4722290039062 44.4841995239258 44.4961395263672 44.5081214904785 44.5201683044434 44.5322494506836 44.5443382263184 44.5563812255859 44.5684013366699 44.5764198303223 44.5808296203613 44.5861015319824 44.591739654541 44.5973701477051 44.602970123291 44.6085815429687 44.6142196655274 44.6198806762695 44.6255798339844 44.6312408447266 44.6368904113769
44.3088912963867 44.2706718444824 44.242130279541 44.2328491210937 44.231128692627 44.2293510437012 44.2274894714355 44.2256088256836 44.2237396240234 44.2219314575195 44.2202415466309 44.2187194824219 44.2173881530762 44.2161598205566 44.2258911132812 44.246898651123 44.2676887512207 44.2880897521973 44.3085708618164 44.3292198181152 44.3500595092773 44.3710708618164 44.3922805786133 44.4136695861816 44.4352416992188 44.4568405151367 44.475700378418 44.4905891418457 44.5038299560547 44.5167083740234 44.5297508239746 44.5429916381836 44.5563888549805 44.5699195861816 44.5835418701172 44.5971908569336 44.61083984375 44.6244201660156 44.633129119873 44.6384887695312 44.645191192627 44.6518402099609 44.6584701538086 44.665111541748 44.6717796325684 44.6785087585449 44.6853103637695 44.6921997070313 44.6991882324219 44.706241607666
44.3243103027344 44.2855606079102 44.255859375 44.2490005493164 44.2478790283203 44.2466087341309 44.2452392578125 44.2438507080078 44.2424697875977 44.2411689758301 44.2400093078613 44.2390403747559 44.2383308410645 44.2379684448242 44.2498397827148 44.2718696594238 44.293041229248 44.3144683837891 44.3361396789551 44.358039855957 44.3801498413086 44.4024696350098 44.4250106811524 44.4477806091309 44.4707908630371 44.4940795898438 44.5157814025879 44.5317993164062 44.5455513000488 44.5597114562988 44.5742111206055 44.5889701843262 44.603931427002 44.6190299987793 44.634220123291 44.649471282959 44.6647300720215 44.6799392700195 44.6898918151855 44.6962394714355 44.7039108276367 44.7115592956543 44.7192192077637 44.7268905639648 44.7346115112305 44.7423896789551 44.7502403259277 44.7582092285156 44.7663192749023 44.7745895385742
44.3396797180176 44.3004989624023 44.2735404968262 44.2655601501465 44.2644805908203 44.2636108398438 44.2626686096191 44.2616996765137 44.2607383728027 44.2598495483398 44.2590599060059 44.2584114074707 44.2579193115234 44.2574005126953 44.2688713073731 44.2925415039062 44.3161010742187 44.3392601013184 44.3624114990234 44.3856811523438 44.4091300964355 44.4327392578125 44.4565200805664 44.4804801940918 44.5045585632324 44.5285301208496 44.5501289367676 44.5683403015137 44.5850601196289 44.6013412475586 44.6176605224609 44.6341400146484 44.6507682800293 44.6675186157227 44.6843490600586 44.7012214660645 44.7180709838867 44.7348289489746 44.7461700439453 44.7534713745117 44.7621688842774 44.7709083557129 44.7796211242676 44.788330078125 44.7970809936523 44.8058700561523 44.8147201538086 44.8236694335938 44.8326797485352 44.8417091369629
44.331729888916 44.2928810119629 44.2703094482422 44.2649688720703 44.264820098877 44.2667694091797 44.2687301635742 44.2706718444824 44.2725982666016 44.2745513916016 44.276538848877 44.2785186767578 44.2804908752441 44.2824401855469 44.2961883544922 44.3217315673828 44.3472709655762 44.3727989196777 44.3983192443848 44.4237899780273 44.4492683410645 44.4748115539551 44.5004005432129 44.5259819030762 44.5515098571777 44.577018737793 44.5990791320801 44.6174087524414 44.6347007751465 44.6514587402344 44.6682205200195 44.6849403381348 44.7016716003418 44.718448638916 44.7352485656738 44.7520294189453 44.768798828125 44.7855606079102 44.797248840332 44.8041496276856 44.8120002746582 44.820369720459 44.8287391662598 44.8370895385742 44.8454399108887 44.8538093566895 44.8622093200684 44.8706016540527 44.8789596557617 44.8873405456543
44.3005218505859 44.2631416320801 44.2448196411133 44.2452392578125 44.249210357666 44.256290435791 44.2635498046875 44.270809173584 44.2780685424805 44.2853317260742 44.2925910949707 44.2998504638672 44.3071212768555 44.3143882751465 44.3320503234863 44.3600997924805 44.3881912231445 44.4163017272949 44.4444084167481 44.4725303649902 44.5006408691406 44.528751373291 44.5568618774414 44.5849685668945 44.6130790710449 44.641040802002 44.6633186340332 44.6799812316895 44.6959190368652 44.7111511230469 44.7263298034668 44.7414894104004 44.7566604614258 44.7718391418457 44.7869987487793 44.8021812438965 44.8173484802246 44.8326416015625 44.8428611755371 44.8479881286621 44.8537788391113 44.8602104187012 44.8667182922363 44.8732299804688 44.8797302246094 44.8862380981445 44.892749786377 44.8992500305176 44.9057693481445 44.9122695922852
44.2692985534668 44.2331886291504 44.2184791564941 44.2248001098633 44.233829498291 44.2457885742188 44.2583503723145 44.2709197998047 44.2834892272949 44.2960510253906 44.3086204528809 44.3211898803711 44.3337516784668 44.3463516235352 44.3679313659668 44.3984909057617 44.4291191101074 44.4598007202148 44.4904899597168 44.5211906433106 44.5518798828125 44.5825805664062 44.6132698059082 44.6439590454102 44.6746597290039 44.7050590515137 44.727710723877 44.7426910400391 44.7570915222168 44.7708511352539 44.7844314575195 44.7980117797852 44.811580657959 44.8251609802246 44.8387413024902 44.8523216247559 44.8658981323242 44.879711151123 44.8883399963379 44.8917007446289 44.8955917358398 44.9000511169434 44.9047012329102 44.9093399047852 44.913990020752 44.918628692627 44.9232711791992 44.927921295166 44.932559967041 44.9372406005859
44.2381210327148 44.2028388977051 44.1914710998535 44.2037506103516 44.21826171875 44.2352981567383 44.2531700134277 44.2710418701172 44.2889099121094 44.3067817687988 44.324649810791 44.3425102233887 44.3603897094727 44.3783111572266 44.4038200378418 44.4369010925293 44.4700508117676 44.5032997131348 44.5365791320801 44.5698509216309 44.6031303405762 44.6364097595215 44.6696815490723 44.7029609680176 44.7362289428711 44.7691497802734 44.7922210693359 44.8055191040039 44.8183212280273 44.8305397033691 44.842529296875 44.8545188903809 44.8665008544922 44.878490447998 44.8904685974121 44.902458190918 44.9144515991211 44.9267311096191 44.9337005615234 44.9352989196777 44.9373397827148 44.9398918151856 44.9426689147949 44.9454498291016 44.9482307434082 44.9510192871094 44.953800201416 44.9565811157227 44.959358215332 44.9622116088867
44.2069206237793 44.1721305847168 44.1639785766602 44.182258605957 44.202449798584 44.2248001098633 44.2479782104492 44.2711486816406 44.2943305969238 44.3175010681152 44.3406715393066 44.3638496398926 44.387020111084 44.4102783203125 44.4397087097168 44.4752998352051 44.5109901428223 44.5467987060547 44.5826606750488 44.6185188293457 44.654369354248 44.6902313232422 44.7260894775391 44.7619514465332 44.7977981567383 44.833309173584 44.8568305969238 44.8684387207031 44.8796005249023 44.8902397155762 44.9006309509277 44.911018371582 44.9214210510254 44.9318199157715 44.942211151123 44.9526100158691 44.9630012512207 44.9736785888672 44.9789695739746 44.9788093566895 44.9790496826172 44.9797286987305 44.9806594848633 44.9815711975098 44.9824905395508 44.9834098815918 44.9843292236328 44.9852409362793 44.9861602783203 44.9871788024902
44.1756706237793 44.1411590576172 44.1361618041992 44.1604614257812 44.1864395141602 44.2143211364746 44.242790222168 44.2712707519531 44.2997398376465 44.3282203674316 44.3567008972168 44.3851699829102 44.4136505126953 44.4422302246094 44.4755783081055 44.5136795043945 44.5519104003906 44.5903015136719 44.6287384033203 44.667179107666 44.7056198120117 44.7440605163574 44.7825012207031 44.8209381103516 44.8593788146973 44.897518157959 44.9215316772461 44.9314384460449 44.9409408569336 44.9499282836914 44.9587287902832 44.9675407409668 44.9763412475586 44.9851493835449 44.9939384460449 45.0027503967285 45.0115509033203 45.020580291748 45.024169921875 45.0222511291504 45.0207099914551 45.0195808410645 45.0186309814453 45.0176811218262 45.0167388916016 45.0157890319824 45.0148506164551 45.0139083862305 45.0129585266113 45.0121307373047
44.1444396972656 44.1100692749023 44.1081504821777 44.1384811401367 44.1703300476074 44.2038192749023 44.2375984191894 44.2713890075684 44.3051605224609 44.338939666748 44.372730255127 44.4065093994141 44.4402885437012 44.4741592407227 44.5114097595215 44.5520210266113 44.5928192138672 44.6338005065918 44.6748199462891 44.7158508300781 44.7568702697754 44.7978897094727 44.8389091491699 44.879940032959 44.9209594726562 44.9617805480957 44.9862785339355 44.994499206543 45.0023002624512 45.0096206665039 45.0168418884277 45.0240516662598 45.0312614440918 45.0384712219238 45.0456809997559 45.0528907775879 45.0601005554199 45.0674591064453 45.0693206787109 45.0656509399414 45.0623283386231 45.0594100952149 45.0566101074219 45.0537986755371 45.0509910583496 45.0481796264648 45.0453796386719 45.0425605773926 45.0397605895996 45.0370407104492
44.1132202148438 44.0789794921875 44.080078125 44.1164512634277 44.1542892456055 44.1933288574219 44.2324104309082 44.2714996337891 44.3105812072754 44.3496704101563 44.3887481689453 44.4278297424316 44.4669303894043 44.5060615539551 44.5471992492676 44.5903205871582 44.6337089538574 44.6772994995117 44.7209091186523 44.7645111083984 44.8081207275391 44.8517189025879 44.895320892334 44.9389305114746 44.9825286865234 45.026050567627 45.0510711669922 45.0576095581055 45.0636711120605 45.0693206787109 45.0749397277832 45.0805587768555 45.0861701965332 45.0917892456055 45.0974197387695 45.1030311584473 45.1086502075195 45.1143302917481 45.1144409179688 45.1090087890625 45.1039581298828 45.0992584228516 45.0945892333984 45.0899085998535 45.0852394104004 45.0805702209473 45.0759010314941 45.071231842041 45.0665588378906 45.0619316101074
44.0820083618164 44.0480690002441 44.0521202087402 44.0945510864258 44.1384506225586 44.1828308105469 44.2270889282227 44.2711410522461 44.3153610229492 44.3598098754883 44.4044494628906 44.4491310119629 44.4935493469238 44.5379486083984 44.5829086303711 44.6285705566406 44.6746215820312 44.7207984924316 44.7668991088867 44.8128395080566 44.8588790893555 44.9050903320312 44.9514694213867 44.9978790283203 45.0441017150879 45.0902900695801 45.1158981323242 45.1207313537598 45.1249885559082 45.1290092468262 45.1329689025879 45.136791229248 45.1406898498535 45.1447296142578 45.1489105224609 45.1531410217285 45.1571998596191 45.1612281799316 45.1595611572266 45.1523704528809 45.1456298828125 45.1390991210938 45.1325187683105 45.1258506774902 45.1192283630371 45.112720489502 45.1062889099121 45.0998687744141 45.0933494567871 45.0868186950684
44.0491981506348 44.0173797607422 44.0244216918945 44.0729789733887 44.1220588684082 44.1700706481934 44.2183990478516 44.2672805786133 44.3167114257812 44.3666381835938 44.4170303344727 44.4678001403809 44.5188598632812 44.5697898864746 44.6185493469238 44.6667785644531 44.7151794433594 44.7627601623535 44.8105201721191 44.8586196899414 44.9071083068848 44.9559593200684 45.0051689147949 45.0547218322754 45.1045417785645 45.1543388366699 45.180721282959 45.1838188171387 45.1860084533691 45.1874198913574 45.1889686584473 45.1908302307129 45.193000793457 45.1955108642578 45.1983108520508 45.2014083862305 45.2047386169434 45.2080688476562 45.2046890258789 45.1957588195801 45.1871604919434 45.1780014038086 45.1689987182617 45.160270690918 45.151798248291 45.1435508728027 45.1354713439941 45.1275291442871 45.1196403503418 45.1116905212402
44.0108909606934 43.980899810791 43.9951705932617 44.0480308532715 44.0995788574219 44.1521987915039 44.2057113647461 44.2599601745605 44.314868927002 44.3703498840332 44.4263610839844 44.4828605651855 44.5398406982422 44.5972900390625 44.652660369873 44.7026596069336 44.7515602111816 44.8011207580566 44.8512496948242 44.9018707275391 44.9529495239258 45.0044593811035 45.0563697814941 45.108699798584 45.1614608764648 45.2146911621094 45.243839263916 45.2447090148926 45.2434005737305 45.2426681518555 45.2424507141113 45.2426681518555 45.243278503418 45.2442588806152 45.2455902099609 45.2472610473633 45.2493095397949 45.2517509460449 45.2485885620117 45.2377395629883 45.2258110046387 45.2144889831543 45.2036399841309 45.1931800842285 45.1830406188965 45.1731414794922 45.1634483337402 45.1539115905762 45.1444892883301 45.135139465332
43.9673690795899 43.9356803894043 43.9492111206055 44.0096015930176 44.0702095031738 44.1296691894531 44.1892890930176 44.2494010925293 44.3100318908691 44.3711395263672 44.432689666748 44.4945907592773 44.5567283630371 44.6185607910156 44.6755790710449 44.7291717529297 44.7830810546875 44.8361701965332 44.8893089294434 44.9427604675293 44.9965705871582 45.0507316589355 45.1052284240723 45.1600494384766 45.2150917053223 45.2699699401855 45.2972106933594 45.2971115112305 45.2964515686035 45.2950096130371 45.2935981750488 45.2924613952637 45.2916297912598 45.2910995483398 45.2908706665039 45.290901184082 45.291130065918 45.2912483215332 45.2847099304199 45.2726211547851 45.2609405517578 45.2487411499023 45.2365913391113 45.2246894836426 45.213020324707 45.2015686035156 45.1902885437012 45.1791191101074 45.1680107116699 45.1567916870117
43.9885597229004 43.9549598693848 43.9687385559082 44.0299606323242 44.0915184020996 44.1531982421875 44.2148513793945 44.276309967041 44.3378486633301 44.3995780944824 44.4614601135254 44.5233001708984 44.5849800109863 44.646671295166 44.7041397094727 44.7574806213379 44.8111000061035 44.8648414611816 44.9185600280762 44.9721412658691 45.0257606506348 45.0795211791992 45.1333999633789 45.1872711181641 45.2410087585449 45.294750213623 45.3204498291016 45.3180198669434 45.3153190612793 45.3124885559082 45.3096389770508 45.3066596984863 45.3037185668945 45.3008995056152 45.2981910705566 45.2954597473145 45.2926292419434 45.2897911071777 45.2819404602051 45.2691993713379 45.2568588256836 45.2447204589844 45.2325782775879 45.2203483581543 45.2081489562988 45.1960296630859 45.1839714050293 45.1719093322754 45.1597709655762 45.1476402282715
44.0787391662598 43.9549598693848 43.9687385559082 44.0299606323242 44.0915184020996 44.1531982421875 44.2148513793945 44.340950012207 44.3983306884766 44.4557189941406 44.513111114502 44.570499420166 44.6278800964356 44.6852989196777 44.7390289306641 44.7890701293945 44.8392601013184 44.8895683288574 44.9398918151856 44.9902191162109 45.0405502319336 45.0908699035645 45.1411895751953 45.191520690918 45.2418403625488 45.2921409606934 45.3144798278809 45.3088989257813 45.3031692504883 45.2972717285156 45.2913703918457 45.2854690551758 45.2795791625977 45.2736701965332 45.2677688598633 45.2618713378906 45.2559700012207 45.2501182556152 45.240909576416 45.2283210754395 45.2160682678223 45.2041282653809 45.1922302246094 45.1803207397461 45.1684188842773 45.1565208435059 45.1446189880371 45.1327095031738 45.1208114624023 45.1089706420898
-9999 44.1831550598145 44.140308380127 44.1931495666504 44.3233604431152 44.3721313476562 44.4209213256836 44.405330657959 44.4584197998047 44.5115089416504 44.5646018981934 44.6176795959473 44.670768737793 44.7238998413086 44.7738418579102 44.8205909729004 44.8674087524414 44.9142990112305 44.9612083435059 45.0081214904785 45.0550308227539 45.1019401550293 45.1488494873047 45.1957588195801 45.2426681518555 45.2895393371582 45.3085899353027 45.2998390197754 45.2910003662109 45.2820701599121 45.2731018066406 45.2641296386719 45.2551689147949 45.2462005615234 45.2372398376465 45.228271484375 45.2192993164063 45.2104797363281 45.1998710632324 45.1874389648438 45.1753196716309 45.1635513305664 45.1518707275391 45.1402091979981 45.1285285949707 45.1168594360352 45.1051902770996 45.0935211181641 45.0818481445312 45.0703086853027
-9999 -9999 44.226001739502 44.2746505737305 44.3233604431152 44.3721313476562 44.4209213256836 44.4697113037109 44.5185089111328 44.5672988891602 44.6160888671875 44.6648788452148 44.7136688232422 44.7624702453613 44.8086090087891 44.8520698547363 44.8955383300781 44.9390296936035 44.9825210571289 45.0260200500488 45.0695190429688 45.1130104064941 45.1565093994141 45.2000007629395 45.2434997558594 45.2869606018066 45.3027305603027 45.2908210754395 45.2788696289062 45.2668495178223 45.2548294067383 45.242790222168 45.2307586669922 45.2187385559082 45.2066993713379 45.1946792602539 45.1826400756836 45.1708183288574 45.1587905883789 45.1465187072754 45.1345596313477 45.1229591369629 45.1115188598633 45.1000785827637 45.0886383056641 45.0772094726563 45.0657691955566 45.054328918457 45.0428886413574 45.0316200256348
