Spatial_Analysis/Maxent_Inputs/Inputs/RCP4_5_Near/PAR_near45.asc
NCOLS 638 
NROWS 314 
XLLCORNER -102.97071042 
YLLCORNER 3.973116569 
CELLSIZE 0.083 
NODATA_value -9999 
[rows 66 to 87 of 314, columns 400 to 449 of 638]
42.1962394714355 42.1925811767578 42.190731048584 42.1918296813965 42.1934013366699 42.1948890686035 42.1963005065918 42.1976509094238 42.1989593505859 42.2002296447754 42.2014808654785 42.202709197998 42.2039413452148 42.2051811218262 42.205379486084 42.2048416137695 42.2046012878418 42.204460144043 42.2043609619141 42.2042694091797 42.2041397094727 42.2039299011231 42.2036209106445 42.2031517028809 42.2024688720703 42.201530456543 42.2036590576172 42.2112007141113 42.2203102111816 42.2292289733887 42.2379493713379 42.2464714050293 42.2548408508301 42.2630500793457 42.2711410522461 42.2790908813477 42.2869300842285 42.2946510314941 42.3078117370605 42.3264808654785 42.3451499938965 42.3636703491211 42.3820495605469 42.4002914428711 42.4184112548828 42.436450958252 42.4544105529785 42.4723205566406 42.4901809692383 42.507999420166
42.2507400512695 42.2491302490234 42.247428894043 42.245979309082 42.2449989318848 42.2441291809082 42.2432594299316 42.242359161377 42.2414283752441 42.2404708862305 42.2394981384277 42.2385215759277 42.2375411987305 42.2365989685059 42.235710144043 42.2350883483887 42.2347602844238 42.2345199584961 42.2343406677246 42.2341804504395 42.234001159668 42.2337608337402 42.2334403991699 42.2330207824707 42.2325096130371 42.2321014404297 42.2350807189941 42.2419509887695 42.2496109008789 42.2575492858887 42.2655792236328 42.2735404968262 42.281379699707 42.2891006469727 42.2967300415039 42.3042793273926 42.3117980957031 42.319450378418 42.3338584899902 42.3544502258301 42.3745002746582 42.3945388793945 42.4146614074707 42.4347190856934 42.4547004699707 42.474609375 42.4944686889648 42.514289855957 42.5340995788574 42.5539894104004
42.3016395568848 42.3013191223145 42.2998085021973 42.2971382141113 42.2948799133301 42.2928504943848 42.2908210754395 42.2887916564941 42.2867584228516 42.2847213745117 42.2826805114746 42.2806510925293 42.278621673584 42.2765998840332 42.2752990722656 42.2747688293457 42.274528503418 42.274471282959 42.2744102478027 42.2743492126465 42.274299621582 42.2742309570312 42.2741584777832 42.2741012573242 42.274040222168 42.273998260498 42.2774391174316 42.2844505310059 42.2919502258301 42.2997589111328 42.3075714111328 42.3153686523438 42.3232002258301 42.3310012817383 42.3387908935547 42.3465995788574 42.3544006347656 42.362190246582 42.3768310546875 42.3982200622559 42.4191207885742 42.4397010803223 42.4602813720703 42.4808616638184 42.5014495849609 42.5220184326172 42.5425910949707 42.5631713867188 42.5837516784668 42.6043205261231
42.3484992980957 42.3489303588867 42.3478088378906 42.3451194763184 42.3427886962891 42.3407897949219 42.3388290405273 42.3368606567383 42.3348999023438 42.3329391479492 42.3309707641602 42.3290100097656 42.3270492553711 42.3251686096191 42.324089050293 42.3237609863281 42.3237380981445 42.3240089416504 42.3243103027344 42.3246192932129 42.3249092102051 42.3252182006836 42.3255195617676 42.3258209228516 42.3261299133301 42.3265190124512 42.3306007385254 42.3383598327637 42.3464317321777 42.3548202514648 42.3632507324219 42.3716888427734 42.3801193237305 42.3885498046875 42.3969917297363 42.4054183959961 42.4138603210449 42.4221801757813 42.4368209838867 42.4578018188477 42.4783401489258 42.4984512329102 42.5184783935547 42.5385093688965 42.5585517883301 42.5785789489746 42.5986099243164 42.6186485290527 42.6386795043945 42.6586418151855
42.3953704833984 42.396541595459 42.3957901000977 42.3930816650391 42.3907203674316 42.388729095459 42.3868408203125 42.3849411010742 42.3830490112305 42.3811492919922 42.3792610168457 42.3773612976074 42.3754692077637 42.3737716674805 42.3728904724121 42.3727798461914 42.372989654541 42.3735504150391 42.3742218017578 42.3748817443848 42.3755493164062 42.3762092590332 42.376880645752 42.3775405883789 42.3782081604004 42.3790016174316 42.3836708068848 42.3921699523926 42.4009017944336 42.4098892211914 42.4189414978027 42.4280090332031 42.437068939209 42.4461288452148 42.4551887512207 42.4642486572266 42.4733085632324 42.4821510314941 42.4968299865723 42.5173988342285 42.537540435791 42.5572013854981 42.5766792297363 42.5961685180664 42.6156616210938 42.6351509094238 42.6546401977539 42.6741218566895 42.6936111450195 42.7129707336426
42.4422416687012 42.4441184997559 42.4437217712402 42.4410018920899 42.4386291503906 42.4366683959961 42.4348411560059 42.4330215454102 42.4311981201172 42.429370880127 42.4275398254395 42.4257202148438 42.423900604248 42.4223594665527 42.4216690063477 42.4217681884766 42.4222297668457 42.4230995178223 42.4241218566895 42.4251518249512 42.4261817932129 42.4272117614746 42.4282302856445 42.4292602539063 42.430290222168 42.4314384460449 42.4366607666016 42.4459190368652 42.4553298950195 42.4649391174316 42.4746284484863 42.4843215942383 42.494010925293 42.5037002563477 42.5133895874023 42.523078918457 42.5327606201172 42.5421409606934 42.5568809509277 42.5770416259766 42.5967483520508 42.6159400939941 42.634880065918 42.6538314819336 42.6727714538574 42.6917114257813 42.7106590270996 42.7295989990234 42.7485389709473 42.7673301696777
42.4891014099121 42.4916610717773 42.4916000366211 42.4888801574707 42.4865303039551 42.4846115112305 42.4828605651856 42.4810981750488 42.4793395996094 42.4775886535645 42.475830078125 42.4740791320801 42.4723205566406 42.4709091186523 42.4703903198242 42.4707107543945 42.4714393615723 42.4726409912109 42.4740295410156 42.4754219055176 42.4768104553223 42.478199005127 42.4795989990234 42.4809913635254 42.4823799133301 42.4838600158691 42.4896087646484 42.4996185302734 42.5097503662109 42.5200119018555 42.5303192138672 42.540641784668 42.5509605407715 42.5612716674805 42.571590423584 42.581901550293 42.5922203063965 42.602180480957 42.617000579834 42.6367492675781 42.6560096740723 42.674690246582 42.6930885314941 42.7114906311035 42.7298889160156 42.7482795715332 42.7666816711426 42.7850799560547 42.8034706115723 42.821720123291
42.5359611511231 42.5391502380371 42.5394096374512 42.536678314209 42.5343704223633 42.5325508117676 42.5308609008789 42.5291709899902 42.5274887084961 42.5257987976074 42.5241203308105 42.5224304199219 42.5207481384277 42.519401550293 42.5190391540527 42.5195808410645 42.5206108093262 42.5221786499023 42.5239295959473 42.5256881713867 42.5274391174316 42.5292015075684 42.530948638916 42.5327110290527 42.5344581604004 42.5362586975098 42.5425491333008 42.5533218383789 42.564151763916 42.5750694274902 42.5860099792481 42.5969505310059 42.6078987121582 42.618839263916 42.6297912597656 42.6407318115234 42.6516799926758 42.662281036377 42.6772117614746 42.6965408325195 42.7153205871582 42.7334403991699 42.7512893676758 42.7691383361816 42.7869987487793 42.8048515319824 42.8227005004883 42.8405494689941 42.8584098815918 42.8761405944824
42.582820892334 42.5865707397461 42.5871200561523 42.584400177002 42.5821914672852 42.5804901123047 42.5788688659668 42.5772590637207 42.5756416320801 42.5740203857422 42.5723991394043 42.5707893371582 42.5691719055176 42.5678291320801 42.567569732666 42.5683517456055 42.5697212219238 42.571720123291 42.5738410949707 42.5759506225586 42.5780792236328 42.5801887512207 42.5823097229004 42.5844306945801 42.5865516662598 42.5886688232422 42.5955009460449 42.6070213317871 42.6185607910156 42.6301307678223 42.6417007446289 42.6532707214355 42.6648406982422 42.6764183044434 42.68798828125 42.6995582580566 42.7111282348633 42.7224502563476 42.7375411987305 42.7564697265625 42.7747001647949 42.7921905517578 42.8095016479492 42.8268013000488 42.844108581543 42.8614196777344 42.878719329834 42.8960304260254 42.913330078125 42.9305686950684
42.6296882629395 42.6339492797852 42.6347389221191 42.6320304870605 42.6299781799316 42.6284294128418 42.626880645752 42.6253318786621 42.623779296875 42.6222381591797 42.6206893920899 42.619140625 42.6175994873047 42.6161689758301 42.6159706115723 42.6169815063477 42.6188011169434 42.6212692260742 42.6237411499024 42.626220703125 42.6287117004395 42.6311912536621 42.6336708068848 42.6361503601074 42.6386299133301 42.6411094665527 42.6484794616699 42.660758972168 42.6729888916016 42.685188293457 42.6973915100098 42.7095909118652 42.7217903137207 42.7339897155762 42.7461891174316 42.7583885192871 42.7705917358398 42.7826995849609 42.7980308532715 42.8165283203125 42.8341293334961 42.8509407043457 42.8676986694336 42.8844604492188 42.9012184143066 42.9179801940918 42.9347496032715 42.9515113830566 42.9682693481445 42.9850082397461
42.6765518188477 42.681339263916 42.6822090148926 42.6795616149902 42.677848815918 42.6763687133789 42.6750411987305 42.6737098693848 42.6723213195801 42.6708183288574 42.6692390441895 42.6675910949707 42.6660194396973 42.6645393371582 42.6641807556152 42.6654586791992 42.6679611206055 42.6708106994629 42.6737518310547 42.6766891479492 42.6795501708984 42.6823616027832 42.685131072998 42.6879005432129 42.6907196044922 42.6935615539551 42.701530456543 42.7145500183105 42.7274208068848 42.7402496337891 42.753059387207 42.7658500671387 42.7786407470703 42.7914505004883 42.8042907714844 42.8171691894531 42.8300399780273 42.8428688049316 42.858699798584 42.8767700195312 42.8934707641602 42.9096908569336 42.9258499145508 42.9420013427734 42.9581909179688 42.9744186401367 42.9906806945801 43.006950378418 43.0232009887695 43.039421081543
42.7242698669434 42.7290000915527 42.729549407959 42.7271194458008 42.7261085510254 42.7253303527832 42.7244110107422 42.7233200073242 42.7220497131348 42.7206192016602 42.7189903259277 42.7172088623047 42.715259552002 42.7132110595703 42.7122001647949 42.713939666748 42.7174606323242 42.7211303710938 42.7246208190918 42.7279281616211 42.7310791015625 42.7341194152832 42.7370986938477 42.7400512695313 42.7430114746094 42.7460403442383 42.7546501159668 42.7684097290039 42.7818489074707 42.795238494873 42.8085708618164 42.8218803405762 42.8351898193359 42.8485412597656 42.8619499206543 42.8754615783691 42.8890914916992 42.9028282165527 42.9194984436035 42.937068939209 42.9525985717774 42.967960357666 42.9834289550781 42.9990081787109 43.0146903991699 43.0304412841797 43.0462493896484 43.0620803833008 43.0779304504395 43.09375
42.7738418579102 42.7788696289063 42.7786598205566 42.7767181396484 42.7763595581055 42.7757911682129 42.7750091552734 42.7740211486816 42.7728309631348 42.7714614868164 42.7699012756348 42.768138885498 42.766170501709 42.7639808654785 42.7620887756348 42.7644004821777 42.7686996459961 42.7726783752441 42.7763786315918 42.7798690795899 42.7831916809082 42.7863998413086 42.7895317077637 42.7926292419434 42.7957305908203 42.7988891601562 42.8078994750977 42.8222694396973 42.836238861084 42.8501091003418 42.8639106750488 42.8777008056641 42.8914794921875 42.9053192138672 42.9192085266113 42.9332084655762 42.9473609924316 42.9616889953613 42.9789390563965 42.9959602355957 43.0106010437012 43.0254287719727 43.0404205322266 43.055549621582 43.0707893371582 43.0861015319824 43.1014709472656 43.1168785095215 43.1323013305664 43.1477088928223
42.8251914978027 42.8314514160156 42.8327598571777 42.8300590515137 42.8286781311035 42.8277015686035 42.826789855957 42.8257713317871 42.8246192932129 42.8233184814453 42.8218803405762 42.8203010559082 42.8186683654785 42.8172302246094 42.8168296813965 42.8185501098633 42.8217811584473 42.8253784179688 42.8289909362793 42.8324890136719 42.8358688354492 42.8391609191895 42.842399597168 42.8456115722656 42.8488502502441 42.852180480957 42.8614387512207 42.876220703125 42.8905792236328 42.9048614501953 42.9191017150879 42.9333114624023 42.9475288391113 42.9617805480957 42.9760818481445 42.9904594421387 43.0048904418945 43.0192985534668 43.0355110168457 43.0522804260254 43.0673904418945 43.0821418762207 43.096851348877 43.1116409301758 43.1264915466309 43.1413993835449 43.1563606262207 43.1713485717773 43.1863288879395 43.2012481689453
42.8718109130859 42.8777618408203 42.8791809082031 42.8762092590332 42.8744010925293 42.873161315918 42.8719100952148 42.8706893920898 42.8694686889648 42.868221282959 42.8669395446777 42.8656883239746 42.8644485473633 42.8632507324219 42.8631591796875 42.8643417358398 42.8666305541992 42.869499206543 42.872371673584 42.8752517700195 42.8781394958496 42.8810195922852 42.8838691711426 42.8867416381836 42.8896102905274 42.8924789428711 42.9012413024902 42.915828704834 42.9300689697266 42.944091796875 42.9581108093262 42.9721298217773 42.986141204834 43.0001602172852 43.0141906738281 43.0282211303711 43.0422401428223 43.0562515258789 43.0720901489258 43.0895309448242 43.1058807373047 43.1215209960938 43.1371688842773 43.1528091430664 43.1684494018555 43.1840896606445 43.1997489929199 43.2154006958008 43.2310409545899 43.2466812133789
42.9122695922852 42.9169502258301 42.9177398681641 42.9145393371582 42.9123115539551 42.9109802246094 42.9097290039062 42.9084701538086 42.9072113037109 42.905948638916 42.9046897888184 42.9034309387207 42.9021682739258 42.9011497497559 42.9008293151855 42.9011116027832 42.9022102355957 42.9040718078613 42.9060096740723 42.907958984375 42.9099006652832 42.9118499755859 42.9137916564941 42.9157409667969 42.9176788330078 42.9195404052734 42.9273681640625 42.9411811828613 42.9546890258789 42.9678802490234 42.9810409545898 42.9942016601562 43.0073699951172 43.0205307006836 43.03369140625 43.0468482971191 43.0600090026856 43.0730018615723 43.0890502929688 43.1082191467285 43.1266098022461 43.144229888916 43.1617202758789 43.1792297363281 43.196720123291 43.2142181396484 43.2317199707031 43.2492218017578 43.2667198181152 43.2841911315918
42.952709197998 42.9561500549316 42.9562187194824 42.9528007507324 42.9502983093262 42.9487991333008 42.9475288391113 42.9462509155273 42.9449806213379 42.9437103271484 42.942440032959 42.9411697387695 42.9398994445801 42.9390296936035 42.9383392333984 42.9377403259277 42.9378204345703 42.9386405944824 42.9396591186524 42.9406700134277 42.9416885375977 42.9427108764648 42.9437217712402 42.9447288513184 42.9457511901855 42.9466094970703 42.9535293579102 42.9665489196777 42.9792785644531 42.9916687011719 43.0039710998535 43.0162811279297 43.0285797119141 43.0408782958984 43.0531806945801 43.0654792785645 43.0777816772461 43.0897903442383 43.1061782836914 43.1270713806152 43.1473388671875 43.1669311523437 43.186279296875 43.205638885498 43.2249908447266 43.2443504333496 43.2636909484863 43.2830505371094 43.3023986816406 43.3216896057129
42.9931793212891 42.995288848877 42.9945793151856 42.9909591674805 42.9882583618164 42.9866104125976 42.9853286743164 42.9840393066406 42.9827613830566 42.9814796447754 42.9801902770996 42.9789009094238 42.9776306152344 42.9768218994141 42.9757194519043 42.9742584228516 42.973388671875 42.9732093811035 42.9733009338379 42.9733810424805 42.9734687805176 42.9735603332519 42.9736404418945 42.9737281799316 42.973819732666 42.9736785888672 42.9797096252441 42.9919395446777 43.0038795471191 43.0154685974121 43.0269088745117 43.0383491516113 43.0497894287109 43.0612297058105 43.0726699829102 43.0841102600098 43.0955505371094 43.1066398620605 43.1234512329102 43.1460494995117 43.168140411377 43.1896286010742 43.2108306884766 43.2320404052734 43.2532501220703 43.2744598388672 43.2956695556641 43.3168792724609 43.3380889892578 43.3591995239258
43.0336303710938 43.0343208312988 43.0328102111816 43.0289916992188 43.0261497497559 43.0244293212891 43.0231285095215 43.0218391418457 43.0205383300781 43.0192413330078 43.0179405212402 43.0166397094727 43.0153503417969 43.0145301818848 43.0130004882812 43.0106582641602 43.0088996887207 43.0077896118164 43.0069389343262 43.0060997009277 43.0052604675293 43.0044212341309 43.0035705566406 43.0027198791504 43.001880645752 43.000789642334 43.0059394836426 43.017391204834 43.0285110473633 43.0392608642578 43.0498390197754 43.0604209899902 43.0709991455078 43.0815811157227 43.0921592712402 43.1027488708496 43.1133193969727 43.1235694885254 43.1408195495605 43.1651382446289 43.1889991760254 43.212329864502 43.2353897094727 43.2584495544434 43.2815093994141 43.3045806884766 43.3276405334473 43.3507118225098 43.3737716674805 43.396728515625
43.0740699768066 43.0732002258301 43.0708389282227 43.0668296813965 43.0639190673828 43.0622482299805 43.0609397888184 43.0596313476562 43.0583190917969 43.056999206543 43.0556907653809 43.0543785095215 43.0530700683594 43.0521697998047 43.0501594543457 43.0469703674316 43.0443382263184 43.042350769043 43.0405807495117 43.0388107299805 43.0370407104492 43.035270690918 43.0334892272949 43.0317306518555 43.0299606323242 43.0279388427734 43.0322303771973 43.0428886413574 43.0531806945801 43.063060760498 43.0727806091309 43.0825004577637 43.0922203063965 43.1019401550293 43.1116485595703 43.1213684082031 43.1310997009277 43.1405487060547 43.1582717895508 43.1842994689941 43.2099113464355 43.2350311279297 43.2599487304688 43.2848701477051 43.3097801208496 43.3347015380859 43.359619140625 43.3845291137695 43.4094505310059 43.4342803955078
43.1144981384277 43.1119384765625 43.1086502075195 43.1044807434082 43.1016006469727 43.1000595092773 43.0987396240234 43.0974197387695 43.0960884094238 43.0947685241699 43.0934410095215 43.0921211242676 43.0908012390137 43.0897483825684 43.0872383117676 43.0831909179688 43.0797386169434 43.0769195556641 43.07421875 43.0715217590332 43.0688209533691 43.0661201477051 43.063419342041 43.060718536377 43.0580215454102 43.0551490783691 43.0586013793945 43.0684585571289 43.0778884887695 43.0868492126465 43.0957107543945 43.1045684814453 43.1134300231934 43.1222915649414 43.1311492919922 43.1399993896484 43.1488609313965 43.1575698852539 43.1757698059082 43.2035102844238 43.2308387756348 43.2577285766602 43.2845001220703 43.3112716674805 43.3380393981934 43.3648109436035 43.3915901184082 43.4183616638184 43.4451293945312 43.4718399047852
43.1549491882324 43.1505317687988 43.1461906433105 43.1418800354004 43.1392517089844 43.1378784179688 43.1365509033203 43.1352081298828 43.1338691711426 43.1325302124024 43.1311988830566 43.1298599243164 43.1285209655762 43.1273002624512 43.1242485046387 43.1193504333496 43.1151390075684 43.1114883422852 43.1078605651855 43.1042404174805 43.1006088256836 43.096981048584 43.0933494567871 43.0897216796875 43.0860900878906 43.0823783874512 43.0850601196289 43.0941200256348 43.1026191711426 43.1106491088867 43.1186408996582 43.1266403198242 43.1346397399902 43.1426391601562 43.1506385803223 43.1586303710937 43.1666297912598 43.1745910644531 43.1932907104492 43.2227516174316 43.251781463623 43.2804298400879 43.3090591430664 43.3376808166504 43.3663101196289 43.3949394226074 43.4235610961914 43.4521903991699 43.4808197021484 43.5094184875488
