Spatial_Analysis/Maxent_Inputs/Inputs/RCP4_5_Near/pH_near45.asc
NCOLS 638 
NROWS 314 
XLLCORNER -102.97071042 
YLLCORNER 3.973116569 
CELLSIZE 0.083 
NODATA_value -9999 
[rows 198 to 219 of 314, columns 500 to 549 of 638]
8.09847259521484 8.09902858734131 8.09958457946777 8.10014152526855 8.10070037841797 8.10125827789307 8.10181617736816 8.10237407684326 8.10293197631836 8.10349082946777 8.10434913635254 8.10551834106445 8.10671806335449 8.10791778564453 8.10911846160888 8.11031723022461 8.11151695251465 8.11271667480469 8.11391639709473 8.11511611938477 8.11631774902344 8.11751747131348 8.11891555786133 8.12050247192383 8.12207698822021 8.12365341186523 8.12522983551026 8.12680721282959 8.12838459014893 8.12996292114258 8.13154220581055 8.1331205368042 8.13469982147217 8.13628005981445 8.13787746429443 8.13949108123779 8.1411075592041 8.14272308349609 8.14434146881104 8.14595794677734 8.14757537841797 8.14919281005859 8.15081119537354 8.15242862701416 8.1540470123291 8.15566539764404 8.15721702575684 8.15869903564453 8.16018199920654 8.16166400909424
8.09708213806152 8.09765625 8.09823131561279 8.0988073348999 8.0993824005127 8.09995937347412 8.10053634643555 8.10111141204834 8.10168552398682 8.10226154327393 8.10314178466797 8.10433673858643 8.10555839538574 8.10678100585938 8.10800361633301 8.10922431945801 8.11044788360596 8.11166954040527 8.11289215087891 8.11411666870117 8.11533927917481 8.11656379699707 8.11797904968262 8.11957931518555 8.12117195129395 8.12276554107666 8.12435913085938 8.12595176696778 8.12754440307617 8.1291389465332 8.13073253631592 8.13232803344727 8.13392353057861 8.13551902770996 8.13712882995605 8.13875579833984 8.14038467407227 8.14201354980469 8.14364337921143 8.14527416229248 8.14690399169922 8.14853477478027 8.15016460418701 8.15179538726807 8.15342617034912 8.15505599975586 8.1566219329834 8.15811920166016 8.15961837768555 8.16111564636231
8.09514427185059 8.09574127197266 8.09633827209473 8.09693431854248 8.09753036499023 8.0981273651123 8.09872436523438 8.09932041168213 8.0999174118042 8.10051345825195 8.10141944885254 8.10264587402344 8.10388565063477 8.10513496398926 8.10638618469238 8.10763454437256 8.10888481140137 8.11013412475586 8.11138343811035 8.11263275146485 8.11388397216797 8.11513328552246 8.11657047271729 8.11818885803223 8.11980628967285 8.12142181396484 8.1230354309082 8.12464904785156 8.12626457214355 8.12787818908691 8.12949371337891 8.1311092376709 8.13272380828857 8.13433837890625 8.1359691619873 8.13761711120605 8.13926601409912 8.14091682434082 8.14256763458252 8.14421844482422 8.1458683013916 8.1475191116333 8.149169921875 8.15081977844238 8.1524715423584 8.1541223526001 8.15570831298828 8.15722846984863 8.15874671936035 8.16026782989502
8.0926628112793 8.09328269958496 8.09390258789062 8.09693431854248 8.09514427185059 8.09576320648193 8.09638214111328 8.09700298309326 8.09762287139893 8.09824371337891 8.09918022155762 8.10043907165527 8.10170555114746 8.10298347473145 8.1042652130127 8.10554504394531 8.10682678222656 8.10810661315918 8.10938739776611 8.11066913604736 8.1119499206543 8.11322975158691 8.11657047271729 8.11633777618408 8.11798095703125 8.11962127685547 8.12126159667969 8.12290191650391 8.12454128265381 8.12618255615234 8.12782287597656 8.12946319580078 8.13110446929932 8.13274383544922 8.13440132141113 8.13607788085938 8.13775444030762 8.13943290710449 8.14111137390137 8.14278984069824 8.14446830749512 8.14614677429199 8.14782619476318 8.14950370788574 8.15118408203125 8.15286254882812 8.15447616577148 8.15602493286133 8.15757274627686 8.15912055969238
8.09018135070801 8.0908260345459 -9999 8.09394979476929 8.09275531768799 8.09339904785156 8.09404182434082 8.09468460083008 8.09532737731934 8.09597206115723 8.09694004058838 8.09822845458984 8.09952735900879 8.10083389282227 8.10214519500732 8.1034574508667 8.10476875305176 8.1060791015625 8.10739135742187 8.10870361328125 8.11001491546631 8.11132621765137 8.11541223526001 8.11448669433594 8.11615562438965 8.1178207397461 8.11948776245117 8.12115383148193 8.12281894683838 8.12448501586914 8.12615203857422 8.12781715393066 8.12948417663574 8.13114929199219 8.13283538818359 8.13453769683838 8.13624286651611 8.13794898986816 8.13965606689453 8.1413631439209 8.14306831359863 8.144775390625 8.14648056030273 8.1481876373291 8.14989471435547 8.15160179138184 8.15324306488037 8.15481853485108 8.15639686584473 8.15797328948975
8.08769989013672 8.0883674621582 8.08903503417969 8.09156179428101 8.09036827087402 8.09103393554688 8.09170055389404 8.09236621856689 8.09303283691406 8.09370231628418 8.09469699859619 8.09601783752441 8.09734630584717 8.09868240356445 8.10002517700195 8.10136795043945 8.10271072387695 8.10405254364014 8.10539627075195 8.10673809051514 8.10808086395263 8.10942268371582 -9999 8.11448669433594 8.11615562438965 8.11602306365967 8.11771392822266 8.11940574645996 8.12109756469727 8.12278842926025 8.12447929382324 8.12617111206055 8.12786293029785 8.12955474853516 8.13126564025879 8.1329984664917 8.13473129272461 8.13646507263184 8.1382007598877 8.13993453979492 8.14166831970215 8.14340209960938 8.14513778686524 8.14687347412109 8.14860725402832 8.15034103393555 8.15201187133789 8.15361595153809 8.15522193908691 8.15682601928711
8.08521842956543 8.08591079711914 8.08659934997559 8.08728981018066 8.08797931671143 8.08866882324219 8.08935928344727 8.09004878997803 8.09073829650879 8.0914306640625 8.092453956604 8.09380722045898 8.09516525268555 8.09653282165527 8.0979061126709 8.09927845001221 8.10065269470215 8.10202693939209 8.1033992767334 8.10477256774902 8.10614585876465 8.10751914978027 8.10906600952148 -9999 8.11250495910645 8.11422252655029 8.11594009399414 8.11765670776367 8.11937522888184 8.12109184265137 8.1228084564209 8.12452602386475 8.12624168395996 8.12796020507812 8.12969875335693 8.1314582824707 8.13321876525879 8.13498115539551 8.13674354553223 8.13850593566895 8.14026832580566 8.14203071594238 8.1437931060791 8.14555644989014 8.14731884002686 8.14908218383789 8.15077972412109 8.15241241455078 8.15404510498047 8.15567970275879
8.08273792266846 8.08345222473145 8.08416557312012 8.08487892150879 8.08559226989746 8.0863037109375 8.08701801300049 8.08773136138916 8.08844470977783 8.08915996551514 8.0902099609375 8.09159374237061 8.09298324584961 8.09438133239746 8.09578609466553 8.09719085693359 8.09859371185303 8.09999942779541 8.10140419006348 8.10280799865723 8.10421180725098 8.10561656951904 8.10719108581543 8.10893535614014 8.11067962646485 8.11242294311523 8.11416625976562 8.11590957641602 8.11765193939209 8.11939430236816 8.12113761901855 8.12287998199463 8.1246223449707 8.12636470794678 8.12813091278076 8.12991905212402 8.13170623779297 8.13349628448486 8.13528823852539 8.13707828521729 8.13886833190918 8.14065933227539 8.14244842529297 8.1442403793335 8.14603042602539 8.1478214263916 8.1495475769043 8.15120887756348 8.15287017822266 8.15453338623047
8.08025646209717 8.08099460601807 8.08173179626465 8.0824670791626 8.08320426940918 8.08394145965576 8.08467674255371 8.08541297912598 8.08614921569824 8.08688735961914 8.08796501159668 8.08937835693359 8.09080028533936 8.09222984313965 8.09366512298584 8.09510135650635 8.09653663635254 8.09797191619873 8.09940719604492 8.10084247589111 8.1022777557373 8.1037130355835 8.10531616210937 8.10708618164062 8.10885429382324 8.11062431335449 8.11239242553711 8.11416053771973 8.11592960357666 8.11769676208496 8.11946487426758 8.1212329864502 8.12300205230713 8.12477016448975 8.12656211853028 8.12837791442871 8.13019466400146 8.13201332092285 8.13383197784424 8.13564968109131 8.1374683380127 8.13928604125977 8.14110565185547 8.14292430877686 8.14474296569824 8.14656066894531 8.1483154296875 8.15000534057617 8.15169620513916 8.15338516235352
8.0777759552002 8.07853698730469 8.07929706573486 8.08005714416504 8.08081531524658 8.08157634735107 8.08233642578125 8.08309459686279 8.08385467529297 8.08461570739746 8.08571720123291 8.0871639251709 8.08861637115479 8.09007930755615 8.09154510498047 8.0930118560791 8.09447860717773 8.09594440460205 8.09741115570068 8.098876953125 8.10034370422363 8.10181045532227 8.10344123840332 8.1052360534668 8.10702991485596 8.10882377624512 8.11061859130859 8.11241054534912 8.11420631408692 8.11599922180176 8.11779403686524 8.11958885192871 8.12138175964356 8.12317562103271 8.1249942779541 8.12683868408203 8.12868309020996 8.13052940368653 8.13237571716309 8.13422203063965 8.13606834411621 8.13791465759277 8.13976287841797 8.1416072845459 8.14345359802246 8.14529991149902 8.1470832824707 8.14880180358887 8.15051937103271 8.1522388458252
8.07529640197754 8.07607936859131 8.07686233520508 8.07764530181885 8.07842826843262 8.07921123504639 8.07999420166016 8.08077621459961 8.0815601348877 8.08234405517578 8.08346939086914 8.08494567871094 8.08643341064453 8.08792877197266 8.08942604064941 8.09092330932617 8.09242057800293 8.09391784667969 8.09541511535645 8.0969123840332 8.09840965270996 8.09990692138672 8.10156631469727 8.10338497161865 8.10520553588867 8.10702514648438 8.10884380340576 8.11066436767578 8.11248397827149 8.11430358886719 8.11612224578857 8.11794281005859 8.11976146697998 8.12158107757568 8.12342643737793 8.12529754638672 8.12717056274414 8.12904453277588 8.13091945648193 8.13279342651367 8.13466835021973 8.13654327392578 8.13841819763184 8.14029121398926 8.14216613769531 8.14404010772705 8.14585113525391 8.14759826660156 8.1493444442749 8.15109252929688
8.07281494140625 8.07362174987793 8.07442760467529 8.07523345947266 8.07604026794434 8.07684707641602 8.07765197753906 8.07845973968506 8.07926559448242 8.08007144927979 8.08122158050537 8.08272552490234 8.08424854278564 8.08577823638916 8.08730697631836 8.08883476257324 8.09036445617676 8.09189224243164 8.09341907501221 8.0949478149414 8.09647560119629 8.09800338745117 8.09968852996826 8.10153579711914 8.10338020324707 8.10522556304932 8.10707092285156 8.10891532897949 8.11075973510742 8.11260604858398 8.11445045471191 8.11629581451416 8.11814117431641 8.11998558044434 8.12185859680176 8.12375736236572 8.12565803527832 8.12756156921387 8.12946319580078 8.1313648223877 8.13326644897461 8.13516807556152 8.13707256317139 8.1389741897583 8.14087677001953 8.14278030395508 8.14461898803711 8.14639377593994 8.14817047119141 8.14994430541992
8.07033252716064 8.07116222381592 8.07199192047119 8.07282161712646 8.07365226745605 8.07448196411133 8.0753116607666 8.07614231109619 8.07697296142578 8.07780075073242 8.07897663116455 8.08050918579102 8.08206844329834 8.0836296081543 8.08518981933594 8.08674812316895 8.08830738067627 8.08986663818359 8.0914249420166 8.09298515319824 8.09454345703125 8.09610080718994 8.09781455993652 8.09968376159668 8.10155582427979 8.10342597961426 8.10529708862305 8.1071662902832 8.10903739929199 8.11090660095215 8.11277770996094 8.11464691162109 8.11651802062988 8.11838912963867 8.12028980255127 8.12221622467041 8.12414455413818 8.12607383728028 8.12800407409668 8.12993335723877 8.13186264038086 8.1337947845459 8.1357250213623 8.13765525817871 8.13958644866943 8.14151954650879 8.14338684082031 8.14518928527832 8.14699363708496 8.14879608154297
8.06784915924072 8.06870079040527 8.06955528259277 8.07040977478027 8.07126235961914 8.07211685180664 8.07297134399414 8.07382583618164 8.07468032836914 8.07553291320801 8.07673645019531 8.07830333709717 8.07989120483398 8.08148193359375 8.08307266235352 8.08466339111328 8.08625411987305 8.08784294128418 8.08943271636963 8.09102153778076 8.09261131286621 8.09420204162598 8.09594345092773 8.09783744812012 8.09973335266113 8.10162925720215 8.10352325439453 8.10541915893555 8.10731410980225 8.10920906066895 8.11110305786133 8.11299896240235 8.11489486694336 8.11678981781006 8.11871528625488 8.12066841125488 8.12262630462646 8.12458515167237 8.12654304504395 8.12849998474121 8.13045787811279 8.13241767883301 8.13437652587891 8.13633441925049 8.1382942199707 8.14025402069092 8.14214992523193 8.14398097991943 8.14581298828125 8.14764499664307
8.06462860107422 8.06551170349121 8.0663948059082 8.0672779083252 8.06816291809082 8.06904602050781 8.0699291229248 8.07081317901611 8.07169532775879 8.0725793838501 8.07382106781006 8.07542991638184 8.07705116271973 8.07867908477783 8.08030700683594 8.08193588256836 8.08356380462646 8.08519268035888 8.08682060241699 8.0884485244751 8.0900764465332 8.09170532226562 8.09348487854004 8.09541320800781 8.09734344482422 8.09927368164063 8.10120391845703 8.10313415527344 8.10506153106689 8.10699272155762 8.10892295837402 8.11085319519043 8.11278343200684 8.11471271514893 8.11667346954346 8.11866569519043 8.12065887451172 8.12265682220459 8.12465381622314 8.12665176391602 8.12864780426025 8.13064479827881 8.13264274597168 8.1346378326416 8.13663673400879 8.13863372802734 8.14056587219238 8.14243221282959 8.14430046081543 8.14616775512695
8.0606746673584 8.06159400939941 8.0625114440918 8.06342887878418 8.0643482208252 8.06526660919189 8.06618499755859 8.06710243225097 8.06802082061768 8.06893920898438 8.07022571563721 8.0718822479248 8.07354545593262 8.07521915435791 8.0768928527832 8.07856559753418 8.08024024963379 8.0819149017334 8.08358764648438 8.08526420593262 8.08693695068359 8.08861064910889 8.09043502807617 8.09240913391113 8.09438514709473 8.09636020660401 8.09833526611328 8.10030937194824 8.10228538513184 8.10426044464111 8.10623645782471 8.10820960998535 8.11018562316895 8.11215972900391 8.11416625976562 8.11620712280273 8.11824989318848 8.12029457092285 8.12233924865723 8.12438583374023 8.12643146514893 8.1284761428833 8.13052177429199 8.13256645202637 8.13461303710938 8.13665866851807 8.13863563537598 8.14054679870605 8.14245796203613 8.14436817169189
8.05672168731689 8.0576753616333 8.05862903594971 8.0595817565918 8.0605354309082 8.06148719787598 8.06244087219238 8.06339359283447 8.06434631347656 8.06529998779297 8.06662940979004 8.06833267211914 8.07004261016846 8.07175922393799 8.07347869873047 8.07519912719727 8.07691764831543 8.07863807678223 8.08035755157471 8.08207702636719 8.08379745483399 8.08551788330078 8.08738708496094 8.08940696716309 8.09142684936523 8.0934476852417 8.09546661376953 8.097487449646 8.09950637817383 8.10152626037598 8.10354709625244 8.10556602478027 8.10758781433105 8.10960674285889 8.11166095733643 8.11374855041504 8.1158390045166 8.1179313659668 8.12002563476562 8.12211799621582 8.12421417236328 8.12630653381348 8.1284008026123 8.13049507141113 8.13258934020996 8.13468360900879 8.1367073059082 8.1386604309082 8.14061546325684 8.14256858825684
8.05276870727539 8.0537576675415 8.05474472045898 8.05573272705078 8.05672073364258 8.05770874023438 8.05869674682617 8.05968475341797 8.06067276000977 8.06166172027588 8.06303119659424 8.06478214263916 8.06653785705566 8.06829929351807 8.07006454467774 8.0718297958374 8.07359504699707 8.07536029815674 8.07712745666504 8.07889175415039 8.08065700531006 8.08242225646973 8.08433723449707 8.08640384674072 8.08846855163574 8.09053421020508 8.09259796142578 8.09466361999512 8.09672927856445 8.09879302978516 8.10085868835449 8.10292434692383 8.10498905181885 8.10705375671387 8.10915374755859 8.11128997802735 8.11342811584473 8.11556816101074 8.11771106719971 8.11985397338867 8.12199592590332 8.12413883209229 8.12628173828125 8.1284236907959 8.13056659698486 8.13271045684814 8.13477897644043 8.13677406311035 8.13877201080322 8.14076805114746
8.04881477355957 8.04983901977539 8.05086135864258 8.05188369750977 8.05290603637695 8.05393028259277 8.05495262145996 8.05597496032715 8.05699825286865 8.05802154541016 8.05943298339844 8.06123065948486 8.06303215026855 8.06483840942383 8.066650390625 8.06846046447754 8.07027244567871 8.07208347320557 8.07389545440674 8.07570552825928 8.07751655578613 8.07932853698731 8.08128929138184 8.08340072631836 8.08551025390625 8.08762073516846 8.08973121643067 8.09184074401855 8.09395027160645 8.09606075286865 8.09817123413086 8.10027980804443 8.10239028930664 8.10450172424316 8.10664653778076 8.10883140563965 8.11101722717285 8.11320686340332 8.11539554595947 8.11758804321289 8.11977863311768 8.12196922302246 8.12416076660156 8.12635231018067 8.12854290008545 8.13073253631592 8.13284873962402 8.13488960266113 8.13692855834961 8.1389684677124
8.04486179351807 8.04592037200928 8.04697799682617 8.04803466796875 8.04909324645996 8.05015087127686 8.05120754241943 8.05226516723633 8.05332374572754 8.05438232421875 8.05583381652832 8.05767822265625 8.05952644348145 8.06137752532959 8.06323623657227 8.06509208679199 8.06694984436035 8.0688066482544 8.07066345214844 8.07251930236817 8.07437801361084 8.07623481750488 8.07824039459229 8.08039665222168 8.08255195617676 8.08470726013184 8.08686256408692 8.08901786804199 8.09117317199707 8.09332656860351 8.09548187255859 8.09763717651367 8.09979152679443 8.10194873809814 8.10414123535156 8.10637283325195 8.10860633850098 8.11084270477295 8.11308193206787 8.11532211303711 8.11756134033203 8.11980056762695 8.12203979492188 8.12428092956543 8.12652015686035 8.12875938415527 8.13092041015625 8.13300323486328 8.13508605957031 8.13716888427734
8.04090881347656 8.04200267791748 8.04309463500977 8.04418754577637 8.04528045654297 8.04637145996094 8.04746246337891 8.04855632781982 8.04964828491211 8.05074119567871 8.05223274230957 8.05412483215332 8.0560188293457 8.05791854858398 8.05982112884521 8.06172370910645 8.06362724304199 8.0655288696289 8.06743240356445 8.06933498382568 8.07123756408692 8.07314109802246 8.07519054412842 8.07739353179932 8.07959365844727 8.08179473876953 8.08399391174317 8.08619499206543 8.08839416503906 8.0905933380127 8.09279441833496 8.09499454498291 8.09719467163086 8.09939575195312 8.10163497924805 8.10391235351562 8.10619354248047 8.10847854614258 8.11076736450195 8.11305618286133 8.11534309387207 8.11763191223145 8.11992073059082 8.1222095489502 8.12449645996094 8.126784324646 8.12899112701416 8.13111686706543 8.13324356079102 8.13536930084229
8.03695678710938 8.03808403015137 8.03921127319336 8.04033946990967 8.04146575927734 8.04259300231934 8.04371929168701 8.04484558105469 8.045973777771 8.04710102081299 8.04863357543945 8.05057144165039 8.05251216888428 8.05445861816406 8.0564079284668 8.0583553314209 8.06030464172363 8.06225204467773 8.06420135498047 8.06614971160888 8.0680980682373 8.07004737854004 8.0721435546875 8.07439041137695 8.07663536071777 8.07888126373291 8.08112621307373 8.08337020874023 8.08561706542969 8.08786106109619 8.09010696411133 8.09235191345215 8.09459590911865 8.09684181213379 8.09912776947021 8.10145282745361 8.10378265380859 8.10611534118652 8.10845375061035 8.11078929901123 8.11312580108643 8.11546325683594 8.11779975891113 8.12013626098633 8.12247371673584 8.12481021881104 8.12706279754639 8.12923145294189 8.1314001083374 8.13356971740723
