Spatial_Analysis/Maxent_Inputs/Inputs/RCP4_5_Near/pH_near45.asc
NCOLS 638 
NROWS 314 
XLLCORNER -102.97071042 
YLLCORNER 3.973116569 
CELLSIZE 0.083 
NODATA_value -9999 
[rows 0 to 21 of 314, columns 450 to 499 of 638]
8.14708614349365 8.14665126800537 8.14621543884277 8.14578056335449 8.14534568786621 8.14491081237793 8.14447593688965 8.14404106140137 8.14360618591309 8.1431713104248 8.14273738861084 8.14230060577393 8.14192962646484 8.14162063598633 8.14131259918213 8.14100646972656 8.14069652557373 8.14038753509521 8.1400785446167 8.13977146148682 8.1394624710083 8.13915252685547 8.13884544372558 8.13853645324707 8.13828372955322 8.13808536529541 8.13788890838623 8.13769054412842 8.13749313354492 8.13729667663574 8.13709926605225 8.13690185546875 8.13670253753662 8.13650608062744 8.13630962371826 8.13611125946045 8.13593769073486 8.13578605651855 8.13563346862793 8.13548278808594 8.13533115386963 8.13518047332764 8.1350269317627 8.13487529754639 8.13472366333008 8.13457202911377 8.13441944122314 8.13426876068115 8.1341552734375 8.13408088684082
8.14725780487061 8.14681053161621 8.14636707305908 8.14592170715332 8.14547634124756 8.1450309753418 8.14458560943604 8.14414119720459 8.14369583129883 8.14325046539306 8.14280605316162 8.14235973358154 8.14197826385498 8.14166164398193 8.14134502410889 8.14102745056152 8.14070987701416 8.1403923034668 8.14007472991943 8.13975715637207 8.13943958282471 8.13912296295166 8.13880443572998 8.13848686218262 8.13822746276856 8.13802337646484 8.13781929016113 8.13761615753174 8.13741207122803 8.13720989227295 8.13700580596924 8.13680267333984 8.13659763336182 8.13639545440674 8.13619136810303 8.13598823547363 8.13580894470215 8.13565540313721 8.13550186157227 8.13534736633301 8.13519477844238 8.13504028320313 8.13488674163819 8.13473320007324 8.1345796585083 8.13442420959473 8.1342716217041 8.13411712646484 8.13400363922119 8.1339282989502
8.14743041992188 8.14697360992431 8.14651775360107 8.14606285095215 8.14560699462891 8.14515113830566 8.14469623565674 8.14424133300781 8.14378547668457 8.14333057403564 8.14287567138672 8.14241981506348 8.14202880859375 8.14170169830322 8.14137554168701 8.1410493850708 8.14072418212891 8.14039707183838 8.14007091522217 8.13974475860596 8.13941764831543 8.1390905380249 8.13876438140869 8.1384391784668 8.13817119598389 8.13796138763428 8.13775157928467 8.13754081726074 8.13733100891113 8.13712215423584 8.13691139221191 8.13670158386231 8.13649272918701 8.1362829208374 8.13607311248779 8.1358642578125 8.13568115234375 8.13552474975586 8.1353702545166 8.13521385192871 8.13505744934082 8.13490200042725 8.13474559783936 8.13459014892578 8.13443374633789 8.13427829742432 8.13412189483643 8.13396739959717 8.13385105133057 8.13377571105957
8.14760208129883 8.14713573455811 8.14666938781738 8.14620304107666 8.14573764801025 8.14527225494385 8.14480686187744 8.14434146881104 8.14387512207031 8.14340972900391 8.14294528961182 8.14247894287109 8.1420783996582 8.14174270629883 8.14140701293945 8.14107227325439 8.14073753356934 8.14040088653564 8.1400671005249 8.13973140716553 8.13939571380615 8.13906097412109 8.13872528076172 8.13839054107666 8.1381139755249 8.13789844512939 8.13768196105957 8.13746452331543 8.13725090026855 8.13703441619873 8.13681888580322 8.13660335540771 8.13638687133789 8.13617134094238 8.13595485687256 8.13573932647705 8.13555335998535 8.13539409637451 8.1352367401123 8.1350793838501 8.13492202758789 8.13476276397705 8.13460540771485 8.13444805145264 8.13428974151611 8.13413143157959 8.13397312164307 8.13381576538086 8.13369941711426 8.13362312316895
8.14777278900146 8.14729690551758 8.14682006835937 8.1463451385498 8.14586925506592 8.14539527893066 8.14492034912109 8.14444446563721 8.143967628479 8.1434907913208 8.1430139541626 8.14253711700439 8.14212703704834 8.14178371429443 8.14143753051758 8.14109516143799 8.1407527923584 8.14040946960449 8.14006614685059 8.13972282409668 8.13937759399414 8.1390323638916 8.13868522644043 8.13834095001221 8.13805770874023 8.1378345489502 8.13761329650879 8.13739109039307 8.13716983795166 8.13694953918457 8.1367301940918 8.13650798797607 8.13628482818604 8.13606071472168 8.13583946228028 8.13561534881592 8.13542461395263 8.13526439666748 8.13510513305664 8.13494491577148 8.13478660583496 8.13462924957275 8.1344690322876 8.13430976867676 8.13414859771729 8.13398838043213 8.13382625579834 8.13366508483887 8.13354778289795 8.133469581604
8.14794445037842 8.14745807647705 8.14697360992431 8.14649105072021 8.1460075378418 8.14552402496338 8.14503860473633 8.14455318450928 8.14406681060791 8.14357852935791 8.14309024810791 8.14260101318359 8.14217758178711 8.14182281494141 8.1414737701416 8.1411247253418 8.14077472686768 8.14042377471924 8.14007186889648 8.13971996307373 8.13936519622803 8.13901138305664 8.13865375518799 8.13829803466797 8.13800144195557 8.13777256011963 8.13754844665527 8.13732433319092 8.13710021972656 8.13687515258789 8.13664722442627 8.13641929626465 8.13619041442871 8.13596057891846 8.13572883605957 8.13549709320068 8.13529586791992 8.13513374328613 8.13497543334961 8.13481903076172 8.13465976715088 8.13450241088867 8.1343412399292 8.13417911529541 8.1340160369873 8.13385200500488 8.13368701934814 8.13352012634277 8.13339519500732 8.1333179473877
8.1481294631958 8.14763164520264 8.14713764190674 8.14664459228516 8.14615154266357 8.14565753936767 8.14516162872314 8.14466667175293 8.14416885375977 8.1436710357666 8.14317321777344 8.14267253875732 8.14224052429199 8.14188003540039 8.14152145385742 8.14116191864014 8.14080429077148 8.1404447555542 8.14008331298828 8.13972187042236 8.13935947418213 8.13899517059326 8.13863182067871 8.13826560974121 8.13796234130859 8.13772869110108 8.13749599456787 8.13726615905762 8.13703632354736 8.13680458068848 8.13657188415527 8.13633823394776 8.1361026763916 8.13586616516113 8.13562965393066 8.13539123535156 8.13518714904785 8.13502311706543 8.13486194610596 8.13470268249512 8.13454246520996 8.13438129425049 8.1342191696167 8.13405418395996 8.13389015197754 8.13372421264648 8.1335563659668 8.13338756561279 8.13326263427734 8.1331844329834
8.14832305908203 8.14781665802002 8.14730930328369 8.14680480957031 8.14629936218262 8.14579486846924 8.14528942108154 8.14478397369385 8.14427757263184 8.14377117156982 8.14326381683349 8.14275741577148 8.14231967926025 8.14194869995117 8.14157772064209 8.14120769500732 8.14083957672119 8.14047145843506 8.14009952545166 8.13973045349121 8.13935947418213 8.13898754119873 8.13861656188965 8.13824653625488 8.137939453125 8.13769817352295 8.13745880126953 8.1372184753418 8.1369800567627 8.13674163818359 8.13650226593018 8.13626194000244 8.13602161407471 8.13577938079834 8.13553810119629 8.13529682159424 8.13509464263916 8.1349287033081 8.13476371765137 8.134596824646 8.13443279266357 8.13426876068115 8.1341028213501 8.13393688201904 8.1337718963623 8.13360404968262 8.13343524932861 8.13327026367188 8.13314723968506 8.1330680847168
8.14863967895508 8.14811992645264 8.14760112762451 8.1470832824707 8.14656352996826 8.14604568481445 8.14552688598633 8.14500904083252 8.14449119567871 8.14397239685059 8.14345455169678 8.14293575286865 8.14248561859131 8.14210319519043 8.14172172546387 8.14133930206299 8.14095687866211 8.14057540893555 8.14019393920898 8.13981246948242 8.13942909240723 8.13904762268066 8.1386661529541 8.13828468322754 8.13796901702881 8.13772010803223 8.13747310638428 8.13722515106201 8.13697814941406 8.13672924041748 8.13648223876953 8.13623428344727 8.13598728179932 8.13574028015137 8.13549327850342 8.13524627685547 8.13503742218018 8.13486957550049 8.13469982147217 8.1345329284668 8.13436508178711 8.13419723510742 8.13402652740479 8.13386058807373 8.13369274139404 8.13352489471436 8.13335704803467 8.13318824768066 8.13306522369385 8.1329870223999
8.14907646179199 8.14854145050049 8.14800643920898 8.14747333526611 8.14694023132324 8.14640617370605 8.14587306976318 8.14533805847168 8.14480495452881 8.14427185058594 8.14373779296875 8.14320468902588 8.14273929595947 8.14234256744385 8.14194583892822 8.1415491104126 8.14115238189697 8.14075565338135 8.14035987854004 8.13996315002441 8.13956642150879 8.13916969299316 8.13877391815186 8.13837718963623 8.13805103302002 8.13779354095459 8.13753604888916 8.13728046417236 8.13702297210693 8.13676643371582 8.13650989532471 8.13625335693359 8.1359977722168 8.13574123382568 8.13548374176025 8.13522815704346 8.13501453399658 8.13484382629395 8.13467311859131 8.13450241088867 8.13433265686035 8.13416194915772 8.13399124145508 8.13382053375244 8.13365077972412 8.1334810256958 8.13330936431885 8.13313961029053 8.13301658630371 8.13294124603271
8.14951229095459 8.14896202087402 8.14841175079346 8.14786338806152 8.14731407165527 8.14676666259766 8.1462173461914 8.14566898345947 8.14511966705322 8.14457130432129 8.14402294158936 8.14347362518311 8.14299392700195 8.14258193969727 8.14216995239258 8.14175891876221 8.14134788513184 8.14093685150146 8.14052581787109 8.14011383056641 8.13970279693604 8.13929271697998 8.13888072967529 8.13846969604492 8.13813209533691 8.13786506652832 8.13759899139404 8.13733386993408 8.13706874847412 8.13680267333984 8.13653755187988 8.13627243041992 8.13600730895996 8.1357421875 8.13547706604004 8.13521099090576 8.13499164581299 8.1348180770874 8.13464641571045 8.13447380065918 8.13430023193359 8.13412761688232 8.13395500183105 8.13378143310547 8.1336088180542 8.13343620300293 8.13326454162598 8.13309192657471 8.13296699523926 8.13289546966553
8.14994812011719 8.14938259124756 8.14881801605224 8.14825344085693 8.14768981933594 8.14712524414062 8.14656162261963 8.14599800109863 8.14543437957764 8.14486980438232 8.14430713653564 8.14374256134033 8.14324760437012 8.14282131195068 8.14239406585693 8.14196872711182 8.14154243469238 8.14111709594727 8.14069175720215 8.14026546478272 8.1398401260376 8.13941383361816 8.13898754119873 8.13856315612793 8.13821315765381 8.13793754577637 8.13766288757324 8.13738822937012 8.13711357116699 8.13683986663818 8.13656616210938 8.13629055023193 8.13601684570312 8.13574314117432 8.13546752929688 8.13519382476807 8.13496971130371 8.13479328155518 8.13461875915527 8.13444328308105 8.13426876068115 8.13409328460693 8.13391780853271 8.13374328613281 8.13356781005859 8.13339233398438 8.13321685791016 8.13304233551025 8.13291931152344 8.13284778594971
8.15038394927979 8.14980411529541 8.14922332763672 8.14864253997803 8.14806461334229 8.14748573303222 8.14690685272217 8.14632701873779 8.14574909210205 8.14516925811768 8.14459037780762 8.14401054382324 8.14350032806396 8.1430606842041 8.14261913299561 8.14217853546143 8.14173793792725 8.14129734039307 8.1408576965332 8.14041709899902 8.13997745513916 8.13953685760498 8.1390962600708 8.13865566253662 8.13829326629639 8.13801002502441 8.13772583007812 8.13744258880615 8.13715934753418 8.13687610626221 8.13659286499023 8.13630962371826 8.13602733612061 8.13574314117432 8.13546085357666 8.13517761230469 8.13494682312012 8.13476753234863 8.1345911026001 8.13441371917725 8.13423633575439 8.13405799865723 8.13388156890869 8.13370323181152 8.13352680206299 8.13334846496582 8.13317108154297 8.1329927444458 8.13286972045898 8.13280200958252
8.15081977844238 8.15022373199463 8.14962959289551 8.14903545379639 8.14844036102295 8.14784526824951 8.14725208282471 8.14665699005127 8.14606285095215 8.14546871185303 8.14487457275391 8.14428043365479 8.14375495910644 8.14329814910889 8.14284324645996 8.14238739013672 8.14193344116211 8.14147853851318 8.14102268218994 8.14056873321533 8.14011383056641 8.13965797424316 8.13920307159424 8.13874816894531 8.1383752822876 8.13808345794678 8.13778877258301 8.13749694824219 8.13720512390137 8.13691329956055 8.13662147521972 8.13632869720459 8.13603687286377 8.13574409484863 8.13545227050781 8.13516044616699 8.13492393493652 8.13474369049072 8.13456439971924 8.13438320159912 8.13420391082764 8.13402462005615 8.13384342193604 8.13366413116455 8.13348484039307 8.13330459594727 8.13312339782715 8.13294410705566 8.13282203674316 8.13275718688965
8.15125560760498 8.15064430236816 8.15003395080566 8.14942455291748 8.1488151550293 8.1482048034668 8.14759635925293 8.14698791503906 8.14637660980225 8.14576816558838 8.14515781402588 8.14454936981201 8.14400959014893 8.14353847503662 8.14306831359863 8.14259815216064 8.14212799072266 8.1416597366333 8.14118957519531 8.14072036743164 8.14025020599365 8.13978099822998 8.13931179046631 8.138840675354 8.13845539093018 8.13815498352051 8.13785266876221 8.13755130767822 8.13724994659424 8.13694858551025 8.1366491317749 8.1363468170166 8.13604640960693 8.13574504852295 8.13544464111328 8.13514423370361 8.13490200042725 8.13471984863281 8.13453674316406 8.13435459136963 8.1341724395752 8.13398933410645 8.13380718231201 8.13362503051758 8.13344287872314 8.13325977325439 8.13307762145996 8.13289642333984 8.13277244567871 8.13271045684814
8.15169143676758 8.1510648727417 8.15043926239014 8.14981555938721 8.14919090270996 8.1485652923584 8.14794063568115 8.14731693267822 8.14669227600098 8.14606666564941 8.14544200897217 8.14481830596924 8.14426326751709 8.14377689361572 8.14329242706299 8.14280891418457 8.14232444763184 8.14183902740479 8.14135456085205 8.14087200164795 8.14038753509521 8.13990306854248 8.13941860198975 8.13893413543701 8.13853645324707 8.13822555541992 8.13791465759278 8.13760566711426 8.13729476928711 8.13698577880859 8.13667678833008 8.13636589050293 8.1360559463501 8.13574695587158 8.13543605804443 8.13512706756592 8.13488006591797 8.13469505310059 8.13450908660889 8.13432502746582 8.13414001464844 8.13395500183105 8.13376998901367 8.13358497619629 8.13339996337891 8.13321685791016 8.13303089141846 8.13284683227539 8.13272476196289 8.13266468048096
8.15212726593018 8.15148639678955 8.15084552764893 8.15020561218262 8.14956760406494 8.14892768859863 8.14828777313232 8.14764881134033 8.14700889587402 8.14636707305908 8.14572715759277 8.14508724212646 8.14451599121094 8.14401626586914 8.14351654052735 8.14301872253418 8.14252090454102 8.14202213287354 8.14152431488037 8.14102458953857 8.14052581787109 8.1400260925293 8.1395263671875 8.1390266418457 8.13861656188965 8.13829708099365 8.13797760009766 8.13765907287598 8.13734245300293 8.13702487945557 8.1367073059082 8.13638782501221 8.13606834411621 8.13574886322021 8.13542938232422 8.13510990142822 8.13485622406006 8.13466835021973 8.13448238372803 8.13429546356201 8.13410758972168 8.1339225769043 8.13373565673828 8.13354873657227 8.13335990905762 8.1331729888916 8.13298606872559 8.13279724121094 8.13267517089844 8.13261795043945
8.15256309509277 8.15190601348877 8.15125370025635 8.15060043334961 8.14994812011719 8.14929485321045 8.14864063262939 8.14798545837402 8.14733028411865 8.14667320251465 8.14601612091064 8.14535808563232 8.1447696685791 8.14425468444824 8.14374446868896 8.14323425292969 8.14272308349609 8.14221000671387 8.14169788360596 8.14118385314941 8.14066982269287 8.14015483856201 8.13963890075684 8.13912391662598 8.13869857788086 8.1383695602417 8.1380443572998 8.13771820068359 8.13739395141602 8.1370677947998 8.13673973083496 8.13641262054443 8.13608360290527 8.13575553894043 8.13542556762695 8.13509559631348 8.13483428955078 8.1346435546875 8.13445663452148 8.13426876068115 8.13408184051514 8.1338939666748 8.13370513916016 8.13351440429688 8.13332557678223 8.13313484191895 8.13294315338135 8.13275146484375 8.1326265335083 8.13257122039795
8.15300941467285 8.15233707427979 8.15167045593262 8.15100288391113 8.15033435821533 8.14966678619385 8.14899730682373 8.1483268737793 8.14765644073486 8.1469841003418 8.14631175994873 8.14563846588135 8.14503479003906 8.14450645446777 8.14398002624512 8.14345455169678 8.14292907714844 8.14240264892578 8.14187431335449 8.14134693145752 8.14081764221191 8.14028930664063 8.13975811004639 8.13922691345215 8.13879013061523 8.13845252990723 8.13811874389648 8.13778495788574 8.13745021820068 8.13711452484131 8.13677883148193 8.13644218444824 8.13610458374023 8.13576698303222 8.1354284286499 8.13508796691895 8.13482189178467 8.13462829589844 8.13443946838379 8.13424968719482 8.13405895233154 8.13386917114258 8.1336784362793 8.13348484039307 8.13329315185547 8.13310146331787 8.13290596008301 8.13271236419678 8.1325855255127 8.13253402709961
8.15346908569336 8.15278053283691 8.15209579467773 8.15141105651855 8.15072631835938 8.15004158020019 8.14935684204102 8.14867210388183 8.14798545837402 8.14730072021484 8.14661407470703 8.14592742919922 8.14531326293945 8.1447696685791 8.14422607421875 8.14368152618408 8.143141746521 8.14259910583496 8.14205741882324 8.14151382446289 8.14097023010254 8.14042663574219 8.13988304138184 8.13933944702148 8.13889503479004 8.13854789733887 8.13820171356201 8.13785743713379 8.13751220703125 8.13716697692871 8.13682174682617 8.13647747039795 8.13613033294678 8.13578414916992 8.13543701171875 8.13508987426758 8.13481903076172 8.13462352752686 8.13442993164062 8.13423538208008 8.13404178619385 8.1338472366333 8.13365364074707 8.13345909118652 8.13326454162598 8.13306903839112 8.13287353515625 8.1326789855957 8.13255596160889 8.13250541687012
8.15395164489746 8.1532506942749 8.15254974365234 8.15185070037842 8.15115165710449 8.15045261383056 8.14975357055664 8.14905261993408 8.14835357666015 8.14765453338623 8.14695453643799 8.14625644683838 8.14562702178955 8.14507102966309 8.1445140838623 8.14395904541016 8.14340209960938 8.14284515380859 8.14229011535644 8.14173412322998 8.14117813110352 8.14062213897705 8.14006614685058 8.1395092010498 8.1390552520752 8.13869953155518 8.13834476470947 8.13798999786377 8.13763523101806 8.13728141784668 8.13692665100098 8.13657188415527 8.13621807098389 8.13586330413818 8.13550853729248 8.13515472412109 8.1348762512207 8.13467979431152 8.13448143005371 8.1342830657959 8.1340856552124 8.13388729095459 8.13369083404541 8.1334924697876 8.1332950592041 8.13309669494629 8.13289833068848 8.1327018737793 8.13257789611816 8.13252830505371
8.15445709228516 8.15374374389648 8.15303039550781 8.15231704711914 8.1516056060791 8.15089321136474 8.15018081665039 8.14946842193604 8.14875602722168 8.14804458618164 8.14733123779297 8.14661979675293 8.1459789276123 8.14541053771973 8.14484214782715 8.14427471160889 8.14370727539062 8.14314079284668 8.1425724029541 8.14200592041016 8.14143753051758 8.14087104797363 8.14030265808105 8.13973617553711 8.13926887512207 8.13890552520752 8.13854217529297 8.13817977905273 8.13781642913818 8.13745307922363 8.1370906829834 8.13672733306885 8.13636493682861 8.13600254058838 8.13563919067383 8.13527679443359 8.13499546051025 8.13479232788086 8.13459014892578 8.13438892364502 8.13418769836426 8.1339864730835 8.13378429412842 8.13358306884766 8.13338184356689 8.13317966461182 8.13297843933105 8.13277626037598 8.1326494216919 8.13259887695312
