Spatial_Analysis/Maxent_Inputs/Inputs/RCP4_5_Near/pH_near45.asc
NCOLS 638 
NROWS 314 
XLLCORNER -102.97071042 
YLLCORNER 3.973116569 
CELLSIZE 0.083 
NODATA_value -9999 
[rows 110 to 131 of 314, columns 400 to 449 of 638]
8.16427803039551 8.16405010223389 8.16384029388428 8.16365146636963 8.16344833374023 8.16323280334473 8.16301536560059 8.16279697418213 8.16257953643799 8.16236114501953 8.16214370727539 8.16192436218262 8.16170692443848 8.1614875793457 8.16127014160156 8.16105461120605 8.16083908081055 8.16062164306641 8.16040515899658 8.16018676757812 8.15996932983398 8.15975189208984 8.15953540802002 8.15931701660156 8.15909957885742 8.15888118743896 8.15862083435059 8.15832138061523 8.15801620483399 8.1577091217041 8.15740013122559 8.15709114074707 8.15678310394287 8.15647506713867 8.15616607666016 8.15585708618164 8.15554904937744 8.15523624420166 8.15486812591553 8.15444755554199 8.15401554107666 8.1535758972168 8.15313053131104 8.15268707275391 8.15224266052246 8.15179824829102 8.15135288238525 8.15090847015381 8.15046405792237 8.15002059936523
8.16433334350586 8.16411018371582 8.16390419006348 8.16371536254883 8.16350936889648 8.16329193115234 8.16307258605957 8.1628532409668 8.16263389587402 8.16241455078125 8.16219615936279 8.1619758605957 8.16175746917725 8.16153907775879 8.16132068634033 8.16110610961914 8.16088962554932 8.16067218780518 8.16045570373535 8.16023826599121 8.16002082824707 8.15980529785156 8.15958786010742 8.15937232971191 8.15915489196777 8.15893745422363 8.15867614746094 8.15837287902832 8.15806484222412 8.15775394439697 8.15744209289551 8.15713024139404 8.15681743621826 8.1565055847168 8.15619373321533 8.15588188171387 8.1555700302124 8.15525722503662 8.15488815307617 8.1544599533081 8.15402126312256 8.15357112884521 8.15312004089355 8.15266704559326 8.1522159576416 8.15176391601562 8.15131187438965 8.15085983276367 8.15040969848633 8.14995765686035
8.16438865661621 8.16417121887207 8.16397094726562 8.16378211975098 8.16356945037842 8.16334915161133 8.16312885284424 8.16290855407715 8.16268730163574 8.16246795654297 8.1622486114502 8.16202926635742 8.16180801391602 8.16158866882324 8.16137218475342 8.16115665435791 8.16094017028809 8.16072463989258 8.16050720214844 8.1602897644043 8.16007232666016 8.15985679626465 8.15964126586914 8.15942573547363 8.15921020507812 8.15899276733398 8.15873146057129 8.15842437744141 8.15811157226562 8.15779685974121 8.1574821472168 8.15716552734375 8.15685081481934 8.15653514862061 8.15622138977051 8.15590763092041 8.15559387207031 8.1552791595459 8.15490913391113 8.15447616577148 8.15402507781982 8.15356540679932 8.15310668945313 8.15264701843262 8.15218734741211 8.15172863006592 8.15127086639404 8.15081214904785 8.15035343170166 8.14989471435547
8.16444301605225 8.16422843933105 8.16404247283936 8.16384887695313 8.16362762451172 8.16340160369873 8.16317653656006 8.16295337677002 8.1627311706543 8.16251087188721 8.16229152679443 8.16207313537598 8.16185569763184 8.16163921356201 8.16142177581787 8.16120719909668 8.16098880767822 8.16076946258545 8.16055011749268 8.16033172607422 8.16011428833008 8.15989780426025 8.15968322753906 8.1594705581665 8.15925884246826 8.15904712677002 8.15878868103027 8.15847778320312 8.15815830230713 8.15783500671387 8.15751266479492 8.15719223022461 8.1568717956543 8.15655326843262 8.15623664855957 8.15592193603516 8.15560913085938 8.15529632568359 8.15493202209473 8.15449142456055 8.15402507781982 8.15355491638184 8.15308475494385 8.15261745452881 8.15215015411377 8.15168571472168 8.15122222900391 8.15075874328613 8.15029525756836 8.14983177185059
8.1644926071167 8.16427421569824 8.16410255432129 8.16390037536621 8.16366958618164 8.16344165802002 8.16321563720703 8.16299057006836 8.16276741027832 8.16254615783691 8.16232585906982 8.16210746765137 8.16189002990723 8.16167545318604 8.16146564483643 8.16124820709229 8.16102409362793 8.16080093383789 8.16058158874512 8.16036415100098 8.16014671325684 8.15993118286133 8.15971755981445 8.15950584411621 8.1592960357666 8.15908622741699 8.15883445739746 8.15851783752441 8.1581859588623 8.15785789489746 8.15753173828125 8.15720653533936 8.1568832397461 8.15656185150146 8.15624237060547 8.15592479705811 8.15560913085938 8.15529632568359 8.15493965148926 8.15449142456055 8.15400886535645 8.15352916717529 8.15305137634278 8.15257835388184 8.1521053314209 8.15163516998291 8.15116500854492 8.15069675445557 8.1502275466919 8.14976119995117
8.16453742980957 8.16430854797363 8.16411209106445 8.16391754150391 8.1636962890625 8.1634693145752 8.16324424743652 8.16301918029785 8.1627950668335 8.16257286071778 8.16235160827637 8.16213035583496 8.16191291809082 8.16169166564941 8.16147232055664 8.16125774383545 8.16104221343994 8.16082382202148 8.1606035232544 8.16038703918457 8.16017246246338 8.15995693206787 8.15974235534668 8.15953063964844 8.1593189239502 8.15910720825195 8.15884208679199 8.15852355957031 8.1581974029541 8.15786933898926 8.1575403213501 8.15721321105957 8.15688514709473 8.15655899047852 8.15623474121094 8.15591335296631 8.155592918396 8.15527153015137 8.15489387512207 8.15444374084473 8.15397071838379 8.15349006652832 8.15300941467285 8.15253067016602 8.15205383300781 8.15157699584961 8.15110206604004 8.15062808990479 8.15015411376953 8.14967727661133
8.16463565826416 8.16440391540527 8.16419410705566 8.16400146484375 8.16378974914551 8.16356754302979 8.16334915161133 8.16312789916992 8.16290664672852 8.16268634796143 8.16246604919434 8.16224670410156 8.16202545166015 8.16180419921875 8.16158580780029 8.16136646270752 8.16114711761474 8.16092872619629 8.16070938110352 8.16049194335938 8.1602725982666 8.16005325317383 8.15983486175537 8.15961647033691 8.15939903259277 8.1591796875 8.15890693664551 8.15857887268066 8.15824794769287 8.15791511535645 8.1575813293457 8.15724563598633 8.15691184997559 8.15657806396484 8.15624523162842 8.15590953826904 8.15557765960693 8.15524291992188 8.15485191345215 8.15439605712891 8.1539249420166 8.15344333648682 8.15296173095703 8.15248012542725 8.15199756622314 8.15151596069336 8.15103340148926 8.15055274963379 8.15007209777832 8.14958953857422
8.16479206085205 8.1645622253418 8.16435241699219 8.16416358947754 8.16396045684814 8.16374588012695 8.16353130340576 8.16331577301026 8.16310119628906 8.16288566589355 8.16267013549805 8.16245460510254 8.16224002838135 8.16202545166016 8.16180419921875 8.16157722473145 8.16135215759278 8.16112518310547 8.1609001159668 8.16067504882812 8.16044807434082 8.16022109985352 8.15999603271485 8.15977096557617 8.15954399108887 8.15931797027588 8.15903282165527 8.15869331359863 8.15834999084473 8.15800476074219 8.15765762329102 8.15730953216553 8.15696334838867 8.1566162109375 8.15627002716065 8.15592288970947 8.1555757522583 8.1552267074585 8.15482139587403 8.15435981750488 8.15388679504394 8.15340137481689 8.15291213989258 8.15242576599121 8.15193939208984 8.15145111083984 8.15096282958984 8.15047454833984 8.14998817443848 8.14950180053711
8.16494846343994 8.16472244262695 8.16451454162598 8.16432762145996 8.16413021087646 8.16392230987549 8.1637134552002 8.16350364685059 8.16329288482666 8.16308307647705 8.16287422180176 8.16266345977783 8.16245460510254 8.16224479675293 8.16202354431152 8.161789894104 8.16155624389648 8.16132259368896 8.16109085083008 8.16085624694824 8.16062355041504 8.16039085388184 8.16015720367432 8.1599235534668 8.15969085693359 8.15945625305176 8.15916347503662 8.15880966186523 8.15845203399658 8.15809440612793 8.15773391723633 8.15737342834473 8.15701484680176 8.15665435791016 8.15629386901855 8.15593528747559 8.15557479858398 8.1552095413208 8.15479278564453 8.15432453155518 8.15384864807129 8.15335845947266 8.15286445617676 8.15237236022949 8.15187835693359 8.1513843536377 8.15089225769043 8.15039825439453 8.14990425109863 8.1494140625
8.16510391235352 8.16488456726074 8.16467952728271 8.16449546813965 8.1643009185791 8.16409873962402 8.16389560699463 8.1636905670166 8.16348552703857 8.16328239440918 8.16307735443115 8.16287326812744 8.16266822814941 8.1624641418457 8.16224193572998 8.16200065612793 8.1617603302002 8.16152000427246 8.16127967834473 8.16103935241699 8.16079902648926 8.16055870056152 8.16031837463379 8.16007804870605 8.15983676910401 8.15959453582764 8.1592903137207 8.1589241027832 8.15855407714844 8.15818214416504 8.15781021118164 8.15743732452393 8.15706443786621 8.1566915512085 8.15631866455078 8.15594673156738 8.15557289123535 8.15519332885742 8.15476608276367 8.15429210662842 8.15380954742432 8.15331554412842 8.15281581878662 8.15231704711914 8.15181827545166 8.1513204574585 8.15081977844238 8.1503210067749 8.14982128143311 8.14932441711426
8.16526031494141 8.16504669189453 8.1648473739624 8.16466331481934 8.16447353363037 8.16427612304688 8.16407775878906 8.16387939453125 8.1636791229248 8.16348075866699 8.16328239440918 8.16308307647705 8.16288375854492 8.16268253326416 8.16246128082275 8.16221237182617 8.16196441650391 8.16171741485596 8.16146945953369 8.16122245788574 8.16097354888916 8.16072654724121 8.16047859191895 8.16023063659668 8.15998363494873 8.15973377227783 8.15942001342773 8.15903854370117 8.15865802764893 8.15827369689942 8.15788745880127 8.15750122070312 8.15711498260498 8.15672874450684 8.15634346008301 8.15595722198486 8.15557098388672 8.15517902374268 8.15474128723145 8.15426063537598 8.15377140045166 8.15327262878418 8.15276718139648 8.15226364135742 8.15175819396973 8.15125370025635 8.15074825286865 8.15024375915527 8.14973926544189 8.14923667907715
8.1654167175293 8.16521072387695 8.16501426696777 8.16483306884766 8.16464519500732 8.16445446014404 8.16426086425781 8.16406631469727 8.16387367248535 8.1636791229248 8.16348552703857 8.16329193115234 8.1630973815918 8.1629056930542 8.16268062591553 8.16242408752441 8.16216945648193 8.16191482543945 8.16165924072266 8.16140460968018 8.1611499786377 8.1608943939209 8.16064071655273 8.16038513183594 8.16013145446777 8.15987396240235 8.15954875946045 8.15915584564209 8.15876007080078 8.15836238861084 8.15796279907227 8.15756416320801 8.15716552734375 8.15676593780518 8.1563663482666 8.15596866607666 8.15556907653809 8.15516471862793 8.15471839904785 8.15423202514648 8.15373611450195 8.15322875976562 8.15271759033203 8.15220832824707 8.15169715881348 8.15118789672852 8.15067672729492 8.15016746520996 8.14965629577637 8.14914703369141
8.16557312011719 8.16537284851074 8.16518402099609 8.16500282287598 8.16481781005859 8.16462993621826 8.16444206237793 8.16425514221191 8.16406631469727 8.16387844085693 8.1636905670166 8.16350078582764 8.1633129119873 8.16312408447266 8.16289901733398 8.16263580322265 8.16237354278564 8.16211128234863 8.16184902191162 8.16158771514893 8.16132545471191 8.16106224060059 8.16079998016357 8.16053867340088 8.16027641296387 8.16001319885254 8.15967845916748 8.15927219390869 8.15886306762695 8.1584529876709 8.15803909301758 8.15762805938721 8.15721702575684 8.15680313110352 8.15639209747314 8.15598106384277 8.15556716918945 8.15515232086182 8.15469741821289 8.15420246124268 8.15369987487793 8.1531867980957 8.15267086029053 8.15215301513672 8.15163707733154 8.15112113952637 8.15060520172119 8.15008926391602 8.14957237243652 8.14905834197998
8.16573047637939 8.16553592681885 8.16535091400146 8.16517162322998 8.16499042510986 8.1648063659668 8.16462516784668 8.16444206237793 8.16425895690918 8.16407680511475 8.16389274597168 8.16371059417725 8.16352653503418 8.16334438323975 8.16311836242676 8.16284847259521 8.16257762908936 8.16230869293213 8.1620397567749 8.16176891326904 8.16149997711182 8.16123104095459 8.16096115112305 8.16069221496582 8.16042327880859 8.16015243530273 8.1598072052002 8.15938854217529 8.15896606445312 8.15854263305664 8.15811729431153 8.15769195556641 8.15726661682129 8.15684032440186 8.15641689300537 8.15599155426025 8.15556621551514 8.15513896942139 8.15467643737793 8.15417671203613 8.15366458892822 8.15314483642578 8.15262222290039 8.152099609375 8.15157699584961 8.15105533599854 8.15053367614746 8.15001106262207 8.14949035644531 8.14896869659424
8.16588592529297 8.16569900512695 8.16551780700684 8.16533946990967 8.16516208648682 8.16498374938965 8.16480731964111 8.16463279724121 8.16445636749268 8.16427803039551 8.16409969329834 8.16392040252686 8.16374206542969 8.16356468200684 8.16333770751953 8.16305923461914 8.16278266906738 8.16250610351562 8.16222953796387 8.16195487976074 8.16167831420898 8.16140174865722 8.16112422943115 8.16084575653076 8.16057014465332 8.16029357910156 8.15993881225586 8.15950584411621 8.15907001495361 8.15863132476807 8.15819358825684 8.15775680541992 8.15731906890869 8.15688133239746 8.15644073486328 8.15600204467773 8.1555643081665 8.15512657165527 8.1546573638916 8.15415000915527 8.1536283493042 8.15310096740723 8.15257358551025 8.15204620361328 8.15151977539062 8.15099143981934 8.15046310424805 8.14993476867676 8.1494083404541 8.14888000488281
8.16604804992676 8.16586112976074 8.16568183898926 8.16550636291504 8.16533756256104 8.16517353057862 8.16501045227051 8.16484260559082 8.1646728515625 8.16449928283691 8.16432476043701 8.16414546966553 8.16396522521973 8.16378498077393 8.16355514526367 8.16326999664307 8.16298866271973 8.16271209716797 8.1624345779419 8.16215515136719 8.16187286376953 8.16158676147461 8.16130065917969 8.16101264953613 8.16072273254395 8.16043281555176 8.16006946563721 8.15962409973145 8.1591739654541 8.15872764587402 8.15828132629395 8.15783309936523 8.15738296508789 8.15693092346191 8.15647792816162 8.1560230255127 8.15556716918945 8.15511226654053 8.15463829040527 8.15412330627441 8.15359210968018 8.15306282043457 8.15253257751465 8.15200233459473 8.15146827697754 8.15093421936035 8.15040016174316 8.14986419677734 8.14932823181152 8.1487922668457
8.16623973846436 8.16605377197266 8.16585540771484 8.16569232940674 8.16554546356201 8.16539192199707 8.16523456573486 8.16507339477539 8.16490745544434 8.16473960876465 8.1645679473877 8.16439437866211 8.16421508789062 8.16403388977051 8.16378402709961 8.16349792480469 8.16322326660156 8.16294193267822 8.16265869140625 8.16237258911133 8.16208076477051 8.16178894042969 8.1614933013916 8.16119480133057 8.1608943939209 8.16059303283691 8.16020774841309 8.15974998474121 8.1592960357666 8.15884017944336 8.15838146209717 8.15791988372803 8.15745735168457 8.15699100494385 8.15652275085449 8.15605354309082 8.15558242797852 8.15511226654053 8.15462112426758 8.15410041809082 8.15356922149658 8.15303611755371 8.15250015258789 8.15196418762207 8.15142631530762 8.15088653564453 8.15034484863281 8.14980316162109 8.14925956726074 8.14871406555176
8.16645431518555 8.16628837585449 8.1661205291748 8.1659517288208 8.16579055786133 8.16563606262207 8.1654806137085 8.16532135009766 8.1651611328125 8.16499710083008 8.16483116149902 8.16466331481934 8.16449165344238 8.1643238067627 8.16409111022949 8.16378879547119 8.16348838806152 8.16319465637207 8.16290092468262 8.1626033782959 8.16230392456055 8.16200256347656 8.16169834136963 8.1613941192627 8.16108703613281 8.16078186035156 8.16039752960205 8.15992164611816 8.15944290161133 8.15896892547607 8.15849304199219 8.1580171585083 8.15753936767578 8.15705966949463 8.15657806396484 8.15609645843506 8.15561294555664 8.15513038635254 8.15463447570801 8.15410614013672 8.15356254577637 8.15301990509033 8.1524772644043 8.15193462371826 8.15139007568359 8.15084457397461 8.15029716491699 8.14974975585938 8.14920043945312 8.14865303039551
8.16648101806641 8.16634559631348 8.16619491577148 8.16603088378906 8.16587162017822 8.16571235656738 8.16555595397949 8.16539859771729 8.16524124145508 8.16508293151856 8.16492366790771 8.16476440429688 8.16460609436035 8.16444969177246 8.16421699523926 8.16390991210938 8.16360473632812 8.16329956054688 8.16299152374268 8.16268920898438 8.16238403320312 8.16207885742188 8.16177177429199 8.16146659851074 8.16116142272949 8.16085624694824 8.16046142578125 8.15997886657715 8.15949058532715 8.15900325775146 8.15851593017578 8.15802764892578 8.15753936767578 8.15705108642578 8.15656185150146 8.15607357025146 8.15558433532715 8.15509605407715 8.15458679199219 8.15405464172363 8.15350914001465 8.1529598236084 8.15241146087646 8.15186023712158 8.15131187438965 8.1507625579834 8.15021133422852 8.14966201782227 8.1491117477417 8.14856052398682
8.16629409790039 8.16634559631348 8.16619491577148 8.16603088378906 8.16587162017822 8.16571235656738 8.16555595397949 8.1653003692627 8.16514873504639 8.16499519348145 8.16484546661377 8.16469192504883 8.1645393371582 8.16438674926758 8.16415691375732 8.16385078430176 8.16354560852051 8.16324043273926 8.16293430328369 8.16262817382812 8.16232395172119 8.16201877593994 8.16171264648438 8.16140747070312 8.16110229492188 8.16079711914062 8.16039943695068 8.15991306304931 8.15942287445068 8.15893173217773 8.15843963623047 8.1579475402832 8.15745544433594 8.15696430206299 8.15647125244141 8.15598106384277 8.15548896789551 8.15499687194824 8.15448093414307 8.15394306182861 8.15339946746826 8.15284729003906 8.15229606628418 8.15174293518066 8.1511926651001 8.15063953399658 8.15008735656738 8.14953517913818 8.14898490905762 8.1484317779541
-9999 8.16588306427002 8.16594505310059 8.16579437255859 8.16553115844727 8.16539001464844 8.16524887084961 8.16520500183105 8.16505813598633 8.1649112701416 8.16476440429688 8.16461753845215 8.16447067260742 8.1643238067627 8.16409873962402 8.16379261016846 8.16348552703857 8.16317939758301 8.16287517547607 8.16256999969482 8.16226482391357 8.16195869445801 8.16165447235107 8.16134834289551 8.16104316711426 8.16073608398438 8.16033840179443 8.15984725952148 8.1593542098999 8.15885925292969 8.15836334228516 8.15786933898926 8.15737342834473 8.15687942504883 8.15638446807861 8.15588760375977 8.15539360046387 8.15489482879639 8.15437507629395 8.15383434295654 8.15328788757324 8.15273666381836 8.15218162536621 8.15162658691406 8.15107345581055 8.1505184173584 8.14996433258057 8.14941024780273 8.1488561630249 8.14830303192139
-9999 -9999 8.16582107543945 8.16567516326904 8.16553115844727 8.16539001464844 8.16524887084961 8.16510772705078 8.16496658325195 8.16482543945312 8.1646842956543 8.16454315185547 8.16440391540527 8.16426277160645 8.16403961181641 8.16373252868652 8.16342735290527 8.16312122344971 8.16281604766846 8.16250991821289 8.16220474243164 8.16190147399902 8.16159439086914 8.16129016876221 8.16098499298096 8.16067790985107 8.1602783203125 8.15978240966797 8.15928554534912 8.15878677368164 8.15828895568848 8.157790184021 8.15729236602783 8.15679168701172 8.15629386901855 8.15579509735107 8.15529727935791 8.1547966003418 8.15427207946777 8.15372657775879 8.15317821502686 8.15262413024902 8.15206718444824 8.15151023864746 8.150954246521 8.15039825439453 8.14984130859375 8.14928436279297 8.14872932434082 8.14817237854004
