Spatial_Analysis/Maxent_Inputs/Inputs/RCP4_5_Near/pH_near45.asc
NCOLS 638 
NROWS 314 
XLLCORNER -102.97071042 
YLLCORNER 3.973116569 
CELLSIZE 0.083 
NODATA_value -9999 
[rows 22 to 43 of 314, columns 150 to 199 of 638]
8.03286457061768 8.03260707855225 8.03235054016113 8.0320930480957 8.03183460235596 8.03157615661621 8.03131675720215 8.0310583114624 8.03079795837402 8.03053855895996 8.03027629852295 8.03001499176026 8.02980709075928 8.02964878082276 8.02949142456055 8.02933311462402 8.02917385101319 8.02901458740234 8.02885246276855 8.0286922454834 8.02853107452392 8.02837085723877 8.0282096862793 8.02804756164551 8.02795219421387 8.02792167663574 8.0278902053833 8.02786064147949 8.02782917022705 8.02779769897461 8.02776622772217 8.02773475646973 8.02770233154297 8.02767086029053 8.02763843536377 8.02760601043701 8.02764225006104 8.02774620056152 8.02785015106201 8.0279541015625 8.0280590057373 8.02816200256348 8.02826690673828 8.02836990356445 8.02847576141357 8.02858066558838 8.02868461608887 8.02879047393799 8.02899169921875 8.02929019927979
8.0339241027832 8.0336742401123 8.03342342376709 8.03317260742188 8.03292083740234 8.03266906738281 8.03241634368896 8.0321626663208 8.03190994262695 8.03165435791016 8.03139972686768 8.03114318847656 8.03094100952149 8.03079128265381 8.03064060211182 8.03049087524414 8.03034019470215 8.03018856048584 8.03003883361816 8.02988815307617 8.02973556518555 8.02958393096924 8.02943325042725 8.0292797088623 8.02919483184814 8.02917575836182 8.02915573120117 8.02913665771484 8.02911758422852 8.02909660339356 8.02907657623291 8.02905559539795 8.02903461456299 8.02901363372803 8.02899265289307 8.02897167205811 8.02902030944824 8.02913761138916 8.02925491333008 8.02937126159668 8.02949047088623 8.02960681915283 8.02972507476807 8.0298433303833 8.0299596786499 8.03007793426514 8.03019523620605 8.03031253814697 8.0305290222168 8.03083992004395
8.03498077392578 8.03473663330078 8.0344934463501 8.03424739837647 8.03400325775147 8.03375625610352 8.03351020812988 8.0332612991333 8.03301239013672 8.03276443481445 8.03251457214356 8.03226470947266 8.03206920623779 8.0319299697876 8.03178882598877 8.03164863586426 8.03150653839112 8.0313663482666 8.03122425079346 8.03108310699463 8.03094100952148 8.03079891204834 8.0306568145752 8.03051376342774 8.03043746948242 8.03042984008789 8.03042030334473 8.0304126739502 8.03040313720703 8.03039646148682 8.03038692474365 8.03037452697754 8.03036689758301 8.03035831451416 8.030348777771 8.03033924102783 8.03039932250977 8.03052997589112 8.03066062927246 8.03079128265381 8.03092098236084 8.0310525894165 8.03118324279785 8.03131294250488 8.03144264221191 8.03157234191895 8.03170108795166 8.03183078765869 8.03205680847168 8.03238296508789
8.03603172302246 8.03579521179199 8.03555583953857 8.03531742095947 8.03507709503174 8.034836769104 8.03459644317627 8.0343542098999 8.03411388397217 8.03387260437012 8.03362941741943 8.03338718414307 8.03320026397705 8.03307056427002 8.03293895721436 8.03280830383301 8.03267574310303 8.03254508972168 8.03241157531738 8.03228092193604 8.03214740753174 8.03201484680176 8.03187942504883 8.03174686431885 8.03168106079102 8.03168392181396 8.03168678283691 8.03169059753418 8.03169345855713 8.03169631958008 8.03169727325439 8.03170108795166 8.03170204162598 8.03170394897461 8.03170585632324 8.03170871734619 8.03178119659424 8.0319242477417 8.03206539154053 8.03220653533936 8.03235054016113 8.03249168395996 8.03263282775879 8.03277492523193 8.03291606903076 8.03305625915527 8.0331974029541 8.03333854675293 8.03357696533203 8.03391456604004
8.03707504272461 8.03684425354004 8.03661155700684 8.03638076782227 8.03614807128906 8.03591632843018 8.03568267822266 8.03544998168945 8.03521633148193 8.03498363494873 8.03474807739258 8.03451347351074 8.03433513641357 8.03421401977539 8.03409290313721 8.03397083282471 8.03384876251221 8.03372573852539 8.03360366821289 8.03348064422607 8.03335762023926 8.03323459625244 8.03311061859131 8.03298568725586 8.03293132781983 8.03294467926026 8.032958984375 8.03297328948975 8.03298664093018 8.03300094604492 8.03301334381104 8.03302669525147 8.03303909301758 8.03305053710938 8.03306198120117 8.03307342529297 8.0331563949585 8.03330898284912 8.03346252441406 8.03361511230469 8.03376865386963 8.03392124176026 8.03407382965088 8.03422546386719 8.0343770980835 8.03452873229981 8.0346794128418 8.03483200073242 8.03508281707764 8.03543281555176
8.03811073303223 8.03788852691651 8.03766822814942 8.03744602203369 8.03722286224365 8.0369987487793 8.03677463531494 8.03654956817627 8.03632545471192 8.03609943389893 8.03587245941162 8.03564453125 8.03547763824463 8.03536701202393 8.03525543212891 8.03514385223389 8.03503227233887 8.03491878509521 8.03480625152588 8.03469276428223 8.03457927703858 8.03446578979492 8.03435039520264 8.03423500061035 8.03419017791748 8.03421497344971 8.03423881530762 8.03426265716553 8.03428554534912 8.03430557250977 8.03432846069336 8.03434753417969 8.03436946868897 8.03438854217529 8.03441047668457 8.03442764282227 8.03451824188232 8.03468227386475 8.03484535217285 8.03500747680664 8.03516864776612 8.0353307723999 8.03549289703369 8.0356559753418 8.03581809997559 8.03598213195801 8.03614616394043 8.03631019592285 8.0365743637085 8.03693866729737
8.03914260864258 8.03892993927002 8.03871726989746 8.03850555419922 8.03829288482666 8.03808116912842 8.03786754608154 8.0376558303833 8.03744125366211 8.03722858428955 8.03701305389404 8.0367956161499 8.03663921356201 8.03654098510742 8.03644180297852 8.03634166717529 8.03623867034912 8.03613567352295 8.03603172302246 8.03592586517334 8.0358190536499 8.03571224212646 8.03560352325439 8.03549480438233 8.03545570373535 8.03548812866211 8.03551864624024 8.03554821014404 8.03557777404785 8.03560638427735 8.03563404083252 8.03565979003906 8.03568553924561 8.03570938110352 8.03573322296143 8.03575706481934 8.03585529327393 8.03602695465088 8.03619861602783 8.03637027740479 8.03654289245606 8.03671646118164 8.0368881225586 8.03706169128418 8.03723621368408 8.03741073608398 8.03758811950684 8.03776741027832 8.03804683685303 8.03842926025391
8.04017162322998 8.03997135162354 8.03977394104004 8.03957557678223 8.03937530517578 8.03917598724365 8.03897571563721 8.03877353668213 8.03857326507568 8.03837108612061 8.0381669998169 8.03796577453613 8.03782176971436 8.03773880004883 8.03765487670898 8.03756904602051 8.03748226165771 8.03739070892334 8.0372953414917 8.03719902038574 8.0370979309082 8.03699398040771 8.03688716888428 8.03677654266357 8.03673934936523 8.03677082061768 8.0368013381958 8.03683090209961 8.03685760498047 8.03688526153565 8.03691101074219 8.03693866729737 8.03696346282959 8.0369873046875 8.03701114654541 8.03703784942627 8.03713989257813 8.03731822967529 8.03749942779541 8.03768253326416 8.03786754608154 8.03805446624756 8.03824424743652 8.03843688964844 8.03863334655762 8.03883457183838 8.03903484344483 8.03923511505127 8.03953838348389 8.03994369506836
8.04126453399658 8.04107666015625 8.04088687896729 8.04069900512695 8.0405101776123 8.04032230377197 8.04013442993164 8.03994464874268 8.03975677490234 8.0395679473877 8.03938007354736 8.03919124603272 8.0390510559082 8.03896713256836 8.03888416290283 8.03880023956299 8.03871536254883 8.03863143920899 8.03854846954346 8.03846454620361 8.03838062286377 8.03829574584961 8.0382137298584 8.03812885284424 8.03809356689453 8.03811645507812 8.03814125061035 8.03816413879395 8.03818798065186 8.03821182250977 8.03823566436768 8.0382604598999 8.0382833480835 8.03830528259278 8.038330078125 8.0383529663086 8.03847312927246 8.0386848449707 8.03889465332031 8.03910636901855 8.03931617736816 8.03952693939209 8.03973770141602 8.03994846343994 8.04015922546387 8.04036998748779 8.0405797958374 8.04079246520996 8.04110813140869 8.04153347015381
8.04244804382324 8.04226398468018 8.04207992553711 8.04189491271973 8.04171180725098 8.04152870178223 8.04134368896484 8.04115962982178 8.04097557067871 8.04079246520996 8.04060840606689 8.04042053222656 8.04029178619385 8.04021739959717 8.04014301300049 8.04006862640381 8.03999328613281 8.03991889953613 8.03984546661377 8.03976917266846 8.03969478607178 8.0396203994751 8.03954601287842 8.03946685791016 8.0394458770752 8.03948593139648 8.03952407836914 8.0395622253418 8.03960037231445 8.03963756561279 8.03967666625977 8.03971385955811 8.03975105285645 8.0397891998291 8.03982639312744 8.03986930847168 8.04000091552735 8.04022026062012 8.04044342041016 8.0406665802002 8.04088973999024 8.04111194610596 8.04133605957031 8.04155826568604 8.04178237915039 8.0420036315918 8.04222679138184 8.04245185852051 8.04278087615967 8.04321575164795
8.04358005523682 8.0433988571167 8.04321956634521 8.0430383682251 8.04285907745361 8.04267883300781 8.04249954223633 8.04231929779053 8.04214000701904 8.04196071624756 8.04178047180176 8.04159736633301 8.04147243499756 8.04140853881836 8.04134178161621 8.04127502441406 8.04120826721192 8.04114246368408 8.04107475280762 8.04100799560547 8.04094123840332 8.04087352752686 8.04080772399902 8.04073143005371 8.04072380065918 8.04078102111816 8.04083347320557 8.04088401794434 8.04093647003174 8.04098606109619 8.04103755950928 8.04108810424805 8.04113960266113 8.04119110107422 8.04124164581299 8.04130077362061 8.04144382476807 8.04167175292969 8.04190635681152 8.04214096069336 8.0423755645752 8.04260921478272 8.04284286499024 8.04307842254639 8.04331207275391 8.04354667663574 8.04378032684326 8.04401779174805 8.04435920715332 8.04480361938477
8.04465961456299 8.04448318481445 8.04430675506592 8.04412937164307 8.04395389556885 8.04377746582031 8.04360103607178 8.04342460632324 8.04324913024902 8.04307270050049 8.04289531707764 8.04271602630615 8.0425968170166 8.04254055023193 8.04248046875 8.04242038726807 8.04236030578613 8.0423002243042 8.04224014282227 8.04218101501465 8.04212093353271 8.0420618057251 8.04199886322022 8.04192924499512 8.04193115234375 8.04200172424317 8.04206657409668 8.04213047027588 8.04219341278076 8.04225730895996 8.04232025146484 8.04238319396973 8.04244804382324 8.04251098632813 8.04257583618164 8.04264736175537 8.04280185699463 8.04304027557373 8.04328346252441 8.04352760314941 8.04377269744873 8.04401779174805 8.04426193237305 8.04450798034668 8.04475212097168 8.044997215271 8.045241355896 8.04548931121826 8.04584121704102 8.04629325866699
8.04574012756348 8.04556655883789 8.0453929901123 8.04522037506104 8.04504871368408 8.0448751449585 8.04470252990723 8.04453086853028 8.04435729980469 8.04418468475342 8.04401111602783 8.0438346862793 8.04372119903564 8.04367160797119 8.04361915588379 8.04356575012207 8.04351234436035 8.04346084594727 8.04340553283691 8.04335403442383 8.04330062866211 8.04324722290039 8.04319095611572 8.04312801361084 8.04314041137695 8.04322338104248 8.04330062866211 8.04337596893311 8.04345226287842 8.04352855682373 8.04360389709473 8.04368019104004 8.04375457763672 8.04383087158203 8.04390907287598 8.04399299621582 8.04415893554688 8.04440689086914 8.0446605682373 8.04491519927979 8.04516983032227 8.04542541503906 8.04568099975586 8.04593658447266 8.04619121551514 8.04644680023193 8.04670333862305 8.04696083068848 8.04732131958008 8.04778385162354
8.04681968688965 8.04664993286133 8.04648017883301 8.046311378479 8.046142578125 8.045973777771 8.04580497741699 8.04563522338867 8.04546546936035 8.04529762268067 8.04512691497803 8.04495525360107 8.044846534729 8.04480266571045 8.04475784301758 8.04471111297607 8.04466438293457 8.04461860656738 8.0445728302002 8.04452705383301 8.04447937011719 8.04443359375 8.04438400268555 8.0443286895752 8.04434871673584 8.0444450378418 8.04453468322754 8.04462337493896 8.04471015930176 8.04479789733887 8.04488658905029 8.04497528076172 8.04506301879883 8.04515075683594 8.045241355896 8.04533672332764 8.04551315307617 8.04577445983887 8.04603672027588 8.04630279541016 8.04656791687012 8.04683399200439 8.04710006713867 8.04736518859863 8.04763126373291 8.04789733886719 8.04816436767578 8.04843235015869 8.04880237579346 8.04927253723145
8.04790019989014 8.04773426055908 8.04756736755371 8.04740238189697 8.04723739624023 8.04707145690918 8.04690647125244 8.04674053192139 8.04657554626465 8.04640960693359 8.04624366760254 8.04607677459717 8.045973777771 8.04593467712402 8.04589653015137 8.04585647583008 8.04581737518311 8.04577732086182 8.04573822021484 8.04569816589355 8.04565811157227 8.04561901092529 8.04557609558106 8.04553031921387 8.04555892944336 8.04566669464111 8.04576873779297 8.04586791992188 8.04597091674805 8.04607009887695 8.04616928100586 8.0462703704834 8.0463695526123 8.04647064208984 8.04657363891602 8.04667854309082 8.04686737060547 8.04713916778564 8.04741477966309 8.04768943786621 8.04796600341797 8.04824256896973 8.04851913452149 8.04879474639893 8.04907131195068 8.04934692382812 8.0496244430542 8.04990291595459 8.0502815246582 8.05076217651367
8.04897975921631 8.0488166809082 8.04865455627442 8.04849338531494 8.04833030700684 8.04816913604736 8.04800701141357 8.0478458404541 8.047682762146 8.04752159118653 8.04735946655273 8.04719734191895 8.04709911346436 8.04706764221191 8.04703426361084 8.04700183868408 8.04696941375732 8.04693603515625 8.04690361022949 8.04687118530273 8.04683876037598 8.0468053817749 8.0467700958252 8.04673099517822 8.0467700958252 8.04688930511475 8.0470027923584 8.04711532592773 8.04722785949707 8.04734039306641 8.04745388031006 8.04756736755371 8.04767894744873 8.04779052734375 8.04790496826172 8.04802227020264 8.04822158813477 8.04850578308105 8.04878997802734 8.04907703399658 8.04936408996582 8.04965019226074 8.04993724822998 8.05022430419922 8.05051136016846 8.0507984161377 8.05108547210694 8.05137252807617 8.0517635345459 8.05225372314453
8.05005836486816 8.04990005493164 8.04974269866943 8.04958343505859 8.04942512512207 8.04926681518555 8.04910945892334 8.0489501953125 8.04879188537598 8.04863357543945 8.04847526550293 8.04831886291504 8.04822540283203 8.04819965362549 8.04817295074463 8.04814720153809 8.04811954498291 8.04809474945068 8.04806900024414 8.04804229736328 8.04801845550537 8.0479907989502 8.04796409606934 8.04793357849121 8.04798221588135 8.04811096191406 8.04823684692383 8.04836273193359 8.04848670959473 8.04861259460449 8.04873657226562 8.04886245727539 8.04898643493653 8.04911136627197 8.04923629760742 8.04936504364014 8.04957580566406 8.04986953735352 8.05016708374023 8.05046463012695 8.05076217651367 8.05105876922607 8.05135631561279 8.0516529083252 8.05195045471191 8.05224800109863 8.05254554748535 8.05284404754639 8.05324268341065 8.05374240875244
8.05113887786865 8.05098342895508 8.05082893371582 8.05067443847656 8.05051994323731 8.05036544799805 8.05021095275879 8.05005645751953 8.04990100860596 8.04974746704102 8.04959106445312 8.0494384765625 8.04935073852539 8.04933166503906 8.04931259155273 8.04929447174072 8.04927253723145 8.04925537109375 8.04923534393311 8.04921531677246 8.04919719696045 8.0491771697998 8.04915809631348 8.04913520812988 8.0491943359375 8.0493335723877 8.04947090148926 8.04960823059082 8.04974555969238 8.04988288879395 8.05002021789551 8.05015659332275 8.05029392242432 8.05043125152588 8.05056858062744 8.05070781707764 8.05092906951904 8.05123710632324 8.05154418945312 8.05185222625732 8.05215930938721 8.05246734619141 8.05277442932129 8.0530834197998 8.053391456604 8.05369758605957 8.05400657653809 8.0543155670166 8.05472373962402 8.05523300170898
8.05221652984619 8.05206871032715 8.05191612243652 8.0517635345459 8.05161094665527 8.05146026611328 8.05130863189697 8.0511589050293 8.0510082244873 8.05085754394531 8.05070686340332 8.05055809020996 8.05047607421875 8.05046272277832 8.05045032501221 8.05043697357178 8.05042457580566 8.05041217803955 8.05039978027344 8.05038833618164 8.05037689208984 8.05036354064942 8.0503511428833 8.05033683776855 8.05040645599365 8.05055522918701 8.05070495605469 8.05085372924805 8.05100345611572 8.0511531829834 8.05130195617676 8.05145072937012 8.05160140991211 8.0517520904541 8.05190086364746 8.05205059051514 8.05228424072266 8.05260276794434 8.05292129516602 8.05323791503906 8.05355644226074 8.05387592315674 8.05419254302979 8.05451202392578 8.05483055114746 8.05514907836914 8.05546569824219 8.0557861328125 8.05620384216309 8.05672168731689
8.05329895019531 8.05314636230469 8.05299377441406 8.05284309387207 8.05269432067871 8.05254745483398 8.05240058898926 8.05225563049316 8.05211162567139 8.05196666717529 8.0518217086792 8.05167675018311 8.05160140991211 8.05159378051758 8.05158710479736 8.05158042907715 8.05157470703125 8.05156898498535 8.05156326293945 8.05155944824219 8.05155372619629 8.05154800415039 8.05154323577881 8.05153846740723 8.05161666870117 8.05177688598633 8.05193901062012 8.05209922790527 8.05226039886475 8.05242156982422 8.05258274078369 8.05274391174317 8.05290603637695 8.05306911468506 8.05323219299316 8.05339527130127 8.05364036560059 8.05396747589111 8.05429553985596 8.05462455749512 8.05495357513428 8.05528259277344 8.05561256408691 8.05594253540039 8.05627346038818 8.05660057067871 8.05692863464355 8.0572566986084 8.05768394470215 8.05821323394775
8.05435752868652 8.05420875549316 8.0540599822998 8.05391502380371 8.05377101898193 8.05362987518311 8.05348777770996 8.05334758758545 8.05320930480957 8.05306911468506 8.05292987823486 8.05278968811035 8.05272006988525 8.05271911621094 8.05271911621094 8.05272006988525 8.0527229309082 8.05272483825684 8.05272674560547 8.0527286529541 8.05273056030274 8.05273246765137 8.05273532867432 8.05273628234863 8.05282497406006 8.05299663543701 8.05316925048828 8.05334186553955 8.05351543426514 8.05368804931641 8.05386066436768 8.05403518676758 8.05420875549316 8.05438232421875 8.05455780029297 8.05473327636719 8.05498886108398 8.05532836914062 8.05566787719727 8.05600833892822 8.05634880065918 8.05669021606445 8.05703163146973 8.05737209320068 8.05771446228027 8.05805492401123 8.05839252471924 8.05873203277588 8.05917167663574 8.05971336364746
8.05538940429688 8.05525207519531 8.05511474609375 8.05497741699219 8.05484008789062 8.0547046661377 8.05457019805908 8.05443477630615 8.05430030822754 8.05416679382324 8.054030418396 8.05389595031738 8.0538330078125 8.05384254455566 8.05385112762451 8.05385971069336 8.05386829376221 8.05387687683105 8.05388641357422 8.05389595031738 8.05390453338623 8.05391502380371 8.05392456054688 8.05393409729004 8.054030418396 8.05421543121338 8.05439853668213 8.05458545684814 8.05476856231689 8.05495262145996 8.05513763427734 8.05532264709473 8.05550765991211 8.05569267272949 8.05587768554688 8.05606269836426 8.05633068084717 8.05668354034424 8.05703735351562 8.0573902130127 8.05774307250977 8.05809593200684 8.05845069885254 8.05880355834961 8.05915641784668 8.05950927734375 8.05986309051514 8.06021690368652 8.0606689453125 8.06122207641602
