Spatial_Analysis/Maxent_Inputs/Inputs/RCP4_5_Near/salinity_near45.asc
NCOLS 638 
NROWS 314 
XLLCORNER -102.97071042 
YLLCORNER 3.973116569 
CELLSIZE 0.083 
NODATA_value -9999 
[rows 44 to 65 of 314, columns 150 to 199 of 638]
36.3578118495573 36.353781384677 36.3499025553959 36.3460112456963 36.3421152318333 36.3382197874938 36.3343318773591 36.3304533320783 36.3265834772933 36.3227234455283 36.3188556294395 36.3149686887618 36.3116631109291 36.3095543758268 36.307606530805 36.305633370584 36.3036559547439 36.3016817147003 36.299719850733 36.297774903538 36.2958399681964 36.2939150360711 36.2919899328259 36.2900503373322 36.287619972363 36.284175280663 36.280513400264 36.2768446504421 36.2731624958008 36.2694900755815 36.265835375071 36.2621928091549 36.2585675741128 36.2549536975947 36.2513333499885 36.2476893791623 36.2450394713484 36.2445569845965 36.2446658266324 36.2447560432799 36.2448339774948 36.2449189705273 36.2450207340168 36.2451347784159 36.2452661628186 36.2454074552708 36.2455490514751 36.2456642901302 36.2463696570962 36.248444116677
36.3660599510213 36.3619992120901 36.3580670549928 36.3541249113392 36.3501850980043 36.3462464237852 36.3423065588326 36.3383633712529 36.334422133302 36.3304842625118 36.3265397627041 36.3225835879523 36.319120213803 36.3166872056202 36.3143972888099 36.3120907053005 36.3097825078033 36.3074736460853 36.3051627902048 36.3028545927076 36.3005457309896 36.2982348751092 36.2959290074383 36.2936319254761 36.2908571583997 36.2870771271873 36.2830882692908 36.2791132298461 36.2751374745628 36.2711596643469 36.2671851433232 36.2632051156689 36.2592280820618 36.2552549851618 36.2512765107251 36.2472988564461 36.2443808925968 36.2437539794457 36.2437601689106 36.2437674807624 36.2437719615882 36.2437761401847 36.2437806210105 36.243784799607 36.2437892804328 36.2437934590294 36.2437996484943 36.243794637887 36.244381308293 36.2463503192114
36.3743005005439 36.3702139239386 36.3662285509437 36.3622275561604 36.3582237298357 36.3542260141074 36.3502278847697 36.346225327147 36.3422249965845 36.3382249247022 36.3342209961266 36.3301951468021 36.3265817697596 36.3238261025069 36.3211846123611 36.3185232452771 36.3158558966905 36.3131901013215 36.3105256009822 36.3078582523957 36.3051901272003 36.3025236843164 36.2998638699576 36.2972121330223 36.2940921178687 36.2899765654474 36.2856549748038 36.2813476764994 36.2770445219645 36.2727380782373 36.2684354325015 36.2641306979289 36.2598253421691 36.2555202450895 36.251215743907 36.2469111556266 36.243727897952 36.2429543920656 36.2428513794335 36.2427488416734 36.2426473822589 36.2425469161374 36.242444809208 36.2423480970364 36.2422479326516 36.2421469481091 36.242044453898 36.2419218523887 36.2423945127073 36.2442605607267
36.3825412571519 36.3784267195931 36.3743884764558 36.3703316417882 36.3662713377091 36.3622104979877 36.3581519030402 36.3540895101013 36.3500290505776 36.3459690310141 36.3419013319152 36.3378096050477 36.3340470715744 36.3309649138029 36.327967914622 36.3249513230415 36.3219282411593 36.3189050033401 36.3158855635123 36.3128617050213 36.3098353344393 36.3068144699954 36.3037972136788 36.3007862132662 36.2973190505243 36.2928752787165 36.2882247695538 36.2835854634934 36.2789497048129 36.2743166212446 36.2696870506368 36.2650567034201 36.2604216702231 36.2557852635354 36.251154252098 36.2465257157944 36.2430778639195 36.2421528545645 36.2419359877591 36.2417257231511 36.2415200933981 36.2413141963278 36.2411080917028 36.2409049476901 36.2407002676811 36.2404939904132 36.240283718721 36.2400477718605 36.2404124810706 36.2421729174066
36.390783515829 36.386638565996 36.3825487553454 36.3784365303754 36.3743150964427 36.3701916683476 36.3660715198228 36.3619512250059 36.3578277969108 36.353707648386 36.3495821760107 36.3454340832614 36.3415204002027 36.3381035697001 36.3347500337718 36.3313823609489 36.3280035629694 36.3246231677309 36.3212462854529 36.3178669179269 36.31448547827 36.3111078193833 36.307731842808 36.3043659636769 36.30054683778 36.2957696679968 36.2907917595824 36.2858242341355 36.2808606960287 36.2758998163052 36.270939981 36.2659795761485 36.2610154345682 36.2560496177605 36.2510907661265 36.246140242035 36.2424245067676 36.2413529826689 36.2410223563876 36.2407055040245 36.240396653677 36.2400847383979 36.2397758880504 36.2394616429451 36.2391508500529 36.2388408773185 36.2385233536505 36.238182192033 36.2384366035793 36.2400857226308
36.3990279144914 36.3948559701779 36.3907124783564 36.3865381915025 36.3823563431083 36.3781750131351 36.3739934492565 36.369813699321 36.3656275785558 36.3614479572218 36.3572622262761 36.3530571808774 36.3489958515719 36.345251676019 36.3415378929422 36.3378120526782 36.3340780909494 36.3303393819776 36.3266040472505 36.3228708621305 36.3191335772824 36.3153976730089 36.3116672748737 36.3079437467224 36.3037731062148 36.2986631252466 36.2933576616666 36.2880652829862 36.2827743456277 36.2774840557841 36.2721907885993 36.2668970029935 36.2616055740571 36.2563125478619 36.2510280567638 36.2457566065241 36.2417719090263 36.240553266195 36.240111495272 36.2396892210896 36.2392737834793 36.2388572229898 36.2384432095032 36.2380226105481 36.2376029000745 36.237187764201 36.2367655953224 36.2363177173483 36.2364635479846 36.238004681508
36.407284516656 36.4030824886251 36.3988793862635 36.3946415005445 36.3903998168341 36.3861577367126 36.3819159142865 36.3776769674431 36.3734307263538 36.3691894228411 36.3649430703715 36.3606808824823 36.3564706038085 36.3524007315667 36.3483271767287 36.3442380416058 36.3401504354182 36.3360549051834 36.33196457935 36.3278732703378 36.3237787845213 36.3196884586879 36.3156006185949 36.3115184481534 36.3069994693469 36.3015587052605 36.2959268352294 36.2903051927211 36.2846856654004 36.2790624696745 36.2734399386848 36.2678170274975 36.262196680019 36.2565758576685 36.2509628105124 36.2453679048121 36.2411162220481 36.2397473616485 36.2391969141335 36.2386708498102 36.2381462268088 36.2376251506951 36.2371058444831 36.2365807299038 36.2360555712831 36.2355357901991 36.2350084581814 36.2344563491216 36.234497931451 36.2359308733686
36.4155496027695 36.411314988575 36.4070464495922 36.4027446804696 36.3984408225102 36.3941363950043 36.3898347544833 36.38553630848 36.3812314061022 36.3769298779691 36.3726273930079 36.3683080702047 36.3639535555013 36.3595505465249 36.3551187903415 36.3506667496869 36.3462199316397 36.341771929966 36.3373284345458 36.332876153417 36.3284238793723 36.3239788307345 36.3195292930416 36.3150895510561 36.3102218451159 36.3044538711495 36.29849509396 36.2925432642306 36.286593981504 36.2806410126818 36.2746931100376 36.2687465024232 36.2627962699527 36.2568453899673 36.2508980052288 36.2449687082601 36.2404501353965 36.2389334819294 36.2382807190303 36.2376514341125 36.2370190842631 36.2363938378109 36.2357688935878 36.2351419384963 36.234514223502 36.2338869494525 36.2332545828973 36.2326040171919 36.232540609025 36.2338641250773
36.4238295507915 36.4195522965151 36.4152095255807 36.4108446324651 36.4064797393494 36.4021148462337 36.3977510922108 36.3933906177583 36.3890299970137 36.3846691423636 36.3803099462349 36.375935189088 36.3714369040747 36.3666999913996 36.3619042153664 36.3570975810243 36.3522901872717 36.3474845021583 36.3426817948785 36.3378755407341 36.333068275583 36.3282657242402 36.3234589339611 36.3186605157583 36.3134409413375 36.307342848966 36.3010594256054 36.2947786606279 36.2885007003488 36.2822242077424 36.2759479561025 36.2696745967513 36.2633943066458 36.2571135416684 36.2508332515629 36.2445676567766 36.2397733812619 36.2381143973164 36.2373636182243 36.23663007587 36.2358973531812 36.2351646137635 36.2344307519589 36.2336980125412 36.2329635811902 36.2322309880876 36.2315002934884 36.230755378442 36.230594920555 36.2318025472603
36.4321266834183 36.4277908220088 36.4233667587824 36.4189364290456 36.4145076525264 36.4100801710369 36.405653724344 36.4012337770822 36.3968133118919 36.3923964710653 36.3879832555872 36.3835623768104 36.3789215644067 36.3738477620546 36.3686812607387 36.3635146551265 36.3583491982519 36.3531805038029 36.3480200690651 36.3428629138976 36.3377067515307 36.3325472665369 36.3273883850166 36.3222334569093 36.3166623678778 36.3102331729607 36.3036229978632 36.2970137284684 36.2904112166926 36.2838107770477 36.2772074886631 36.2706032950682 36.2639948022822 36.2573888995557 36.250775747117 36.2441693249389 36.2390895065319 36.2372953466307 36.2364533610975 36.2356158377536 36.2347764255282 36.2339295641276 36.2330865002259 36.2322431345875 36.2314009763886 36.2305659215867 36.2297338613244 36.228900377969 36.2286561628162 36.2297408408417
36.440393826418 36.4359997791072 36.4315051862845 36.4270113700706 36.4225193404644 36.418028389696 36.413541822679 36.4090601932386 36.4045786923996 36.4001045192184 36.3956326075169 36.3911603677509 36.3863883419171 36.3809997686158 36.3754894170643 36.3699834492642 36.3644828331653 36.3589803611274 36.3534834984633 36.347994559354 36.3425051023161 36.3370167843939 36.3315288289558 36.3260396225292 36.3201306824855 36.3133617724263 36.3064157141054 36.2994709675201 36.2925284996128 36.2855888364039 36.2786508479299 36.2717075259607 36.2647642546245 36.2578232721034 36.2508698521975 36.2439148613605 36.2385344230216 36.2365793182906 36.2356110092488 36.2346358302 36.2336526253454 36.2326639644935 36.2316819326589 36.2306986837631 36.2297180927581 36.2287426630979 36.2277754055586 36.2268190494078 36.2264590136781 36.2274170138715
36.4485988974194 36.4441716746856 36.4396282163047 36.4350745819958 36.4305223282617 36.4259721117465 36.4214226110699 36.4168784271828 36.4123377122148 36.4078015981747 36.4032616866355 36.3987185562733 36.3938176072949 36.3881914440099 36.3824248244149 36.3766603447822 36.3708992145966 36.365135874549 36.3593777384105 36.3536235126284 36.3478685097452 36.3421159926023 36.3363635534278 36.3306104059913 36.3244096287992 36.3172787381317 36.3099581326777 36.3026389077985 36.2953213576543 36.2880042211195 36.2806919269945 36.2733754212688 36.2660559549076 36.2587361265549 36.2514140534513 36.2440970029997 36.2383878319292 36.2361679258115 36.2349552704287 36.2337454633163 36.2325326353365 36.2313190302556 36.2301050115424 36.2288892229273 36.227677326978 36.2264688999479 36.2252686981864 36.2240643556626 36.2234820537637 36.224305259676
36.4567741490596 36.4523172293748 36.4477317586909 36.4431211889539 36.4385099884079 36.4339015075077 36.4292903069618 36.4246835347008 36.4200771760493 36.4154758668699 36.4108697421238 36.4062535199334 36.4012314392943 36.3954026054533 36.3894277747676 36.3834460907809 36.3774646143489 36.3714834391613 36.3655072962246 36.3595283485896 36.3535479332819 36.3475689856469 36.3415885703392 36.3356169746673 36.3291505148284 36.3216440853038 36.3139285895827 36.3062145346911 36.2985007916506 36.290785062024 36.2830784127587 36.2753669995445 36.2676515038234 36.2599355332302 36.2522225227571 36.2445275221083 36.2384757340083 36.2359361527308 36.2344138320192 36.2329160236162 36.2314194322744 36.2299218916809 36.228422944185 36.22692369446 36.2254251094482 36.2239305629019 36.2224383998451 36.2209256885452 36.2200764449519 36.2207505885793
36.4649558307695 36.4604599875033 36.4558264546672 36.4511562131274 36.4464863168733 36.4418168519423 36.437148379812 36.4324765850546 36.4278030639444 36.4231338835289 36.4184668360146 36.4137863163188 36.4086494054413 36.4026118512181 36.3964218614663 36.3902228521234 36.3840218146909 36.3778187663671 36.3716176681644 36.3654191336935 36.3592176213891 36.3530162386708 36.3468162795839 36.340626961137 36.3338928594007 36.3260080691225 36.3178929794172 36.3097836373319 36.3016773338505 36.2935687167563 36.28546393205 36.2773593372078 36.2692536979471 36.261146505469 36.253040140725 36.2449622624395 36.2385593728229 36.2357053288558 36.2338789102162 36.2320904593376 36.230307274123 36.2285187721189 36.2267316162701 36.2249455828081 36.2231570808041 36.2213726172656 36.2195888285774 36.2177819279373 36.2166791474691 36.21719542642
36.4731518655658 36.4686077262419 36.4639209951989 36.4591914879122 36.4544586579986 36.4497254478874 36.4449936623922 36.4402595202505 36.4355254560774 36.4307912015477 36.4260594160525 36.4213177665261 36.4160710303487 36.4098279330627 36.4034137646536 36.3969971105042 36.3905763399208 36.3841500627067 36.3777260029311 36.3713063714404 36.3648827526097 36.3584597372524 36.3520424355881 36.3456338583698 36.3386320706949 36.3303745559027 36.321859163974 36.3133554667485 36.3048555502931 36.2963554004476 36.2878562434027 36.2793549028236 36.2708558920709 36.26235768477 36.2538616073172 36.2453993255129 36.2386327582792 36.2354692828888 36.233344402538 36.2312627550968 36.2291882459646 36.2271135809184 36.2250400038396 36.2229626292617 36.2208865400919 36.2188125488883 36.2167332758071 36.2146431894661 36.213295097907 36.213645547123
36.4813596466831 36.4767604972544 36.4720127649593 36.467227841535 36.4624317585344 36.4576329563804 36.4528377790825 36.4480422656283 36.4432445078927 36.438448553986 36.4336533766881 36.4288521161291 36.4234952620214 36.4170452056179 36.410409940212 36.4037702297923 36.3971282067674 36.3904820232672 36.3838376263746 36.3771950849288 36.3705523971908 36.3639065761746 36.3572672965855 36.3506413595915 36.3433694437637 36.3347401101372 36.3258301560059 36.3169311715867 36.3080369344105 36.2991433614551 36.2902512131157 36.2813536016947 36.2724557563684 36.263563608029 36.2546790956759 36.2458306925841 36.238700680654 36.2352297411596 36.2328124580762 36.2304385374888 36.2280721951704 36.225708942066 36.2233480117038 36.2209796757154 36.2186153781925 36.2162533087375 36.2138836605211 36.2115139009243 36.2099238046647 36.2101020634533
36.489575290585 36.4849175750345 36.480106036812 36.4752605358821 36.470402675536 36.4655421735126 36.4606865306048 36.4558293177736 36.4509681682353 36.4461110500784 36.441250229097 36.4363870352555 36.4309232481366 36.4242637727105 36.4174056241695 36.4105403717391 36.4036756721492 36.3968103589715 36.3899482398193 36.3830831600317 36.3762188573453 36.3693520689186 36.3624913637529 36.355647687278 36.3481064715466 36.3391038868935 36.3297953568687 36.3205042180416 36.3112160833759 36.3019274302892 36.2926407197471 36.2833503580212 36.2740605142239 36.2647718611372 36.2554959198367 36.2462529545192 36.2387582205537 36.2349840108655 36.2322785806917 36.2296129732103 36.226960037019 36.224305822504 36.2216549751496 36.2189990519954 36.216346780025 36.2136939901259 36.2110405790627 36.2083857003269 36.2065525113995 36.2065625843221
36.4978016536106 36.4930849745424 36.4882080776672 36.4832941020278 36.4783734366236 36.4734542388921 36.4685331593632 36.4636120631284 36.4586904479802 36.4537729766015 36.4488487471115 36.4439230934977 36.4383521662821 36.4314821332331 36.4243980022289 36.417311307516 36.410225087675 36.403138755446 36.3960537698646 36.3889675500237 36.3818808553107 36.3747961886873 36.36771751978 36.3606507870348 36.3528386665417 36.3434634601178 36.3337612999437 36.3240742871553 36.3143914520635 36.3047097899917 36.2950308475657 36.2853476322763 36.275665841603 36.2659826263136 36.2563116048817 36.2466723687224 36.2388086226597 36.2347326448468 36.2317412247661 36.2287875987958 36.2258468344492 36.222902702942 36.2199619385954 36.2170178070882 36.2140770427416 36.2111329112344 36.2081944767142 36.2052569474043 36.2031795090027 36.2030228981284
36.5060324444059 36.5012539196456 36.4963074089679 36.4913276074032 36.4863476762522 36.4813655448611 36.4763802022464 36.4713967586272 36.4664132026201 36.4614309932606 36.4564452198151 36.4514580126242 36.4457789616637 36.4386960315435 36.4313899054163 36.424084426804 36.4167775240681 36.4094700517857 36.4021621046313 36.3948552018953 36.3875482991593 36.380243312125 36.3729431842063 36.365652462668 36.357570343631 36.3478220319803 36.3377273553837 36.327645150099 36.3175697029256 36.3074968189688 36.2974225549296 36.2873458127264 36.2772723080977 36.267194012677 36.2571260992162 36.2470851807282 36.2388526296307 36.2344754704609 36.2312022715816 36.2279641841243 36.2247315602409 36.2215010075037 36.2182712318676 36.2150375726953 36.2118036537821 36.2085743960747 36.2053434808305 36.2021247594668 36.1998061269006 36.1994834189971
36.5142696040085 36.509427819077 36.5044046079058 36.4993618377696 36.4943200173775 36.4892732087758 36.4842239827574 36.4791800735284 36.4741355947531 36.4690906411057 36.4640426934112 36.4589925176488 36.4532040995316 36.4459128899969 36.438384785945 36.4308603943394 36.4233293909147 36.4158020123461 36.408272951466 36.4007413005265 36.3932145694727 36.3856877604506 36.3781616596905 36.3706435143441 36.362294278915 36.3521769794791 36.3416909762088 36.33122182141 36.3207502760147 36.3102814573493 36.2998142967129 36.2893418015736 36.2788733631058 36.2684063310709 36.257940594043 36.2474939274483 36.2388922351598 36.2342135660531 36.2306611612137 36.2271365315013 36.2236168383807 36.2200973791425 36.2165755024878 36.2130560948904 36.209534675417 36.2060170716255 36.2024950486786 36.1989849856837 36.1964206967179 36.1959366121851
36.5225063150438 36.5176044112883 36.5125074081486 36.5074097114302 36.5023318233493 36.4972447187291 36.492143761707 36.4870287214076 36.481893614283 36.4767595419549 36.4716386476939 36.4665305700534 36.4606293756227 36.4531307320985 36.4453831450146 36.4376495814224 36.4299317434685 36.422211385824 36.4144738729096 36.4067084389995 36.3989326322131 36.3911494881242 36.3833822488322 36.3756390626978 36.3670118018886 36.356524728414 36.3456537860056 36.3348085278651 36.3239826110893 36.3131558584876 36.3023072377695 36.2914301877718 36.2805352124641 36.2696350403085 36.2587535260304 36.2479044096507 36.2389252729111 36.2339487182313 36.2301211469049 36.2263248682354 36.2225609819031 36.2187913747938 36.2149979484623 36.2111771033196 36.2073352345235 36.2034830510836 36.1996478072372 36.1958466365396 36.1930271967111 36.1923824605171
36.5307399540864 36.5257976383261 36.5207165021261 36.515652930312 36.5105804542331 36.5054773582793 36.50033356122 36.4951456801962 36.489912143292 36.4846441535639 36.4793565293253 36.4740915127329 36.4680479112932 36.460374537954 36.4525106065498 36.4446756765394 36.4368236868493 36.4289341120876 36.4209976491553 36.4130030079054 36.4049557809827 36.3968667563799 36.3887541529603 36.380673744279 36.3717334590098 36.3609091334064 36.3497662207217 36.3386620109561 36.3275422086682 36.3163812754057 36.3051605508455 36.2938793601371 36.282542694028 36.2711514126334 36.2597396856773 36.2483606713651 36.2389557641747 36.2337184209013 36.229737919122 36.2258061321611 36.2218605913957 36.2178714602431 36.213818395008 36.2096980032626 36.2055135473331 36.2012756597677 36.1970060202569 36.1927630784297 36.1896219164332 36.1888551256272
