Spatial_Analysis/Maxent_Inputs/Inputs/RCP4_5_Near/salinity_near45.asc
NCOLS 638 
NROWS 314 
XLLCORNER -102.97071042 
YLLCORNER 3.973116569 
CELLSIZE 0.083 
NODATA_value -9999 
[rows 22 to 43 of 314, columns 150 to 199 of 638]
33.7132903459519 33.7035447760515 33.6986624149722 33.6937757035765 33.6888868349972 33.6839923823113 33.679097929133 33.6742049005708 33.6693079621445 33.6644047845202 33.6594983688292 33.6545964082662 33.680867442258 33.7698489530144 33.8689657775081 33.9680794783685 34.0671843499713 34.1662845351013 34.265377626456 34.3644608097153 34.4635380291856 34.5626089137987 34.6616689851061 34.760711596892 34.8505614431828 34.9212873960912 34.987813239821 35.0543231428274 35.120816328994 35.1872878268169 35.2537324759363 35.3201425684966 35.3865116243104 35.4528287156615 35.5190905817308 35.5852768893834 35.6363123132999 35.6547037363266 35.6639646266629 35.6731630132085 35.6823113429242 35.6914071047035 35.7004423932737 35.7094147557607 35.7183437740036 35.7272418859026 35.7361055957183 35.7449410216538 35.7537161262716 35.7623768959447
33.9998673512038 33.9905175894817 33.9854797750663 33.980440190749 33.9753998910856 33.9703524875327 33.965306775913 33.9602604167785 33.9552141356125 33.9501615545012 33.9451024653746 33.940043238517 33.9628863599709 34.0418438168601 34.1298680368323 34.2178885205681 34.3058986041382 34.3939017230268 34.481896850037 34.5698821297218 34.6578570871864 34.7458243377804 34.83378003241 34.9217165244592 35.0015549764041 35.0645562807192 35.1238547407804 35.1831299936999 35.2423766715631 35.3015852120524 35.3607435843086 35.4198403270184 35.4788577229651 35.5377893643617 35.5966568899723 35.6554532734294 35.7007223158764 35.716832260863 35.7247799202599 35.732664516388 35.7404973191892 35.748294623848 35.7560542817651 35.7637794414245 35.7714872701869 35.7791836548574 35.7868676117651 35.7945379582679 35.8022096048781 35.8099022140168
34.2864745450075 34.2775286617803 34.2723400197542 34.2671495222813 34.2619574624615 34.2567647814774 34.2515683029943 34.2463713496393 34.2411733179386 34.235971807697 34.2307670184004 34.2255573087255 34.2449740029819 34.3139049202406 34.3908374591075 34.4677661321518 34.5446837580078 34.6215927100509 34.6984914958106 34.7753760843981 34.8522483915376 34.9291092201659 35.0059533927016 35.0827717948791 35.1525875207513 35.2078482453714 35.2598910317154 35.3118923064408 35.3638331347541 35.4156881695285 35.4674477152849 35.5191304319691 35.570734394796 35.6222615443178 35.6737235245357 35.7251188262505 35.7646015954457 35.7784258496848 35.785084561646 35.791709423872 35.7983048459037 35.8048857422062 35.8114581545598 35.8180195632742 35.8245677240678 35.8311044407696 35.8376332339396 35.8441599382956 35.850758384289 35.8575243187224
34.5731246158056 34.5645788475015 34.5592445042976 34.5539100152939 34.5485682760856 34.5432266664636 34.5378855484425 34.5325435247186 34.5271976427486 34.5218521060643 34.5165041013302 34.511151203061 34.527139656692 34.5860492731642 34.6518912355992 34.7177304110494 34.7835583150507 34.8493741881925 34.9151741990718 34.9809545836242 35.0467180098549 35.1124597993598 35.1781761470865 35.2438545984289 35.3036123617573 35.3510725523177 35.3957654157839 35.4403513557162 35.4848484093663 35.5292607281717 35.5735830900705 35.6178182490361 35.6619855954676 35.7061124560164 35.7501993470813 35.7942511718651 35.8280300934245 35.8396581959815 35.8451164317027 35.8505673838075 35.8560060888839 35.8614377508412 35.8668676261907 35.872297872139 35.8777259781479 35.8831472997178 35.8885714690427 35.8940026546667 35.8995758862724 35.9054547352868
34.8598226373756 34.8516828870592 34.8462040258118 34.840724897247 34.8352405906316 34.8297533917275 34.8242707937512 34.8187855890095 34.81330033265 34.8078117536636 34.8023210858403 34.7968287093778 34.809399270439 34.8582957075894 34.9130536011154 34.9678034951634 35.022536723497 35.07725301073 35.1319464269777 35.1866140819968 35.2412477069467 35.2958413826251 35.3503711429492 35.4048008968709 35.4543284366205 35.4938096314302 35.5310203565922 35.5681161822466 35.6051185192137 35.6420719445361 35.6789919787817 35.7158651908035 35.7527045515901 35.7895262194881 35.8263366837915 35.8631444557844 35.8913172738608 35.9008331165026 35.9051584119795 35.909486210441 35.9138150093025 35.9181498408149 35.9224884698263 35.9268348740321 35.9311895824827 35.9355393705551 35.9398929393976 35.9442440488045 35.9487886066104 35.9537711196935
35.1465721312922 35.138843672181 35.1332270074753 35.1276055955266 35.121983519357 35.1163623483978 35.1107422147729 35.1051144416164 35.0994923654469 35.0938656028045 35.0882375451324 35.0826100058813 35.0917646685123 35.1306511881978 35.1743311497389 35.2179920990334 35.261627070415 35.3052298859254 35.348787710761 35.3922837187239 35.435665022927 35.4789004384194 35.5220065246888 35.5649888851702 35.6041668073568 35.6356173192617 35.6653596459328 35.6950631356897 35.7247176961571 35.7543531725546 35.783985326348 35.813614286139 35.843245670946 35.8728793856024 35.9025168370105 35.9321583273994 35.9547870082336 35.9622506329153 35.9654938398455 35.9687393765792 35.9719953129863 35.9752580338324 35.9785196155628 35.9817863748516 35.9850585901379 35.9883255225619 35.991596554714 35.9948651188393 35.9983808642215 36.0024638382874
35.433368195383 35.4260578969917 35.4203155715598 35.4145688178429 35.4088210293294 35.4030678288369 35.3973166741474 35.3915629041314 35.3858095482172 35.3800540184135 35.3742950779003 35.3685404026739 35.3742826358167 35.4031623196746 35.4357548137338 35.4683026193472 35.5007855619077 35.5331229251604 35.5652585410052 35.5972347094211 35.6290692388778 35.6608022257209 35.692462738046 35.7240728205353 35.7530729767535 35.7767050712534 35.7991703217175 35.8216460336328 35.8441196471124 35.8665982923735 35.8890808206785 35.9115716086947 35.9340646409693 35.9565635499349 35.979073851867 36.0015856214487 36.0186956613821 36.024125108678 36.0262963081776 36.0284703554321 36.0306492445811 36.0328318881725 36.0350172240972 36.0372071169084 36.039400764162 36.0415959130154 36.0437907429108 36.045984545586 36.0484901120477 36.0516937424772
35.7201202781448 35.7132624560887 35.7074185655767 35.7015743728356 35.6957287736843 35.689874716912 35.6840161538632 35.6781617345839 35.672301696286 35.6664379217517 35.660571047374 35.6547083172582 35.6570601813851 35.6759070145363 35.6971919356894 35.7181156552238 35.7388745689467 35.7595405226798 35.7800994759401 35.800592935662 35.8210585389496 35.8415362414892 35.8620265009315 35.882528730509 35.9015758470642 35.9175793136091 35.9329284259046 35.9483001762878 35.9636926480721 35.9791026406405 35.994519753312 36.0099444179018 36.0253760988138 36.0408218721095 36.0562858137042 36.0717516715158 36.0834131680135 36.0868489649711 36.0879850086282 36.0891117577547 36.0902275032188 36.091330070616 36.0924156796456 36.0934835709199 36.0945294811975 36.0955479215384 36.0965456647604 36.0975395588657 36.0989048176462 36.1011119567743
35.9503854566924 35.9439378047573 35.9380708687324 35.9322095856532 35.9263544298993 35.9205011736564 35.9146449127598 35.9087958240993 35.9029506792529 35.8970990805697 35.8911780573847 35.8850469820433 35.8842151977306 35.8944282443545 35.906253988704 35.9178314144382 35.9293188916104 35.9408055471249 35.9523117600813 35.9638347429795 35.9753740897865 35.9869279111514 35.9984921321439 36.0100721303234 36.0211249699148 36.0311009194067 36.0409017337311 36.0507098751751 36.060531006306 36.0703620627077 36.0801981949093 36.0900317633791 36.0998713128362 36.1097229705829 36.1195860653144 36.1294459928405 36.1367468734587 36.1384854188507 36.1386197852563 36.1387450374195 36.1388622197586 36.1389684845416 36.1390576260053 36.1391324999734 36.1391941438032 36.1392309134247 36.1392517757805 36.1392689869525 36.1397263382548 36.1411758325219
36.0472015434095 36.0410714669535 36.0353600326055 36.0296490311106 36.0239213826067 36.0181659280098 36.0123725177426 36.006514944524 36.0005652498328 35.9945020035729 35.9882471701666 35.9817750626847 35.9795402998295 35.9861330431923 35.9941033300549 36.0020690858663 36.0100342457807 36.0180018226194 36.0259672159238 36.0339314701355 36.0418963278207 36.0498628607333 36.0578251207826 36.0658097222443 36.0735949546042 36.0809512406352 36.0883189696974 36.0957017429557 36.1030822719325 36.1104647601599 36.1178450481472 36.1252238851908 36.1326076421202 36.1399901303477 36.1473711949438 36.1547355614513 36.160102569311 36.1611528512764 36.1609100574138 36.1606487499434 36.1603874424731 36.1601261350027 36.1598636884396 36.1596037610516 36.159348814789 36.1590875073187 36.1588244912091 36.1585623803099 36.1587773277764 36.1600569879156
36.07622363469 36.07029094322 36.0647321188828 36.0591203413041 36.0534317001419 36.0476771307577 36.0418303312418 36.0358341397843 36.0296806198079 36.0233930407102 36.016991686707 36.0105354133506 36.008173496508 36.0140548765216 36.0212059451474 36.0283414000535 36.0354768980162 36.0426113692512 36.0497433547458 36.0568739161167 36.0640063931893 36.0711404675207 36.078273358718 36.0854505960987 36.092413191374 36.0988220554767 36.1052148932055 36.1116619437392 36.1181046702841 36.1245464040284 36.1309881985428 36.1374299317947 36.1438757915948 36.1503175253391 36.1567614426175 36.1631675126284 36.167818840717 36.1687840698583 36.1686272304781 36.1684178438985 36.1682103998636 36.1679994600665 36.1677891677843 36.167581489844 36.1673771790643 36.1671654626584 36.1669537462525 36.1667499513561 36.1670355130022 36.1683987507031
36.1045037889036 36.0986447374411 36.0931160883345 36.0875044590633 36.0817763010521 36.0759386290011 36.0699969961816 36.0639378196325 36.0578029851464 36.0516267621903 36.0454485719378 36.0392487206771 36.0368133738446 36.0419763124551 36.0483103210121 36.0546131877508 36.0609174791055 36.0672168769251 36.073514807072 36.0798151885627 36.0861154920849 36.0924176946028 36.0987267742118 36.1050938195154 36.1112149608845 36.1166899612777 36.1221146754523 36.1276178377323 36.1331253771947 36.1386282544668 36.1441363634757 36.1496402851662 36.1551478246286 36.1606491486831 36.1661508888848 36.1715954404929 36.1755471774478 36.176415979527 36.1763378696917 36.1761869034341 36.1760321837189 36.1758729577502 36.175716925807 36.175559486446 36.1754041192159 36.1752434179981 36.1750836224831 36.1749365387541 36.1752900126246 36.1767408931958
36.1319621931768 36.1261493717471 36.1206040832538 36.1149815961202 36.1092543438046 36.1034313221472 36.0975582164092 36.0916481773062 36.0857305771784 36.079814797093 36.0739044294561 36.0679682940218 36.0654575235293 36.0698984910703 36.0754123837565 36.0808835518169 36.0863547198772 36.0918226260809 36.0972878126387 36.1027560813263 36.1082227092061 36.1136929715638 36.119176849365 36.1247301055861 36.1299924353091 36.1345458600322 36.139023562858 36.143577624414 36.1481461180325 36.152712237291 36.1572807309096 36.1618468501681 36.1664161203954 36.1709825246847 36.1755369694914 36.1800298475603 36.1833021831323 36.1840597747476 36.1840478781193 36.1839587165427 36.1838530694709 36.1837488460305 36.1836442869262 36.1835362659868 36.1834314390728 36.1833237031642 36.1832194797238 36.1831227904882 36.1835356141504 36.1850783836123
36.1587163796322 36.1529631626132 36.1474538361661 36.1418830933504 36.1362661930239 36.1306202565367 36.124967528034 36.119307393905 36.1136530585215 36.1080114794809 36.1023675802356 36.0966913707052 36.0941126768762 36.0978264441485 36.1025123920835 36.1071546752934 36.1117921677113 36.1164320167987 36.1210656089744 36.1256971203822 36.1303339916359 36.1349708198331 36.1396263301971 36.1443457482241 36.1487447428491 36.152385817548 36.1559289808063 36.1595383608168 36.1631664447456 36.1667960818919 36.170427014068 36.174054321388 36.1776815507395 36.1813122323042 36.1849268035557 36.1884795301226 36.1910791277488 36.1917186829575 36.1917599409642 36.1917313234583 36.1916777355007 36.1916246831624 36.1915686271551 36.1915139947792 36.1914613565656 36.1914062153905 36.1913518680224 36.1913038378209 36.1917764517503 36.1934102722315
36.1849298325739 36.1792864267714 36.1739282778748 36.1685418795173 36.1631454171505 36.1577508097379 36.1523598104756 36.1469672311756 36.1415840238365 36.1362146952041 36.1308388868995 36.1254249245381 36.1227795249033 36.1257620271137 36.1296153433322 36.1334294408243 36.1372322567304 36.1410382838601 36.1448413245422 36.1486429497376 36.1524435654036 36.1562463813096 36.160068769364 36.1639465462208 36.1674808762985 36.170213812574 36.1728259148057 36.1754931157171 36.178184855757 36.1808757923452 36.1835719510483 36.1862631215419 36.1889518746188 36.1916447537516 36.1943214698926 36.1969430908993 36.1988692422945 36.1993924535453 36.1994761815058 36.1995014274123 36.199499519356 36.1994964722069 36.1994932519226 36.19949276799 36.1994908599337 36.1994878127846 36.1994845925003 36.1994858172069 36.2000171167073 36.201742540556
36.2108384790188 36.2054146845182 36.2002821009758 36.1951453230538 36.1900063175793 36.1848756229414 36.1797515573209 36.1746318663223 36.169525087088 36.1644230550739 36.159311867783 36.1541627679173 36.1514535618725 36.1537085965198 36.1567245266949 36.1597009439832 36.1626710167925 36.1656429885975 36.1686156246233 36.171586216346 36.1745507825248 36.1775222794578 36.1805094214539 36.1835442550035 36.1862056264034 36.1880279384921 36.1897147181879 36.1914486300278 36.1932050270484 36.1949593519381 36.196717457598 36.1984732071037 36.2002281795083 36.2019815991877 36.2037188376693 36.2054112773786 36.2066691525478 36.2070774176135 36.2072018993121 36.2072705213674 36.207320923529 36.2073680881162 36.2074206130418 36.2074701170772 36.207519224209 36.2075669072172 36.2076159363805 36.2076660879308 36.208258083401 36.2100772774225
36.2366451586183 36.23149101839 36.226611981876 36.2217384692137 36.2168678215047 36.2120042164226 36.2071484822169 36.2023045713159 36.1974688694701 36.1926288952532 36.1877820348387 36.1829034934709 36.1801322164754 36.1816564437116 36.183834029485 36.1859743972861 36.1881127369976 36.1902508260978 36.1923902102277 36.1945265906887 36.1966620649546 36.1987995065399 36.200951446519 36.2031378038032 36.2049273728623 36.2058370498959 36.2066021481024 36.207412058764 36.2082297552264 36.2090469768168 36.2098646732792 36.2106826714784 36.2115017920644 36.2123173050156 36.2131222897148 36.213887930139 36.2144791171886 36.2147710646241 36.2149287739018 36.215039580903 36.2151431215091 36.2152407919929 36.2153449532708 36.2154470692608 36.2155461643606 36.2156448625569 36.2157450360023 36.2158460736467 36.2164996196412 36.2184130587074
36.2624237800523 36.2575487435563 36.2529368477465 36.2483329271093 36.2437329502633 36.2391404129706 36.2345569459021 36.2299846819359 36.2254115127593 36.2208332677828 36.2162552567118 36.2116512009043 36.2088199762373 36.2096068374368 36.210940113989 36.2122493182387 36.2135531110246 36.2148582838928 36.2161663490497 36.2174691920915 36.218772415331 36.2200763367185 36.2213887856037 36.2227228342116 36.2236440531201 36.2236475246531 36.223491296278 36.2233710860122 36.2232521707762 36.2231296306841 36.2230064430771 36.2228852491401 36.2227660832928 36.2226471680568 36.2225217802326 36.2223696055056 36.2222977647719 36.2224639527165 36.2226546380003 36.2228113940116 36.2229651463539 36.2231168534084 36.2232672482119 36.2234210005542 36.2235734842175 36.223725147723 36.2238779938703 36.2240252999522 36.2247411558814 36.2267488399924
36.2881954267366 36.2836099376647 36.2792665555344 36.2749263066593 36.2705877664234 36.266255828362 36.2619335133651 36.2576218395235 36.2533224380462 36.2490300276009 36.2447299806541 36.2404002372716 36.2375121637688 36.2375598120692 36.2380450249806 36.2385072565641 36.2389468044428 36.239398935529 36.2398621998638 36.2403408425056 36.240837480334 36.2413371997999 36.2418256234887 36.2423123005274 36.2423626663237 36.24146222774 36.240385511147 36.2393126213649 36.2382208726894 36.2371331969219 36.2360607095974 36.2350111449219 36.23397954859 36.2329557644326 36.2319150827008 36.230844643763 36.2301128051897 36.2301537075537 36.2303777581477 36.2305657495981 36.2307377734591 36.230915742873 36.2311070721263 36.2313148240821 36.2315454040125 36.2317848739706 36.232011003356 36.2322090396182 36.2329885177101 36.2350874695246
36.3139656928233 36.309659275556 36.3055517591177 36.3014364745463 36.2973280503601 36.2932359633314 36.2891605764366 36.2851055823633 36.2810836255586 36.2770897188205 36.2731083259516 36.2691154743761 36.2662032122076 36.26548641593 36.2650483535081 36.2645947639652 36.2641444424472 36.2637235849825 36.2633361272933 36.2629850294768 36.262674443394 36.2623975163053 36.2621404479876 36.2618762444669 36.2610903502438 36.2592523831049 36.2571535137706 36.2550402908047 36.2529415374589 36.2508825451194 36.248860153642 36.2468853940016 36.2449528810848 36.2430527154034 36.2411704583719 36.2392678880863 36.2379167979269 36.2378079965747 36.2379729822312 36.2381123661276 36.2382677925979 36.2384546150594 36.2386830200239 36.2389491821646 36.2392636236569 36.2396168682669 36.2399899549419 36.2403472584294 36.2412452008667 36.2434008774923
36.3363588299614 36.3322664644482 36.3283204698319 36.3243698130482 36.3204367443876 36.3165290324526 36.3126451923724 36.3087898757079 36.3049704273151 36.3011921376557 36.297454826018 36.2937314558726 36.2907813478408 36.2893643393068 36.2880992943148 36.2868419800064 36.2856175131025 36.2844314604885 36.2832883704139 36.2821904699617 36.2811399158003 36.2801467891602 36.279210330654 36.2782937617536 36.2767995647594 36.2741122452026 36.2710865454414 36.2680800372074 36.2651243097637 36.2622277802356 36.2593812554043 36.2565916832223 36.2538545943935 36.2511642043404 36.2485274883741 36.2459061557601 36.2440292040421 36.2437523261589 36.2438264638366 36.2439130688344 36.2440520088477 36.2442451575823 36.2444852222692 36.244775610588 36.2451254980667 36.2455300083685 36.2459897191314 36.2464753951848 36.2474772901606 36.2496408441922
36.3495553329835 36.3455402479102 36.341669995837 36.3377900174178 36.3339101847525 36.3300476824919 36.3262041585279 36.3223845499446 36.3185915490525 36.3148277114687 36.3110788329136 36.3073211787182 36.304206923895 36.3023811153299 36.3007057937713 36.2990170602173 36.2973322015467 36.2956695227516 36.2940448005727 36.2924590895426 36.2909082970172 36.2893996311823 36.2879116127562 36.2864147756101 36.2843798353357 36.2812276187843 36.2778000805482 36.2743680815381 36.2709443927575 36.26755742678 36.2642140799632 36.2609170010686 36.2576647249842 36.2544437860974 36.2512430810099 36.2480246246864 36.2457041778947 36.2453290018819 36.2454418973194 36.2455421836752 36.2456536112865 36.2458014943836 36.2459888022619 36.2462168370124 36.2464930483024 36.2468076060052 36.2471420340155 36.2474662460024 36.248349366529 36.250494212991
