Spatial_Analysis/Maxent_Inputs/Inputs/RCP4_5_Near/salinity_near45.asc
NCOLS 638 
NROWS 314 
XLLCORNER -102.97071042 
YLLCORNER 3.973116569 
CELLSIZE 0.083 
NODATA_value -9999 
[rows 220 to 241 of 314, columns 0 to 49 of 638]
33.4498433892471 33.4496370498167 33.4494336026749 33.4492255029645 33.4490203810877 33.4488790201057 33.4489207038452 33.4490848041972 33.4492516064814 33.4494170018402 33.4495836659011 33.4497502003757 33.4499168644366 33.4500826223024 33.4502503474876 33.4504212839194 33.4505870417852 33.4505755729086 33.4500028261731 33.4489931126012 33.4479819753981 33.4469701901876 33.4459620303257 33.4449546465802 33.443947781748 33.4429346503824 33.4419265072264 33.4409196423942 33.4399111190406 33.4388927351782 33.437808570939 33.4366765718087 33.4355538681708 33.4344331238065 33.4333109380972 33.4321882780083 33.4310660143306 33.4299452532373 33.4288196153149 33.4276974812234 33.4265781437615 33.425747910192 33.4260306265228 33.4273793292609 33.4287352913101 33.4300929528691 33.4314521433633 33.4328051184494 33.434164360069 33.4355203221182
33.4498317103958 33.4496145495678 33.4493863855699 33.4491518507424 33.4489317884963 33.4487929299605 33.4488478955249 33.4490355827009 33.4492393133894 33.4494553691206 33.4496667479778 33.4498644480607 33.4500487706137 33.4502209164845 33.4503775787673 33.4505355173056 33.4507075320371 33.4507216335403 33.4502067441492 33.4492785542141 33.4483639387571 33.4474632283805 33.4465559765539 33.4456393350297 33.4447102490138 33.4437640487391 33.4428072584117 33.4418476203292 33.440896653545 33.4399419120966 33.4388964410788 33.4377753073873 33.4366743766762 33.4355894403746 33.4344944668836 33.4333896460444 33.4322742619955 33.4311431710826 33.4299985036692 33.428854595151 33.4277219661735 33.4268832931889 33.4271295646175 33.4284182766177 33.4297204516929 33.4310350292639 33.4323468031213 33.4336453548933 33.4349339646198 33.4362120627772
33.4499944713609 33.4497623544883 33.4495032593258 33.4492177108402 33.448925240661 33.4487249737178 33.4488032521833 33.4490908187591 33.4493849545968 33.4496680021662 33.449927117603 33.4501584173938 33.4503595013203 33.4505336413765 33.4506758225096 33.4507980401291 33.4509140883583 33.4508864411697 33.4504329675881 33.4496612467029 33.4489025681831 33.4481315332082 33.447330438283 33.4465030201593 33.4456507809291 33.4447683526777 33.4438550266276 33.4429217380715 33.4419773420563 33.4410173444281 33.4400107159402 33.4389720967785 33.4379477714631 33.4369122460066 33.4358494308786 33.4347633306406 33.4336505543418 33.4325063623387 33.4313389282821 33.4301525933361 33.4289556430244 33.4280457684626 33.4282525872062 33.4295392944993 33.4308419531754 33.4321320387122 33.4334014975221 33.4346468779072 33.4358644158034 33.4370593161044
33.449537579204 33.4493061878376 33.4490385221437 33.448741546334 33.4484281797494 33.4482141259275 33.4482976007398 33.4485998496981 33.4489202432113 33.449213493414 33.4494772188393 33.4497073111218 33.4499072994586 33.4500779705726 33.450212617478 33.4503162719332 33.4503988405037 33.4503622554149 33.4499470660588 33.4492448741475 33.4485742478469 33.4478753487649 33.4471383366374 33.4463703320598 33.4455728543224 33.4447439269765 33.4438804430946 33.4429866218539 33.4420749523028 33.4411428889686 33.4401527657489 33.4391081754458 33.438095591206 33.4370573829462 33.4359890196152 33.4348877309113 33.4337531887699 33.4325896817756 33.4314004996129 33.4301821799545 33.4289447777032 33.4279942245023 33.4281581602581 33.429389451237 33.4306549667022 33.4318939519524 33.4331029891708 33.4342843135095 33.4354389177691 33.4365640488689
33.4481507135031 33.4479335010503 33.4476954108357 33.4474494213946 33.4472146346092 33.4470561311172 33.4471101038652 33.4473121364204 33.4475305080567 33.4477532376549 33.4479692709425 33.4481616733878 33.4483323439636 33.4484792722938 33.4486049851531 33.4487243884911 33.4488464396289 33.4488514476566 33.4484326455279 33.4476871898628 33.4469722025969 33.4462570604476 33.4455289893815 33.444783476038 33.4440131416111 33.4432175188052 33.4424054718126 33.4415841106221 33.4407690666212 33.4399176521318 33.4389048294927 33.4377486905904 33.436622148804 33.4354963401233 33.4343627734925 33.4332068619197 33.4320297880466 33.4308325355216 33.4296163047 33.4283902928773 33.4271739477142 33.426234470567 33.4263440907514 33.4274557810205 33.4285946945379 33.4297323915323 33.4308593775405 33.4319727015493 33.4330660200412 33.4341376238848
33.4465770521072 33.4463840730084 33.4461875986627 33.4459906919863 33.4458022869494 33.4456708097575 33.4456946557773 33.445826108119 33.4459568096873 33.4460941645324 33.446241247746 33.4463773009926 33.4465046369002 33.4466270873874 33.4467469225479 33.4468665506231 33.4469915121707 33.4469879865094 33.4465596372623 33.4458060530871 33.4450572839633 33.4443174660839 33.4435758008266 33.4428327555099 33.4420790336037 33.4413185364108 33.4405546553513 33.4397941404448 33.439038613725 33.4382244793864 33.4371817031544 33.4359441191149 33.4347133706399 33.4334890780242 33.4322682381141 33.4310433764673 33.4298099533955 33.4285712819039 33.4273292194846 33.4260856099242 33.4248555094794 33.4238861905202 33.4239366411322 33.4249617593159 33.4259961644079 33.4270346692051 33.428075435482 33.4291137509304 33.4301444370072 33.4311681488038
33.4451330492994 33.4449531889815 33.4447744070092 33.4445962558458 33.4444161616454 33.4442862913343 33.4442835569754 33.4443718908407 33.4444601133258 33.4445451068735 33.4446369881189 33.4447255558896 33.4448080813877 33.4448969847994 33.4449902901684 33.4450804111568 33.4451642316846 33.4451234374179 33.4446940331229 33.4439593938324 33.4432191086804 33.442486548605 33.4417528145249 33.4410168802047 33.4402788737537 33.4395442855887 33.4388079710709 33.4380713892358 33.437336360126 33.4365310995785 33.4354623393573 33.4341672331221 33.4328731713052 33.4315814393147 33.4302943421792 33.4290075472729 33.4277171882806 33.4264253439022 33.4251390238678 33.4238514518604 33.422565131826 33.4215421828445 33.4215335924626 33.4224940334357 33.4234617073921 33.4244318838177 33.4254053833627 33.4263760782093 33.4273431826194 33.428312884173
33.4437129374752 33.4435418021187 33.4433723242759 33.4432003004149 33.4430285438712 33.4428954121956 33.4428695319806 33.4429167587533 33.4429636837892 33.4430089168918 33.4430572827573 33.443105934146 33.4431481727092 33.4431911271109 33.4432405373948 33.4432903278763 33.4433358460098 33.4432644896313 33.4428276791947 33.4421077367234 33.4413898482 33.4406718305598 33.439952691025 33.4392315406219 33.4385100444406 33.4377916643164 33.4370705139132 33.4363505709496 33.4356369547742 33.4348371502243 33.433740792049 33.4323871191996 33.4310343520528 33.4296875659163 33.4283425668798 33.4269964454564 33.4256510839359 33.424303728253 33.4229613607796 33.4216190808965 33.4202716644434 33.4191954828354 33.4191272814209 33.4200263247537 33.4209338520583 33.4218448579039 33.4227566575565 33.4236657137733 33.4245689687069 33.4254799745524
33.4422988922521 33.4421365861301 33.4419723303794 33.4418058982016 33.441643825985 33.4415046277542 33.4414552999234 33.4414623860534 33.4414695501518 33.441473262037 33.4414767233109 33.4414814796145 33.4414855620755 33.4414914574949 33.4414949187687 33.4414996750723 33.4415031363462 33.4414010284842 33.4409580882075 33.4402575640159 33.439559569606 33.4388547224103 33.438149261627 33.437446994869 33.4367435277557 33.4360420983538 33.4353355592248 33.4346332312043 33.433936790012 33.4331439774788 33.4320198922556 33.4306055811534 33.4291972414397 33.4277968257731 33.4263915681891 33.4249881655595 33.423587749893 33.422184615073 33.4207868137483 33.4193878226978 33.4179834703242 33.4168503360668 33.4167221439145 33.4175607216375 33.4184078440794 33.4192559162654 33.4201030387074 33.4209494022542 33.4217933914409 33.4226437934533
33.4408859349505 33.4407299900363 33.4405703939383 33.4404130244081 33.4402565615653 33.4401184006918 33.4400412749287 33.4400083930588 33.4399736562345 33.4399347933544 33.4398992531013 33.4398623327659 33.439824228781 33.4397904417008 33.4397506290766 33.4397137087412 33.4396738961171 33.4395408808575 33.4390953323154 33.4384114743076 33.4377257005983 33.4370366209909 33.4363496297279 33.4356646326274 33.4349763559565 33.4342865169385 33.4335999398003 33.4329145113768 33.432230264042 33.4314490444534 33.4302959715719 33.4288259760301 33.4273606492475 33.4259018132589 33.4244426922625 33.4229852799052 33.4215269623377 33.420064708063 33.4186093845426 33.4171533968014 33.4156959844441 33.4145051892753 33.4143186811202 33.4150933754395 33.4158783236325 33.4166640484342 33.4174504207507 33.4182353689437 33.4190226469629 33.4198120229485
33.4394692920684 33.439322305998 33.4391689754258 33.4390200468108 33.4388709886095 33.4387317939241 33.4386270428715 33.4385540203589 33.4384799367219 33.4384014511277 33.4383232505414 33.4382448945335 33.4381664089393 33.4380880529313 33.4380095673371 33.4379296581116 33.4378483242701 33.4376799829268 33.4372283480706 33.4365603356196 33.4358902004046 33.4352182952878 33.4345502828368 33.4338799405594 33.4332059470982 33.4325324715655 33.4318613258363 33.4311936935829 33.4305253956086 33.4297496836354 33.4285700056004 33.4270427288294 33.4255239188319 33.4240079398605 33.4224926256022 33.420977311344 33.4194610650553 33.4179440416655 33.4164287274072 33.4149157429753 33.4134070309144 33.4121588517732 33.4119113600796 33.4126256495593 33.4133474909574 33.4140733976642 33.414799131728 33.4155244688884 33.416250867173 33.4169781984958
33.438051156716 33.4379116785227 33.4377713113556 33.4376295028436 33.4374848901257 33.437339870367 33.4372130178767 33.4371000273642 33.4369851818974 33.4368638805484 33.4367428201889 33.4366248414669 33.4365043167266 33.4363834897572 33.4362645182346 33.4361454004197 33.4360204570163 33.43581505413 33.435361035292 33.4347105431097 33.4340576168049 33.4334050357858 33.4327509187474 33.4320944455549 33.4314379718701 33.4307821461924 33.4301265782103 33.4294767335429 33.4288235222072 33.4280510478083 33.4268454546231 33.425262329899 33.4236860316099 33.4221157755936 33.4205431801292 33.4189718796944 33.41739752395 33.4158229955627 33.4142504000982 33.4126823615203 33.41111590298 33.4098075948775 33.4095019157827 33.4101571642686 33.41081645122 33.4114825742513 33.4121482224106 33.4128135688331 33.4134777928687 33.4141439158999
33.4366338496131 33.4365010166509 33.436370177851 33.4362359040592 33.4360966764773 33.4359520632669 33.4358039638932 33.4356499270353 33.4354891325585 33.4353245573115 33.4351631148274 33.4350030969593 33.4348405153824 33.4346784086774 33.4345161895846 33.4343547475928 33.4341904573767 33.4339527320987 33.4334927388192 33.4328616051541 33.432225249374 33.4315890667292 33.4309495781862 33.4303110388949 33.4296735440219 33.4290331497763 33.4283920467532 33.4277571155891 33.4271197153906 33.4263507812876 33.4251163553735 33.4234823622687 33.4218526238214 33.420223991032 33.4185931134689 33.4169668105059 33.415336943457 33.4137038823827 33.4120766296757 33.4104521133204 33.4088258103574 33.4074580294458 33.4070909526877 33.4076889199673 33.4082914441335 33.4088947717286 33.4094946035615 33.4100983964068 33.4107043044395 33.4113071136137
33.4352232221608 33.4350977948248 33.4349696483353 33.4348422273292 33.4347103441109 33.4345689254184 33.4343972321367 33.4341976431723 33.4339949989211 33.4337904556743 33.4335892866722 33.4333908368235 33.4331864322924 33.4329794377018 33.4327744636243 33.4325664246152 33.4323643499104 33.432096494336 33.431630267958 33.4310149798266 33.43039655844 33.429777567507 33.4291581017021 33.4285396803155 33.4279197057113 33.4272943976118 33.4266646875551 33.4260375923326 33.4254163226987 33.4246514812398 33.4233871179234 33.4217023769478 33.4200214947108 33.4183394637591 33.4166612738554 33.4149822465728 33.4132993195403 33.4116058536033 33.4099150460496 33.4082223835416 33.4065296334432 33.4051053484265 33.4046819225155 33.4052229027263 33.4057685597881 33.4063209238588 33.4068678759732 33.4074181506918 33.4079664418544 33.4085022439915
33.4338216482267 33.4337045322195 33.4335802439763 33.4334541863237 33.433327334864 33.4331829828715 33.4329886702235 33.4327518055926 33.4325124384924 33.4322707319441 33.4320343588911 33.4317990742978 33.4315528204847 33.4313003948127 33.431052198455 33.4308017153275 33.4305470721941 33.4302413440255 33.4297732601553 33.4291797378436 33.4285855680171 33.4279928223142 33.4273985233937 33.4268005996171 33.4261985594065 33.4255886827389 33.4249700203628 33.4243474820269 33.4237283103363 33.4229563927927 33.4216689180397 33.4199457967243 33.4182255676975 33.416501825195 33.4147792663189 33.4130475415366 33.4113099481321 33.4095628526881 33.4078056592846 33.4060400259505 33.404265226195 33.4027590109473 33.4022783113836 33.4027836724269 33.4032958513441 33.4038096715386 33.404314153184 33.4048111269294 33.4052951549832 33.4057678508408
33.4316965517147 33.4315847864011 33.4314692236116 33.4313501134421 33.4312306579868 33.4310882490542 33.4308719124217 33.4305991794961 33.4303265928856 33.4300549990758 33.4297817912781 33.4295079192597 33.4292268755205 33.428938426155 33.4286524620376 33.4283653081942 33.4280674084071 33.4277303491172 33.4272631527439 33.4266879272868 33.4261152042989 33.4255448207592 33.4249720030969 33.4243954922548 33.4238096772832 33.4232177350092 33.4226166784697 33.4220115050038 33.4214028190698 33.420640023437 33.4193510739732 33.4176128913322 33.4158875262966 33.4141574747881 33.4124205365668 33.41067448408 33.408923538058 33.4071620637611 33.4053860632426 33.4036012431113 33.4018015950217 33.4002656369199 33.3997403715574 33.4001795962398 33.4006400369544 33.401092882694 33.4015365286232 33.4019636647748 33.4023754980961 33.402779572929
33.4284612449127 33.4283572208893 33.4282547500835 33.4281524352147 33.4280463223545 33.4279116992458 33.4276797514773 33.427370675408 33.4270620129481 33.4267599531779 33.4264567026971 33.4261491798453 33.4258399483543 33.4255275836081 33.4252142351907 33.4248989275227 33.4245804354741 33.4242245259739 33.423758855975 33.4231980954999 33.4226375759914 33.4220799487716 33.4215194292631 33.420960093404 33.4203912630819 33.4198207241205 33.4192454986864 33.4186678391296 33.4180909389834 33.4173650297359 33.4161130016153 33.4144033768783 33.4127057323448 33.4110099260597 33.4093116173283 33.407608880312 33.4059033998598 33.4041848178021 33.4024610136522 33.4007343617704 33.3990034714677 33.3975222851106 33.3969733696459 33.3973083814786 33.3976601895737 33.3980159850318 33.3983673795404 33.3987078559776 33.39904021095 33.3993649709473
33.4248163783979 33.4247253516839 33.4246359824837 33.4245456204829 33.4244535589723 33.4243181860749 33.4240722314905 33.4237409491949 33.4234037972694 33.4230710903349 33.4227376072838 33.4224018966803 33.4220681286214 33.4217300881915 33.4213916852775 33.421054533352 33.4207160793127 33.4203409403892 33.4198774949128 33.4193394160742 33.4187921444864 33.4182469450295 33.4176996734417 33.4171568038112 33.4166113193464 33.4160623391194 33.4155128673144 33.4149617982506 33.4144157953648 33.4137251332019 33.4125207875052 33.4108739587198 33.4092340606886 33.4075963461686 33.4059595813927 33.4043195370463 33.4026767912602 33.401033095753 33.3993870704194 33.3977391025411 33.3960965461267 33.3946794370291 33.3941111260967 33.3943513319453 33.3945993054117 33.3948510768465 33.3951032624061 33.3953531009411 33.3955970875597 33.3958407891705
33.4211804190633 33.4211005514103 33.421024559717 33.4209441660665 33.4208596564744 33.420725708216 33.42046661003 33.4201132941051 33.4197519685881 33.4193898229133 33.419028911521 33.4186686643496 33.4183075119678 33.4179412837861 33.4175798975218 33.4172201252223 33.4168575659381 33.4164639570018 33.415999215488 33.4154821774552 33.4149577601468 33.4144288978245 33.4139025379714 33.4133796566594 33.4128543072976 33.412326394227 33.4117981794196 33.4112688422253 33.4107446658835 33.4100835624252 33.4089300486672 33.4073538781027 33.4057821358231 33.4042090985138 33.4026396860606 33.4010668826566 33.3994916177948 33.3979241478862 33.3963494019376 33.3947745264028 33.3932038189199 33.3918408613186 33.3912514194362 33.3914072706219 33.3915676356374 33.391729675388 33.3918915592017 33.3920537720875 33.3922110038479 33.3923730435985
33.4175396178113 33.417472998079 33.4174095895703 33.4173410202093 33.4172655980624 33.4171389263363 33.4168662106615 33.4164835162513 33.4160955222729 33.415708779283 33.4153247726448 33.4149385652741 33.4145492251405 33.4141584603909 33.4137708288965 33.4133831974022 33.412994426815 33.4125861190143 33.412127020332 33.4116301432605 33.4111249118034 33.4106160722191 33.4101117459724 33.4096095354056 33.409100316116 33.4085948507765 33.4080907584352 33.4075819188509 33.4070752627779 33.4064388239738 33.405340259058 33.403836516616 33.4023317813734 33.4008295921491 33.3993270839667 33.3978228235961 33.396319745375 33.3948181433876 33.3933159541632 33.391814067168 33.3903143631916 33.3890011464924 33.3883908845262 33.3884618975398 33.3885370705365 33.3886135901807 33.3886898075958 33.3887657576936 33.3888409306903 33.3889174503345
33.4139007322838 33.4138468688713 33.4137934803308 33.4137355784528 33.4136707458205 33.4135490552199 33.4132615389221 33.4128549291311 33.4124439518024 33.4120322586121 33.4116190977492 33.4112085952925 33.4107954951997 33.4103787702509 33.4099629510048 33.4095490743033 33.4091309252308 33.4087031976504 33.4082500870394 33.4077751321939 33.4072887403407 33.4068058442498 33.4063224560655 33.4058377222185 33.4053502859469 33.4048675452775 33.4043819568532 33.403895565 33.4034111156915 33.4027991689216 33.4017503231565 33.4003137436656 33.3988787168998 33.3974467722639 33.3960107015721 33.3945785230537 33.3931477691513 33.3917132608065 33.390279373626 33.3888492839444 33.3874202386812 33.3861553210697 33.3855275530096 33.3855164120928 33.3855049866375 33.3854954161366 33.3854898162699 33.3854807641899 33.3854693387347 33.385458991625
33.4102647729492 33.4102203599584 33.4101765944825 33.4101281430262 33.4100737100673 33.4099577164537 33.4096580062984 33.4092280506501 33.4087951004622 33.4083561692642 33.4079158134502 33.4074785908914 33.4070402292397 33.4065992092049 33.4061573001733 33.4057155207279 33.4052711264483 33.404821941892 33.4043729983482 33.4039181614074 33.4034525516798 33.4029922248144 33.4025289889544 33.4020646575506 33.4015990478229 33.4011375818647 33.4006716876215 33.4002080204385 33.3997438353269 33.3991609815191 33.3981583161089 33.3967908148011 33.3954267920343 33.3940618544354 33.3926991170765 33.3913378306614 33.3899739541868 33.3886132889589 33.3872482217737 33.385884992814 33.3845246121016 33.383310289477 33.3826651363251 33.382571418716 33.3824756122701 33.3823815144635 33.3822899803656 33.3821954861478 33.3820967023606 33.3820007399778
