Spatial_Analysis/Maxent_Inputs/Inputs/RCP4_5_Near/salinity_near45.asc
NCOLS 638 
NROWS 314 
XLLCORNER -102.97071042 
YLLCORNER 3.973116569 
CELLSIZE 0.083 
NODATA_value -9999 
[rows 66 to 87 of 314, columns 150 to 199 of 638]
36.5386163378141 36.5337008136407 36.5286954722616 36.5236748152921 36.5186044816902 36.513481553332 36.5083081454278 36.5030794327663 36.4977948898423 36.4924432279856 36.4870215204653 36.481577273524 36.4753704723295 36.4676292638507 36.459750049474 36.4518503687457 36.4438866147497 36.4358582103631 36.4277633325135 36.4196063852263 36.4113714004198 36.4030625901871 36.3946804552356 36.3862707572035 36.3770055872447 36.3659612861706 36.3546582879542 36.3433316658027 36.3319287840794 36.3204572378054 36.3089106586887 36.2972848761168 36.2855844408997 36.2737982000531 36.2619379869728 36.2500421602086 36.2401591774873 36.2346667663655 36.2305297034597 36.2263769487348 36.2221478828204 36.2178404614363 36.2134461560771 36.2089721733983 36.204413276132 36.1997583466751 36.195014091521 36.1902203439762 36.186627560074 36.1857897303368
36.5447595459164 36.5398399280433 36.5347840663239 36.5297327433469 36.524667949288 36.5195624273723 36.5144134422099 36.5092164799707 36.5039689338894 36.4986722017849 36.4933459662169 36.4880331655185 36.4819103297712 36.4741577172939 36.4662102963188 36.4582766068813 36.4503210737933 36.4423176593337 36.4342558235903 36.4261408848296 36.4179628737395 36.4097257680384 36.4014605738681 36.3932099541983 36.3839956909719 36.3727931836236 36.3612377093578 36.3496970191627 36.3381314736022 36.3265102096979 36.3148235952556 36.303070723588 36.2912532779912 36.2793747269149 36.2674646351563 36.2555678314755 36.2455000543412 36.2394054871854 36.234507559429 36.2296345400306 36.2247367948531 36.2197819588718 36.2147564647155 36.2096586371339 36.2044881586921 36.1992418151591 36.1939578644114 36.1886807701648 36.1847009327974 36.1836494135868
36.549847770901 36.5449450020694 36.5398576535215 36.5347812741244 36.5297144337241 36.524636493503 36.5195452543046 36.5144276220768 36.5092914935544 36.5041421510844 36.4989976996419 36.493885846969 36.487934688014 36.4802674256313 36.4723481962911 36.4644587620068 36.4565746626949 36.4486798701105 36.4407653910133 36.4328247522997 36.4248604128902 36.4168815645261 36.408908107897 36.4009722118964 36.3919717131633 36.3807097310606 36.3689889337115 36.3573044647538 36.3456302247961 36.3339429010152 36.3222305567337 36.3104896966818 36.2987216665225 36.2869392129535 36.275165535009 36.2634298135889 36.2532657234609 36.2464282315749 36.2405589132069 36.2347486661294 36.2289480876348 36.2231303255661 36.2172871810051 36.2114109460966 36.2055081359399 36.1995885472803 36.1936692147931 36.18779579582 36.1833574557033 36.1820688005703
36.5549450230373 36.5501125230995 36.5450952212229 36.5400627450946 36.5350323410971 36.5300031268255 36.5249763745042 36.5199379173656 36.5149049496593 36.5098733625277 36.5048443821616 36.4998200614252 36.493973414549 36.4864581699953 36.4786885608192 36.4709273237421 36.463166259308 36.455403624435 36.4476399967614 36.4398768439828 36.4321116970417 36.4243499850927 36.4165893955306 36.4088353463879 36.3999585567135 36.3887150036353 36.376970283299 36.3652389501143 36.3535054764522 36.3417748074654 36.3300477466289 36.3183164134443 36.3065808686589 36.2948464017037 36.2831216706935 36.2714115403509 36.2610454859333 36.2535400706702 36.2468596211265 36.2402105371464 36.2335647762856 36.2269187476153 36.220272227367 36.213620485519 36.2069690276942 36.200322334803 36.1936759431563 36.1870511517475 36.1820328713151 36.1805767896969
36.5600430254777 36.5552813731095 36.5503443261676 36.5453927621337 36.540436105571 36.5354814082588 36.5305228020674 36.5255618898625 36.5206095056708 36.5156548083586 36.5107002406328 36.5057526882213 36.5000125379647 36.4926536180533 36.4850432764183 36.4774481768664 36.4698554947312 36.4622573403849 36.4546613862788 36.4470676597251 36.4394696608005 36.4318745612486 36.424283432331 36.416697342256 36.4079399371821 36.3967187477901 36.3849707479063 36.3732339516172 36.3614962232976 36.3497600477032 36.3380275237851 36.3262915041047 36.3145573226728 36.3028227099178 36.2910938351382 36.2793937247638 36.2688231600611 36.2606489319319 36.2531764059316 36.2457378694817 36.2383014218685 36.2308678736281 36.2234367428044 36.2160026250176 36.2085704497755 36.2011345717088 36.1937065204772 36.1863074229996 36.1807015556355 36.179078797298
36.5651431162395 36.5604577750378 36.555597858905 36.5507242032735 36.5458392149306 36.5409546579106 36.536073268096 36.5311944070784 36.5263155293319 36.5214338205594 36.516554139384 36.5116869026775 36.5060514199214 36.4988467701891 36.491401823913 36.4839723531101 36.4765435303144 36.4691120658414 36.4616862370929 36.454258709327 36.4468248107315 36.4393981881759 36.4319728342994 36.4245573611829 36.4159210331352 36.404717546769 36.3929651459127 36.3812229893081 36.3694861930419 36.3577480845247 36.34601100372 36.3342722649092 36.322538428763 36.3108013479583 36.2990704790162 36.2873741661178 36.276597718132 36.267759631442 36.2594927594137 36.251264726922 36.2430429093458 36.2348208578643 36.2266060565873 36.2183887958978 36.2101681690322 36.2019479046737 36.1937354322154 36.1855546675535 36.1793559820364 36.1775741586833
36.5702525111538 36.5656343323878 36.5608497609487 36.5560505782353 36.5512412879635 36.54643278343 36.5416259611849 36.5368234553522 36.5320163485917 36.5272122627213 36.5224097128473 36.5176195294736 36.5120886276354 36.5050398443794 36.4977595603794 36.4904943458195 36.4832334815992 36.4759707183832 36.4687101386783 36.4614488000783 36.4541850871183 36.4469239039399 36.4396628058142 36.4324158876395 36.423897477012 36.4127152582958 36.4009585850914 36.3892137184629 36.3774759901433 36.3657363456298 36.353994198647 36.3422537506817 36.3305185344531 36.3187750924406 36.3070465533249 36.2953521829712 36.2843633781064 36.2748644881423 36.2658059973312 36.2567875454043 36.2477824542785 36.2387785285962 36.229773955376 36.2207716006019 36.2117670274047 36.2027613930602 36.1937636969311 36.1847967856974 36.1780043489892 36.1760660167301
36.5753631407971 36.5708113038626 36.5661002996388 36.5613734746561 36.5566444312502 36.5519133946667 36.5471804585951 36.5424499915579 36.5377180999048 36.5329887719604 36.528262852188 36.5235514141035 36.5181211144571 36.511227550632 36.5041146900803 36.4970190308623 36.4899260740689 36.4828301303124 36.4757361291006 36.4686401853441 36.4615461841323 36.454449101283 36.4473570496999 36.4402729125193 36.4318696141213 36.4207102769969 36.4089536037925 36.3972070285248 36.38546440667 36.3737209646575 36.3619789639899 36.350236039906 36.3384929001226 36.3267505972259 36.3150198837054 36.3033221471758 36.292123497546 36.2819613868912 36.2721196488811 36.2623172075659 36.252526012902 36.2427355517902 36.2329464024371 36.2231580124715 36.2133682424236 36.2035738714478 36.193792513995 36.1840385241361 36.1766494024444 36.1745512806712
36.580473726422 36.5759936868012 36.571355671117 36.5667009887336 36.5620453135496 36.5573918218998 36.5527360004237 36.5480782364029 36.543424744753 36.5387689232769 36.5341140069881 36.5294765066719 36.5241496483582 36.5174137720365 36.510469690195 36.5035420335707 36.4966152659432 36.4896883687294 36.4827592712755 36.4758281016908 36.4689013340632 36.4619744368495 36.4550478246436 36.448127787792 36.4398437281947 36.4287021968623 36.4169497960289 36.4052016675436 36.3934560420199 36.3817107617819 36.3699652916798 36.3582178112017 36.3464701135471 36.334729390688 36.3229906513619 36.3112843523995 36.2998778258165 36.2890544365234 36.2784288817449 36.2678434438191 36.2572657917172 36.2466896143719 36.2361189876986 36.2255430442359 36.2149653921339 36.2043863154159 36.1938176722756 36.1832749457854 36.1752908315588 36.173030830427
36.5855900520676 36.581174930624 36.5766115605008 36.572029866657 36.5674475248059 36.562868963725 36.5582872698812 36.5537041514214 36.5491264960432 36.5445475213528 36.5399654376896 36.5354017891273 36.5301761880969 36.5236016681532 36.5168220151976 36.5100607983505 36.5033013681112 36.4965437933186 36.489783172861 36.4830166392245 36.4762572089852 36.4694973043662 36.4627353109104 36.4559796341058 36.4478145707666 36.4366961539467 36.4249449438239 36.4131976187905 36.4014452179341 36.3896995924104 36.3779508432533 36.3661967337577 36.3544481304004 36.3427019960775 36.330957129449 36.3192397488789 36.3076183968748 36.296138656898 36.284734049323 36.2733668834886 36.2620064757656 36.2506468709791 36.2392859716552 36.2279255639321 36.2165642505064 36.2052002179272 36.1938426579362 36.1825057752592 36.1739253471173 36.1715086371241
36.5907116853731 36.5863578319835 36.5818614688744 36.5773652931145 36.5728853522614 36.5684012266276 36.5639020755719 36.5593867427803 36.5548593958122 36.5503319450403 36.5458165924897 36.5413251730564 36.5361980681828 36.5297822102614 36.5231782840143 36.5165893664373 36.5100117983006 36.5034352837118 36.4968467048288 36.490241709835 36.4836332023501 36.4770275334908 36.4704313150761 36.4638387478453 36.4557846190391 36.444691793835 36.4329387718145 36.4211882096989 36.4094409869393 36.3976963542162 36.385946042712 36.3741897588347 36.3624310408119 36.3506775008628 36.3389270425511 36.3271924702691 36.3153505184038 36.3032176551806 36.2910413396651 36.2788959244631 36.2667496718821 36.2546057324216 36.2424603172196 36.2303140646386 36.2181677953517 36.2060165545611 36.1938690069504 36.1817376496667 36.1725528803038 36.1699844066022
36.5958346131931 36.5915662500297 36.5872136148264 36.582884207069 36.5785392316099 36.5741666308154 36.5697564621935 36.5653052983286 36.5608189567176 36.5563007427204 36.5517662856787 36.5472637910458 36.5422153650545 36.535981752995 36.5296195227056 36.5232701718065 36.5168978567088 36.5104952750679 36.5040635999495 36.4976052047291 36.4911263113834 36.4846423685426 36.4781647089182 36.4717038769916 36.4637610629388 36.4526935777545 36.4409574882433 36.4292243507833 36.4174860012996 36.4057392974303 36.3939866556074 36.3822263848823 36.3704568530843 36.358684516565 36.3469116621171 36.3351512339321 36.3230764174407 36.3102985939624 36.2973650451333 36.284440387763 36.2715103184366 36.2585824326214 36.2456525971775 36.2327143724362 36.2197753275371 36.2068377239829 36.1939015268388 36.1809708363023 36.171178833945 36.1684631529291
36.6009147150523 36.5967861430259 36.5926229765517 36.5884413105757 36.5842053670396 36.5799194355126 36.5755818853238 36.5711930688433 36.5667561902105 36.5622604163838 36.5577122898278 36.5531441455409 36.5480980785528 36.5420842639762 36.5359760945508 36.529828659689 36.5236176264314 36.5173505285136 36.5110407262213 36.50469988793 36.498336842897 36.4919562259545 36.4855689192244 36.4791995109454 36.4713386461995 36.4603337575496 36.4486545691159 36.4369676570827 36.4252636141078 36.4135429560515 36.4018159297033 36.3900745330475 36.3783264906683 36.3665720531771 36.3548125662138 36.3430584127229 36.3307862182642 36.3174078810253 36.303761053723 36.2901033690736 36.2764399707312 36.2627735950476 36.2491026624775 36.2354274575593 36.2217513028972 36.2080754767918 36.1943981830139 36.1807217873622 36.1703492418297 36.1674410726864
36.6053419620282 36.6012004010591 36.596982771754 36.5927770185167 36.5885475666517 36.5842746682688 36.5799564684137 36.5755938115265 36.5711870195953 36.5667312380508 36.5622611535994 36.5577949158648 36.5528217158478 36.5468332662947 36.5407163592573 36.5345849003007 36.528422147249 36.5222172330873 36.5159749141652 36.5097005315315 36.5034077229264 36.4971016132527 36.4908027259788 36.4845226616028 36.4767650909286 36.4659156957262 36.4544080108637 36.4428987459864 36.4313818011045 36.4198517100834 36.4083178145021 36.3967679685755 36.3852121507682 36.3736504030761 36.3620918225894 36.3505418283482 36.3382926758223 36.3245309494543 36.3103909932545 36.296253091518 36.2821112363685 36.2679677161287 36.25381861129 36.2396686007485 36.225514317836 36.2113598795019 36.1972076414079 36.1830598052711 36.1722374134117 36.168918468709
36.6093321277845 36.6051344187261 36.6008079728658 36.5964989798434 36.5921920331165 36.587875609686 36.5835412696216 36.5791854898254 36.5748147104816 36.5704264438344 36.5660449337756 36.5616825158856 36.5567721545479 36.5507439294973 36.5445359843154 36.5383370151296 36.5321390402445 36.5259255291619 36.5197007815881 36.5134594189788 36.5072104614174 36.5009596382952 36.4947187495732 36.4884930320271 36.4808496186875 36.4702220257598 36.458967507728 36.447726712489 36.4364894307257 36.4252486355096 36.4140060030527 36.4027558090556 36.3915032857475 36.3802453064418 36.3689958718552 36.3577647316085 36.3456721563256 36.3316702265616 36.3171816374103 36.3027233011034 36.2882611668053 36.2737986360959 36.2593328941629 36.2448694653502 36.2304041983121 36.2159372221195 36.2014721277013 36.18702099502 36.175836824083 36.1719703369137
36.6133282821116 36.6091382535732 36.6048089620191 36.6004588609811 36.596108776649 36.5917638192422 36.5874168514595 36.5830632982082 36.5787102709544 36.5743609465252 36.5700088173976 36.5656381868449 36.5607122173717 36.5547134664885 36.5485116845973 36.5422887833937 36.5360597968608 36.5298343835661 36.5236094015946 36.5173842733308 36.5111540960872 36.504926740248 36.4987052540386 36.4925007058997 36.4849570604423 36.474559909137 36.4635705892648 36.4526077485281 36.441655161665 36.4307025748018 36.4197488488459 36.4087918433196 36.3978332754462 36.3868775553278 36.375927298291 36.365005388997 36.3530606994307 36.3388242095716 36.3239955418325 36.3092096503371 36.2944282722021 36.279649820283 36.2648679161506 36.2500869004997 36.2353081296225 36.2205244216612 36.2057440271974 36.190991816963 36.1794422673595 36.1750324584765
36.6173251867427 36.6131422783073 36.6088182088452 36.604468884416 36.600118308506 36.5957657996732 36.5914098730466 36.5870517629088 36.5826956023998 36.5783445176906 36.5739796858834 36.5695774943188 36.5646368487865 36.5586712131174 36.5524948755422 36.5462784388049 36.5400489865524 36.533818955601 36.5275964416792 36.5213744466706 36.5151436998807 36.5089158691694 36.5027027793415 36.4965218610831 36.4890708633821 36.4789017970526 36.4681806010405 36.4575013160881 36.4468386462172 36.4361759763462 36.4255133064753 36.4148489279651 36.4041807950126 36.3935138527706 36.3828591044092 36.3722442521785 36.3604380834519 36.3459720814698 36.3308118200995 36.315698329397 36.300602497702 36.285508453107 36.2704115774859 36.2553143996356 36.2402175240145 36.2251192070715 36.2100246435631 36.1949657726536 36.1830462860199 36.178100043121
36.6213327244373 36.6171538549598 36.6128340578688 36.6084829731596 36.604127046533 36.5997689363953 36.5954087374206 36.5910462086197 36.5866834459133 36.5823263801939 36.5779488366235 36.5735128747535 36.5685540578692 36.5626222796034 36.5564730863693 36.5502648577024 36.5440384349012 36.5378098883514 36.531586615019 36.5253646200105 36.5191338732205 36.5129060425092 36.506699838879 36.5005421621587 36.4931846663218 36.4832434779058 36.4727917863284 36.4623992851131 36.4520265322343 36.4416514495292 36.4312767541058 36.4209059437717 36.4105279864915 36.4001535244811 36.3897930940615 36.3794802676279 36.3678085367418 36.3531149044112 36.3376269152323 36.3221929894672 36.3067798564571 36.2913677071181 36.2759540481105 36.2605376264006 36.2451262972194 36.2297102648365 36.2143007202176 36.1989401080494 36.1866464216363 36.1811591093512
36.6253430156819 36.6211648104252 36.6168481465894 36.612495353241 36.60813282444 36.6037667998769 36.5994037526549 36.5950395152148 36.5906719106139 36.5863101584217 36.5819199293929 36.5774511722515 36.5724774114984 36.5665784122905 36.5604537652461 36.554253322403 36.5480250608611 36.5417993022807 36.5355767883589 36.5293547933503 36.5231240465604 36.5168962158491 36.5106956039019 36.504558536172 36.4972940677966 36.4875817409652 36.4774015130732 36.4672960806027 36.4572132447162 36.4471287001904 36.4370444396878 36.4269630284172 36.4168776288218 36.4067958373536 36.3967272396278 36.3867111050037 36.3751731644431 36.3602550861676 36.3444417688833 36.3286865104216 36.3129587684297 36.2972268583631 36.2814917284356 36.2657619922813 36.250033361785 36.2342980855653 36.2185771761079 36.2029131580373 36.1902409903674 36.1842143001598
36.6293545923344 36.6251806594487 36.6208616657866 36.6165030468496 36.6121359611621 36.6077672174685 36.6034010466131 36.5990296885546 36.5946605307362 36.5902940145951 36.5858935934705 36.5813994892482 36.5764130465755 36.5705450398177 36.5644408053307 36.5582434957429 36.5520156483257 36.5457902350311 36.5395646318723 36.5333399177104 36.5271127957765 36.5208863891889 36.5146886249738 36.5085640796583 36.5013870369471 36.4919078172283 36.4820064758691 36.4721874474303 36.4623945285359 36.4526023862503 36.4428124446972 36.4330223740501 36.4232279019381 36.4134321347964 36.4036555768267 36.3939343909533 36.3825245877727 36.3673828740653 36.3512540157688 36.3351811704918 36.3191372662776 36.3030864925718 36.2870333956314 36.2709871615909 36.2549361539796 36.2388864241999 36.2228514752841 36.2068764730649 36.1938230796947 36.1872592031448
36.6333787521945 36.6292056227377 36.6248806480653 36.620515426954 36.6161419800586 36.6117704924139 36.6073979952626 36.6030227101418 36.5986495649832 36.5942780606325 36.5898735134521 36.5853691148833 36.5803728896866 36.5745350132252 36.5684380992888 36.5622336690827 36.5560069607583 36.5497824972077 36.543553096573 36.5373263882486 36.531101924698 36.5248765625288 36.5186764684873 36.5125528283592 36.5054632016904 36.4962241580618 36.4866052845196 36.4770794010255 36.4675787289497 36.4580805689649 36.4485797505739 36.4390788375085 36.4295746965135 36.4200696057745 36.4105825506722 36.401148969163 36.389863764074 36.3745011335958 36.3580596599646 36.3416723616198 36.3253087994441 36.3089446069748 36.2925789995113 36.276211009543 36.259844357661 36.2434769372391 36.2271243772027 36.2108250988499 36.1973902296833 36.1902909868336
36.6374152886691 36.6332381207468 36.6289018574043 36.6245278070354 36.6201496736672 36.6157724900431 36.6113935800662 36.6070149723184 36.6026374084967 36.5982606997446 36.5938639181597 36.5893684546676 36.5843684547772 36.5785492918328 36.5724406153391 36.5662238424226 36.5599971340982 36.5537726705476 36.5475455997392 36.5413208339594 36.5350920980378 36.5288667358686 36.5226571671001 36.5165194143369 36.5095111022205 36.5005150985747 36.4911988103078 36.4819773700505 36.4727667703885 36.4635582428573 36.4543451579473 36.4451336262549 36.435924166201 36.4267125054146 36.4175072387326 36.408347529173 36.3971891831631 36.3816080269799 36.364858140016 36.3481653130508 36.3314818858512 36.314801150962 36.2981209522073 36.2814347542365 36.2647526129373 36.2480706873375 36.2313931024094 36.214762609123 36.2009411883371 36.1933119567242
