Spatial_Analysis/Maxent_Inputs/Inputs/RCP4_5_Near/sst_near45.asc
NCOLS 638 
NROWS 314 
XLLCORNER -102.97071042 
YLLCORNER 3.973116569 
CELLSIZE 0.083 
NODATA_value -9999 
[rows 66 to 87 of 314, columns 400 to 449 of 638]
27.3327015260115 27.3296376402922 27.3265742744941 27.3245882510147 27.3246553697037 27.3249309016239 27.3252045372484 27.3254578651155 27.3256928702847 27.3259124050378 27.3261140494501 27.3262909152823 27.3264503253927 27.3265950639891 27.3267323574367 27.3265016348655 27.3255003659955 27.3243563996333 27.3232124355017 27.3220481636128 27.320863627504 27.3196583520306 27.3184359878957 27.3171927990974 27.3159212286489 27.3146254018295 27.3133180997752 27.3115568292184 27.3088496135808 27.3059442152247 27.3030303781462 27.3000951324517 27.2971372544767 27.2941490523068 27.291140866137 27.288112894419 27.2850611376716 27.2819851883501 27.2789050615703 27.2762414153583 27.2744976798291 27.2730492244539 27.2715890591388 27.2701055869506 27.2686015222318 27.2670774735131 27.2655313094199 27.2639634562181 27.262380991496 27.2607830998951
27.3495733539223 27.3465050800717 27.3434398967533 27.3414405268166 27.3415177834175 27.3418020137026 27.3420843415075 27.3423538049081 27.3426129721894 27.3428575279503 27.3430854658494 27.3432957020029 27.3434935529313 27.3436851849175 27.3438713971479 27.3436853222654 27.3427451931206 27.3416496794227 27.3405555427918 27.3394528141277 27.3383364239564 27.337200804127 27.3360512853315 27.334882300192 27.3336927701283 27.332490844464 27.3312941789337 27.3296165869638 27.3269370314876 27.3240345398811 27.3211327593712 27.3182281271177 27.3153036149108 27.312353896612 27.3093860495137 27.3064002255071 27.3033952105541 27.3003839331594 27.2973729787916 27.2947415938869 27.2929449984245 27.2914044555963 27.2898584054183 27.2883049509289 27.2867331302041 27.2851474530509 27.2835440318721 27.2819233225573 27.2802925593587 27.2786505922928
27.3666950648862 27.3636783803154 27.3606472444142 27.3586479224845 27.358721136317 27.3589790303925 27.3592246692641 27.3594687926449 27.3597138230087 27.359949445981 27.3601778144645 27.3604042794106 27.3606279399274 27.3608482378368 27.3610591490904 27.3609056592915 27.3600524085653 27.3590363910482 27.3580070820155 27.3569773846784 27.3559464573738 27.354910930187 27.3538658617038 27.3528134741848 27.3517547819212 27.3506980775206 27.3496499236382 27.3480801768425 27.3454213544356 27.3425014834178 27.3395880254754 27.3366754311902 27.3337591211972 27.3308353633323 27.3279008769909 27.3249595080054 27.3220114449747 27.3190695092464 27.3161331672236 27.3135139656963 27.3115924172737 27.3098737167903 27.3081579078226 27.3064427681063 27.3047224027674 27.3029960599717 27.3012665892471 27.2995296045656 27.2977924864946 27.2960520493766
27.3839192062869 27.3809189479102 27.3778792211837 27.3758669913386 27.3759449549256 27.3762136607458 27.3764470134044 27.3766787042458 27.376911716172 27.3771415085216 27.3773713871925 27.3776048297033 27.3778391756435 27.3780632287259 27.3782669775963 27.3781337289971 27.3773817991082 27.3764798139302 27.3755447029087 27.3746045163219 27.3736694002318 27.372733339947 27.3717934381335 27.3708571356133 27.3699179420734 27.3689771342995 27.3680324396784 27.3665431923904 27.3639284599668 27.3610390121219 27.3581426385799 27.3552384369339 27.3523362193246 27.3494394574782 27.3465362005191 27.3436336556219 27.3407311107246 27.3378279446403 27.3349206104661 27.332287101435 27.3302616175756 27.3284081431233 27.3265461631708 27.3246820465405 27.3228197428307 27.3209563382622 27.3190943193256 27.3172330937151 27.3153755367444 27.3135119000432
27.4011641925449 27.398160374609 27.3951168451032 27.3931048101793 27.393177922746 27.3934505771567 27.3936870154872 27.3939174163674 27.3941472087169 27.3943770873879 27.3946068797375 27.3948362407525 27.3950636599729 27.3952856206879 27.3954791207533 27.3953693939239 27.3947128944871 27.3939242934099 27.393096240193 27.3922627309787 27.3914344010955 27.3906005648278 27.3897658261534 27.388933935961 27.3881000996934 27.3872613225534 27.3864129661324 27.3850054915579 27.382435992552 27.3795796733312 27.3767138173673 27.3738380363558 27.3709601611813 27.3680897480731 27.3652168102404 27.3623421293375 27.3594680949268 27.3565952656939 27.353710849596 27.3510613157884 27.3489309257272 27.3469451799869 27.3449501772196 27.3429527107211 27.3409539102086 27.3389589074413 27.336961725716 27.3349649748099 27.3329730577145 27.3309746895592
27.4184057090957 27.4154064007321 27.4123666249187 27.4103557781975 27.4104181622647 27.4106925207614 27.410930711784 27.4111569438244 27.4113848809734 27.4116111130138 27.4118409916847 27.4120674186463 27.4122911259621 27.4125099161873 27.4126936800352 27.4126151132499 27.412052146046 27.4113710859984 27.4106488216611 27.409919629854 27.4091960315027 27.4084675568259 27.4077377871194 27.4070112539646 27.4062831030453 27.4055470295938 27.4047971434976 27.4034682223325 27.400942575874 27.3981203345405 27.3952826663283 27.3924347872727 27.3895887591371 27.3867436852987 27.3838976184135 27.381051832771 27.3782041904014 27.375360303743 27.3725021769051 27.3698334546921 27.367597947071 27.3654794159519 27.3633522497464 27.3612220408876 27.3590922636361 27.356961148817 27.3548302278965 27.3527007354181 27.3505705311126 27.348438380732
27.4356446579033 27.4326521893963 27.4296222776369 27.4276166107621 27.427667748697 27.4279380292286 27.4281735623488 27.4283946160808 27.4286194242552 27.4288447503581 27.4290690408766 27.4292939353724 27.4295211166759 27.4297368607173 27.4299141727553 27.4298666796583 27.4293974352899 27.4288172660105 27.4282022614832 27.4275816035294 27.4269591333822 27.4263346781755 27.4257099852867 27.4250876660079 27.4244641602991 27.4238318261207 27.423182032667 27.4219344701136 27.4194508205209 27.4166609957498 27.4138517481721 27.4110319652436 27.4082171242102 27.4053972990015 27.4025765713861 27.3997592099086 27.3969413695247 27.3941208322543 27.3912909921461 27.3886071468363 27.3862673845742 27.3840166900168 27.3817548399291 27.379491414357 27.3772288522074 27.3749641063005 27.3727001585191 27.3704356548476 27.3681672451003 27.3659020719047
27.4528903992532 27.4499010586982 27.4468830180616 27.4448830919575 27.4449239810874 27.4451843365714 27.445413374579 27.4456334317336 27.44585487377 27.4460800057018 27.4463031958769 27.4465248753493 27.4467492521891 27.446963291122 27.4471429294557 27.4471224149064 27.4467428194544 27.4462648741921 27.4457567414431 27.4452415321287 27.4447205739367 27.4442013854004 27.4436814240435 27.4431627577164 27.4426427963595 27.4421186677008 27.4415710603026 27.4404027502913 27.4379638161877 27.4352055410257 27.4324219301245 27.4296305248004 27.4268405051081 27.4240501396491 27.4212610692199 27.418470186105 27.4156798816394 27.4128851109273 27.4100815160262 27.4073854996329 27.4049394936244 27.4025537268805 27.4001588539778 27.3977620785375 27.3953627348121 27.3929659203876 27.39056752616 27.3881683773558 27.3857670483248 27.3833700354485
27.4701342463954 27.4671513131165 27.4641489195849 27.4621533319138 27.4621809255395 27.4624307474454 27.4626533766618 27.4628739560256 27.4630935858915 27.4633152653639 27.4635379335646 27.4637575634305 27.4639778190369 27.4641907571112 27.4643747581603 27.4643861767103 27.4640938953027 27.4637173630177 27.4633119339573 27.4628989486599 27.4624835419115 27.4620696071163 27.461654722577 27.4612407877818 27.4608259032426 27.4604079299818 27.4599650591842 27.4588760576743 27.4564792287672 27.453749050717 27.4509921983983 27.4482298004649 27.4454674888529 27.442706126481 27.4399457138532 27.4371809860934 27.4344144021104 27.4316482504846 27.4288720399064 27.4261641372028 27.4236125390086 27.421093852981 27.4185648105712 27.4160283668159 27.4134968158686 27.4109686794192 27.4084353208548 27.4059026272613 27.4033690312609 27.4008368598765
27.4873761900002 27.4844004717449 27.4814125983436 27.4794282107595 27.4794392989263 27.4796738827834 27.4798935126494 27.4801137682557 27.4803318838884 27.4805479534452 27.4807678207472 27.4809875541443 27.4812059545502 27.4814191290378 27.4816118644238 27.4816563895741 27.4814530885813 27.4811706248985 27.4808633677104 27.4805550319421 27.4802452672392 27.4799386745411 27.4796298165636 27.4793177220343 27.4790072452696 27.4786970024103 27.4783625269849 27.4773594799574 27.4750017576465 27.4722932722354 27.4695630924125 27.4668286447949 27.4640924275216 27.4613589245909 27.4586261337219 27.455889977465 27.4531510152409 27.450414858984 27.4476668361576 27.4449423864682 27.4422863997282 27.439636158793 27.4369725790624 27.4343021116341 27.4316345435557 27.4289707309423 27.4263021662865 27.4236371619399 27.4209698277669 27.4183005510493
27.5046252587765 27.5016469724709 27.4986710987939 27.4966985370142 27.4966967184967 27.4969199089065 27.4971454668696 27.4973846441171 27.4976203706779 27.4978394355737 27.4980493957914 27.4982459189893 27.4984376934027 27.4986476951355 27.4988507699286 27.4989321088222 27.4988129513841 27.4986207405949 27.4984218772756 27.4982353566896 27.4980462296108 27.4978492673211 27.4976369854605 27.4974171519163 27.4971965622575 27.4969855526295 27.4967632566424 27.4958505923824 27.4935288436471 27.4908401047999 27.4881381542439 27.4854454607493 27.4827474122576 27.4800422869313 27.4773314699212 27.4746137272139 27.4718931785395 27.4691816487025 27.4664679366461 27.4637298014052 27.4609639070784 27.4581765661132 27.4553802432723 27.4525893324105 27.4497950554108 27.4469965976647 27.4441907388457 27.4413819892416 27.4385722420375 27.4357689028974
27.5220840284702 27.5189997399962 27.5159484113043 27.5139595163784 27.5139715239282 27.5142676382118 27.5145820299394 27.5148784980838 27.5151391943233 27.515358308306 27.5155453988073 27.5157000304431 27.5158285535379 27.5159544791625 27.5160991691809 27.51620810929 27.5161834267343 27.5161404512007 27.5161136632517 27.5160773020555 27.5160147905155 27.5159252794034 27.5158049737777 27.5156639768782 27.515503949503 27.5153365686038 27.5151788482084 27.5143500075371 27.5120699741754 27.5094383922984 27.5068136070742 27.5041837098038 27.5015336826992 27.4988587952464 27.4961647867008 27.4934530214503 27.490726410751 27.4879984240073 27.4852772538156 27.4825205867642 27.4796504757808 27.4767503658682 27.4738572685159 27.470958584257 27.4680439121606 27.4651154699344 27.46217237365 27.4592126200041 27.4562451678555 27.4532733620487
27.5399151654599 27.5367333993463 27.5335501113463 27.531470777288 27.5315415140232 27.531939114198 27.5323032745018 27.5326071167453 27.5328491120278 27.5330373907088 27.5331786453186 27.5332783617473 27.5333312014312 27.5333473990037 27.5333624637787 27.5334141773899 27.5335120468878 27.5336447739992 27.5337593365228 27.5338321411201 27.533860143907 27.5338503151142 27.5338037584038 27.5337259768644 27.5336145057421 27.5334759733043 27.5333290935607 27.5325237398291 27.5303125879761 27.5277749889596 27.5252206492445 27.5226340308832 27.5200187511671 27.517371485954 27.5146978765558 27.5119946555169 27.5092704141664 27.5065276179853 27.503772629439 27.5009635688174 27.4980214567848 27.4950486388596 27.4920693715899 27.4890649597026 27.4860329731473 27.4829803330451 27.4799101911528 27.4768158399806 27.4737056862818 27.4705806836266
27.557912650927 27.5548566333773 27.551824106846 27.5497797850674 27.5496697455314 27.5498337531869 27.5500020194452 27.5501415345768 27.5502293126135 27.5502750039552 27.5502760274142 27.5502371431132 27.5501635068705 27.5500784708741 27.5500072820337 27.5499725920581 27.5500034177642 27.5500546386926 27.5501092818215 27.5501429444305 27.5501433921169 27.5501097146017 27.5500426710264 27.5499480912601 27.5498305063918 27.5496996632505 27.5495716587921 27.548777031886 27.5465658799357 27.5440072636201 27.5414469817756 27.5388700555563 27.5362722781111 27.5336502658463 27.5310021379607 27.5283272459545 27.525635221984 27.5229360721114 27.5202390536707 27.517447567199 27.5144472973955 27.5113792248387 27.5083143845725 27.5052392482099 27.5021438906806 27.4990286949626 27.4958986510383 27.492746249504 27.4895788471223 27.4864098690065
27.5761903010195 27.5733528005814 27.5705451106363 27.5685653650628 27.5681725712528 27.5679936789192 27.5678431319667 27.5676917835663 27.5675281269438 27.5673493847134 27.5671468126701 27.5669304219482 27.5667061082362 27.5664847313582 27.5662814029921 27.5661083243496 27.5659867953637 27.5658654162651 27.5657567551946 27.565651266879 27.5655354389066 27.5654079334867 27.5652655748263 27.5651115333922 27.5649530262269 27.5647921482321 27.5646318562159 27.5638002462982 27.5615765025994 27.5589858050422 27.5563932527194 27.5537988059392 27.5511999967127 27.5485895965835 27.5459681444894 27.5433382902147 27.5407014016776 27.5380680762302 27.5354406479748 27.5326824935211 27.5296503230464 27.526516480123 27.5233870009033 27.5202569002238 27.5171250046066 27.5139843230576 27.5108339103595 27.5076774728905 27.5045172336649 27.5013578996267
27.5947510114715 27.5920473477804 27.5893539787279 27.5873731153305 27.5867652027304 27.5863423348082 27.5859280984418 27.5855145774331 27.5851076596215 27.5846960343011 27.5842788631313 27.5838638278892 27.5834519213492 27.5830400581119 27.5826217442957 27.5822609974876 27.5820295571234 27.5818092730625 27.5815828609493 27.5813568325642 27.5811325092877 27.5809067656759 27.580681929047 27.5804538981465 27.5802280646826 27.579995628529 27.579739479215 27.5788318148497 27.5766239098435 27.5740663386451 27.5714743642641 27.5688777287153 27.5662820904938 27.5636835564532 27.5610847849766 27.5584865357091 27.5558880016685 27.5532887125359 27.5506787447638 27.5479220157141 27.5448780811783 27.5417284848613 27.5385601377697 27.5353896929845 27.5322218202611 27.5290534731695 27.5258819928227 27.5227122211151 27.5195434857191 27.5163730019497
27.6133674887011 27.6107581733512 27.6081665106599 27.6061827640901 27.6053609674632 27.6047033652964 27.6040665642606 27.6034293318902 27.6027914780601 27.6021542887198 27.6015168619436 27.6008780158546 27.6002393631488 27.5996054969164 27.598964419979 27.5984188059038 27.5980742181249 27.5977588291273 27.5974436740351 27.5971251517822 27.59680999669 27.5964891446108 27.5961723317472 27.595855989475 27.5955363245758 27.5952070376347 27.594842682801 27.5938671851579 27.5916717064146 27.5891438938762 27.5865754465945 27.583997181327 27.5814191059121 27.5788406421928 27.5762618547161 27.5736833909968 27.5711026619981 27.5685172725817 27.5659196029863 27.5631672943725 27.5601081271292 27.5569407738344 27.5537507384223 27.5505552391405 27.54736112121 27.5441662950059 27.5409753528683 27.537781757147 27.5345862578652 27.5313944697611
27.6319804185507 27.6294696633775 27.6269815501067 27.6249918346926 27.6239579616561 27.623067541969 27.6222032611773 27.6213426492945 27.6204774797751 27.6196168628238 27.6187574763552 27.617892781954 27.6170298387298 27.6161713627748 27.6153093219575 27.6145829231336 27.6141252914711 27.613711233697 27.6133021608481 27.6128916633831 27.6124825905342 27.612072325952 27.6116653887962 27.6112563159473 27.6108441098431 27.6104198660531 27.6099516211009 27.6089078631639 27.606722959491 27.6042241500627 27.6016787251155 27.5991200079602 27.5965598714921 27.5939978314636 27.5914391143082 27.5888786930669 27.5863149917364 27.5837482057566 27.5811629687236 27.5784139882863 27.5753398219682 27.5721506889629 27.568941960262 27.5657219244123 27.5625027519853 27.5592830009088 27.556065774557 27.5528473141917 27.549629219864 27.5464153163853
27.6505984232004 27.6481806833542 27.6457931327755 27.643801198679 27.6425565695677 27.6414347438124 27.6403391123965 27.6392545506934 27.6381682239108 27.6370826089325 27.6359963431434 27.6349059338424 27.6338203188641 27.6327382208921 27.631661149633 27.6307523057582 27.6301760238272 27.6296660594602 27.6291606476611 27.6286584078668 27.6281558443151 27.6276554166912 27.6271561762473 27.6266543247574 27.6261524732675 27.6256344420949 27.6250676359433 27.6239620222082 27.6217843707703 27.6193106639029 27.6167835662069 27.6142415964997 27.6116994979563 27.6091549172031 27.6066138542214 27.6040701368908 27.6015295047511 27.5989817499776 27.5964083795142 27.5936641475886 27.5905725219953 27.58736340499 27.5841348907409 27.5808917429394 27.5776457030953 27.5744022315364 27.5711569037542 27.5679156584903 27.5646736107974 27.5614328355832
27.669214382774 27.66688861814 27.6646000593451 27.6626051557548 27.6611501978574 27.6597999127439 27.6584780492876 27.6571668707703 27.655858260538 27.6545455677873 27.6532336774657 27.6519224561874 27.6506117049587 27.6493062226784 27.6480091805632 27.6469170879358 27.6462256690039 27.6456168027049 27.6450187461697 27.644426252459 27.6438342333742 27.6432404066722 27.6426446374255 27.6420531405499 27.6414612553698 27.6408512616417 27.6401898216486 27.6390220587084 27.6368512025935 27.634397993336 27.6318888300336 27.6293622917584 27.6268386447491 27.6243156667831 27.6217894051743 27.6192638589232 27.6167437767764 27.614211410132 27.6116558227013 27.6089186696063 27.6058110086266 27.6025782620135 27.5993219310843 27.5960572890954 27.5927868162147 27.5895203180025 27.5862539276402 27.5829869117721 27.5797177599762 27.5764511746926
27.6878313905887 27.6855957505195 27.6833997754445 27.6813986655738 27.6797335773421 27.678156865267 27.6766132360169 27.6750773528564 27.6735435028425 27.6720067180252 27.6704716808313 27.6689371187556 27.6674017578043 27.6658712731784 27.6643530857066 27.6630801653004 27.6622734632607 27.6615668764256 27.6608805085187 27.6601945716771 27.6595110995893 27.6588235880133 27.6581366589129 27.657451568038 27.6567694289416 27.6560718176711 27.6553223941095 27.6540935907066 27.6519278949403 27.649488977999 27.6469960399355 27.6444874360538 27.6419806443425 27.6394753635687 27.6369664749138 27.6344591609933 27.6319538802194 27.6294404870838 27.6269086813981 27.6241806954782 27.621057802541 27.6177966360433 27.6145089241135 27.6112197019962 27.6079283434587 27.6046386462233 27.6013479572099 27.5980528874948 27.5947605321223 27.5914705974508
27.706447540015 27.7042999316128 27.7021928030479 27.7001842953985 27.6983143412274 27.696514999936 27.6947507913221 27.6929918093764 27.6912295045576 27.6894689038248 27.6877101593151 27.685949273809 27.6841902918634 27.6824313524325 27.6806910576844 27.6792347895477 27.6783167039267 27.6775207048614 27.6767416063777 27.6759630247999 27.6751874866254 27.6744066787525 27.6736296726592 27.6728536593664 27.6720757473127 27.6712920924578 27.6704661170323 27.6691788756019 27.667015229442 27.6645804337342 27.6620970359445 27.6596086059153 27.6571204606594 27.6546321645351 27.6521430224441 27.6496548771881 27.6471669693682 27.6446747856467 27.642165337571 27.6394475632445 27.6363077297106 27.633016330408 27.6297006681624 27.626386387268 27.6230713981 27.6197583514767 27.6164396086163 27.6131193938027 27.6098034941211 27.6064897354359
