Spatial_Analysis/Maxent_Inputs/Inputs/RCP4_5_Near/sst_near45.asc
NCOLS 638 
NROWS 314 
XLLCORNER -102.97071042 
YLLCORNER 3.973116569 
CELLSIZE 0.083 
NODATA_value -9999 
[rows 198 to 219 of 314, columns 550 to 599 of 638]
28.3393277421711 28.3334279234337 28.3275086433864 28.3215640719255 28.3155927370596 28.3095988117011 28.3035818217049 28.2975426249442 28.291493847887 28.2853976890082 28.279078046861 28.2725141177685 28.2659525671121 28.2593820033793 28.2527904638457 28.2461755784547 28.2395391085091 28.2328802806844 28.2262041274891 28.2195122229078 28.2128129658251 28.2060093459774 28.1986432261799 28.1905830498316 28.1825311435699 28.1744621068015 28.1663766022665 28.1582793827805 28.1501603235901 28.1420261777118 28.1338832504549 28.1257328788223 28.1175820804084 28.1094375808906 28.1013466709773 28.0933250254526 28.0853004843813 28.077269967334 28.0692316221827 28.0611842589439 28.0531242211306 28.0450593933132 28.0369881620079 28.0289100862698 28.0208323555484 28.0127118809559 28.0041520436407 27.9949387984829 27.9857227481458 27.9765051445682
28.3498490009565 28.3440386910659 28.3382044703477 28.3323435728153 28.326454815607 28.3205406155978 28.3145998466241 28.3086352521216 28.3026578365026 28.2966229741747 28.2903135834724 28.2836847304926 28.2770777587965 28.2704501082713 28.2637984778184 28.2571212749782 28.2504219559986 28.2437042280225 28.236963901447 28.230200936265 28.223426962137 28.2165648477944 28.2091846639514 28.2011514871522 28.1931367353396 28.1851005706269 28.1770484128079 28.1689814113359 28.1608893943515 28.1527809519037 28.1446656278115 28.1365373998155 28.1284092151074 28.1202940165982 28.1122419481426 28.1042621659178 28.096291512153 28.0883085121471 28.0803168165539 28.07231711213 28.0643068736355 28.0562873796175 28.0482579595293 28.0402272624091 28.0321913436777 28.0241125889698 28.0155959361584 28.0064151113661 27.9972355127381 27.9880509297002
28.360426351937 28.3546242062183 28.3488196874279 28.3430003199503 28.3371631428774 28.3313102711506 28.3254405866637 28.3195628746328 28.3136898655574 28.3077523164626 28.3014629977782 28.294775159636 28.2880972917677 28.2814179990336 28.2747380335141 28.2680429347803 28.261329516902 28.2546051384147 28.2478667480772 28.2411196740818 28.2343779115725 28.2275569995388 28.2202325530232 28.2122788678516 28.2043357174661 28.1963918077046 28.1884433408218 28.1804879912949 28.1725177930809 28.1645343416428 28.1565474339421 28.148557720297 28.1405735130364 28.1325913994156 28.1245982932155 28.1165890990971 28.1085810971929 28.1005676790254 28.0925563446606 28.084543026259 28.0765210160582 28.068494492789 28.0604578234959 28.0524233761795 28.0443914969134 28.0363108059673 28.0278042525434 28.0186630039389 28.0095082699548 28.0003534010432
28.3711244657254 28.3653303884076 28.3595422452437 28.3537508660434 28.3479536562204 28.3421540732911 28.3363491174015 28.3305447394112 28.3247430633416 28.3188558286837 28.3125867279047 28.305892578434 28.2991825259437 28.2924736644368 28.2857686436707 28.2790618717505 28.2723468350851 28.2656313238168 28.2589109752073 28.2521901942407 28.2454755891824 28.2386743208741 28.2314142037688 28.2235951994492 28.2157671752693 28.2079398206135 28.2001112354749 28.1922865344029 28.1844582735371 28.176624505806 28.1687908889432 28.1609576003912 28.1531245920362 28.1452785501829 28.1373450752815 28.1293040913374 28.1212538944075 28.1132001794486 28.1051521181889 28.097102201456 28.0890501052843 28.0809972927322 28.0729418266192 28.0648858889186 28.0568333621624 28.0487245315288 28.040217158228 28.0311219411288 28.022006885841 28.0128885542673
28.38187028845 28.3761171678833 28.3703606209122 28.3646034654105 28.3588467845346 28.3530902375635 28.3473350235837 28.3415819030169 28.3358197643627 28.3299601952474 28.3237079943 28.3170187857017 28.3103110640605 28.303596027395 28.2968810340324 28.2901652853052 28.283450680247 28.2767351259256 28.2700200892602 28.263305484202 28.2565885060146 28.2497932989581 28.2425979866541 28.2349181800351 28.2272290688056 28.2195381454058 28.2118440543197 28.2041519049903 28.1964604639345 28.1887670803341 28.1810778655734 28.1733851991034 28.1656875866924 28.1579690663382 28.1500984170071 28.1420239637063 28.1339430593456 28.125859215113 28.117778500605 28.1096946563723 28.1016139418643 28.0935297093273 28.0854486710618 28.0773654353598 28.069280880838 28.0611408200721 28.0526309663194 28.0435791689295 28.0345143777838 28.0254417975183
28.3926196284537 28.3869057468499 28.3811905871915 28.375477520946 28.3697610282962 28.3640439271157 28.3583283361227 28.3526160722835 28.3468961243937 28.3410689245264 28.3348337269648 28.3281465507631 28.3214398264493 28.3147216610819 28.308004009817 28.3012865517005 28.2945731338223 28.2878535445889 28.2811353792215 28.2744184010341 28.2676964819744 28.2609078753196 28.2537802120032 28.2462392570835 28.2386918080739 28.2311388951947 28.2235859398007 28.2160287591267 28.2084724808595 28.2009167194982 28.1933654254062 28.185810851225 28.178255522221 28.1706652787305 28.1628542662475 28.1547433614494 28.1466318056058 28.13851844063 28.1304077307531 28.1222936537155 28.114183332143 28.1060692940897 28.0979580230193 28.0898429539576 28.0817267376963 28.073562571697 28.0650509883037 28.0560403453437 28.047020251962 28.0379901472112
28.403366729233 28.3976916238959 28.3920200358377 28.3863481500772 28.3806746635272 28.3749980912938 28.3693233097141 28.3636510095941 28.3579701667625 28.3521792675241 28.3459633910104 28.3392764522448 28.3325692057218 28.3258496164884 28.3191297424818 28.3124110549052 28.3056936884134 28.2989733871182 28.2922537978848 28.285531878825 28.2788043670595 28.2720240049216 28.264965423058 28.2575642872988 28.250154413672 28.2427364694483 28.2353220422308 28.227906946512 28.2204875784222 28.2130696341984 28.205653265459 28.198236033297 28.1908212177752 28.1833639123161 28.1756117722366 28.1674661855968 28.159321548701 28.1511781883563 28.1430373492056 28.1348934666518 28.1267525239699 28.1186085550946 28.1104678022654 28.1023203644709 28.0941733539651 28.0859856436567 28.0774752436519 28.0685047413346 28.0595242276483 28.0505355965316
28.4141132640195 28.4084810182208 28.4028491867816 28.3972171784189 28.3915852130748 28.3859523893767 28.3803187622269 28.3746880273656 28.3690443040518 28.3632905210354 28.3570934823447 28.3504062198216 28.3436996853605 28.3369797078227 28.3302574650055 28.3235343154629 28.3168140531519 28.3100932296475 28.3033716988921 28.2966468407104 28.2899184230074 28.2831428536541 28.2761493570464 28.2688887823757 28.2616200049759 28.2543386438761 28.247057048871 28.2397807625484 28.2325010192132 28.2252219879398 28.2179428531352 28.2106636320092 28.2033856362974 28.1960584633835 28.1883687605698 28.1801879569499 28.1720107136391 28.1638372240207 28.155666864127 28.1474929862042 28.1393216294754 28.131147902421 28.1229777799633 28.1148000144433 28.1066227711325 28.0984088191476 28.0898995853215 28.0809686626997 28.0720300109518 28.0630871303934
28.4248643556925 28.4192740634569 28.4136808143858 28.4080898100884 28.4024968457904 28.396906078929 28.3913129807262 28.3857225376223 28.3801201844113 28.3744045192628 28.3682237721308 28.3615365959291 28.3548298716153 28.3481076677824 28.3413818601028 28.3346577183014 28.3279342839856 28.3212118427167 28.3144865572462 28.3077620271405 28.3010311499869 28.2942621165114 28.2873345681012 28.2802134242866 28.273083218847 28.2659405808451 28.2587948994399 28.2516556268259 28.2445141752539 28.237371627104 28.230230412968 28.2230873426089 28.2159500115168 28.2087550640801 28.2011273669252 28.1929114931591 28.1847001719611 28.1764964495378 28.1682960942751 28.1600920870786 28.1518912096067 28.143685157357 28.1354828595497 28.1272793710318 28.1190719984473 28.1108338326293 28.1023270126744 28.0934343916819 28.0845394454392 28.0756354800863
28.4356163067422 28.4300645839455 28.4245126842254 28.4189604392195 28.4134104810214 28.4078602431071 28.4023073331304 28.3967585621123 28.3911997331645 28.3855198031329 28.3793596500694 28.37267005772 28.3659573093658 28.3592324511841 28.3525073988691 28.3457801718767 28.3390544112881 28.3323307835891 28.3256018472076 28.3188746591994 28.3121428750858 28.305386467075 28.2985240039207 28.2915392533775 28.2845425013373 28.2775400966206 28.2705341738748 28.2635324809622 28.2565261921789 28.249520981495 28.2425178647164 28.235510388753 28.2285111545031 28.2214484806079 28.2138796604097 28.2056302264123 28.1973897252036 28.189156197264 28.1809253244232 28.1726910844218 28.1644605998854 28.1562253633066 28.1479930658498 28.1397583089424 28.1315214156148 28.1232584319862 28.1147560104432 28.1059037718479 28.0970460321715 28.0881813177111
28.4463653490435 28.4408535036447 28.4353417012645 28.429832121145 28.4243245908782 28.4188168710164 28.413305349375 28.407794258799 28.4022810766056 28.3966433806412 28.3905030369078 28.3838067087138 28.3770859768341 28.3703575626617 28.36363270448 28.356906228299 28.3501778141266 28.3434506261184 28.3367202658708 28.3299904668167 28.3232581650471 28.3165120946706 28.3097175222585 28.3028674122948 28.2960059526674 28.2891394225435 28.2822738366141 28.2754106683476 28.2685412897416 28.2616738961951 28.254806843862 28.2479381773178 28.2410741491593 28.2341366669368 28.2266269175938 28.2183468792045 28.2100814098208 28.2018195052994 28.1935549428758 28.185290897358 28.1770301800167 28.1687666567082 28.1605056545936 28.1522382436879 28.1439713549914 28.1356815039459 28.1271819744306 28.1183714046253 28.1095525275369 28.1007327480417
28.4571149254605 28.4516561236085 28.4461943904836 28.4407353084116 28.4352678324661 28.4297992609652 28.4243227669321 28.4188412879739 28.4133635634581 28.4077701473297 28.40165145094 28.3949492802169 28.3882279813216 28.381515550691 28.3748024125519 28.3680846749884 28.3613562572855 28.3546183028164 28.3478726675582 28.3411217023353 28.3343765837104 28.327637765569 28.3209093792714 28.3141968915468 28.3074820246363 28.3007757022331 28.2940693843831 28.2873541957605 28.2806247656666 28.2738893601384 28.2671403826629 28.2603883670874 28.2536437034751 28.2468256688587 28.2393757884966 28.2310679810336 28.2227841016307 28.2145131261547 28.2062345562225 28.1979480242585 28.1896575014009 28.181355306122 28.1730452348602 28.1647348834013 28.1564244663728 28.1481035790705 28.1396056040384 28.1308356107635 28.1220644247327 28.1133026901693
28.467906622084 28.4625077722318 28.4571040237758 28.4516959184001 28.4462747106688 28.4408480451592 28.4354070483262 28.4299540555721 28.424487430877 28.4189095400211 28.4128177981198 28.4061354066383 28.3994499280079 28.3927691591168 28.3860769937058 28.3793706964459 28.3726460331854 28.3659040402737 28.3591409887932 28.3523608445824 28.3455682768698 28.3387906841394 28.3321222444937 28.3255928815399 28.3190713512814 28.3125425776021 28.3059938674719 28.2994262742003 28.2928369920929 28.2862294307985 28.279600051832 28.2729495492344 28.2662899457621 28.2595391704671 28.252135988562 28.2438495741166 28.2355861931691 28.2273125686625 28.2190238974748 28.2107142973427 28.2023879535276 28.194046412186 28.1856861846548 28.1773165983036 28.1689368659056 28.1605509598528 28.1520413756362 28.1433384263946 28.1346460290016 28.125947552336
28.4777754031417 28.4724998734328 28.4672157562208 28.4619250970629 28.4566275980484 28.4513184228094 28.445992305201 28.4406538031173 28.4352985487861 28.4298288819049 28.4238278355179 28.4172097479447 28.4106017157933 28.4039905121524 28.3973684301894 28.3907269038917 28.3840673822069 28.3773903113948 28.3706868477916 28.3639617391327 28.3572160369434 28.3504987313688 28.3439261104082 28.3375141278218 28.3311276247552 28.3247267056049 28.3182976457937 28.3118486019827 28.3053780639843 28.2988860700327 28.2923712018114 28.2858294223895 28.2792721252371 28.2726188597434 28.2652873674388 28.2570198879449 28.2487895884925 28.240539585802 28.2322675702455 28.2239758045945 28.2156585564083 28.207329069793 28.1989848645955 28.1906184956636 28.1822434906456 28.1738685722182 28.1653795019585 28.1567042308198 28.148054168084 28.1393922337445
28.4864726424537 28.4813909229389 28.4763117669213 28.4712283431088 28.4661378427308 28.4610371925258 28.4559296979109 28.4508178446266 28.4457022801876 28.4404600903391 28.4346324983129 28.4281410213247 28.4216404388704 28.4151418842595 28.4086436711311 28.4021369522909 28.3956196181272 28.3890857524231 28.3825343834252 28.3759771139394 28.369423124331 28.3628846585216 28.3564339220436 28.3500831187048 28.343736161118 28.337390903814 28.3310401447362 28.32467552923 28.3182968198595 28.3119019242341 28.3054892835605 28.2990710704749 28.2926575608602 28.2861502912233 28.2789115349952 28.2706701628495 28.2624618790438 28.2542531593467 28.2460419319231 28.2378198269273 28.2295778402054 28.2213277451825 28.2130677638237 28.204800717594 28.1965354225414 28.1882660520613 28.1798340863303 28.1711495166724 28.1624824730674 28.1538159861026
28.4948406552835 28.4899901090115 28.4851392174309 28.480290138536 28.4754374520176 28.4705815287129 28.4657255190867 28.4608699840863 28.4560080853473 28.4509983484621 28.4453726475796 28.4390556209914 28.432705192374 28.4263515697197 28.4200012274008 28.4136479505132 28.4072938537369 28.400936300217 28.3945723343754 28.3882062789241 28.3818446912228 28.3754766992836 28.3691512020846 28.3628897613966 28.3565995102318 28.3503085464897 28.3440194394518 28.3377246787147 28.3314294433746 28.3251284644833 28.318820084542 28.3125131709815 28.3062181677742 28.2998261264709 28.2926786351657 28.2845054104381 28.2763538755691 28.2682087487412 28.2600691287786 28.2519266137467 28.2437781169776 28.2356272946857 28.2274723893945 28.2193198577134 28.2111692721075 28.2030015712349 28.1946281333833 28.1859471202313 28.1772729515121 28.1686007678524
28.503224250148 28.4986179573814 28.4940036975489 28.4893921350839 28.4847807710707 28.4801694460417 28.4755575598193 28.4709465195635 28.4663241015356 28.4615404423148 28.4561167842094 28.4499797217049 28.4438041183625 28.437615891067 28.431430271287 28.4252380528632 28.4190478840458 28.4128623541178 28.4066769327896 28.4004851416544 28.3942853900255 28.3880666512087 28.3818680680009 28.3757077086836 28.3695072978257 28.3632935949943 28.3570804098187 28.3508676562504 28.344653953419 28.3384402505875 28.3322251238901 28.3260107515345 28.3198039744002 28.3134975005175 28.3064396112954 28.2983562694124 28.2902917688831 28.282231498187 28.2741696087036 28.2661112795295 28.2580529503553 28.2499950094856 28.2419373923732 28.2338790631991 28.2258226755469 28.2177450997545 28.2094273888837 28.2007543592573 28.1920868790339 28.1834228082513
28.5116094508705 28.5072439110626 28.502872350768 28.4985032931887 28.4941352932031 28.4897642941019 28.4853942870248 28.4810265244752 28.4766406356525 28.4720826915662 28.4668629063795 28.4609010653035 28.4549007180552 28.4488836261392 28.4428647222876 28.4368423614233 28.4308206090896 28.4248001943006 28.4187829945349 28.412762774667 28.4067247512607 28.400657832594 28.3945869668291 28.3885231398452 28.382417833924 28.3762878000443 28.3701575712434 28.3640320899317 28.357902056052 28.3517704033851 28.3456403695054 28.3395101407045 28.3333880247807 28.3271675496761 28.3201987271903 28.3122055103645 28.3042274832162 28.2962580876236 28.2882867927891 28.2803165557832 28.2723450237474 28.2643766247322 28.2564088514574 28.2484408797308 28.2404759496348 28.2324895301656 28.2242283190961 28.2155608388727 28.2069004182513 28.1982478902807
28.5199940430624 28.5158690190349 28.5117393378855 28.5076148783473 28.5034898153355 28.499361083684 28.4952341604146 28.4911051487893 28.4869582050584 28.4826297306098 28.4776106035531 28.4718228316374 28.4659981331062 28.460152306156 28.4543002215293 28.4484482232239 28.4425941970752 28.436740968287 28.4308941915929 28.4250411151881 28.4191651652902 28.413250627698 28.4073081919302 28.4013361072756 28.3953242920572 28.3892824796973 28.3832359198481 28.377191971045 28.3711465983758 28.3651000385267 28.3590546658575 28.3530100475303 28.3469734127287 28.3408376897094 28.3339548659787 28.3260500605253 28.3181589641855 28.3102808362964 28.3024028982599 28.2945234328263 28.2866403640648 28.2787581536574 28.2708805003942 28.2630026962625 28.2551276963254 28.2472296064604 28.2390272034903 28.2303684016561 28.2217156787643 28.2130768133467
28.5283787215758 28.5244957751453 28.5206111193257 28.51672713303 28.5128407771588 28.5089573556102 28.5050738869705 28.5011858657628 28.4972782080946 28.4931821205818 28.4883659863152 28.4827520458776 28.4771016159812 28.4714202786642 28.4657341503206 28.460052531784 28.4543692519454 28.4486863426975 28.4430046816231 28.437315511649 28.4316061442899 28.4258475053203 28.4200317468576 28.4141534764286 28.4082295635258 28.4022745483042 28.3963142684528 28.3903523698142 28.3843920899628 28.3784301913242 28.3724699114728 28.3665094367002 28.3605577478824 28.3545059312508 28.3477063441147 28.3398917062562 28.3320903588333 28.3243023509558 28.3165148652875 28.3087267065416 28.3009343364411 28.2931401572084 28.2853526715401 28.2775645127942 28.2697791582429 28.2619695746708 28.2538259413347 28.2451763481676 28.2365343530253 28.2279053523888
28.5367629254633 28.5331212066174 28.5294794877715 28.5258363450595 28.5221926882452 28.5185522036703 28.5149104848244 28.5112673421125 28.5076037000326 28.5037426874969 28.499131807735 28.4936869138172 28.4882019232979 28.4826850746144 28.4771703616241 28.4716564520626 28.4661405999566 28.4606287354483 28.455113268116 28.4495914785601 28.4440516277933 28.4384528841241 28.4327632243171 28.4269813963695 28.4211438497859 28.4152701772203 28.4093945585794 28.4035177527586 28.3976401925958 28.3917598264658 28.385884207825 28.3800077903085 28.3741379577567 28.3681700902739 28.3614579257819 28.353735586893 28.3460257884162 28.3383243878245 28.3306265475419 28.3229264809642 28.3152231342973 28.3075222946643 28.2998237423199 28.2921256172641 28.2844310084647 28.2767117823402 28.2686261597429 28.259981640603 28.2513508915931 28.2427302405197
28.5451477075078 28.5417463145897 28.5383468631934 28.5349490305844 28.531547534135 28.5281459513642 28.524746499968 28.521346725837 28.5179278708629 28.5143122129868 28.5099059450369 28.5046236809985 28.4993001372246 28.4939521401626 28.4886083729339 28.4832612782787 28.4779143777947 28.4725689917788 28.4672234123796 28.4618729946166 28.4565071702492 28.4510700259663 28.4455083210383 28.4398147629473 28.4340559011173 28.4282622032894 28.422470770741 28.4166802449179 28.4108847349197 28.4050899792634 28.3992998417447 28.3935067524475 28.3877165539124 28.3818320265553 28.3752101159797 28.3675790447943 28.3599607909451 28.3523464246931 28.3447382297963 28.3371286110335 28.3295158635687 28.3219038235895 28.3142951064835 28.3066869115867 28.2990808136334 28.2914462532727 28.283417022627 28.2747817590106 28.2661667606368 28.2575595949202
