Spatial_Analysis/Maxent_Inputs/Inputs/RCP4_5_Near/sst_near45.asc
NCOLS 638 
NROWS 314 
XLLCORNER -102.97071042 
YLLCORNER 3.973116569 
CELLSIZE 0.083 
NODATA_value -9999 
[rows 66 to 87 of 314, columns 350 to 399 of 638]
27.5199629953196 27.5149740822925 27.5099182016934 27.5047888232289 27.499597322352 27.4937045879918 27.4866563752661 27.4797205447166 27.4727396403976 27.4656846084233 27.4585614206744 27.451372563937 27.4441144594231 27.4367924765743 27.4294031578625 27.4219535248936 27.4145561899149 27.4088828877929 27.4061356053688 27.403500230518 27.4008181805929 27.3980628449068 27.3952395987542 27.3923595510668 27.3894171352318 27.3864140760756 27.3833590529984 27.3802523023907 27.3771529801609 27.3747445070168 27.3735647367008 27.3725204152174 27.3714389893302 27.3702959726312 27.3690916863782 27.3678422107603 27.3665483178481 27.3652126705631 27.3638399931314 27.3624436417814 27.3610562067147 27.3591868255281 27.3563603608531 27.3535126822523 27.3506370208662 27.3477215901668 27.344769470534 27.341788774845 27.3387832188307 27.3357526991946
27.5357396301774 27.5304196929851 27.5250527229187 27.5196617162815 27.5142485592643 27.508260812183 27.5013589761228 27.4945258556017 27.4877031407562 27.4808406435367 27.4739248998227 27.466952160191 27.4599179578912 27.4528278977438 27.445695641571 27.4385469270853 27.4314700001948 27.4260197886392 27.4233745165996 27.4207882724532 27.4182105172581 27.415594943762 27.4129259718688 27.4102085530955 27.4074338961461 27.4046091682262 27.4017458951691 27.3988722050526 27.3960325769939 27.3937109404704 27.3923312239772 27.3910550119795 27.3897846958273 27.3884812468128 27.3871332772648 27.3857404150317 27.3843121545994 27.3828492806836 27.3813610234796 27.3798688063099 27.3783973278122 27.3764405165494 27.3735493432585 27.3706173358972 27.3676790628557 27.3647198128248 27.3617375966763 27.3587301708823 27.3556971293984 27.3526425717178
27.5506026056891 27.5449579542758 27.5393067566702 27.5336600574728 27.5280123940099 27.5219265171024 27.5151269839701 27.5083546916068 27.5016165324597 27.4948740543774 27.4881156829398 27.481336653717 27.4745322807285 27.4677053066603 27.4608730242015 27.4540496124994 27.4472970781267 27.4420874631359 27.4395318125773 27.4369869388438 27.4344763400921 27.4319635593291 27.4294322564511 27.4268834464992 27.4243112383644 27.4217200765076 27.4191192432871 27.4165314053378 27.4139915446769 27.4118176711355 27.4102812767919 27.4088172260028 27.4073853142905 27.4059504039777 27.4045036782518 27.4030405238239 27.4015613805933 27.400071699008 27.398574223515 27.3970831633971 27.3956123692143 27.3936406081146 27.3907041037552 27.3877098245931 27.3847265118242 27.3817417751894 27.3787519680808 27.3757524214933 27.3727387808066 27.3697168280374
27.5657832732389 27.5597981733352 27.5538175837194 27.5478340982843 27.541839605922 27.5356171785323 27.5290138395567 27.5224191305989 27.5158360948274 27.5092527363211 27.5026644834917 27.4960804167118 27.4894947276141 27.4829071392746 27.4763224467544 27.4697365678041 27.4631970785674 27.4581812820961 27.4557936804573 27.4534089265734 27.4510273059447 27.4486456853161 27.4462657214362 27.4438871389075 27.4415040944128 27.4391195779649 27.436737952783 27.4343625883274 27.4320158361169 27.4299397314664 27.4283176367971 27.4267511594861 27.4252069975394 27.4236648816685 27.4221223334405 27.4205824403112 27.4190377561553 27.4174978665796 27.4159557507087 27.4144117786147 27.412873312905 27.4108523242177 27.407910075557 27.4049098161576 27.4019118865846 27.3989158995561 27.3959159249299 27.3929181292617 27.3899200063054 27.38691713586
27.5810740369128 27.574718346885 27.5683611719748 27.5620095634427 27.5556650102169 27.5493017296005 27.5428989814355 27.5365047812855 27.5301214994645 27.5237379809574 27.5173506642244 27.5109662433106 27.5045820598327 27.4981973541457 27.4918126484587 27.485430272598 27.4790973171976 27.4742705051627 27.4720555053071 27.4698455802288 27.4676392154596 27.4654309091684 27.4632227962604 27.4610197545991 27.4588114483079 27.4566015232295 27.4543965823263 27.4522018892054 27.450040797081 27.4480582314881 27.4463547992314 27.4446991461034 27.4430757771709 27.4414583899987 27.4398398156464 27.4382221437009 27.4366030471395 27.4349870838332 27.433369696661 27.4317511223087 27.4301390420464 27.4280713930718 27.4251236425801 27.4221217643935 27.4191271622468 27.4161326896864 27.4131379321181 27.4101449867203 27.4071535522598 27.4041587946915
27.5963634630421 27.5896380751828 27.5829099859103 27.5761863016217 27.5694883821152 27.5629842736001 27.5567866948953 27.5505936257284 27.5444075728606 27.5382263107848 27.5320411646423 27.5258586720837 27.5196777983123 27.5134933642317 27.5073089301511 27.5011281462317 27.494998116514 27.4903610010151 27.4883176579603 27.4862831831473 27.4842506073184 27.4822169959279 27.4801828058881 27.4781511405728 27.4761197944618 27.4740885562005 27.4720566924334 27.4700368273681 27.4680584440435 27.4661655767444 27.4643851645471 27.4626507403441 27.4609479748309 27.4592519028821 27.4575577724552 27.4558652608155 27.4541691888667 27.4524750584399 27.4507825468002 27.4490907461997 27.4474115675333 27.4452958784239 27.44233626034 27.4393331949733 27.4363417215287 27.4333515636194 27.4303647895767 27.4273750637555 27.4243852516128 27.4213952410184
27.6116528028499 27.6045590030746 27.5974623601204 27.5903662765871 27.5833141701613 27.5766704859933 27.5706716038914 27.5646791341342 27.558695726002 27.5527174501099 27.5467323771221 27.5407489264522 27.534769316546 27.5287887143811 27.5228064934289 27.5168292566519 27.5109004001974 27.5064539742435 27.5045790945058 27.5027191247408 27.5008605753113 27.4990003681103 27.4971446707163 27.4952867943644 27.4934285722229 27.4915745363771 27.4897188389831 27.4878744241831 27.4860698297989 27.4842634842356 27.4824086596327 27.4805966343019 27.4788159001199 27.4770459334214 27.4752747370052 27.4735031089818 27.4717328185259 27.4699623341715 27.4681907061481 27.4664274312414 27.464681098704 27.4625171312702 27.459551768885 27.4565467619964 27.4535550936305 27.4505729192468 27.4475893647808 27.4446014941601 27.44161727017 27.4386310183365
27.6269461775928 27.6194789257783 27.6120115451276 27.6045454359595 27.5971388623944 27.5903535096643 27.5845520033496 27.5787626483777 27.5729837416851 27.5672044033854 27.5614233997493 27.5556382746106 27.5498577491309 27.5440815828359 27.5383019640816 27.5325240496479 27.5267974063218 27.522545984564 27.5208445226949 27.5191562054501 27.5174728731305 27.5157881161948 27.5141064925144 27.5124230566636 27.5107378251021 27.5090556792125 27.507375997054 27.5057103596731 27.5040797916882 27.5023586771495 27.5004304374684 27.4985403485482 27.4966849645246 27.4948394463048 27.492991269948 27.4911422947155 27.4892965390598 27.4874488849121 27.4855999096797 27.4837608847999 27.4819420378185 27.4797327916833 27.4767603086797 27.4737581492735 27.4707727381033 27.4677927474771 27.464811371969 27.4618282480875 27.4588486847498 27.4558694016321
27.6422380249155 27.6343982399514 27.6265610235185 27.6187229471937 27.6109565340098 27.6040299433021 27.5984349224868 27.5928484934701 27.587268714715 27.581690079629 27.5761103398581 27.5705309881569 27.5649519647665 27.5593733251042 27.5537949666845 27.5482159422714 27.5426926132049 27.5386315567193 27.5371053982816 27.5355909175835 27.5340809894534 27.5325746216324 27.5310663122895 27.5295560993861 27.528047267834 27.5265377280083 27.5250334961151 27.5235399909258 27.5220806914373 27.5204480834591 27.518448236317 27.5164859612864 27.5145567738802 27.5126308232604 27.5107066157108 27.5087839879641 27.5068603026237 27.5049373901039 27.5030115258055 27.5010942474837 27.4992041160487 27.4969475458863 27.4939662804816 27.4909672535805 27.4879892434604 27.4850122909341 27.4820346691184 27.4790584286539 27.476080703307 27.4731076383779
27.657527554576 27.6493180287503 27.6411109205875 27.6329006827 27.6247758709961 27.6177079347337 27.6123170305843 27.6069341054072 27.6015567729359 27.5961788845745 27.59079822923 27.5854231840474 27.5800453346702 27.5746637298279 27.5692874982152 27.56391158961 27.5585873884809 27.5547170683966 27.5533645515844 27.5520263845742 27.5506902879222 27.5493593278288 27.5480240945993 27.5466931770437 27.5453595626015 27.5440253695099 27.5426937011428 27.5413688498732 27.5400758519536 27.5385279530255 27.5364597602791 27.5344294426499 27.5324251264578 27.5304243315905 27.5284259100871 27.5264261085014 27.524423414627 27.5224255545632 27.5204249971319 27.5184311274465 27.516461884181 27.5141527202931 27.5111672250551 27.5081736999852 27.5052006740403 27.5022306039083 27.4992601935856 27.4962866970493 27.4933176197179 27.4903473556875
27.6728477312235 27.6642541342127 27.655663769435 27.6470781939343 27.638596157211 27.6313887746473 27.6261972961377 27.6210186164856 27.6158557950468 27.6107030290527 27.6055423883825 27.6003692335935 27.5951838241653 27.5899842775619 27.5847890488561 27.5796093346421 27.5744797471168 27.5708031582079 27.569626091661 27.5684644575423 27.5673157243088 27.5661857380465 27.5650510096364 27.5639027110286 27.5627324048617 27.5615457650678 27.5603608283371 27.5591965826341 27.5580664993671 27.5565975737869 27.5544652164173 27.5523732432177 27.550306038446 27.5482643815674 27.5462173577852 27.5441506957467 27.5420614439461 27.5399542617405 27.5378498184175 27.5357642149675 27.5337086917042 27.5313458762623 27.5283627531308 27.525383037175 27.5224286083258 27.5194941642875 27.5165541338693 27.5135921341262 27.5106152301715 27.5076216696203
27.6883053292514 27.6793275239121 27.6703244354546 27.661307003229 27.6524184333193 27.6450657304943 27.6401045749204 27.6352042708446 27.6303186879152 27.6254240919095 27.6205009868978 27.6155390650974 27.6105478609896 27.6055158912292 27.6004524707989 27.5953801228256 27.5903799435013 27.5868810316109 27.5859130302257 27.5850245830224 27.5841563205889 27.5832730693756 27.5823549909443 27.5813953912726 27.5803888599194 27.579329850497 27.578236145746 27.5771303024781 27.5760699213902 27.5746629601619 27.5725096376875 27.5704632987555 27.5684440234719 27.5664104805505 27.5643361775146 27.5622084000782 27.5600250991388 27.5577877874296 27.5555139520229 27.5532190402422 27.5509747687149 27.5485322523456 27.545592512494 27.5427358248712 27.5399073027781 27.5370539744005 27.5341576034191 27.5312051512718 27.5282048126304 27.5251609031193
27.704592930351 27.6952653600856 27.685886731602 27.6764616835204 27.6671529299983 27.6596171524751 27.6548992594319 27.6502558732096 27.6455899417209 27.6408857255436 27.6361379818073 27.6313440167131 27.6265039785605 27.6216081698814 27.6166553265502 27.6116477178611 27.6066775756536 27.6032677337833 27.6025536257695 27.6019441088049 27.6013059463147 27.6006119745486 27.5998629486365 27.599056176245 27.5981872298391 27.5972515566162 27.5962451866956 27.5951709935952 27.594087965111 27.5926675395461 27.5906029807251 27.588669045048 27.5867031804374 27.5846721214411 27.5825684457269 27.5803925403419 27.5781489161157 27.575830642025 27.5734377661569 27.5709698604765 27.568485913226 27.5659019303664 27.5631098951614 27.5604360497878 27.5577222071373 27.5549277855025 27.552057095966 27.5491150829916 27.5461082895101 27.5430406542556
27.7243007958865 27.7147031259125 27.7050724313837 27.6954192160017 27.6859048367146 27.6781835822116 27.6733300559146 27.6685197148299 27.6637183413144 27.6588957073052 27.6540365355002 27.6491392473652 27.6441961223735 27.6392086659131 27.6341811936311 27.6291309197917 27.6241418789413 27.6206799985277 27.619871347166 27.6191364998379 27.6184104221653 27.617655552844 27.6168594817785 27.6160106869086 27.6151049819387 27.6141430963863 27.613126716632 27.6120844876327 27.6110695793282 27.6096798782425 27.6075948820615 27.6056085514932 27.6036374634608 27.6016311076609 27.5995653347612 27.5974392810703 27.5952542036182 27.5930014453094 27.5906896779345 27.5883509796848 27.5860306245577 27.583551183489 27.5807534400968 27.578034986825 27.5753194293178 27.5725650997161 27.5697506404606 27.566873726759 27.5639349177595 27.5609478940126
27.7462296954509 27.7364309489609 27.7266306232061 27.716832199008 27.7071730969955 27.6992471308105 27.6940747283564 27.6889131437304 27.6837684206444 27.678624405817 27.6734689945271 27.6682956010221 27.6631053472079 27.6578997690809 27.6526830268589 27.6474707531866 27.6423360873964 27.6387057318109 27.6376532769265 27.6366401688353 27.6356572144924 27.6346750157453 27.6336824130636 27.6326667108748 27.6316229455093 27.6305595789297 27.6294839086813 27.6284174962367 27.6274019563844 27.6260294611237 27.6239488539744 27.6219263527115 27.6199446731607 27.6179634221638 27.6159652199831 27.6139454287519 27.6118954857533 27.6098204399786 27.6077276869319 27.6056462202824 27.6036158672299 27.6013355076781 27.5985196073585 27.5957332783612 27.5929845472189 27.5902375216625 27.587478015745 27.584692066976 27.5818705233485 27.5790358738541
27.7683268428746 27.7583333354467 27.7483444241242 27.7383535241887 27.7284799108711 27.720325059812 27.7149029896082 27.7094717018424 27.7040349120108 27.6985988377715 27.6931656084838 27.687725258343 27.6822851456382 27.6768471253238 27.67141128499 27.6659752061975 27.6605994646909 27.6567532972063 27.6555453725259 27.6543600383382 27.653187051437 27.652012450302 27.6508401754397 27.6496648154094 27.6484864122451 27.6473108142979 27.6461341162192 27.6449625521614 27.6438197778139 27.6424018719445 27.6404327944454 27.6384958958 27.6365827799452 27.6346699453102 27.6327565919965 27.6308472743678 27.6289305083519 27.6270114978084 27.6250943045039 27.6231829352499 27.6212977206011 27.6191313971916 27.6164090017693 27.6136843602815 27.6109780855443 27.6082748534604 27.6055747105788 27.6028748023528 27.6001620289724 27.5974535314936
27.7904843765206 27.7802832834847 27.7700824278848 27.7598757431657 27.7497805584602 27.7413948759364 27.7357296320728 27.7300451595509 27.7243493540334 27.7186549124112 27.7129596291029 27.7072658086678 27.7015693346489 27.695872950482 27.6901796097184 27.6844865909395 27.6788598430929 27.6748001505399 27.6734408335133 27.6721023631592 27.670778980724 27.6694542167029 27.6681310714689 27.6668047542303 27.665482126137 27.6641615919491 27.6628369314592 27.6615233214534 27.6602383722987 27.6587666409604 27.6569113614141 27.6550893130385 27.6532930810581 27.6514967582031 27.6497013415811 27.6479070511227 27.64611457335 27.644319394164 27.6425231576304 27.640736611758 27.6389730710105 27.6369179957739 27.6342932128032 27.6316558041068 27.6290413106832 27.6264312409914 27.6238186511282 27.6212055433365 27.618593186356 27.6159802727354
27.8126459881318 27.8022328604511 27.7918181139832 27.7813978672221 27.771079259974 27.7624606571487 27.756552757531 27.7506175771216 27.7446648316406 27.7387137482116 27.7327610027307 27.7268092981146 27.7208537048786 27.7149011968336 27.7089475461423 27.7029964609407 27.6971169115739 27.6928413035906 27.6913315044738 27.6898419265467 27.688366163037 27.6868928544018 27.6854239694982 27.6839515288618 27.6824791307401 27.681010569594 27.6795388407617 27.6780783990616 27.6766499375551 27.6751219162633 27.6733831487697 27.6716788902288 27.670000443049 27.668324477329 27.6666489259685 27.6649770807284 27.6633079984254 27.6616305055429 27.6599531584717 27.6582875314088 27.6566381771682 27.6546940048187 27.6521711661604 27.6496293793068 27.6471066722653 27.6445843962893 27.6420652062542 27.6395445916032 27.6370268254341 27.6345050681367
27.8348061328238 27.8241837144494 27.8135581673731 27.8029209017921 27.7923802267672 27.7835292866083 27.7773745626544 27.7711892821381 27.7649831577298 27.758773149255 27.7525634645376 27.7463517474235 27.7401389294509 27.7339289209761 27.7277175276194 27.7215114014385 27.715376815373 27.7108818957169 27.7092183303748 27.7075785941149 27.7059547646629 27.7043359583702 27.7027188136257 27.7010988257025 27.699476031812 27.6978591245035 27.6962409441975 27.6946308620932 27.6930509692333 27.6914704980018 27.6898540299152 27.6882669349877 27.6867097508804 27.6851554590617 27.6836002164764 27.6820523326989 27.6804972900688 27.6789390058529 27.6773851446188 27.6758361642633 27.6742965902767 27.6724630831322 27.6700462710357 27.66760295906 27.6651734144107 27.6627424451453 27.6603146091352 27.6578867731251 27.655458937115 27.6530293924657
27.856965802913 27.8461314397459 27.8352968831955 27.8244450622911 27.8136860914142 27.8046026584886 27.7982021543821 27.7917650696729 27.7853018721235 27.778831553721 27.7723614727545 27.765891154352 27.7594214616899 27.7529518553492 27.7464837159047 27.7400240768917 27.7336306047645 27.728917740835 27.7271060667894 27.7253183035714 27.7235490625257 27.7217829937195 27.7200137491202 27.7182418501722 27.7164730364151 27.7147064453997 27.7129398154 27.7111828071961 27.7094517161613 27.7078145271723 27.7063227746176 27.7048591181899 27.7034199180885 27.7019863494045 27.700555305483 27.6991201410436 27.6976817823556 27.6962483215213 27.6948156165325 27.6933808181306 27.6919548049336 27.690229507862 27.6879178156017 27.6855751149472 27.6832369243228 27.6808987336984 27.6785624845961 27.6762282425853 27.6738907640227 27.6715525733984
27.879130737632 27.868080913181 27.8570323794413 27.8459709400398 27.8349973715593 27.825684190337 27.819037341331 27.8123430799494 27.8056197709241 27.7988897683343 27.7921617072665 27.7854352649859 27.7787055471693 27.7719760667888 27.765249429587 27.7585326139016 27.7518810753516 27.7469522479276 27.744992987611 27.7430575902924 27.7411406035082 27.7392235304026 27.7373052232835 27.7353860137577 27.733471879009 27.7315590782744 27.7296424797945 27.7277349464703 27.725849706209 27.7241505302795 27.7227826943809 27.7214460843342 27.7201295063745 27.7188195749148 27.7175036629256 27.7161847551396 27.7148714572692 27.7135589152443 27.7122428559403 27.7109290358607 27.7096179177018 27.7079970284047 27.7057906331884 27.7035465587725 27.7012987255957 27.6990525101835 27.6968096611819 27.6945659532845 27.6923218788686 27.6900759872138
27.9012914045332 27.8900295408842 27.8787702918348 27.8675050681241 27.8563214979108 27.8467766878632 27.839875139326 27.8329192522352 27.8259344027993 27.8189481728003 27.8119614241226 27.8049778051696 27.7979896326259 27.7910037909312 27.7840177543153 27.7770389246163 27.7701268422333 27.7649837779137 27.7628762532029 27.7607945426339 27.7587294425701 27.7566661121618 27.754600067411 27.7525356404247 27.7504745798491 27.7484104340826 27.7463436772699 27.7442823827889 27.7422394925048 27.7404827918584 27.7392383807805 27.7380321865485 27.7368421806166 27.7356469538005 27.7344479242052 27.7332542670894 27.7320618880284 27.7308659916883 27.7296719462681 27.7284792434496 27.727279787823 27.7257656794296 27.7236640339776 27.7215146321413 27.7193624683906 27.7172092257905 27.7150565010811 27.7129052389872 27.7107531835671 27.7085992716776
