Spatial_Analysis/Maxent_Inputs/Inputs/RCP4_5_Near/sst_near45.asc
NCOLS 638 
NROWS 314 
XLLCORNER -102.97071042 
YLLCORNER 3.973116569 
CELLSIZE 0.083 
NODATA_value -9999 
[rows 264 to 285 of 314, columns 0 to 49 of 638]
28.7204555169164 28.720549909276 28.7206458158689 28.7207459085114 28.7208441459534 28.7209378308044 28.721029422996 28.7211207820321 28.7212132847373 28.7213031295401 28.7213911614225 28.7214820028027 28.7215735562447 28.7216656273427 28.7217577417435 28.7218468744844 28.7219281755909 28.7220457127612 28.7223094530786 28.7226806711773 28.7230402591197 28.723394772285 28.723747666663 28.7241024646015 28.7244525158007 28.7248031874371 28.7251584126642 28.7255093655203 28.725856564684 28.7261447686827 28.7262490832655 28.7261906730038 28.726128659672 28.7260610364246 28.7259921396758 28.7259242316552 28.7258517320824 28.7257819286082 28.725715924148 28.7256397133977 28.725547810247 28.725289719209 28.7245231047315 28.7232733242886 28.721980554721 28.7206619044457 28.7193417870167 28.7180221484941 28.7167037829921 28.7153848089595
28.7111779663501 28.7112681339451 28.7113595915012 28.7114542686341 28.7115451057531 28.7116235540934 28.7116840255024 28.7117323913679 28.7117820783182 28.7118268889431 28.7118705080694 28.7119170617645 28.7119618723894 28.7120068118506 28.7120558902703 28.7121008907478 28.7121373907938 28.7122079866952 28.7124250740475 28.7127550513949 28.7130695102388 28.7133789849076 28.7136872723964 28.7139948055432 28.7142981088568 28.7146066811188 28.7149166779968 28.7152235416195 28.7155248135591 28.7157608982153 28.7158025861899 28.7156700872801 28.7155301490632 28.7153864083016 28.7152440488912 28.7150999198252 28.714955424487 28.7148088397966 28.714666286215 28.7145172772931 28.7143465858346 28.7140149493442 28.7131847787741 28.7118798578637 28.7105330264089 28.7091621314854 28.7077876716995 28.706413928294 28.7050394730614 28.7036667219147
28.7019019907875 28.7019861343421 28.7020705626699 28.7021571699557 28.7022434499535 28.7023099418722 28.7023394261344 28.7023448944998 28.7023461294785 28.7023453793977 28.7023466179299 28.7023514132178 28.702350663137 28.7023512285916 28.7023554626861 28.7023555585719 28.7023467396668 28.702372400603 28.7025446826142 28.7028303332693 28.703101372404 28.7033646213963 28.7036294891758 28.7038893727801 28.7041480692044 28.7044093766748 28.7046726256671 28.7049374934466 28.7051936233586 28.7053818822987 28.7053618716729 28.7051523110543 28.7049343955693 28.7047158151135 28.7044980335334 28.7042765147206 28.7040550389264 28.7038350346047 28.7036164541489 28.7033954107119 28.7031505397307 28.702747709154 28.7018548074484 28.7004908404757 28.6990888685533 28.697662876181 28.6962333668024 28.6948031020591 28.6933744986407 28.6919473190884
28.6926242503686 28.6927024174893 28.6927789658227 28.6928604983313 28.6929412764979 28.6929977102143 28.6929968728422 28.6929530303402 28.6929105643899 28.6928674726993 28.6928260033264 28.6927857601178 28.6927400148434 28.6926947003881 28.6926546080479 28.6926117537933 28.6925589929697 28.6925383246981 28.6926690422007 28.6929102758191 28.693133946631 28.693348316363 28.693568145646 28.6937834223611 28.693997080289 28.6942139102216 28.6944318402628 28.6946497280238 28.6948597357905 28.6950027198209 28.6949183139541 28.6946303487789 28.6943378310357 28.6940417529834 28.6937473316798 28.6934528678614 28.693156120285 28.6928636025418 28.6925675244895 28.6922700225711 28.6919578200304 28.6914908258532 28.6905321895894 28.689104969272 28.6876439512873 28.6861631032207 28.6846773099632 28.6831917098542 28.6817111855451 28.6802283303869
28.6833477525968 28.6834209355422 28.6834925430032 28.6835664377529 28.6836396206983 28.6836838651104 28.6836505260854 28.6835628275055 28.6834763196362 28.6833914695383 28.6833021096334 28.6832153169909 28.6831285208177 28.6830388796932 28.6829543143685 28.682865580204 28.6827704344677 28.6827103763649 28.6827984722837 28.6829905945091 28.6831651005225 28.6833368013567 28.6835077513794 28.683677989598 28.6838466523322 28.6840173175818 28.6841884574572 28.6843606371977 28.684531436375 28.684624830856 28.6844714285742 28.6841090509934 28.68374136548 28.6833694511561 28.6829966298492 28.6826285560314 28.6822592950336 28.6818916095203 28.6815196951963 28.6811454500234 28.6807666105176 28.6802382017365 28.6792143660529 28.6777201817172 28.6761962331226 28.6746638479163 28.673123522722 28.6715821176556 28.6700467333336 28.6685089275606
28.6741287209149 28.6741812986503 28.6742293848112 28.6742766495455 28.6743374472428 28.6743682680645 28.6743040277332 28.6741773756906 28.6740522753505 28.6739392805539 28.6738188811538 28.6736908044951 28.6735589743788 28.6734175642315 28.6732700697776 28.6731232861281 28.6729854785551 28.672890308026 28.6729291976313 28.6730677756254 28.6731999433248 28.6733412344155 28.6734757294333 28.6736025902228 28.6737275484745 28.6738460553973 28.6739595826981 28.6740752449041 28.674201583719 28.6742486158381 28.6740284877619 28.6735871922492 28.673148873843 28.6727106640365 28.6722678965935 28.6718273518921 28.671382212085 28.6709302364328 28.6704770743505 28.6700245327054 28.6695756384409 28.6689846412859 28.6678957831059 28.6663374392155 28.6647526534241 28.6631686700618 28.6615822232374 28.6599905540519 28.6583999257313 28.6568029496129
28.6650559322027 28.6650859285713 28.6650968526996 28.6650885122006 28.6650825928605 28.6650604424477 28.664973710329 28.6648445652397 28.6647315224363 28.6646051466021 28.6644603622295 28.6642934194522 28.6641057843785 28.6639043366601 28.6636856663523 28.6634582143738 28.6632323241777 28.6630681900577 28.663067779434 28.6631846149714 28.6633066288552 28.6634248986341 28.6635269388324 28.663613224114 28.6636873182807 28.6637529077353 28.6638024227963 28.6638456624556 28.6638934166984 28.6638692635077 28.6635897190474 28.6630883791796 28.6626003748228 28.6621074946214 28.6616030761612 28.6610866561811 28.6605633069732 28.6600269029932 28.6594866159692 28.6589405286617 28.6583969660788 28.6577302644773 28.6565822319404 28.6549641714409 28.6533407119487 28.6517131099445 28.650078215948 28.6484362438709 28.6467918521154 28.6451353553318
28.6560103202089 28.6560252785186 28.6560135600139 28.6559720403115 28.655910733523 28.6558404051164 28.655727996564 28.6555881366157 28.6554652838218 28.6553076836165 28.6551232815639 28.6549091645971 28.6546705533424 28.6544144828124 28.6541388165869 28.6538434037975 28.6535354495882 28.653297090427 28.6532439653207 28.6533096051048 28.6533818923849 28.6534372380457 28.6534734196181 28.6534894230194 28.6534892004317 28.6534766323301 28.6534470793443 28.6534034795621 28.6533543733956 28.653243269933 28.6529056322041 28.6523630508349 28.6518365676412 28.651297980442 28.6507407475375 28.6501674129269 28.6495868729146 28.6489915264607 28.6483897719656 28.6477786275613 28.6471597367983 28.6464318504951 28.6452494981012 28.6436044307878 28.6419673950872 28.6403223295465 28.6386609476229 28.6369930531309 28.6353219835958 28.6336396679283
28.646807879731 28.6468195106372 28.6468100133935 28.6467911204151 28.6467752040852 28.6467279176292 28.6465717256251 28.6463382404575 28.6461156305588 28.6458910268126 28.6456507119529 28.6453870462017 28.6451066719866 28.644805990014 28.6444924474254 28.6441763758282 28.6438594532301 28.6435870803234 28.6434278126748 28.6433396630974 28.6432539258415 28.6431661995147 28.6430676419303 28.6429572772892 28.6428338120653 28.6426955834298 28.6425494322852 28.6423973462216 28.6422500934878 28.6420479200006 28.6416495718656 28.6410759993382 28.6405093572693 28.6399428628074 28.6393665458294 28.6387843347045 28.6381905972007 28.6375866544523 28.6369742094997 28.6363648069506 28.6357541699073 28.6350287947757 28.6338560146061 28.6322420825848 28.6306215949153 28.6290017724858 28.627374544453 28.6257430012882 28.6241059517391 28.6224629257559
28.6376235573226 28.6376442538997 28.6376542609846 28.6376656522012 28.6376873838246 28.6376524523779 28.6374505120884 28.6371348728059 28.6368177268701 28.6365085517655 28.6361974746384 28.6358772867994 28.6355532979538 28.6352168330083 28.6348791198893 28.6345469741482 28.6342134478094 28.6338918816725 28.6336106978754 28.6333542098365 28.6330888963434 28.6328238207671 28.6325558493715 28.6322858283696 28.6320102622682 28.6317296639273 28.6314476417205 28.6311657526684 28.630888999387 28.630571973342 28.6301141906022 28.6295326479787 28.6289507163007 28.6283727813005 28.6277946559553 28.627216246587 28.6266318554813 28.6260429125578 28.6254480304117 28.62486102826 28.6242748295373 28.6235685372067 28.62243071633 28.6208826054309 28.6193165593884 28.6177475569911 28.6161798496236 28.6146094233602 28.6130396226026 28.6114687217365
28.6285799273115 28.6285971068478 28.6286112007122 28.6286231156187 28.6286317076519 28.6285748514334 28.6283364171317 28.62797735814 28.6276042525981 28.6272292516026 28.6268570955586 28.6264792425275 28.6261051439388 28.6257301394127 28.6253529121221 28.6249788998548 28.624596172271 28.6241988143961 28.6238049357929 28.6234010903198 28.6229788831647 28.6225488858671 28.6221224488787 28.6216937855952 28.6212632660884 28.6208348875781 28.6204048902805 28.6199781685189 28.6195492677993 28.6191000615954 28.6185842681169 28.6180063756545 28.617431758728 28.6168549628436 28.6162770703812 28.615700796706 28.6151229042436 28.6145471482243 28.6139682635031 28.6133903710407 28.6128104472043 28.6121136901019 28.6110152957871 28.6095324445514 28.6080327851087 28.6065267118177 28.6050232070579 28.603515192245 28.602009551042 28.6005041472751
28.6195793916064 28.6195839487276 28.6195860421177 28.6195827630282 28.6195746076133 28.6194946394428 28.6192199923488 28.6188155711031 28.6183968620946 28.617971359521 28.6175489003507 28.6171197476159 28.6166923035204 28.6162666723453 28.6158404579676 28.6154168116172 28.6149797854602 28.6145105414424 28.6140020695295 28.6134468362636 28.6128709059132 28.6122896241192 28.6117077168196 28.611123673592 28.6105384431845 28.6099547882614 28.6093722114376 28.6087931523853 28.6082091091578 28.6076281498488 28.6070562871535 28.6064833788663 28.6059130816251 28.6053433020398 28.6047743423661 28.6042033333207 28.6036323665554 28.6030656296234 28.6024939085162 28.6019213885333 28.6013470141 28.6006627789311 28.5996030558138 28.5981858310518 28.5967531356274 28.5953128406783 28.5938717903646 28.5924324013759 28.5909930123871 28.589551293572
28.6105793305385 28.6105702683983 28.6105610128748 28.6105449774654 28.6105217799457 28.6104140391479 28.6101034766911 28.609654923182 28.6091897563642 28.6087120481267 28.6082371448336 28.6077619613436 28.6072832175444 28.6068047585184 28.6063279607945 28.6058518280413 28.6053623150006 28.6048254576916 28.6041995270236 28.6034923878015 28.602763360269 28.602029309577 28.6012912675106 28.6005507606903 28.5998145262409 28.5990781882604 28.5983431878245 28.5976072345949 28.5968686692965 28.5961605104733 28.5955277885342 28.5949594328149 28.5943950257092 28.593832366227 28.5932704666361 28.5927065817396 28.5921439222574 28.5915821261977 28.5910180428495 28.5904535322126 28.5898839521018 28.5892113885812 28.5881912428943 28.586838415123 28.5854714970179 28.584098641463 28.5827224187474 28.5813493303098 28.5799722922359 28.5785987246192
28.6015840118913 28.6015578185517 28.6015312971361 28.601505811305 28.6014674248579 28.6013351601487 28.6009931318962 28.6004970202117 28.5999815502676 28.5994529306308 28.5989251091196 28.5984006147621 28.5978758402076 28.597347505344 28.5968187821759 28.5962877937285 28.5957470708362 28.59514629445 28.5944004585055 28.593539553058 28.5926573901091 28.5917668112774 28.5908763410455 28.5899835394722 28.5890954899414 28.5882032070237 28.5873103629127 28.5864189859554 28.5855311685573 28.5846917319819 28.5839978660488 28.5834328757175 28.5828782901282 28.5823223242104 28.5817638935387 28.5812100200112 28.5806559956153 28.580099468504 28.5795418837989 28.5789850719145 28.5784221757462 28.5777675020855 28.5767882549139 28.5754954654638 28.5741900958673 28.5728835398408 28.5715755591983 28.5702652494795 28.5689501006467 28.5676430224111
28.5925855257926 28.5925480825173 28.5925074070089 28.5924656959159 28.592411981568 28.5922616364193 28.591885730504 28.5913392207726 28.5907736375549 28.5901953233224 28.5896164005593 28.5890389879836 28.5884625727353 28.5878839347454 28.5873053357397 28.5867247516745 28.5861368108469 28.5854708813473 28.5846053168149 28.583590088771 28.58255325794 28.5815080717388 28.5804638352815 28.5794169923315 28.5783697177743 28.5773231077071 28.5762762602038 28.5752313587758 28.5741910099157 28.573217490409 28.5724656127144 28.5719102672337 28.5713600403139 28.5708102447285 28.5702613553762 28.5697139804919 28.5691675513172 28.5686155767739 28.5680653060704 28.5675172155937 28.5669628674404 28.5663280691799 28.5653871704709 28.5641532751806 28.562911827972 28.5616684382187 28.56042699101 28.5591795627912 28.5579310982607 28.5566880322648
28.5835857494979 28.58353430321 28.5834827660474 28.5834307112517 28.5833644608103 28.583194521481 28.5827801367289 28.5821859784777 28.5815661435201 28.5809372413882 28.5803084901246 28.5796803000544 28.5790508757132 28.5784217361453 28.5777932223177 28.5771624649852 28.5765225597063 28.5757935256999 28.5748140333706 28.5736398650736 28.5724483233418 28.5712477571966 28.5700488098385 28.5688472081317 28.5676463617895 28.5664457956443 28.5652468482863 28.5640466704455 28.5628518005373 28.5617438700232 28.5609339808399 28.5603866059556 28.5598425066072 28.5592992053845 28.5587572897936 28.5582172289108 28.5576776831532 28.5571310155198 28.5565921851199 28.5560506968176 28.5555063600332 28.5548867982835 28.5539832332273 28.5528116458562 28.5516328480148 28.5504510067702 28.5492741504507 28.548094160876 28.5469144560745 28.5457364125751
28.5745849290196 28.5745208557634 28.5744576462024 28.5743913552387 28.5743176131072 28.574133059477 28.5736801356596 28.5730351573762 28.5723587530166 28.5716797376109 28.5710010069785 28.5703225137821 28.5696415568545 28.5689589811397 28.5682802505073 28.5676000486716 28.5669107809304 28.5661190178074 28.5650266856106 28.5636911128484 28.5623439063995 28.5609884954487 28.5596345954353 28.5582794692577 28.5569260914536 28.5555706805028 28.5542167804894 28.5528616543118 28.5515116418957 28.5502719582767 28.5494040583545 28.5488600488582 28.5483257710262 28.5477912084211 28.5472544668579 28.546718337356 28.5461854841401 28.5456494969189 28.5451182184374 28.5445823228409 28.5440441609423 28.5434423812026 28.5425795377382 28.5414668409735 28.5403517270612 28.539237756818 28.5381224490072 28.5370087589609 28.5358973997637 28.5347820919529
28.5656134774736 28.5655313842559 28.5654451057388 28.5653569315333 28.5652710889269 28.5650746694772 28.5645838897977 28.5638802537563 28.5631535888082 28.5624304841692 28.5617073795303 28.5609819450649 28.560249261145 28.5595125417978 28.5587761036703 28.5580373346937 28.5573013233473 28.556450815175 28.5552400496548 28.553742641843 28.5522366409522 28.5507356242596 28.5492352333073 28.5477325988501 28.5462236641786 28.5447093139973 28.5431913171855 28.5416776780434 28.5401704909953 28.538794544699 28.53787057556 28.5373334917608 28.5368091389764 28.5362889929934 28.5357703369613 28.5352436968883 28.5347170142775 28.5341848298356 28.5336493698578 28.5331143801987 28.5325832303187 28.5319977871983 28.5311736589727 28.5301203310051 28.5290736912986 28.5280346511169 28.5269950459649 28.5259507371075 28.5249019237463 28.5238466542567
28.5567124120546 28.5566056794879 28.5564859531424 28.5563622351533 28.5562382840087 28.5560192261873 28.5554987941479 28.5547481110378 28.5539914031718 28.5532318045208 28.5524667040386 28.551694393086 28.5509119196499 28.550121143484 28.5493212153258 28.5485120688557 28.5477049767914 28.5467782065015 28.5454555450737 28.5438127195963 28.5421754995193 28.5405381336081 28.5388932853594 28.5372401690468 28.5355776630711 28.5339038506966 28.5322229830388 28.5305367469393 28.5288474220953 28.5273166565184 28.5263403062853 28.5258319828534 28.5253389415116 28.5248427714448 28.524343236471 28.5238332150099 28.5233134158162 28.5227817490302 28.5222435881544 28.5216954591778 28.5211454739552 28.5205525251736 28.5197653020433 28.5187966292523 28.51784500315 28.5168898650754 28.5159289920143 28.5149602399814 28.5139771566252 28.5129836305655
28.5465131150767 28.5463846035495 28.5462369706948 28.5460784197458 28.5459184441808 28.5456655071966 28.5450998493114 28.5442892825058 28.5434829420029 28.5426651222122 28.541839708223 28.5410000968152 28.5401480103072 28.5392846343641 28.538413793574 28.5375289667463 28.5366356817557 28.5356189856254 28.5342004998501 28.5324570150448 28.5307234998207 28.5289813935631 28.5272242051937 28.5254568540945 28.5236799191612 28.5218896457051 28.5200865128788 28.5182714696994 28.51644569449 28.5147993960933 28.5137854016416 28.513308869539 28.5128427429055 28.5123708296905 28.511887049906 28.5113894610074 28.5108802384219 28.5103594459467 28.5098286861438 28.5092794092371 28.5087180447846 28.5081185297942 28.5073723502405 28.506482604196 28.5056075797751 28.5047232514939 28.5038276391187 28.5029183472156 28.5019972920395 28.5010591013455
28.5330037604435 28.5328513808497 28.5326864606091 28.5325183243453 28.5323567257319 28.532074958087 28.5314200456008 28.5304914628422 28.5295583702387 28.5286257092653 28.5276868776867 28.5267382633413 28.5257774541157 28.5248062057401 28.5238318673741 28.522852929372 28.521869717753 28.5207741381447 28.5192951749036 28.5175170424952 28.5157415211328 28.5139648087872 28.5121847733566 28.5103966691017 28.5085965633498 28.5067890962821 28.5049682471542 28.503141744327 28.5013187534721 28.4996811318604 28.4986640082868 28.4981841583222 28.4977177511996 28.4972530960039 28.4967839277398 28.4963017657198 28.4958120474629 28.4953134617521 28.494802534081 28.4942860949914 28.4937694615189 28.4932130385262 28.4924982404956 28.4916277769419 28.4907685549673 28.489913842565 28.4890533053471 28.4881790838399 28.487296896263 28.4864031831067
28.5178312380455 28.5176605347541 28.5174881661262 28.517311443113 28.517132006757 28.5168015582345 28.5160500278665 28.5149954495137 28.5139132506447 28.5128356959683 28.5117548181841 28.5106726200651 28.5095861885822 28.5084930686035 28.5073971426576 28.5063063525053 28.5052144660476 28.5040236331076 28.502511709821 28.5007490473444 28.4989847671032 28.4972176383571 28.4954531206569 28.493685858756 28.4919134610844 28.490139164921 28.4883603116363 28.486580659476 28.4848090161464 28.4832170047852 28.4822196247223 28.4817437183601 28.481279101914 28.4808184376119 28.4803609420188 28.4798945779492 28.4794284938534 28.4789606586035 28.4784840409525 28.4780107886893 28.4775451316474 28.4770363163751 28.476346336905 28.4754814182355 28.4746297900015 28.4737892750178 28.4729436723277 28.4720936636309 28.4712409963048 28.4703879449777
