Spatial_Analysis/Downscaled_EnvironmentalLayers/RCP4_5/2050/par_near45.asc
ncols         648
nrows         324
xllcorner     -102.97071042
yllcorner     3.973116569
cellsize      0.083
NODATA_value  -9999
[rows 87 to 115 of 324, columns 198 to 263 of 648]
43.05399 43.06251 43.07042 43.07836 43.08646 43.09478 43.10339 43.11236 43.12173 43.13158 43.14181 43.15135 43.1813 43.23175 43.28112 43.33066 43.3806 43.43101 43.48195 43.53345 43.58559 43.6384 43.69175 43.74405 43.77599 43.78754 43.79739 43.80756 43.81834 43.82979 43.84194 43.85482 43.86844 43.88284 43.89782 43.91165 43.91815 43.91871 43.91727 43.91606 43.91552 43.91578 43.91693 43.91906 43.92226 43.92659 43.9319 43.93585 43.94355 43.95646 43.96612 43.97606 43.98697 43.99906 44.01242 44.02718 44.04345 44.06134 44.08063 44.09828 44.10291 44.09335 44.07874 44.06485 44.05251 44.04175
43.10062 43.10878 43.11697 43.1253 43.13383 43.14263 43.15173 43.16122 43.17116 43.18166 43.19283 43.20463 43.23613 43.28688 43.33789 43.38938 43.44138 43.49389 43.54698 43.60068 43.65508 43.71029 43.76641 43.82341 43.85644 43.86374 43.87153 43.88011 43.88947 43.89957 43.91044 43.92207 43.93455 43.94794 43.96235 43.9777 43.9822 43.97491 43.96789 43.9617 43.95637 43.95195 43.94849 43.94607 43.94485 43.94496 43.94663 43.94986 43.95846 43.96872 43.97922 43.99095 44.00395 44.01827 44.03397 44.05117 44.07005 44.09082 44.11378 44.13895 44.14911 44.13217 44.11588 44.10174 44.08958 44.0792
43.14212 43.15208 43.16136 43.17037 43.17944 43.18867 43.19816 43.20792 43.21801 43.22836 43.23849 43.24828 43.28067 43.33571 43.39038 43.44456 43.49891 43.55362 43.60876 43.66437 43.72048 43.77695 43.83311 43.88821 43.92078 43.93072 43.93961 43.9478 43.95627 43.96523 43.97477 43.98492 43.99564 44.00681 44.01761 44.02745 44.02808 44.0197 44.01093 44.00116 43.99164 43.9827 43.9745 43.96711 43.96056 43.95468 43.94848 43.94063 43.94575 43.96394 43.98116 43.99684 44.01284 44.02969 44.04758 44.06664 44.0869 44.10813 44.12903 44.14714 44.15363 44.14758 44.13849 44.1275 44.1171 44.10785
43.20108 43.21146 43.22072 43.22997 43.23921 43.24842 43.25766 43.26698 43.27625 43.2855 43.29476 43.30459 43.33596 43.38885 43.44236 43.49588 43.54938 43.60282 43.65633 43.70994 43.7635 43.81702 43.87055 43.92361 43.95525 43.96548 43.97515 43.9848 43.99443 44.00395 44.01358 44.02334 44.03304 44.04269 44.05233 44.06257 44.06203 44.05067 44.04015 44.02966 44.01915 44.0085 43.99799 43.98764 43.97724 43.96675 43.95627 43.94596 43.95049 43.96981 43.98943 44.00907 44.02868 44.04809 44.06766 44.0875 44.10727 44.12691 44.14655 44.16474 44.17422 44.17514 44.17337 44.17137 44.16935 44.1671
43.27821 43.28819 43.29686 43.3053 43.31374 43.32217 43.33062 43.33905 43.34749 43.35593 43.36448 43.37374 43.40205 43.44939 43.49745 43.54566 43.59386 43.64207 43.69028 43.73848 43.78669 43.83489 43.88303 43.93068 43.96036 43.97208 43.98328 43.99436 44.00543 44.01651 44.0276 44.03867 44.04975 44.06083 44.07198 44.08376 44.08397 44.0726 44.06191 44.05141 44.04092 44.03041 44.01991 44.00941 43.99891 43.98841 43.97793 43.9677 43.97268 43.99288 44.01335 44.03391 44.05447 44.07503 44.09559 44.11615 44.1367 44.15726 44.17769 44.1962 44.21129 44.22306 44.23255 44.24128 44.25001 44.25874
43.35548 43.36489 43.37299 43.38062 43.38824 43.39587 43.40349 43.41112 43.41874 43.42636 43.43424 43.44282 43.46806 43.50995 43.55254 43.59544 43.63832 43.68121 43.7241 43.76699 43.80988 43.85276 43.89553 43.93789 43.96561 43.97871 43.9914 44.00391 44.01642 44.02893 44.04144 44.05396 44.06646 44.07898 44.09162 44.10473 44.10567 44.09444 44.08368 44.07317 44.06265 44.05213 44.04161 44.0311 44.02058 44.01006 43.99961 43.98939 43.99483 44.01593 44.03727 44.05875 44.08023 44.10171 -9999 44.14466 44.16615 44.18763 44.20874 44.22815 44.24895 44.2712 44.29173 44.31119 44.33065 44.3501
43.43292 43.44167 43.44913 43.45594 43.46275 43.46956 43.47637 43.48318 43.48998 43.4968 43.50395 43.51182 43.53399 43.57047 43.60764 43.64521 43.68278 43.72035 43.75792 43.79549 43.83306 43.87063 43.90807 43.94519 43.97097 43.98539 43.99953 44.01347 44.02741 44.04135 44.05529 44.06923 44.08318 44.09711 44.11119 44.12556 44.12724 44.11619 44.10545 44.09492 44.08438 44.07385 44.06332 44.05279 44.04225 44.03172 44.02127 44.01104 44.01694 -9999 -9999 -9999 -9999 -9999 -9999 -9999 -9999 -9999 -9999 -9999 44.28703 44.31963 -9999 44.3811 44.41128 44.44146
43.51055 43.51856 43.52527 43.53127 43.53726 43.54325 43.54924 43.55524 43.56123 43.56722 43.5736 43.58071 43.59981 43.63092 43.66273 43.69498 43.72724 43.75949 43.79174 43.82399 43.85625 43.8885 43.92064 43.95256 43.97639 43.99213 44.00765 44.02302 44.03839 44.05377 44.06914 44.08451 44.09988 44.11526 44.1307 44.14631 44.14871 44.13789 44.12722 44.11667 44.10612 44.09557 44.08502 44.07447 -9999 -9999 -9999 -9999 -9999 -9999 -9999 -9999 -9999 -9999 -9999 -9999 -9999 -9999 -9999 -9999 -9999 -9999 -9999 -9999 -9999 -9999
43.58838 43.59559 43.60141 43.60659 43.61177 43.61694 43.62212 43.6273 43.63248 43.63765 43.64318 43.64949 43.66553 43.69129 43.71782 43.74476 43.7717 43.79863 43.82557 43.8525 43.87944 43.90637 43.93324 43.95996 43.98184 43.99889 44.01578 44.03258 44.04938 44.06619 44.08299 44.09979 44.1166 44.1334 44.15021 44.16705 44.17017 44.15956 -9999 -9999 -9999 -9999 -9999 -9999 -9999 -9999 -9999 -9999 -9999 -9999 -9999 -9999 -9999 -9999 -9999 -9999 -9999 -9999 -9999 -9999 -9999 -9999 -9999 -9999 -9999 -9999
43.66644 43.67276 43.67755 43.68191 43.68627 43.69064 43.695 43.69936 43.70372 43.70808 43.71268 43.71814 43.73111 43.75157 43.77291 43.79453 43.81615 43.83777 43.85939 43.881 43.90262 43.92424 43.94584 43.96735 43.98729 44.00564 44.0239 44.04214 44.06037 44.07861 44.09684 44.11508 44.13331 44.15155 44.16975 44.18783 -9999 -9999 -9999 -9999 -9999 -9999 -9999 -9999 -9999 -9999 -9999 -9999 -9999 -9999 -9999 -9999 -9999 -9999 -9999 -9999 -9999 -9999 -9999 -9999 -9999 -9999 -9999 -9999 -9999 -9999
43.74474 43.75001 43.75369 43.75723 43.76078 43.76433 43.76788 43.77142 43.77497 43.77851 43.78213 43.78664 43.79654 43.81181 43.82801 43.84431 43.86061 43.87691 43.89321 43.90951 43.92581 43.94211 43.95841 43.9747 43.99269 44.01236 44.03202 44.05169 44.07135 44.09102 44.11069 44.13035 44.15002 -9999 -9999 -9999 -9999 -9999 -9999 -9999 -9999 -9999 -9999 -9999 -9999 -9999 -9999 -9999 -9999 -9999 -9999 -9999 -9999 -9999 -9999 -9999 -9999 -9999 -9999 -9999 -9999 -9999 -9999 -9999 -9999 -9999
43.82333 43.8271 43.82982 43.83248 43.83511 43.83782 43.8406 43.84341 43.8462 43.84894 43.85167 43.85498 43.8618 43.87212 43.8831 43.89412 43.90518 43.91621 43.9272 43.93814 43.94905 43.95998 43.97096 43.98199 43.99802 44.01905 44.04015 44.06129 44.08249 44.10365 44.12476 -9999 -9999 -9999 -9999 -9999 -9999 -9999 -9999 -9999 -9999 -9999 -9999 -9999 -9999 44.14 -9999 -9999 -9999 -9999 -9999 -9999 -9999 -9999 -9999 -9999 -9999 -9999 -9999 -9999 -9999 -9999 -9999 -9999 -9999 -9999
43.90204 43.90377 43.90507 43.90665 43.90852 43.91059 43.9128 43.91507 43.91729 43.9194 43.92133 43.92325 43.92695 43.93262 43.93856 43.94449 43.95033 43.9561 43.9618 43.9674 43.9729 43.97831 43.98365 43.98918 44.00324 44.02585 44.04874 44.0716 44.09438 -9999 -9999 -9999 -9999 -9999 -9999 -9999 -9999 -9999 -9999 -9999 -9999 -9999 -9999 -9999 -9999 44.16372 44.15179 44.1404 44.14894 44.17717 44.20689 44.2366 44.26595 44.29482 44.32312 44.35079 44.37775 44.40395 -9999 -9999 -9999 -9999 -9999 -9999 -9999 -9999
43.97793 43.97797 43.97857 43.97965 43.98107 43.98273 43.98454 43.9864 43.98823 43.98992 43.99138 43.99251 43.99319 43.99403 43.99479 43.99546 43.99604 43.99652 43.99693 43.99723 43.99742 43.9975 43.99743 43.99723 44.00923 44.03382 44.05833 44.08271 -9999 -9999 -9999 -9999 -9999 -9999 -9999 -9999 -9999 -9999 -9999 -9999 -9999 -9999 -9999 44.21288 44.20218 44.1909 44.17891 44.16608 44.17433 44.2063 44.23807 44.26937 44.30016 44.33039 44.36 44.38891 44.41703 44.44423 44.47033 -9999 -9999 -9999 -9999 -9999 -9999 -9999
44.04753 44.04937 44.05046 44.05154 44.05281 44.05427 44.05583 44.05743 44.05901 44.06049 44.06187 44.06347 44.06167 44.0565 44.05172 44.04701 44.04226 44.03745 44.03257 44.02761 44.02258 44.01748 44.01242 44.0076 44.01784 44.04321 44.06885 -9999 -9999 -9999 -9999 -9999 -9999 -9999 -9999 -9999 -9999 -9999 -9999 -9999 -9999 44.26053 44.25118 44.24156 44.23161 44.22132 44.21104 44.20148 44.21203 44.24271 44.27408 44.3061 44.33797 44.36948 44.4005 44.43098 44.46087 -9999 -9999 -9999 -9999 -9999 -9999 -9999 -9999 -9999
44.06947 44.07286 44.07497 44.07706 44.07915 44.08123 44.08333 44.08545 44.08755 44.08965 44.09174 44.09439 44.09277 44.08686 44.08155 44.07625 44.07096 44.06568 44.06038 44.05506 44.04975 44.04445 44.03915 44.03418 44.04377 44.06793 -9999 -9999 -9999 -9999 -9999 -9999 -9999 -9999 -9999 -9999 -9999 -9999 -9999 -9999 -9999 44.2775 44.26863 44.25967 44.25072 44.24182 44.23293 44.2241 44.23544 44.26693 44.29855 44.33017 44.36184 -9999 -9999 -9999 -9999 -9999 -9999 -9999 -9999 -9999 -9999 -9999 -9999 -9999
44.04475 44.04984 44.05347 44.05688 44.06029 44.0637 44.06711 44.07052 44.07393 44.07734 44.08083 44.08481 44.08608 44.08463 44.08368 44.08284 44.08199 44.08114 44.08029 44.07944 44.07859 44.07775 44.07696 44.07669 44.08683 44.1074 -9999 -9999 -9999 -9999 -9999 -9999 -9999 -9999 -9999 -9999 -9999 -9999 -9999 44.3007 44.29221 44.28371 44.27522 44.26673 44.25823 44.24974 44.24125 44.23285 44.24439 44.27586 44.30744 44.33904 44.37065 44.40225 44.43385 -9999 -9999 -9999 -9999 -9999 -9999 -9999 -9999 -9999 -9999 -9999
44.02034 44.0268 44.03197 44.03669 44.04142 44.04614 44.05087 44.05559 44.06031 44.06504 44.06987 44.07502 44.07918 44.08234 44.08581 44.08942 44.09302 44.09663 44.10023 44.10383 44.10744 44.11105 44.11483 44.1192 44.12989 -9999 -9999 -9999 -9999 -9999 -9999 -9999 -9999 -9999 -9999 44.32438 -9999 -9999 44.31427 44.30619 44.2981 44.29001 44.28192 44.27383 44.26574 44.25765 44.24958 44.24156 44.2533 44.28479 44.31633 44.34792 44.37949 44.41108 44.44266 44.47424 44.50582 -9999 -9999 44.60126 44.67329 -9999 -9999 -9999 -9999 -9999
43.99616 44.00388 44.01047 44.0165 44.02254 44.02858 44.03462 44.04065 44.04669 44.05273 44.05885 44.06511 44.07216 44.07997 44.08794 44.096 44.10406 44.11211 44.12017 44.12823 44.13628 44.14434 44.15268 44.16166 44.1729 44.18639 -9999 -9999 -9999 -9999 -9999 44.273 44.28751 44.30201 44.3163 44.33009 44.33356 44.3267 44.31935 44.31168 44.30399 44.2963 44.28862 44.28094 44.27325 44.26557 44.2579 44.25026 44.26219 44.29369 44.32523 44.35678 44.38834 44.4199 44.45146 44.48301 44.51457 44.54613 44.57785 44.61006 44.68048 44.78909 -9999 -9999 45.11709 -9999
43.97218 43.98109 43.98897 43.99632 44.00367 44.01102 44.01837 44.02572 44.03308 44.04042 44.04778 44.05514 44.06507 44.07757 44.09007 44.10258 44.11509 44.1276 44.14011 44.15262 44.16513 44.17764 44.19049 44.20406 -9999 -9999 44.2365 -9999 -9999 -9999 -9999 44.29221 44.30335 44.31449 44.32542 44.33589 44.33787 44.33138 44.32443 44.31716 44.30988 44.3026 44.29532 44.28804 44.28076 44.27348 44.26621 44.25894 44.27106 44.30259 44.33412 44.36565 44.39719 44.42872 44.46026 44.49179 44.52332 44.55486 44.58657 44.61879 44.6876 44.79296 44.89881 45.00505 45.11131 45.21757
43.94835 43.9584 43.96746 43.97613 43.98479 43.99346 44.00212 44.01079 44.01945 44.02812 44.03672 44.04518 44.05799 44.07517 44.0922 44.10916 44.12613 44.14309 44.16005 44.17701 44.19397 44.21093 -9999 -9999 -9999 -9999 -9999 -9999 -9999 -9999 -9999 44.31141 44.31919 44.32697 44.33459 44.34176 44.34226 44.33611 44.32952 44.32264 44.31577 44.3089 44.30202 -9999 44.28828 44.2814 44.27452 44.26762 44.27995 44.31149 44.34301 44.37452 44.40603 44.43755 44.46906 44.50057 44.53208 44.56359 44.59525 44.62745 44.69463 44.79678 44.89944 45.00248 45.10553 45.20858
43.92462 43.93576 43.94597 43.95595 43.96592 43.9759 43.98588 43.99586 44.00584 44.01581 44.02571 44.03529 44.05099 44.07281 44.09433 44.11575 44.13716 44.15857 44.17999 -9999 -9999 -9999 44.26588 44.28847 44.30132 -9999 -9999 44.31292 44.31734 44.32177 44.32619 44.33061 44.33503 44.33945 44.34378 44.34768 44.34671 44.34088 44.33459 44.32813 44.32166 44.31519 -9999 -9999 -9999 -9999 44.28284 44.27632 44.28883 44.3204 44.35191 44.38339 44.41489 44.44637 44.47786 44.50935 44.54083 44.57232 44.6039 44.63602 44.70158 44.80053 44.90007 44.99991 45.09975 45.19959
43.90096 43.91312 43.92447 43.93576 43.94705 43.95834 43.96964 43.98093 43.99221 44.00351 44.01476 44.02554 44.04413 44.07055 44.09646 44.12233 44.1482 44.17406 44.19993 44.2258 44.25166 44.27753 44.30346 44.33041 -9999 44.34358 44.34449 44.34556 44.34662 44.34769 44.34875 44.34982 44.35088 44.35194 44.35299 44.35364 44.3512 44.34566 44.33967 44.33361 44.32755 44.32149 -9999 -9999 -9999 -9999 -9999 44.28504 44.29775 44.32932 44.3608 44.39226 44.42373 44.45519 44.48666 44.51812 44.54959 44.58105 44.61253 44.64451 44.70842 44.80422 44.9007 44.99733 45.09397 45.1906
43.87732 43.89036 43.90297 43.91559 43.9282 43.94078 43.95336 43.96595 43.97858 43.9912 44.00381 44.016 44.03749 44.06828 44.09859 44.12889 44.15917 44.18948 44.21983 44.25018 44.28051 44.31083 44.34114 44.37212 44.38601 44.38279 44.38049 44.37821 44.37595 44.37367 44.37137 44.36906 44.36673 44.36442 44.36213 44.35964 44.35573 44.35041 44.34475 44.3391 44.33344 44.32777 -9999 -9999 -9999 -9999 -9999 -9999 44.30671 44.33825 44.36969 44.40112 44.43251 44.46391 44.49533 44.52679 44.5583 44.58978 44.62122 44.65292 44.71515 44.80793 44.90134 44.99473 45.08802 45.18132
43.85359 43.86763 43.88173 43.89567 43.90949 43.92323 43.93696 43.95072 43.96457 43.97857 43.99271 44.00668 44.03109 44.06586 44.10036 44.13499 44.16976 44.20462 44.23954 44.27448 44.30939 44.34422 44.37894 44.41372 44.428 44.42219 44.41669 44.41116 44.40557 44.39994 44.39425 44.38853 44.38279 44.37704 44.37128 44.36559 44.36026 44.35509 44.34986 44.3446 -9999 44.33401 44.3287 -9999 -9999 -9999 -9999 -9999 44.31571 44.34715 44.3784 44.40962 44.44087 44.47216 44.5035 44.53492 44.56644 44.59806 44.62977 44.66135 44.72176 44.81171 44.90148 44.99117 45.08092 45.17078
43.83019 43.84576 43.86102 43.87605 43.89091 43.90569 43.92045 43.93525 43.95015 43.96523 43.98057 43.99624 44.02362 44.06231 44.10131 44.14055 44.17997 44.21951 44.25911 44.29872 44.33829 44.37778 44.41711 44.45624 44.47089 44.46219 44.45338 44.44447 44.43549 44.42645 44.41735 44.40822 44.39907 44.38988 44.3807 44.37152 44.3647 44.35991 44.35504 44.35012 44.34517 -9999 -9999 -9999 -9999 -9999 -9999 44.311 44.32446 44.35553 44.3866 44.41768 44.44881 44.47998 44.51121 44.54253 44.57396 44.60552 44.63725 44.66917 44.72798 44.81412 44.90023 44.9864 45.07268 45.15909
43.80902 43.82492 43.84084 43.8567 43.87246 43.88816 43.90384 43.91954 43.93534 43.95124 43.96719 43.9828 44.01289 44.0574 44.1015 44.14562 44.18985 44.23415 44.27851 44.32288 44.36723 44.41151 44.45573 44.50022 44.51589 44.50293 44.49051 44.47812 44.46568 44.45319 44.44067 44.42812 44.41554 44.40296 44.39041 44.37786 44.36937 44.36488 44.36027 44.35565 44.35101 44.34635 44.3417 -9999 -9999 44.32786 44.32329 44.31865 44.332 44.36325 44.39433 44.42533 44.45634 44.48739 44.51849 44.54966 44.58091 44.61224 44.64359 44.6748 44.73171 44.81461 44.89766 44.98051 45.06337 45.14632
43.78699 43.80334 43.81933 43.83532 43.8513 43.86728 43.88326 43.89924 43.91523 43.93121 43.9472 43.9626 43.99382 44.04088 44.08728 44.13369 44.18009 44.22649 44.2729 44.31931 44.36572 44.41213 44.45853 44.50584 44.52247 44.5084 44.49548 44.48257 44.46968 44.45678 44.44388 44.43097 44.41805 44.40515 44.39225 44.37916 44.37085 44.36734 44.36354 44.35975 44.35595 44.35214 44.34834 44.34455 44.34075 44.33695 44.33315 44.3292 44.34202 44.3716 44.40094 44.43026 44.45957 44.48887 44.51819 44.54753 44.57687 44.60619 44.63551 44.66513 44.71889 44.79676 44.87523 44.95373 45.03222 45.11067
43.76408 43.78036 43.79609 43.81175 43.82741 43.84306 43.85872 43.87439 43.89005 43.9057 43.92128 43.93623 43.96695 44.01344 44.0593 44.10504 44.15079 44.19653 44.24228 44.28802 44.33376 44.37951 44.42538 44.47239 44.49006 44.47837 44.46789 44.45766 44.44743 44.43719 44.42697 44.41673 44.4065 44.39627 44.38601 44.37552 44.36923 44.36715 44.3648 44.3624 44.35999 44.35758 44.35518 44.35276 44.35036 44.34795 44.34552 44.34284 44.35462 44.38087 44.40683 44.43271 44.45859 44.48446 44.51034 44.53622 44.56209 44.58797 44.61387 44.64021 44.68941 44.76146 44.83403 44.90676 44.9795 45.05223
