Spatial_Analysis/Downscaled_EnvironmentalLayers/RCP4_5/2050/par_near45.asc
ncols         648
nrows         324
xllcorner     -102.97071042
yllcorner     3.973116569
cellsize      0.083
NODATA_value  -9999
[rows 174 to 202 of 324, columns 396 to 461 of 648]
44.58195 44.62394 44.66588 44.70783 44.74982 44.79183 44.82049 44.83589 44.85156 44.86731 44.88308 44.89886 44.91462 44.93037 44.94611 44.96185 44.9776 44.99335 45.00756 45.01994 45.03141 45.04257 45.05372 45.06487 45.076 45.08716 45.09833 45.1095 45.12067 45.13182 45.15928 45.20335 45.24822 45.29342 45.33861 45.38377 45.42894 45.47414 45.51937 45.56462 45.60984 45.65504 45.68851 45.71053 45.73319 45.75613 45.77905 45.80193 45.82485 45.84778 45.87075 45.89373 45.91668 45.93961 45.95564 45.96494 45.97464 45.98452 45.9944 46.00425 46.01411 46.024 46.03391 46.04385 46.05375 46.06364
44.60726 44.64581 44.68435 44.7229 44.76144 44.80004 44.82803 44.84542 44.86301 44.8808 44.89859 44.91637 44.93416 44.95195 44.96973 44.98752 45.00531 45.02296 45.03899 45.05342 45.06717 45.08035 45.09349 45.10664 45.11978 45.13292 45.14606 45.1592 45.17235 45.1856 45.21272 45.25367 45.29528 45.33746 45.37969 45.42191 45.46414 45.50636 45.54859 45.59081 45.63303 45.67532 45.70668 45.72711 45.74801 45.76933 45.7907 45.81206 45.83342 45.85478 45.87614 45.89751 45.91887 45.94026 45.95548 45.96455 45.97388 45.98349 45.99313 46.00276 46.01239 46.02203 46.03166 46.04129 46.05093 46.06056
44.63271 44.6678 44.70289 44.73798 44.77307 44.80827 44.83557 44.85493 44.8745 44.89429 44.9141 44.93393 44.95374 44.97356 44.99338 45.0132 45.03302 45.05255 45.0705 45.08698 45.10286 45.11812 45.13326 45.14838 45.16351 45.17864 45.19377 45.2089 45.22403 45.23943 45.2661 45.30397 45.34241 45.38151 45.42076 45.46 45.49925 45.53849 45.57774 45.61699 45.65623 45.69563 45.72478 45.74364 45.76287 45.78254 45.80233 45.82212 45.84191 45.86169 45.88148 45.90126 45.92105 45.94092 45.95528 45.9641 45.97315 45.98246 45.99183 46.00122 46.01059 46.01997 46.02935 46.03873 46.04811 46.05748
44.65816 44.68979 44.72142 44.75306 44.78469 44.81649 44.84307 44.86444 44.88599 44.90778 44.92962 44.95147 44.97333 44.99518 45.01703 45.03888 45.06072 45.08217 45.10211 45.12061 45.13857 45.1559 45.17302 45.19013 45.20725 45.22437 45.24148 45.2586 45.27571 45.29323 45.31941 45.35419 45.38955 45.42555 45.46182 45.49809 45.53436 45.57062 45.60689 45.64316 45.67943 45.71592 45.74283 45.76009 45.77772 45.79575 45.81396 45.83218 45.85039 45.8686 45.88682 45.90503 45.92324 45.94157 45.95504 45.96363 45.97241 45.98142 45.99054 45.99967 46.0088 46.01792 46.02704 46.03616 46.04529 46.0544
44.68361 44.71178 44.73996 44.76814 44.79633 44.82469 44.85056 44.87391 44.89746 44.92126 44.94514 44.96903 44.99291 45.01679 45.04067 45.06456 45.08843 45.11186 45.1338 45.15433 45.17431 45.19368 45.21278 45.23189 45.25099 45.2701 45.28919 45.30829 45.3274 45.34698 45.37265 45.40434 45.43662 45.4696 45.50288 45.53617 45.56946 45.60275 45.63604 45.66933 45.70262 45.73616 45.76081 45.7765 45.79253 45.80896 45.8256 45.84224 45.85888 45.87551 45.89215 45.90879 45.92543 45.9422 45.95476 45.96311 45.97164 45.98039 45.98925 45.99812 46.00699 46.01586 46.02473 46.0336 46.04247 46.05133
44.70905 44.73378 44.7585 44.78322 44.80795 44.83286 44.858 44.88335 44.90892 44.93475 44.96066 44.98658 45.01249 45.03841 45.06432 45.09024 45.11615 45.14162 45.16559 45.18814 45.21012 45.23146 45.25254 45.27364 45.29473 45.31581 45.33691 45.35799 45.37908 45.40064 45.42577 45.45438 45.48363 45.51364 45.54395 45.57426 45.60457 45.63489 45.6652 45.69551 45.72582 45.75637 45.77872 45.79283 45.8073 45.82217 45.83723 45.85229 45.86736 45.88243 45.89749 45.91256 45.92762 45.94279 45.95445 45.96255 45.97085 45.97935 45.98796 45.99658 46.00519 46.01381 46.02242 46.03103 46.03965 46.04825
44.7345 44.75577 44.77703 44.7983 44.81956 44.84099 44.86539 44.89274 44.92035 44.94823 44.97618 45.00413 45.03207 45.06002 45.08797 45.11592 45.14386 45.17145 45.19749 45.22205 45.24599 45.26923 45.29231 45.31538 45.33846 45.36154 45.38461 45.40769 45.43077 45.45422 45.47877 45.5043 45.53057 45.55768 45.58501 45.61235 45.63968 45.66702 45.69434 45.72168 45.74902 45.77652 45.79657 45.80911 45.82203 45.83538 45.84887 45.86236 45.87585 45.88934 45.90283 45.91632 45.92981 45.94337 45.95411 45.96198 45.97004 45.97832 45.98668 45.99504 46.0034 46.01175 46.02011 46.02847 46.03683 46.04519
44.75995 44.77776 44.79557 44.81338 44.83119 44.84909 44.87274 44.90208 44.93176 44.96172 44.9917 45.02168 45.05166 45.08163 45.11161 45.14159 45.17157 45.20135 45.2295 45.25607 45.28189 45.30701 45.33207 45.35713 45.38219 45.40726 45.43233 45.45739 45.48245 45.50772 45.53161 45.55408 45.57746 45.60172 45.62608 45.65043 45.67479 45.69914 45.7235 45.74786 45.77221 45.79665 45.81437 45.82532 45.83673 45.84859 45.8605 45.87242 45.88433 45.89625 45.90816 45.92008 45.932 45.94395 45.95374 45.96136 45.96921 45.97728 45.98539 45.99349 46.00159 46.0097 46.0178 46.0259 46.03401 46.04211
44.78548 44.79981 44.81413 44.82846 44.84281 44.85718 44.88001 44.91138 44.9432 44.97521 45.00722 45.03926 45.07129 45.10329 45.13528 45.16727 45.19928 45.23127 45.26165 45.2902 45.31774 45.34478 45.37183 45.39891 45.42596 45.45301 45.48004 45.50708 45.53413 45.5612 45.58428 45.60368 45.62439 45.64577 45.66714 45.68851 45.70987 45.73124 45.75264 45.77403 45.79541 45.81679 45.83208 45.84147 45.85146 45.8618 45.87214 45.88245 45.89275 45.90309 45.91347 45.92384 45.93419 45.94453 45.95334 45.96073 45.9684 45.97625 45.9841 45.99191 45.99971 46.00756 46.01545 46.02334 46.03119 46.03904
44.81185 44.82264 44.83333 44.84396 44.85458 44.86533 44.88721 44.92064 44.95467 44.98889 45.02313 45.05732 45.09145 45.1255 45.15947 45.19335 45.22716 45.26104 45.29393 45.3244 45.35354 45.38276 45.41195 45.44106 45.47008 45.49905 45.52798 45.5569 45.58586 45.61485 45.63675 45.65316 45.67141 45.68975 45.70804 45.72632 45.74461 45.76295 45.78135 45.79984 45.81843 45.837 45.84974 45.85757 45.86623 45.87473 45.88318 45.89169 45.90032 45.90906 45.91794 45.92694 45.93606 45.94514 45.95292 45.96007 45.96761 45.97489 45.98211 45.98943 45.99689 46.00449 46.01222 46.02009 46.02805 46.03595
44.83911 44.84629 44.85335 44.86032 44.86723 44.8741 44.8945 44.93027 44.96681 45.00327 45.03965 45.07595 45.11217 45.14829 45.18431 45.22021 45.25596 45.29155 45.32617 45.3586 45.39017 45.4215 45.45265 45.48365 45.51456 45.5454 45.57619 45.60698 45.63778 45.66862 45.68943 45.70299 45.71829 45.73351 45.74868 45.76383 45.77901 45.79424 45.80955 45.82499 45.84058 45.85638 45.86734 45.87355 45.87995 45.88651 45.89319 45.90002 45.90699 45.91412 45.9214 45.92886 45.93653 45.94445 45.95227 45.95916 45.96549 45.97206 45.97886 45.98586 45.99305 46.00041 46.00794 46.01564 46.02352 46.0316
44.86719 44.87071 44.87412 44.87746 44.88076 44.88413 44.90412 44.94154 44.97984 45.0183 45.05673 45.09511 45.1334 45.17162 45.20974 45.24776 45.28569 45.32357 45.36072 45.39504 45.42793 45.46094 45.49386 45.52666 45.55938 45.59204 45.62466 45.65727 45.6899 45.72257 45.74283 45.75289 45.76499 45.77705 45.78907 45.80106 45.81308 45.82514 45.83728 45.84953 45.86189 45.87434 45.88223 45.88673 45.89207 45.89717 45.90229 45.90751 45.91285 45.91833 45.92395 45.92973 45.93565 45.94166 45.94764 45.95427 45.96123 45.96783 45.9745 45.98132 45.98829 45.99542 46.0027 46.01013 46.01768 46.0253
44.9105 44.91325 44.91596 44.91866 44.92143 44.92423 44.94368 44.98005 45.01732 45.05486 45.09243 45.13004 45.16761 45.20515 45.24264 45.28011 45.31763 45.35516 45.3914 45.4258 45.45872 45.49115 45.52361 45.5561 45.58854 45.62096 45.65335 45.68575 45.71817 45.75061 45.77034 45.77807 45.78749 45.79756 45.80761 45.81764 45.82767 45.83773 45.84782 45.85794 45.86803 45.87809 45.88501 45.88916 45.89413 45.89944 45.9047 45.9099 45.91514 45.92044 45.92582 45.93124 45.93658 45.94189 45.9482 45.95569 45.96357 45.97161 45.97961 45.98754 45.99551 46.00356 46.01168 46.01985 46.02795 46.03599
44.96913 44.974 44.97888 44.98375 44.98863 44.99368 45.01253 45.04514 45.07856 45.11262 45.1467 45.18077 45.21485 45.24893 45.28301 45.31709 45.35116 45.38502 45.41811 45.45046 45.48161 45.51176 45.54186 45.57197 45.60207 45.63218 45.66228 45.69238 45.72248 45.75278 45.7713 45.77803 45.78603 45.79516 45.80436 45.81356 45.82275 45.83195 45.84114 45.85034 45.85954 45.86882 45.87611 45.88144 45.88741 45.89396 45.90057 45.90717 45.91377 45.92037 45.92697 45.93357 45.94017 45.9468 45.95486 45.96437 45.97417 45.98426 45.99438 46.00449 46.01461 46.02473 46.03485 46.04497 46.05509 46.06521
45.02798 45.03495 45.0419 45.04887 45.05582 45.06321 45.08139 45.11026 45.13991 45.17038 45.201 45.23162 45.26223 45.29285 45.32347 45.35408 45.3847 45.41478 45.44489 45.47517 45.50436 45.53236 45.56014 45.58792 45.61569 45.64347 45.67124 45.69902 45.72679 45.75505 45.77213 45.77787 45.78471 45.79276 45.80109 45.80942 45.81774 45.82607 45.8344 45.84272 45.85105 45.8596 45.86717 45.87368 45.88076 45.88849 45.89639 45.90428 45.91218 45.92007 45.92797 45.93586 45.94376 45.95175 45.96152 45.97302 45.9848 45.9969 46.00909 46.02128 46.03347 46.04566 46.05785 46.07004 46.08223 46.09443
45.08684 45.09589 45.10493 45.11398 45.12303 45.13272 45.15019 45.17532 45.20127 45.22815 45.2553 45.28246 45.30961 45.33677 45.36392 45.39108 45.41824 45.44458 45.47179 45.49998 45.5271 45.55297 45.57841 45.60386 45.62931 45.65476 45.68021 45.70565 45.7311 45.75726 45.77279 45.77756 45.78337 45.79036 45.79782 45.80527 45.81273 45.82019 45.82764 45.8351 45.84256 45.85036 45.85815 45.86586 45.87411 45.88302 45.89221 45.9014 45.91059 45.91978 45.92897 45.93815 45.94734 45.95669 45.96814 45.98165 45.99544 46.00954 46.02381 46.03807 46.05233 46.06659 46.08085 46.09511 46.10938 46.12365
45.14569 45.15683 45.16796 45.17908 45.19024 45.20218 45.21889 45.2403 45.2626 45.28591 45.3096 45.3333 45.35699 45.38069 45.40438 45.42808 45.45176 45.4745 45.49884 45.52494 45.54992 45.57357 45.59669 45.61982 45.64293 45.66605 45.68917 45.71229 45.73541 45.75934 45.77328 45.7771 45.78193 45.78797 45.79455 45.80114 45.80772 45.81431 45.82089 45.82748 45.83406 45.84108 45.84906 45.85794 45.86741 45.87754 45.88803 45.89851 45.909 45.91948 45.92996 45.94044 45.95093 45.96161 45.97472 45.99024 46.00605 46.02219 46.03852 46.05486 46.07119 46.08752 46.10386 46.12019 46.13652 46.15287
45.20455 45.21777 45.23098 45.2442 45.25743 45.2715 45.28744 45.30513 45.32383 45.34367 45.36391 45.38414 45.40438 45.42461 45.44484 45.46508 45.4853 45.50455 45.5261 45.55009 45.57285 45.59418 45.61497 45.63576 45.65656 45.67734 45.69814 45.71892 45.73972 45.7613 45.7736 45.77645 45.78038 45.78557 45.79128 45.797 45.80271 45.80843 45.81414 45.81986 45.82557 45.83171 45.83987 45.84994 45.86064 45.87207 45.88385 45.89563 45.90741 45.91918 45.93096 45.94274 45.95451 45.96649 45.98126 45.99878 46.01662 46.03483 46.05324 46.07164 46.09005 46.10845 46.12686 46.14526 46.16367 46.18208
45.2634 45.27871 45.29401 45.30931 45.32461 45.34067 45.35578 45.36976 45.38495 45.40144 45.41821 45.43498 45.45176 45.46853 45.4853 45.50207 45.51885 45.53479 45.5536 45.57548 45.59593 45.61478 45.63325 45.65171 45.67017 45.68864 45.7071 45.72556 45.74403 45.76312 45.7737 45.7756 45.77871 45.78317 45.78801 45.79286 45.7977 45.80255 45.80739 45.81224 45.81708 45.82227 45.83055 45.84181 45.8538 45.8666 45.87967 45.89274 45.90581 45.91888 45.93196 45.94503 45.9581 45.97133 45.98773 46.00726 46.02715 46.04748 46.06795 46.08842 46.1089 46.12938 46.14986 46.17033 46.19081 46.2113
45.32226 45.33965 45.35704 45.37442 45.39181 45.40968 45.42384 45.43414 45.44598 45.4592 45.47251 45.48583 45.49913 45.51245 45.52576 45.53907 45.55239 45.5652 45.58141 45.60115 45.61911 45.63539 45.65153 45.66766 45.6838 45.69993 45.71606 45.7322 45.74833 45.76481 45.77359 45.77454 45.77695 45.78077 45.78474 45.78872 45.79269 45.79667 45.80064 45.80462 45.80859 45.81275 45.82108 45.83353 45.84688 45.86113 45.8755 45.88986 45.90422 45.91859 45.93295 45.94732 45.96169 45.97613 45.99413 46.01565 46.03765 46.06012 46.08266 46.10521 46.12776 46.15031 46.17286 46.19541 46.21795 46.24051
45.3812 45.40067 45.42008 45.43954 45.459 45.47858 45.49155 45.49824 45.50711 45.51696 45.52681 45.5367 45.54657 45.55641 45.56623 45.57607 45.58592 45.59569 45.60958 45.62715 45.64219 45.656 45.6698 45.68362 45.69746 45.71127 45.72504 45.73883 45.75264 45.76649 45.7732 45.77325 45.77527 45.77837 45.78148 45.78464 45.78782 45.79092 45.79394 45.79699 45.8001 45.80322 45.81143 45.82509 45.84 45.85566 45.87132 45.88704 45.90279 45.91845 45.93401 45.94961 45.96527 45.98093 46.00042 46.02396 46.04814 46.07276 46.09738 46.12205 46.14674 46.17135 46.1959 46.22048 46.24509 46.26972
45.44133 45.46298 45.48441 45.50558 45.52655 45.54776 45.55885 45.56212 45.56837 45.57524 45.58202 45.58855 45.59486 45.60103 45.60714 45.61326 45.61949 45.62585 45.63818 45.65338 45.66513 45.67665 45.6883 45.70002 45.71173 45.72338 45.73488 45.74618 45.75726 45.76842 45.77256 45.77178 45.77375 45.77658 45.77955 45.78237 45.78495 45.78724 45.7892 45.79084 45.79222 45.79384 45.80161 45.8165 45.83324 45.85094 45.8688 45.88642 45.90369 45.92062 45.93719 45.95346 45.96951 45.98581 46.00663 46.03217 46.05872 46.08601 46.11346 46.14066 46.16756 46.19418 46.22054 46.2467 46.27273 46.29893
45.50296 45.52689 45.55053 45.57382 45.59666 45.61898 45.6263 45.62745 45.63187 45.63561 45.63881 45.64159 45.64409 45.64641 45.64864 45.65089 45.65327 45.65588 45.66653 45.67883 45.68803 45.69751 45.70719 45.71694 45.72669 45.73635 45.74582 45.75502 45.76382 45.77209 45.77245 45.77146 45.77464 45.77753 45.78012 45.78238 45.7843 45.78586 45.78701 45.7877 45.78786 45.7874 45.79247 45.80897 45.82972 45.84988 45.86948 45.88857 45.90719 45.92536 45.94311 45.9604 45.97725 45.9936 46.01352 46.04109 46.07205 46.10242 46.13222 46.16153 46.19043 46.21898 46.2472 46.27512 46.30277 46.33016
45.56605 45.59234 45.61837 45.6441 45.66948 45.69469 45.7036 45.69946 45.69857 45.69795 45.697 45.69571 45.69416 45.69245 45.69067 45.68891 45.68726 45.68579 45.69253 45.70331 45.71088 45.71858 45.72642 45.73434 45.74226 45.7501 45.75777 45.76519 45.77231 45.77917 45.78011 45.77805 45.77925 45.78113 45.78291 45.78444 45.78567 45.78657 45.78711 45.78724 45.78697 45.78646 45.79416 45.81158 45.83152 45.85238 45.87299 45.89322 45.91303 45.93245 45.95147 45.97011 45.9884 46.00653 46.02997 46.05933 46.09021 46.1219 46.15336 46.18444 46.21516 46.24556 46.27566 46.3055 46.33515 46.36473
45.61634 45.64178 45.66709 45.69232 45.71767 45.7431 45.75216 45.74568 45.74145 45.73784 45.73435 45.73087 45.72728 45.72361 45.7199 45.71621 45.71259 45.70898 45.71233 45.72174 45.72889 45.73532 45.74178 45.74828 45.7548 45.76127 45.76766 45.77397 45.78033 45.78676 45.78863 45.7869 45.78734 45.78854 45.78991 45.79139 45.79278 45.79399 45.79501 45.79591 45.79697 45.79817 45.80762 45.82602 45.84584 45.86622 45.8868 45.90752 45.9281 45.94847 45.96863 45.98868 46.0089 46.02928 46.05424 46.08422 46.11495 46.146 46.17721 46.20854 46.23975 46.27079 46.30168 46.33249 46.36342 46.39447
45.65375 45.67518 45.69661 45.71804 45.73946 45.76117 45.76895 45.76276 45.75803 45.75439 45.75079 45.74718 45.74356 45.73995 45.73634 45.73273 45.72912 45.72528 45.72734 45.73534 45.74202 45.74764 45.75323 45.75881 45.76439 45.76997 45.77555 45.78114 45.78672 45.79251 45.79523 45.79488 45.79602 45.79844 45.80093 45.80341 45.8059 45.80838 45.81087 45.81336 45.81584 45.81844 45.8293 45.84847 45.86859 45.88956 45.9106 45.93164 45.95267 45.97371 45.99474 46.01578 46.03682 46.0579 46.08316 46.11262 46.14259 46.17302 46.2035 46.23397 46.26444 46.29491 46.32539 46.35586 46.38634 46.41682
45.69168 45.70894 45.72638 45.74382 45.76126 45.77919 45.7853 45.77951 45.77473 45.77095 45.76734 45.76373 45.76011 45.7565 45.75288 45.74927 45.74565 45.74167 45.74287 45.74937 45.75508 45.75997 45.76471 45.76944 45.77417 45.7789 45.78364 45.78837 45.7931 45.79833 45.80156 45.80263 45.80485 45.80834 45.81211 45.81588 45.81964 45.82341 45.82718 45.83094 45.83471 45.83876 45.8508 45.87074 45.89141 45.9129 45.93459 45.95628 45.97797 45.99966 46.02135 46.04305 46.06474 46.08656 46.11197 46.14093 46.17027 46.20004 46.22992 46.25981 46.2897 46.31958 46.34948 46.37936 46.40925 46.43921
45.72998 45.7429 45.75616 45.7696 45.78307 45.79703 45.80136 45.79598 45.79136 45.78751 45.78389 45.78028 45.77666 45.77304 45.76942 45.7658 45.76219 45.75825 45.75874 45.76371 45.76825 45.7723 45.77619 45.78007 45.78395 45.78784 45.79172 45.79561 45.79949 45.80404 45.80764 45.81013 45.81362 45.81824 45.82329 45.82834 45.83339 45.83844 45.84348 45.84853 45.85358 45.859 45.87213 45.89286 45.91419 45.93623 45.95858 45.98093 46.00327 46.02562 46.04797 46.07031 46.09266 46.11518 46.14069 46.16914 46.19791 46.22705 46.25635 46.28565 46.31495 46.34426 46.37356 46.40287 46.43217 46.46159
45.76847 45.77716 45.78609 45.79539 45.80487 45.81474 45.81721 45.81228 45.80789 45.80407 45.80045 45.79683 45.79321 45.78958 45.78596 45.78234 45.77871 45.77497 45.7748 45.77824 45.78152 45.78463 45.78766 45.7907 45.79374 45.79677 45.7998 45.80285 45.80589 45.80962 45.81351 45.81746 45.82228 45.82814 45.83447 45.8408 45.84713 45.85346 45.85979 45.86612 45.87245 45.87918 45.89333 45.91484 45.93689 45.95958 45.98257 46.00558 46.02857 46.05158 46.07458 46.09758 46.12058 46.14376 46.16935 46.1973 46.22552 46.25406 46.28278 46.3115 46.34021 46.36893 46.39764 46.42637 46.45509 46.48397
