Spatial_Analysis/Downscaled_EnvironmentalLayers/RCP4_5/2050/par_near45.asc
ncols         648
nrows         324
xllcorner     -102.97071042
yllcorner     3.973116569
cellsize      0.083
NODATA_value  -9999
[rows 145 to 173 of 324, columns 264 to 329 of 648]
43.8844 43.93835 43.99229 44.04625 44.1002 44.15432 44.20588 44.25486 44.30408 44.35335 44.40262 44.4519 44.50117 44.55045 44.59972 44.649 44.69828 44.74783 44.8002 44.85536 44.91092 44.96662 45.02232 45.07801 45.13371 45.18941 45.24511 45.3008 45.3565 45.41218 45.41141 45.3542 45.29696 45.2397 45.18244 45.12519 45.06792 45.01067 44.95341 44.89616 44.8389 44.78164 44.72472 44.66816 44.61159 44.55501 44.49844 44.44186 44.38529 44.32872 44.27214 44.21556 44.15899 44.1028 44.11568 44.19755 44.28015 44.36308 44.44601 44.52894 44.61187 44.6948 44.77773 44.86066 44.9436 45.02673
43.86366 43.91809 43.97253 44.02695 44.08138 44.13585 44.18787 44.23746 44.28719 44.33693 44.38666 44.4364 44.48615 44.5359 44.58563 44.63537 44.68511 44.73499 44.78783 44.84362 44.89988 44.95618 45.0125 45.06883 45.12514 45.18141 45.23766 45.29392 45.35021 45.40649 45.40215 45.33721 45.27222 45.20722 45.14226 45.07731 45.01233 44.9473 44.88224 44.81721 44.75221 44.68721 44.62424 44.56333 44.50237 44.44141 44.3805 44.31962 44.25869 44.1977 44.13665 44.07564 44.01468 43.95388 43.96642 44.05231 44.13915 44.2261 44.31311 44.40015 44.48713 44.57404 44.66092 44.74783 44.83479 44.92181
43.84267 43.89756 43.95249 44.00748 44.0625 44.11743 44.16993 44.2201 44.27023 44.32038 44.37059 44.42085 44.47113 44.52141 44.57165 44.62185 44.67198 44.72214 44.77534 44.83196 44.88898 44.94608 45.00315 45.06017 45.11712 45.17399 45.23077 45.28745 45.34405 45.40081 45.39293 45.32022 45.2477 45.17527 45.10276 45.03015 44.95744 44.88463 44.81171 44.73872 44.66567 44.59279 44.52381 44.45851 44.39338 44.32842 44.26342 44.19834 44.13313 44.06777 44.00224 43.93652 43.87066 43.80501 43.81689 43.90717 43.99847 44.08996 44.18129 44.27244 44.36341 44.45424 44.54495 44.63557 44.72617 44.81696
43.82141 43.87674 43.93212 43.98758 44.04311 44.09875 44.15197 44.20235 44.25292 44.30362 44.3544 44.40525 44.45613 44.50699 44.55782 44.60858 44.65923 44.70974 44.76295 44.82086 44.87873 44.93655 44.99432 45.05201 45.10963 45.16715 45.22456 45.28184 45.33894 45.39584 45.38386 45.30417 45.22428 45.14422 45.06402 44.98368 44.90322 44.82264 44.74194 44.66113 44.58017 44.49908 44.42351 44.35459 44.28559 44.21651 44.14732 44.07801 44.00855 43.93892 43.86908 43.79898 43.72859 43.65781 43.66725 43.76372 43.85973 43.95536 44.0507 44.14578 44.24067 44.33537 44.42994 44.52439 44.61874 44.71301
43.79993 43.85567 43.91145 43.96728 44.02314 44.07891 44.13248 44.18391 44.23528 44.28666 44.33812 44.38961 44.44112 44.49263 44.54411 44.59555 44.64692 44.69832 44.75279 44.81073 44.8691 44.92754 44.98596 45.04433 45.10263 45.16086 45.21898 45.27702 45.33498 45.3931 45.37821 45.29003 45.20197 45.11401 45.02598 44.93785 44.84962 -9999 -9999 -9999 -9999 -9999 -9999 -9999 44.17902 -9999 44.03212 43.95856 43.88489 43.81107 43.73707 43.66289 43.58856 43.51449 43.52599 43.62395 43.72296 43.82217 43.92124 44.02011 44.11882 44.21738 44.31582 44.41418 44.51252 44.61106
43.8005 43.85543 43.91036 43.96528 44.0202 44.07514 44.12783 44.17828 44.22878 44.27929 44.32979 44.3803 44.43081 44.48133 44.53183 44.58234 44.63285 44.68354 44.73814 44.79667 44.85575 44.91488 44.97403 45.03319 45.09233 45.15144 45.21052 45.26962 45.32875 45.38782 45.37263 45.28321 45.19356 -9999 -9999 -9999 -9999 -9999 -9999 -9999 -9999 -9999 -9999 -9999 -9999 -9999 -9999 -9999 -9999 -9999 43.7005 43.62501 43.54956 43.4743 43.48386 43.57827 43.67368 43.76922 43.86482 43.96043 44.056 44.15151 44.24697 44.34248 44.43803 44.53365
43.82313 43.87603 43.92894 43.98185 44.03476 44.08773 44.1381 44.18586 44.23371 44.28159 44.32946 44.37733 44.4252 44.47308 44.52095 44.56882 44.6167 44.66496 44.71881 44.77822 44.83818 44.89833 44.95847 45.01861 45.07875 45.13889 45.19903 45.25917 45.31931 45.37928 45.36709 45.28276 45.19817 -9999 -9999 -9999 -9999 -9999 -9999 -9999 -9999 -9999 -9999 -9999 -9999 -9999 -9999 -9999 -9999 -9999 -9999 43.68453 43.60991 43.53572 43.54083 43.62514 43.71025 43.79576 43.88126 43.96676 44.05225 44.13775 44.22326 44.30875 44.39425 44.47999
43.84571 43.89661 43.94751 43.99841 44.04932 44.10033 44.14837 44.19346 44.23864 44.28388 44.32911 44.37436 44.41959 44.46483 44.51007 44.55531 44.6006 44.64634 44.6994 44.75978 44.82062 44.88177 44.94293 45.00409 45.06525 45.12641 45.18756 45.24872 45.30985 45.37072 45.36153 45.28229 45.20277 -9999 -9999 -9999 -9999 -9999 -9999 -9999 -9999 -9999 -9999 -9999 -9999 -9999 -9999 -9999 -9999 -9999 -9999 -9999 -9999 -9999 43.59762 43.67192 43.74685 43.82229 43.89775 43.97321 44.04866 44.12411 44.19957 44.27503 44.35049 44.42629
43.8683 43.91719 43.96608 44.01497 44.06389 44.11293 44.15865 44.20105 44.24357 44.28617 44.32877 44.37138 44.41398 44.45658 44.49919 44.54179 44.5845 44.62765 44.67992 44.74128 44.80307 44.86522 44.9274 44.98957 45.05175 45.11392 45.17609 45.23827 45.30038 45.36217 45.35599 45.28183 45.20736 45.13262 45.05787 44.9831 44.90835 -9999 -9999 -9999 -9999 -9999 -9999 -9999 -9999 -9999 -9999 -9999 -9999 -9999 -9999 -9999 -9999 -9999 -9999 -9999 -9999 43.84882 43.91424 43.97965 44.04506 44.11047 44.17588 44.24129 44.30675 44.37254
43.89089 43.93777 43.98465 44.03153 44.07846 44.12552 44.16891 44.20864 44.2485 44.28846 44.32843 44.3684 44.40837 44.44833 44.4883 44.52827 44.56837 44.6089 44.66036 44.72272 44.78551 44.84867 44.91186 44.97506 45.03824 45.10144 45.16463 45.22782 45.29092 45.35366 45.35048 45.28138 45.21195 45.1422 45.07241 45.00261 44.93283 -9999 -9999 -9999 -9999 -9999 -9999 -9999 -9999 -9999 -9999 -9999 -9999 -9999 -9999 -9999 -9999 -9999 -9999 -9999 -9999 -9999 43.93073 43.9861 44.04147 44.09684 44.15219 44.20757 44.26299 44.31874
43.91347 43.95835 44.00322 44.0481 44.09301 44.13809 44.17915 44.21621 44.25342 44.29075 44.32809 44.36542 44.40275 44.44009 44.47742 44.51476 44.5522 44.59009 44.64074 44.70412 44.76793 44.83212 44.89633 44.96053 45.02474 45.08895 45.15316 45.21737 45.28149 45.3452 45.34502 45.28099 45.21656 45.15177 45.08695 45.02213 44.95731 44.89249 44.82767 -9999 -9999 -9999 -9999 -9999 -9999 -9999 -9999 -9999 -9999 -9999 -9999 43.92261 -9999 -9999 -9999 -9999 -9999 -9999 43.94722 43.99255 44.03787 44.08319 44.12852 44.17384 44.2192 44.26489
43.93606 43.97893 44.02179 44.06466 44.10756 44.15063 44.18937 44.22376 44.25835 44.29304 44.32774 44.36244 44.39714 44.43184 44.46654 44.50124 44.536 44.57121 44.62103 44.68545 44.75035 44.81557 44.88079 44.94602 45.01124 45.07647 45.14169 45.20692 45.27209 45.3368 45.33965 45.28067 45.22119 45.16135 45.10149 45.04164 44.98179 44.92194 44.86209 44.80225 -9999 -9999 -9999 -9999 -9999 -9999 -9999 44.26421 44.19369 -9999 44.05265 43.98213 43.91164 43.84149 -9999 -9999 -9999 -9999 43.96371 43.99899 44.03427 44.06955 44.10483 44.14011 44.17541 44.211
43.95864 43.9995 44.04036 44.08122 44.12209 44.16313 44.19954 44.23128 44.26327 44.29534 44.3274 44.35946 44.39153 44.42359 44.45566 44.48772 44.51979 44.55227 44.60126 44.66674 44.73278 44.79902 44.86526 44.9315 44.99774 45.06398 45.13023 45.19646 45.2627 45.32851 45.3344 45.28043 45.2258 45.17092 45.11604 45.06116 45.00628 44.95139 44.89651 44.84163 44.78675 44.73211 44.66968 44.59941 44.52954 -9999 -9999 44.32045 44.25075 44.18105 44.11135 44.04165 43.97195 43.90249 43.88008 43.9047 43.92973 43.95496 43.9802 44.00544 44.03068 44.05591 44.08115 44.10638 44.13162 44.15706
43.98129 44.02013 44.05894 44.09779 44.13663 44.17559 44.20964 44.23878 44.2682 44.29763 44.32709 44.35657 44.38601 44.41541 44.44479 44.47421 44.50364 44.53326 44.58139 44.64799 44.71521 44.78247 44.84975 44.91704 44.98431 45.05154 45.11877 45.18602 45.25327 45.32032 45.3293 45.28024 45.23041 45.18049 45.1306 45.08072 45.03082 44.9809 44.93094 44.88102 44.83111 44.78131 44.72169 44.65226 44.58332 44.51444 -9999 44.37676 44.30791 44.23901 44.17007 44.10117 44.0323 43.96349 43.93645 43.95118 43.9663 43.9815 43.99673 44.012 44.02723 44.04239 44.0575 44.07265 44.08784 44.10311
44.00436 44.04121 44.07799 44.11466 44.15126 44.18804 44.21968 44.24633 44.27334 44.30043 44.32745 44.35436 44.38118 44.40789 44.43451 44.46106 44.48757 44.51428 44.56142 44.62937 44.6978 44.76631 44.83474 44.9031 44.97137 45.03957 45.10771 45.17581 45.2439 45.31211 45.32439 45.27995 45.23512 45.19035 45.14556 45.10072 45.05582 45.01085 44.96581 44.9207 44.87555 44.83052 44.77358 44.70515 44.63724 44.56946 44.50165 44.43378 44.3658 44.29773 44.22953 44.16121 44.0928 44.02458 43.99283 43.99773 44.0031 44.00869 44.01421 44.01961 44.02487 44.02996 44.03489 44.03966 44.04432 44.04922
44.02784 44.0628 44.09765 44.13236 44.16688 44.20116 44.22988 44.25483 44.27958 44.30414 44.32856 44.35284 44.377 44.40105 44.42498 44.4488 44.47249 44.49605 44.54158 44.61152 44.68128 44.75087 44.82032 44.88967 44.95892 45.02809 45.09718 45.1662 45.23516 45.30405 45.3196 45.28005 45.24043 45.20074 45.16098 45.12116 45.08126 45.04128 45.00121 44.96105 44.92078 44.88036 44.82536 44.75875 44.69207 44.62531 44.55845 44.49149 44.42442 44.35723 44.28988 44.22237 44.15464 44.08667 44.04926 44.04541 44.04141 44.03721 44.03284 44.02829 44.02357 44.01866 44.01355 44.00821 44.00261 43.9967
44.0517 44.08483 44.11787 44.15081 44.18365 44.21666 44.24378 44.26514 44.28688 44.30867 44.33038 44.35197 44.37346 44.39486 44.41615 44.43736 44.45853 44.47989 44.52531 44.59521 44.66562 44.73606 44.80643 44.87672 44.94692 45.01705 45.08711 45.15713 45.22713 45.29724 45.3156 45.28117 45.24637 45.21162 45.17684 45.14201 45.10711 45.07215 45.03711 45.002 44.96684 44.93178 44.88058 44.81391 44.74785 44.6819 44.61592 44.54986 44.48371 44.41745 44.35106 44.28455 44.21792 44.15145 44.11076 44.09583 44.0813 44.06695 44.05253 44.03797 44.02326 44.00839 43.99335 43.97814 43.9628 43.94766
44.05527 44.08631 44.11732 44.14835 44.17939 44.21052 44.23621 44.25646 44.27693 44.2974 44.31792 44.33844 44.35893 44.37936 44.39977 44.42021 44.44068 44.46133 44.50528 44.57251 44.64035 44.70821 44.77612 44.84402 44.9119 44.97973 45.04756 45.1154 45.18326 45.25089 45.26938 45.23873 45.20712 45.17544 45.14379 45.11214 45.08047 45.04876 45.01704 44.98533 44.95365 44.92213 44.87444 44.81058 44.74753 44.68456 44.62164 44.55873 44.49579 44.4328 44.36976 44.30675 44.24378 44.18083 44.14025 44.12204 44.10393 44.08583 44.06779 44.04977 44.03171 44.01357 43.99537 43.9772 43.95909 43.94104
44.03857 44.06723 44.09587 44.12453 44.15318 44.18193 44.2068 44.22776 44.24886 44.27 44.29115 44.3123 44.33345 44.35459 44.37573 44.39688 44.41803 44.43956 44.48111 44.54265 44.60476 44.66703 44.72932 44.7916 44.85388 44.91616 44.97844 45.04072 45.103 45.1647 45.18104 45.15207 45.1222 45.09198 45.06178 45.03157 45.00135 44.97114 44.94093 44.91072 44.88051 44.85078 44.80666 44.7481 44.69035 44.63295 44.57553 44.51812 44.46071 44.4033 44.34588 44.28847 44.23106 44.17365 44.13756 44.1228 44.10804 44.09327 44.07851 44.06375 44.04898 44.03422 44.01945 44.00469 43.98993 43.97532
44.02195 44.04821 44.07445 44.1007 44.12696 44.15329 44.17731 44.19902 44.22079 44.24262 44.26444 44.28626 44.30809 44.32991 44.35173 44.37355 44.39542 44.41774 44.45687 44.51278 44.56917 44.62586 44.68256 44.73926 44.79596 44.85265 44.90935 44.96605 45.02267 45.07858 45.09282 45.06543 45.03726 45.00853 44.9798 44.95106 44.92233 44.89359 44.86485 44.83611 44.80743 44.77942 44.73884 44.68565 44.6332 44.58133 44.52948 44.47762 44.42576 44.37391 44.32205 44.27019 44.21833 44.16642 44.13481 44.1235 44.11214 44.10072 44.08929 44.07788 44.06645 44.05503 44.04361 44.03219 44.02077 44.00955
44.00534 44.02918 44.05304 44.07689 44.10074 44.12461 44.14778 44.17025 44.19273 44.21523 44.23773 44.26022 44.28272 44.30523 44.32772 44.35022 44.37281 44.39585 44.43254 44.48286 44.53359 44.58469 44.6358 44.68692 44.73803 44.78914 44.84026 44.89137 44.94233 44.99254 45.00471 44.97887 44.9523 44.92508 44.89782 44.87056 44.8433 44.81603 44.78877 44.76151 44.73437 44.708 44.67094 44.62313 44.57608 44.52972 44.48341 44.43711 44.39082 44.34451 44.29821 44.25191 44.2056 44.15916 44.13202 44.12418 44.11623 44.10817 44.10009 44.09201 44.08393 44.07584 44.06777 44.05968 44.05163 44.04375
43.98872 44.01017 44.03162 44.05306 44.0745 44.09591 44.11823 44.14146 44.16466 44.18784 44.21101 44.23419 44.25736 44.28054 44.30371 44.32689 44.35018 44.37389 44.40813 44.45287 44.49802 44.54352 44.58905 44.63457 44.6801 44.72563 44.77116 44.81669 44.86204 44.90662 44.91673 44.8924 44.86736 44.84163 44.81584 44.79005 44.76426 44.73847 44.71268 44.68689 44.66128 44.63649 44.60293 44.56054 44.51893 44.4781 44.43736 44.39661 44.35587 44.31512 44.27438 44.23363 44.19286 44.15191 44.12924 44.12487 44.12033 44.11561 44.11087 44.10614 44.1014 44.09666 44.09192 44.08718 44.08247 44.07792
43.9721 43.99115 44.01019 44.02925 44.04827 44.06721 44.08869 44.11268 44.1366 44.16045 44.1843 44.20815 44.23201 44.25586 44.27971 44.30356 44.32751 44.35188 44.38366 44.42284 44.46242 44.50235 44.54229 44.58223 44.62218 44.66212 44.70207 44.74201 44.7818 44.8208 44.82887 44.80603 44.78244 44.75818 44.73386 44.70954 44.68523 44.66092 44.6366 44.61229 44.58813 44.56487 44.53479 44.49784 44.46175 44.42649 44.3913 44.35611 44.32093 44.28573 44.25055 44.21535 44.18013 44.14467 44.12648 44.12557 44.12443 44.12306 44.12166 44.12027 44.11887 44.11748 44.11608 44.11468 44.1133 44.11206
43.95548 43.97213 43.98877 44.00542 44.02205 44.03855 44.05917 44.08392 44.10853 44.13306 44.15759 44.18211 44.20665 44.23117 44.2557 44.28022 44.30481 44.3298 44.35912 44.39275 44.42682 44.46117 44.49553 44.52989 44.56425 44.59861 44.63297 44.66733 44.70161 44.73509 44.74113 44.71976 44.69755 44.67472 44.65189 44.62904 44.6062 44.58336 44.56052 44.53768 44.51492 44.4931 44.46647 44.43499 44.40453 44.37487 44.34524 44.31561 44.28598 44.25634 44.22671 44.19707 44.16742 44.13749 44.12378 44.12632 44.12855 44.1305 44.13245 44.1344 44.13634 44.13829 44.14023 44.14218 44.14413 44.14619
43.93886 43.95311 43.96736 43.98161 43.99585 44.00992 44.0297 44.05519 44.08047 44.10567 44.13087 44.15608 44.18128 44.20649 44.23169 44.25689 44.2821 44.30767 44.33452 44.36263 44.39122 44.42 44.44878 44.47755 44.50633 44.5351 44.56388 44.59266 44.62143 44.64951 44.65355 44.63359 44.61264 44.59127 44.56991 44.54853 44.52717 44.5058 44.48444 44.46307 44.4417 44.42115 44.39795 44.372 44.34733 44.32326 44.29919 44.2751 44.25103 44.22695 44.20287 44.1788 44.15472 44.13038 44.12117 44.12715 44.13266 44.13795 44.14324 44.14853 44.15382 44.1591 44.16439 44.16967 44.17496 44.18031
43.92228 43.93411 43.94594 43.95778 43.96963 43.98136 44.00032 44.0265 44.0524 44.07828 44.10418 44.13008 44.15597 44.18183 44.20769 44.23357 44.25945 44.2855 44.30986 44.33249 44.35563 44.37882 44.40203 44.42523 44.44843 44.47161 44.49479 44.51797 44.54117 44.56404 44.56613 44.54749 44.52771 44.50782 44.48794 44.46807 44.4482 44.4283 44.40836 44.38846 44.36856 44.34905 44.32917 44.30889 44.29016 44.27164 44.25315 44.23469 44.21619 44.19764 44.17905 44.16052 44.142 44.12335 44.1187 44.12804 44.13677 44.1454 44.15406 44.16276 44.17142 44.18002 44.18857 44.19717 44.2058 44.21445
43.90607 43.91549 43.92486 43.93416 43.94345 43.95285 43.97104 43.99778 44.02445 44.05118 44.07787 44.10449 44.13106 44.15756 44.18402 44.21043 44.23682 44.26335 44.28512 44.30244 44.32012 44.33784 44.35554 44.37318 44.39078 44.40834 44.42588 44.44341 44.46093 44.47851 44.4789 44.4612 44.44285 44.4246 44.40637 44.38812 44.36981 44.35142 44.33292 44.31428 44.29554 44.27701 44.26006 44.24596 44.23319 44.22062 44.20797 44.19519 44.18227 44.16922 44.15604 44.14275 44.12941 44.11631 44.11641 44.1289 44.14105 44.15346 44.16585 44.17812 44.19024 44.20218 44.21393 44.22548 44.23689 44.24861
43.89023 43.89728 43.90425 43.91113 43.91791 43.92456 43.94186 43.96957 43.99716 44.02464 44.05202 44.07933 44.10656 44.13371 44.1608 44.18782 44.21477 44.24165 44.26043 44.27282 44.28509 44.29727 44.30936 44.3214 44.33338 44.34532 44.35722 44.3691 44.38095 44.3928 44.39175 44.37505 44.35844 44.34186 44.32528 44.30868 44.292 44.27522 44.2583 44.24119 44.22383 44.20616 44.19065 44.18426 44.17769 44.17088 44.16386 44.15666 44.14928 44.14175 44.13406 44.1262 44.11817 44.10995 44.11433 44.13059 44.14683 44.16293 44.17888 44.19468 44.21028 44.22567 44.24082 44.25566 44.27017 44.28425
43.87474 43.87944 43.88407 43.88864 43.89316 43.89779 43.9144 43.94248 43.97054 43.99861 44.02662 44.05455 44.08243 44.11024 44.138 44.1657 44.19338 44.22116 44.23793 44.24406 44.25055 44.25704 44.26348 44.26987 44.27621 44.28251 44.28878 44.29504 44.30129 44.30761 44.30408 44.2895 44.27448 44.25956 44.24465 44.22971 44.21473 44.19964 44.18443 44.16908 44.15358 44.13831 44.12818 44.12528 44.12374 44.12229 44.12073 44.11902 44.11716 44.11516 44.11302 44.11076 44.10841 44.10623 44.11549 44.13493 44.15421 44.17367 44.19307 44.21233 44.23145 44.25037 44.26908 44.28756 44.30584 44.32429
