Spatial_Analysis/Downscaled_EnvironmentalLayers/RCP4_5/2050/par_near45.asc
ncols         648
nrows         324
xllcorner     -102.97071042
yllcorner     3.973116569
cellsize      0.083
NODATA_value  -9999
[rows 203 to 231 of 324, columns 0 to 65 of 648]
44.72262 44.72036 44.71811 44.71572 44.71296 44.70987 44.70653 44.70293 44.69904 44.69514 44.69125 44.68736 44.68347 44.67957 44.67568 44.67186 44.66831 44.665 44.67367 44.69437 44.71527 44.73618 44.7571 44.77801 44.79892 44.81983 44.84074 44.86196 44.88439 44.90791 44.92493 44.93556 44.94719 44.95887 44.97055 44.98224 44.99392 45.00561 45.01729 45.02898 45.04065 45.05231 45.06304 45.07282 45.0826 45.09237 45.10215 45.11192 45.1217 45.13148 45.14125 45.15115 45.16175 45.17298 45.18509 45.19813 45.2118 45.22552 45.23925 45.25297 45.26669 45.28041 45.29414 45.30767 45.32001 45.33124
44.64538 44.64318 44.64098 44.63869 44.63605 44.63306 44.63041 44.62805 44.62547 44.62288 44.6203 44.61772 44.61513 44.61255 44.60997 44.60742 44.6051 44.60299 44.6137 44.63726 44.66098 44.68469 44.7084 44.73212 44.75583 44.77954 44.80325 44.82716 44.85228 44.87859 44.89729 44.90854 44.92068 44.93283 44.94498 44.95713 44.96928 44.98143 44.99359 45.00574 45.01793 45.03015 45.04078 45.0498 45.05886 45.06791 45.07697 45.08602 45.09508 45.10413 45.11319 45.12231 45.13207 45.14247 45.15451 45.16824 45.18251 45.1968 45.2111 45.22539 45.23968 45.25397 45.26827 45.28246 45.29552 45.30738
44.56813 44.56599 44.56385 44.56168 44.55918 44.55631 44.55433 44.55318 44.5519 44.55062 44.54935 44.54808 44.5468 44.54553 44.54425 44.54298 44.54188 44.54098 44.55373 44.58017 44.60668 44.6332 44.65971 44.68623 44.71274 44.73925 44.76576 44.79232 44.82 44.84906 44.86952 44.88155 44.89417 44.90679 44.91941 44.93203 44.94464 44.95726 44.96988 44.9825 44.99518 45.00796 45.01849 45.02678 45.03512 45.04345 45.05179 45.06012 45.06846 45.07679 45.08513 45.09347 45.10232 45.11187 45.12386 45.13836 45.15322 45.16809 45.18295 45.19781 45.21267 45.22754 45.2424 45.25726 45.27118 45.28371
44.49092 44.4888 44.48671 44.48463 44.48234 44.4796 44.47823 44.47829 44.47832 44.47837 44.47846 44.47851 44.4785 44.4785 44.47853 44.47857 44.47868 44.47897 44.49377 44.52308 44.55239 44.58171 44.61108 44.64042 44.66969 44.69896 44.72827 44.75759 44.78755 44.8193 44.84168 44.85458 44.86767 44.88076 44.89391 44.90702 44.92005 44.93309 44.94617 44.95926 44.9724 44.98571 44.99617 45.00377 45.01138 45.019 45.02666 45.0343 45.04188 45.04945 45.05707 45.06468 45.07253 45.08121 45.0932 45.1085 45.12394 45.13937 45.15482 45.17026 45.18568 45.2011 45.21653 45.23196 45.24697 45.26025
44.41529 44.4128 44.41014 44.40758 44.40549 44.40291 44.40207 44.40368 44.40562 44.40743 44.40903 44.41042 44.41157 44.41253 44.41333 44.41419 44.41551 44.417 44.43386 44.46621 44.49891 44.53154 44.56399 44.59621 44.62819 44.65991 44.69143 44.72295 44.75508 44.78931 44.81406 44.82786 44.84212 44.85627 44.87019 44.88384 44.89721 44.91031 44.92319 44.93609 44.94957 44.96339 44.97385 44.98095 44.98847 44.99586 45.00301 45.00991 45.0166 45.02312 45.02951 45.03596 45.04281 45.05048 45.06264 45.07874 45.09502 45.11121 45.12726 45.1432 45.15907 45.17491 45.19076 45.20668 45.22266 45.23703
44.3417 44.33906 44.33609 44.33278 44.32915 44.3262 44.32746 44.33147 44.3351 44.33838 44.34135 44.34402 44.34641 44.34851 44.35032 44.35183 44.35305 44.35511 44.37535 44.41163 44.44762 44.48332 44.51873 44.55385 44.58866 44.62312 44.6572 44.69085 44.72403 44.75919 44.78828 44.80396 44.81923 44.83411 44.84861 44.86276 44.87656 44.88998 44.90303 44.91565 44.92783 44.94096 44.95309 44.9608 44.96799 44.97474 44.98111 44.98717 44.99296 44.9985 45.00383 45.00898 45.01396 45.01973 45.03298 45.05027 45.06722 45.0839 45.10038 45.1167 45.13293 45.14913 45.16533 45.18159 45.19798 45.21405
44.26995 44.26733 44.26445 44.26139 44.25875 44.25633 44.25697 44.26182 44.26656 44.27102 44.27523 44.27915 44.28282 44.28622 44.28939 44.29239 44.2957 44.29964 44.32075 44.35953 44.39829 44.43684 44.47513 44.51315 44.55089 44.58831 44.62542 44.66225 44.69935 44.73888 44.76758 44.7832 44.79875 44.81401 44.82896 44.84358 44.85788 44.87184 44.88547 44.89884 44.91247 44.9272 44.93747 44.94363 44.94969 44.95541 44.96081 44.96592 44.97077 44.97541 44.97987 44.98423 44.98878 44.99437 45.00609 45.02332 45.04045 45.05737 45.0741 45.09071 45.10723 45.12371 45.14021 45.15676 45.17343 45.18916
44.21878 44.21639 44.21405 44.21192 44.20972 44.2072 44.20846 44.21364 44.21892 44.22435 44.2297 44.23491 44.23997 44.24492 44.2499 44.25507 44.26026 44.26554 44.28709 44.32489 44.36279 44.40085 44.43885 44.47672 44.51442 44.55198 44.58954 44.62733 44.66549 44.70552 44.73298 44.74734 44.76184 44.77653 44.79116 44.80563 44.8199 44.83402 44.84814 44.86252 44.87695 44.89159 44.90171 44.90723 44.91283 44.91862 44.92433 44.9299 44.93531 44.94064 44.94597 44.95148 44.95708 44.96321 44.97403 44.98946 45.00494 45.02049 45.036 45.05143 45.06682 45.0822 45.0976 45.11304 45.12834 45.14235
44.18839 44.18618 44.18396 44.18175 44.17938 44.17682 44.17883 44.18539 44.19193 44.19845 44.20498 44.21151 44.21804 44.22457 44.2311 44.23763 44.24421 44.25088 44.27153 44.30616 44.34082 44.37548 44.41013 44.44479 44.47944 44.5141 44.54875 44.58341 44.61897 44.65596 44.68106 44.69438 44.70808 44.72177 44.73546 44.74916 44.76285 44.77654 44.79024 44.80393 44.81769 44.83156 44.8422 44.84959 44.85703 44.86446 44.87189 44.87933 44.88676 44.8942 44.90163 44.90906 44.91668 44.92464 44.93496 44.94766 44.96048 44.9733 44.98613 44.99895 45.01177 45.02459 45.03742 45.05024 45.06264 45.07417
44.1585 44.15619 44.15389 44.15156 44.14911 44.14651 44.1492 44.15715 44.16503 44.17291 44.18079 44.18867 44.19655 44.20443 44.21231 44.2202 44.22817 44.23622 44.25597 44.28743 44.31894 44.35045 44.38195 44.41346 44.44497 44.47647 44.50798 44.5396 44.57231 44.60614 44.62914 44.64142 44.65441 44.6674 44.68039 44.69338 44.70638 44.71936 44.73236 44.74535 44.75838 44.77147 44.78266 44.79196 44.8013 44.81063 44.81997 44.82931 44.83865 44.84798 44.85731 44.86666 44.87619 44.88594 44.89582 44.90587 44.91607 44.92626 44.93646 44.94665 44.95685 44.96704 44.97724 44.98741 44.99713 45.0063
44.12861 44.12621 44.12381 44.12139 44.11887 44.11626 44.11961 44.12891 44.13814 44.14737 44.15659 44.16583 44.17506 44.18429 44.19352 44.20277 44.21212 44.22156 44.24042 44.2687 44.29706 44.32542 44.35378 44.38214 44.4105 44.43885 44.46721 44.4958 44.52547 44.55611 44.57709 44.58849 44.60075 44.61303 44.62532 44.63761 44.64989 44.66218 44.67447 44.68676 44.69904 44.71132 44.72309 44.73433 44.74556 44.75681 44.76804 44.77929 44.79052 44.80176 44.813 44.82426 44.83564 44.84715 44.85663 44.86408 44.87164 44.87921 44.88678 44.89435 44.90192 44.9095 44.91706 44.92459 44.93179 44.93866
44.09872 44.09623 44.09373 44.09122 44.08865 44.08603 44.09003 44.10066 44.11125 44.12183 44.1324 44.14299 44.15356 44.16415 44.17473 44.18534 44.19607 44.20689 44.22486 44.24997 44.27518 44.30039 44.3256 44.35081 44.37602 44.40123 44.42644 44.45194 44.47847 44.5059 44.5249 44.53556 44.54709 44.55867 44.57026 44.58184 44.59342 44.60501 44.61658 44.62815 44.63968 44.65117 44.66351 44.67669 44.68983 44.70298 44.71612 44.72926 44.7424 44.75554 44.76868 44.78184 44.79505 44.80832 44.81739 44.82228 44.82722 44.83216 44.83711 44.84206 44.847 44.85194 44.85689 44.8618 44.86655 44.87114
44.06883 44.06624 44.06366 44.06106 44.05845 44.05581 44.06047 44.07242 44.08435 44.09628 44.10821 44.12014 44.13208 44.144 44.15594 44.1679 44.18 44.1922 44.20928 44.23124 44.2533 44.27536 44.29742 44.31948 44.34155 44.36361 44.38567 44.40799 44.43131 44.45551 44.47258 44.48259 44.49342 44.50431 44.51518 44.52606 44.53695 44.54782 44.5587 44.56956 44.58033 44.59101 44.60392 44.61905 44.6341 44.64915 44.66419 44.67923 44.69428 44.70933 44.72437 44.73941 44.75445 44.76947 44.77814 44.78048 44.78279 44.78512 44.78744 44.78976 44.79208 44.7944 44.79671 44.79904 44.80135 44.80367
44.03893 44.03625 44.03358 44.0309 44.02824 44.02559 44.0309 44.04418 44.05746 44.07074 44.08402 44.0973 44.11058 44.12386 44.13715 44.15046 44.16391 44.17749 44.19369 44.21251 44.23142 44.25033 44.26925 44.28816 44.30707 44.32599 44.3449 44.36397 44.38402 44.40498 44.42014 44.4296 44.43976 44.44994 44.46011 44.47029 44.48047 44.49064 44.50082 44.51097 44.521 44.53088 44.54436 44.56142 44.57837 44.59532 44.61226 44.62921 44.64616 44.66311 44.68006 44.69699 44.71385 44.73064 44.73891 44.73868 44.73837 44.73807 44.73776 44.73746 44.73715 44.73685 44.73654 44.73626 44.73611 44.73615
44.00904 44.00627 44.0035 44.00073 43.99802 43.99535 44.00132 44.01593 44.03056 44.0452 44.05983 44.07446 44.08909 44.10373 44.11836 44.133 44.14779 44.16275 44.17807 44.19377 44.20954 44.2253 44.24107 44.25684 44.2726 44.28837 44.30413 44.31993 44.33661 44.35431 44.36761 44.37663 44.3861 44.39557 44.40504 44.41452 44.42399 44.43346 44.44293 44.4524 44.4617 44.4708 44.48484 44.50379 44.52264 44.54149 44.56034 44.57919 44.59804 44.61689 44.63574 44.65458 44.67331 44.69186 44.69973 44.69688 44.69395 44.69102 44.6881 44.68516 44.68223 44.67929 44.67637 44.67344 44.67078 44.66851
43.97916 43.97628 43.97342 43.97055 43.96775 43.96506 43.97171 43.98769 44.00367 44.01966 44.03564 44.05163 44.0676 44.08358 44.09957 44.11555 44.13164 44.14797 44.16245 44.17504 44.18766 44.20027 44.2129 44.22552 44.23813 44.25074 44.26336 44.27598 44.2891 44.3035 44.31504 44.32367 44.33244 44.3412 44.34998 44.35875 44.36752 44.37628 44.38505 44.39382 44.40247 44.4108 44.42535 44.44616 44.46691 44.48766 44.50842 44.52917 44.54992 44.57067 44.59143 44.61217 44.63283 44.65317 44.66059 44.65509 44.64953 44.64397 44.63843 44.63288 44.62732 44.62175 44.61619 44.61064 44.60528 44.60065
43.94973 43.94663 43.94349 43.94038 43.93745 43.93472 43.94211 43.9595 43.97697 43.99442 44.0118 44.02913 44.04641 44.06364 44.08086 44.09811 44.11546 44.13314 44.14684 44.15634 44.16589 44.17543 44.18494 44.19441 44.20386 44.21327 44.22266 44.23206 44.2416 44.25256 44.26264 44.27073 44.27887 44.28699 44.29509 44.30317 44.31121 44.31923 44.32722 44.33524 44.34328 44.3509 44.36587 44.38854 44.41125 44.43397 44.45667 44.47934 44.50198 44.52459 44.54718 44.56977 44.59241 44.61462 44.62148 44.61331 44.60526 44.59721 44.58915 44.58104 44.57285 44.56459 44.55623 44.54786 44.53967 44.53246
43.92094 43.91767 43.9143 43.91085 43.90731 43.90433 43.91291 43.93194 43.95086 43.96966 43.98838 44.00702 44.02559 44.04412 44.0626 44.08103 44.09945 44.11827 44.13145 44.13798 44.14445 44.15087 44.15724 44.16357 44.16986 44.1761 44.1823 44.18845 44.19455 44.20157 44.21056 44.2181 44.22559 44.23304 44.24043 44.2478 44.25512 44.26241 44.26966 44.27689 44.28408 44.29113 44.30646 44.33117 44.35586 44.38052 44.40514 44.42972 44.45427 44.47878 44.50324 44.52766 44.55202 44.57625 44.58249 44.57199 44.56148 44.55095 44.54037 44.52973 44.51899 44.50814 44.49715 44.48598 44.4746 44.46381
43.89271 43.88932 43.88585 43.88232 43.8789 43.876 43.88486 43.90508 43.92525 43.94534 43.96534 43.98526 44.00514 44.02496 44.04474 44.0645 44.08433 44.10462 44.1167 44.12001 44.12331 44.12657 44.12978 44.13296 44.13609 44.13919 44.14225 44.14527 44.14832 44.15253 44.15906 44.16583 44.17258 44.1793 44.18598 44.19262 44.19923 44.20581 44.21235 44.21888 44.22543 44.23164 44.24752 44.27411 44.3007 44.32727 44.3538 44.38029 44.40676 44.43319 44.45958 44.48594 44.5123 44.53836 44.54425 44.53119 44.51816 44.50512 44.49204 44.47889 44.46566 44.45233 44.43887 44.42527 44.41164 44.39925
43.86024 43.85678 43.85332 43.84994 43.84665 43.84372 43.85237 43.87246 43.89259 43.91275 43.93289 43.95298 43.97304 43.99308 44.01312 44.03321 44.05339 44.07401 44.08591 44.08893 44.09198 44.09504 44.0981 44.10113 44.10414 44.10713 44.11012 44.11314 44.11637 44.12082 44.12643 44.13282 44.13923 44.14567 44.1521 44.1585 44.16489 44.17125 44.17762 44.18402 44.19033 44.19602 44.2122 44.23906 44.26591 44.29278 44.31964 44.34649 44.37332 44.40014 44.42694 44.45377 44.48053 44.50663 44.51258 44.49854 44.48449 44.47049 44.45649 44.44245 44.42837 44.41423 44.40006 44.38596 44.37205 44.3597
43.82358 43.82004 43.81649 43.81295 43.80962 43.8066 43.81462 43.8337 43.85283 43.87196 43.89109 43.91022 43.92935 43.94848 43.96761 43.98675 44.00613 44.02589 44.03868 44.0445 44.05041 44.05631 44.06221 44.06812 44.07402 44.07993 44.08583 44.09173 44.09819 44.10556 44.11243 44.11886 44.12551 44.13216 44.13881 44.14546 44.15211 44.15877 44.16542 44.17207 44.17842 44.18421 44.20002 44.22581 44.25144 44.27708 44.30271 44.32834 44.35397 44.3796 44.40524 44.43087 44.45621 44.48098 44.48682 44.47369 44.46039 44.44708 44.43378 44.42047 44.40717 44.39386 44.38055 44.36725 44.3546 44.3434
43.78711 43.78339 43.77967 43.77599 43.77259 43.76948 43.77692 43.79494 43.81311 43.83127 43.84944 43.86761 43.88577 43.90394 43.92211 43.94032 43.95886 43.97776 43.99148 44.00007 44.00886 44.01764 44.02642 44.0352 44.04398 44.05276 44.06155 44.07039 44.0799 44.09012 44.09842 44.1049 44.1118 44.11871 44.12561 44.13251 44.13941 44.14631 44.15321 44.16008 44.16651 44.17245 44.18782 44.21257 44.23699 44.26142 44.28585 44.31027 44.33469 44.35912 44.38355 44.40795 44.43191 44.45537 44.46104 44.44885 44.43631 44.42377 44.41123 44.39869 44.38615 44.37361 44.36107 44.34858 44.33714 44.32698
43.75063 43.74673 43.74285 43.73904 43.73555 43.73232 43.73919 43.75618 43.77338 43.79058 43.80779 43.82499 43.8422 43.8594 43.87661 43.8939 43.91158 43.9296 43.94428 43.95565 43.9673 43.97896 43.99062 44.00228 44.01394 44.0256 44.03726 44.04906 44.0615 44.07453 44.08433 44.09095 44.09809 44.10524 44.1124 44.11955 44.12671 44.13386 44.14101 44.14808 44.15464 44.16075 44.17565 44.19931 44.22254 44.24576 44.26898 44.2922 44.31542 44.33863 44.36186 44.385 44.40765 44.42984 44.43529 44.42398 44.41224 44.40046 44.38868 44.37691 44.36514 44.35336 44.34159 44.32997 44.31958 44.3104
43.71415 43.71008 43.70602 43.70208 43.69846 43.69513 43.70144 43.71743 43.73366 43.7499 43.76614 43.78238 43.79862 43.81486 43.8311 43.84747 43.86425 43.88139 43.89704 43.91123 43.92575 43.94029 43.95483 43.96937 43.98391 43.99844 44.01298 44.02768 44.04299 44.05882 44.07014 44.07701 44.08438 44.09179 44.09919 44.1066 44.114 44.1214 44.12881 44.13608 44.14283 44.14911 44.16352 44.18604 44.20809 44.23011 44.25212 44.27413 44.29614 44.31815 44.34016 44.36207 44.38346 44.40437 44.4096 44.39912 44.38816 44.37715 44.36614 44.35513 44.34412 44.33311 44.3221 44.31133 44.30188 44.29365
43.67767 43.67343 43.66919 43.66508 43.66133 43.6579 43.66366 43.67866 43.69393 43.70921 43.72449 43.73977 43.75504 43.77032 43.7856 43.80101 43.81687 43.83312 43.84975 43.8668 43.8842 43.90162 43.91903 43.93645 43.95386 43.97128 43.98869 44.00626 44.02439 44.04301 44.05588 44.06305 44.07067 44.07833 44.08598 44.09364 44.1013 44.10895 44.1166 44.12413 44.1311 44.13755 44.15147 44.1728 44.19364 44.21444 44.23525 44.25606 44.27686 44.29766 44.31847 44.33917 44.35933 44.37897 44.38398 44.37428 44.36408 44.35384 44.34359 44.33335 44.3231 44.31286 44.30262 44.29261 44.28399 44.27669
43.64119 43.63678 43.63238 43.62806 43.62415 43.62059 43.62583 43.63989 43.65421 43.66852 43.68284 43.69715 43.71146 43.72578 43.7401 43.75451 43.76941 43.78477 43.8024 43.82236 43.84265 43.86294 43.88324 43.90353 43.92383 43.94411 43.96441 43.98479 44.00571 44.02712 44.04156 44.04907 44.05697 44.06487 44.07278 44.08068 44.08859 44.0965 44.1044 44.11222 44.11945 44.12609 44.13949 44.15958 44.17919 44.19879 44.21839 44.23798 44.25758 44.27718 44.29678 44.31631 44.33529 44.35369 44.35843 44.34946 44.34 44.33052 44.32104 44.31157 44.30209 44.29261 44.28313 44.2738 44.26588 44.25947
43.60471 43.60013 43.59555 43.59101 43.58688 43.58322 43.58794 43.60113 43.61448 43.62783 43.64119 43.65453 43.66788 43.68124 43.69459 43.70798 43.72187 43.73632 43.75499 43.77792 43.8011 43.82427 43.84744 43.87061 43.89378 43.91696 43.94012 43.96332 43.98698 44.01117 44.02719 44.0351 44.04326 44.05141 44.05957 44.06773 44.07588 44.08404 44.0922 44.10034 44.1079 44.11475 44.12759 44.14635 44.16474 44.18313 44.20152 44.21991 44.23831 44.2567 44.27509 44.29347 44.31133 44.32851 44.33297 44.32464 44.31592 44.30721 44.2985 44.28979 44.28107 44.27236 44.26365 44.25495 44.24754 44.24196
43.56823 43.56348 43.55873 43.55397 43.54955 43.54574 43.55003 43.56237 43.57476 43.58714 43.59953 43.61191 43.62431 43.6367 43.64909 43.66148 43.67422 43.68776 43.70753 43.7335 43.75955 43.7856 43.81164 43.83768 43.86374 43.8898 43.91584 43.94189 43.9682 43.99516 44.01281 44.02114 44.02955 44.03795 44.04635 44.05475 44.06318 44.07159 44.07999 44.0884 44.09646 44.10356 44.11577 44.1331 44.15029 44.16747 44.18465 44.20182 44.21902 44.23621 44.2534 44.27058 44.28748 44.30347 44.30758 44.29979 44.29184 44.2839 44.27594 44.26799 44.26005 44.25211 44.24416 44.23622 44.22896 44.22408
43.53102 43.52636 43.52172 43.51698 43.51213 43.50814 43.51218 43.52355 43.53479 43.54605 43.55738 43.56879 43.58028 43.59184 43.60345 43.61501 43.62651 43.63903 43.66014 43.68902 43.71772 43.74643 43.7752 43.80406 43.83303 43.86213 43.89133 43.92049 43.94946 43.97911 43.99852 44.00711 44.01543 44.02379 44.03225 44.04086 44.04961 44.0585 44.06749 44.07645 44.08506 44.09254 44.10389 44.1198 44.13544 44.15112 44.16692 44.18285 44.19893 44.21513 44.23142 44.24767 44.26364 44.27858 44.28213 44.27491 44.26749 44.26011 44.25284 44.24566 44.23857 44.23154 44.22454 44.21749 44.21036 44.20575
