Spatial_Analysis/Downscaled_EnvironmentalLayers/RCP4_5/2050/ph_near45.asc
ncols         648
nrows         324
xllcorner     -102.97071042
yllcorner     3.973116569
cellsize      0.083
NODATA_value  -9999
[rows 0 to 28 of 324, columns 528 to 593 of 648]
8.137791 8.13815 8.13851 8.138869 8.13923 8.139589 8.139917 8.140216 8.140512 8.140811 8.141109 8.141407 8.141705 8.142004 8.142301 8.1426 8.142898 8.143196 8.143381 8.143453 8.143523 8.143593 8.143664 8.143733 8.143804 8.143872 8.143943 8.144012 8.144082 8.144152 8.144074 8.14385 8.143626 8.143402 8.143177 8.142953 8.142729 8.142504 8.142279 8.142055 8.141829 8.141604 8.141232 8.140711 8.14019 8.139669 8.139148 8.138625 8.138104 8.137583 8.137061 8.136539 8.136019 8.135497 8.134844 8.134056 8.133269 8.132482 8.131696 8.130909 8.130122 8.129336 8.12855 8.127762 8.126976 8.126189
8.13775 8.138109 8.13847 8.138829 8.13919 8.139549 8.139876 8.140176 8.140473 8.140772 8.14107 8.141369 8.141667 8.141966 8.142263 8.142562 8.14286 8.143159 8.143345 8.143417 8.143488 8.143559 8.14363 8.1437 8.143769 8.143839 8.14391 8.143981 8.144051 8.14412 8.144045 8.143821 8.143597 8.143373 8.143149 8.142925 8.142701 8.142477 8.142253 8.14203 8.141806 8.141582 8.14121 8.140689 8.140169 8.139648 8.139128 8.138606 8.138086 8.137566 8.137045 8.136524 8.136004 8.135484 8.134829 8.134043 8.133257 8.13247 8.131684 8.130898 8.130112 8.129327 8.12854 8.127754 8.126968 8.126182
8.137715 8.138076 8.138435 8.138793 8.139152 8.139508 8.139836 8.140135 8.140433 8.140733 8.141034 8.141335 8.141636 8.141936 8.142234 8.142529 8.142826 8.143123 8.14331 8.143382 8.143454 8.143524 8.143599 8.143671 8.143744 8.143814 8.143886 8.143954 8.144021 8.144089 8.144013 8.14379 8.143567 8.143345 8.143124 8.142902 8.142682 8.142459 8.142235 8.14201 8.141783 8.141558 8.141186 8.140666 8.140148 8.139627 8.13911 8.138592 8.138074 8.137554 8.137033 8.136512 8.13599 8.135468 8.134815 8.134029 8.133245 8.132459 8.131675 8.130891 8.130107 8.129322 8.128535 8.127749 8.126962 8.126175
8.137695 8.138056 8.138414 8.138772 8.139127 8.13948 8.139798 8.140095 8.140399 8.140707 8.141013 8.141316 8.141619 8.141919 8.142216 8.142511 8.142805 8.143098 8.143276 8.143347 8.143423 8.143502 8.14358 8.143657 8.143729 8.143801 8.143871 8.14394 8.144005 8.144069 8.143986 8.143761 8.143542 8.143327 8.143111 8.142892 8.142672 8.142449 8.142226 8.142 8.141772 8.141544 8.141166 8.140644 8.14013 8.139617 8.139103 8.138587 8.13807 8.137551 8.137031 8.136509 8.135987 8.135463 8.134805 8.134017 8.133234 8.132455 8.131675 8.130893 8.130109 8.129325 8.128539 8.127751 8.126965 8.126175
8.137685 8.138045 8.138406 8.138762 8.139118 8.139472 8.139792 8.140091 8.140392 8.140699 8.141005 8.141309 8.141611 8.141912 8.142209 8.142505 8.142799 8.143093 8.143272 8.143346 8.143419 8.143498 8.143576 8.143652 8.143725 8.143797 8.143868 8.143936 8.144003 8.144068 8.143986 8.143764 8.143542 8.143327 8.14311 8.142892 8.142673 8.14245 8.142226 8.142001 8.141775 8.141547 8.141171 8.140651 8.140134 8.139621 8.139107 8.138591 8.138076 8.137556 8.137036 8.136516 8.135994 8.135469 8.134813 8.134027 8.133244 8.132463 8.131682 8.130901 8.130118 8.129333 8.128549 8.127761 8.126974 8.126185
8.137686 8.138046 8.138407 8.138765 8.139124 8.139483 8.139812 8.140111 8.140411 8.140711 8.141011 8.141314 8.141615 8.141915 8.142213 8.14251 8.142808 8.143107 8.143294 8.143368 8.143441 8.143512 8.143585 8.143659 8.143731 8.143804 8.143875 8.143945 8.144014 8.144085 8.144011 8.143788 8.143567 8.143344 8.143123 8.142902 8.142683 8.14246 8.142238 8.142014 8.141788 8.141565 8.141195 8.140677 8.14016 8.13964 8.139122 8.138605 8.138088 8.137569 8.137051 8.13653 8.13601 8.13549 8.134839 8.134053 8.133269 8.132483 8.1317 8.130917 8.130133 8.129349 8.128564 8.127778 8.126992 8.126206
8.137597 8.137956 8.138315 8.138674 8.139031 8.13939 8.139718 8.140016 8.140312 8.140609 8.140907 8.141204 8.141502 8.141799 8.142097 8.142394 8.142692 8.14299 8.143173 8.143246 8.143316 8.143386 8.143456 8.143526 8.143597 8.143666 8.143736 8.143805 8.143874 8.143945 8.143868 8.143645 8.143422 8.143199 8.142974 8.142752 8.142528 8.142304 8.14208 8.141856 8.141634 8.141409 8.141037 8.140517 8.139997 8.139477 8.138955 8.138434 8.137913 8.137392 8.13687 8.13635 8.135829 8.135307 8.134652 8.133865 8.133076 8.132287 8.131499 8.13071 8.129922 8.129133 8.128344 8.127555 8.126766 8.125978
8.137415 8.137768 8.138123 8.138476 8.13883 8.139185 8.139507 8.139801 8.140093 8.140386 8.140679 8.140972 8.141265 8.14156 8.141851 8.142145 8.142438 8.142732 8.142912 8.14298 8.143046 8.143113 8.143178 8.143244 8.143309 8.143374 8.143441 8.143507 8.143573 8.143639 8.143558 8.143333 8.143107 8.142881 8.142655 8.142428 8.142202 8.141976 8.14175 8.141524 8.141298 8.141072 8.140696 8.140172 8.139646 8.139121 8.138595 8.138069 8.137545 8.137018 8.136493 8.135967 8.135441 8.134916 8.134254 8.133459 8.132663 8.131866 8.13107 8.130273 8.129477 8.128681 8.127884 8.127088 8.126291 8.125495
8.137232 8.137581 8.13793 8.138279 8.138629 8.138977 8.139297 8.139585 8.139874 8.140163 8.140451 8.140739 8.141028 8.141317 8.141606 8.141895 8.142184 8.142473 8.14265 8.142714 8.142776 8.142838 8.1429 8.142962 8.143023 8.143085 8.143147 8.143209 8.14327 8.143332 8.143249 8.143021 8.142793 8.142565 8.142336 8.142107 8.141878 8.141649 8.14142 8.141191 8.140964 8.140734 8.140355 8.139825 8.139296 8.138766 8.138236 8.137706 8.137176 8.136645 8.136115 8.135585 8.135055 8.134525 8.133858 8.133054 8.13225 8.131446 8.130642 8.129837 8.129032 8.128228 8.127425 8.12662 8.125816 8.125012
8.137048 8.137394 8.137738 8.138083 8.138428 8.138772 8.139086 8.139371 8.139654 8.139939 8.140224 8.140509 8.140793 8.141078 8.141361 8.141646 8.141931 8.142216 8.142386 8.142447 8.142507 8.142565 8.142623 8.142679 8.142737 8.142795 8.142853 8.14291 8.142968 8.143025 8.142939 8.142709 8.142478 8.142246 8.142016 8.141785 8.141553 8.141322 8.141091 8.140859 8.140629 8.140397 8.140014 8.13948 8.138946 8.138412 8.137877 8.137341 8.136806 8.136272 8.135737 8.135203 8.134668 8.134133 8.13346 8.132648 8.131837 8.131024 8.130213 8.129401 8.128589 8.127777 8.126965 8.126154 8.125341 8.124529
8.136865 8.137205 8.137545 8.137886 8.138226 8.138566 8.138876 8.139155 8.139435 8.139716 8.139996 8.140277 8.140556 8.140837 8.141116 8.141397 8.141677 8.141958 8.142124 8.142181 8.142236 8.14229 8.142344 8.142398 8.14245 8.142506 8.142559 8.142612 8.142666 8.142719 8.142631 8.142396 8.142163 8.14193 8.141696 8.141462 8.141229 8.140994 8.14076 8.140526 8.140292 8.140058 8.139672 8.139134 8.138595 8.138057 8.137516 8.136978 8.136437 8.1359 8.135359 8.13482 8.134281 8.133741 8.133061 8.132243 8.131423 8.130603 8.129784 8.128964 8.128144 8.127325 8.126505 8.125685 8.124866 8.124046
8.136683 8.137017 8.137353 8.137688 8.138023 8.138359 8.138665 8.138941 8.139215 8.139491 8.139768 8.140043 8.14032 8.140595 8.140871 8.141148 8.141423 8.1417 8.141863 8.141915 8.141966 8.142016 8.142066 8.142115 8.142165 8.142215 8.142264 8.142314 8.142363 8.142413 8.142321 8.142085 8.141849 8.141612 8.141376 8.14114 8.140903 8.140667 8.140431 8.140194 8.139957 8.139721 8.139331 8.138788 8.138245 8.137701 8.137157 8.136613 8.136069 8.135526 8.134981 8.134438 8.133894 8.133349 8.132665 8.131838 8.13101 8.130183 8.129355 8.128528 8.127701 8.126873 8.126045 8.125217 8.124391 8.123563
8.136499 8.13683 8.137161 8.137491 8.137822 8.138153 8.138454 8.138725 8.138997 8.139269 8.13954 8.139812 8.140083 8.140355 8.140627 8.140899 8.141171 8.141441 8.141602 8.14165 8.141696 8.141742 8.141788 8.141832 8.141879 8.141924 8.141971 8.142015 8.142061 8.142107 8.142011 8.141772 8.141534 8.141294 8.141056 8.140818 8.140578 8.14034 8.1401 8.139862 8.139623 8.139384 8.138989 8.138443 8.137896 8.137346 8.136798 8.13625 8.135701 8.135152 8.134604 8.134056 8.133507 8.132958 8.132267 8.131433 8.130598 8.129762 8.128926 8.128092 8.127256 8.126421 8.125586 8.12475 8.123916 8.12308
8.136315 8.136642 8.136969 8.137295 8.137621 8.137947 8.138243 8.138511 8.138778 8.139045 8.139313 8.13958 8.139847 8.140114 8.140382 8.14065 8.140917 8.141184 8.141339 8.141383 8.141426 8.141467 8.14151 8.141552 8.141593 8.141635 8.141676 8.141717 8.14176 8.141801 8.141702 8.141461 8.14122 8.140979 8.140737 8.140495 8.140253 8.140012 8.139771 8.139529 8.139287 8.139046 8.138649 8.138097 8.137545 8.136992 8.136438 8.135884 8.135332 8.134779 8.134226 8.133673 8.13312 8.132567 8.13187 8.131027 8.130184 8.129341 8.128498 8.127655 8.126812 8.125969 8.125126 8.124283 8.12344 8.122597
8.136135 8.136457 8.136779 8.137099 8.137421 8.137741 8.138033 8.138296 8.138558 8.138822 8.139086 8.13935 8.139614 8.139877 8.14014 8.140402 8.140664 8.140925 8.141078 8.141117 8.141156 8.141193 8.141232 8.141271 8.14131 8.141346 8.141384 8.14142 8.141458 8.141495 8.141392 8.141149 8.140905 8.140661 8.140417 8.140175 8.139931 8.139687 8.139442 8.139197 8.138952 8.138708 8.138308 8.137752 8.137194 8.136637 8.13608 8.135523 8.134964 8.134407 8.133848 8.133291 8.132734 8.132175 8.131472 8.130623 8.129772 8.128921 8.128071 8.12722 8.126369 8.125519 8.124667 8.123816 8.122965 8.122114
8.135963 8.13628 8.136597 8.136911 8.137226 8.13754 8.137823 8.138081 8.138342 8.138605 8.138865 8.139127 8.139385 8.139644 8.139903 8.14016 8.140416 8.140673 8.140817 8.140852 8.140887 8.140924 8.140961 8.140995 8.14103 8.141064 8.141096 8.141129 8.14116 8.141191 8.141083 8.140838 8.140591 8.140347 8.140102 8.139857 8.13961 8.139364 8.139116 8.138868 8.138621 8.138372 8.137967 8.137405 8.136845 8.136283 8.135721 8.135162 8.134599 8.134037 8.133474 8.132912 8.132349 8.131784 8.131075 8.130217 8.129358 8.128501 8.127644 8.126785 8.125927 8.125067 8.124209 8.12335 8.122491 8.121632
8.135795 8.136108 8.136418 8.13673 8.137039 8.137349 8.137627 8.137882 8.138136 8.138394 8.138651 8.138908 8.139163 8.139418 8.13967 8.139923 8.140176 8.140427 8.140568 8.140598 8.140629 8.14066 8.140694 8.140724 8.140754 8.140782 8.140811 8.140839 8.140867 8.140894 8.140782 8.140535 8.140285 8.140038 8.13979 8.139542 8.139293 8.139044 8.138794 8.138542 8.138292 8.138042 8.137632 8.137066 8.136499 8.135935 8.135368 8.134802 8.134235 8.133669 8.133101 8.132534 8.131966 8.131397 8.130682 8.129815 8.12895 8.128084 8.127218 8.126352 8.125485 8.12462 8.123753 8.122887 8.122019 8.121153
8.135633 8.135942 8.136248 8.136553 8.13686 8.137166 8.137445 8.137695 8.137944 8.138194 8.138444 8.138694 8.138944 8.139194 8.139442 8.139692 8.13994 8.14019 8.140328 8.140355 8.140381 8.140406 8.14043 8.140457 8.140482 8.140507 8.140532 8.140554 8.140579 8.140604 8.140491 8.14024 8.139988 8.139734 8.139483 8.139231 8.138979 8.138726 8.138474 8.13822 8.137966 8.137713 8.137302 8.136731 8.13616 8.135588 8.135016 8.134445 8.133873 8.133302 8.13273 8.132156 8.131586 8.131013 8.130291 8.129417 8.128544 8.127668 8.126795 8.125921 8.125047 8.124173 8.123299 8.122423 8.121549 8.120674
8.135502 8.135801 8.1361 8.136399 8.136698 8.136997 8.137269 8.13751 8.137752 8.137993 8.138235 8.138477 8.138719 8.138961 8.139202 8.139444 8.139687 8.139927 8.140059 8.140081 8.140102 8.140121 8.140141 8.14016 8.140179 8.140198 8.140217 8.140238 8.140256 8.140276 8.140158 8.139902 8.139647 8.13939 8.139133 8.138876 8.138618 8.138363 8.138105 8.13785 8.137594 8.137337 8.136919 8.136343 8.135765 8.135189 8.134611 8.134033 8.133456 8.132879 8.132301 8.131723 8.131145 8.130569 8.129839 8.128958 8.128076 8.127193 8.126312 8.125429 8.124547 8.123665 8.122782 8.121899 8.121017 8.120134
8.135399 8.135687 8.135975 8.136263 8.13655 8.136837 8.137097 8.137328 8.137559 8.137791 8.138021 8.138252 8.138483 8.138714 8.138945 8.139175 8.139406 8.139637 8.13976 8.139776 8.13979 8.139803 8.139816 8.13983 8.139842 8.139854 8.139868 8.139881 8.139894 8.139908 8.139784 8.139523 8.139261 8.139 8.138739 8.138476 8.138214 8.137953 8.13769 8.137428 8.137167 8.136906 8.136482 8.1359 8.135317 8.134733 8.13415 8.133566 8.132982 8.132399 8.131815 8.131231 8.130648 8.130064 8.129328 8.128437 8.127548 8.126657 8.125766 8.124876 8.123985 8.123095 8.122204 8.121313 8.120422 8.119532
8.135297 8.135572 8.135847 8.136125 8.1364 8.136677 8.136926 8.137146 8.137365 8.137587 8.137806 8.138027 8.138247 8.138466 8.138687 8.138906 8.139128 8.139347 8.139461 8.13947 8.139479 8.139486 8.139492 8.1395 8.139507 8.139513 8.13952 8.139526 8.139532 8.13954 8.139409 8.139143 8.138878 8.138611 8.138344 8.138077 8.13781 8.137543 8.137276 8.137009 8.136742 8.136475 8.136047 8.135457 8.134868 8.134278 8.133688 8.133099 8.132509 8.13192 8.13133 8.130739 8.13015 8.12956 8.128816 8.127918 8.12702 8.12612 8.125222 8.124322 8.123423 8.122524 8.121626 8.120727 8.119827 8.118929
8.135193 8.135457 8.135723 8.135987 8.136251 8.136517 8.136754 8.136963 8.137173 8.137383 8.137592 8.137801 8.13801 8.13822 8.13843 8.138638 8.138847 8.139057 8.139164 8.139165 8.139166 8.139168 8.13917 8.13917 8.13917 8.13917 8.139171 8.13917 8.139172 8.139172 8.139036 8.138765 8.138493 8.138222 8.137949 8.137676 8.137405 8.137132 8.13686 8.136588 8.136315 8.136044 8.135609 8.135015 8.134418 8.133823 8.133228 8.132631 8.132034 8.131439 8.130844 8.130249 8.129652 8.129056 8.128305 8.127398 8.126491 8.125584 8.124677 8.123769 8.122862 8.121955 8.121048 8.12014 8.119233 8.118326
8.13509 8.135344 8.135597 8.135849 8.136103 8.136356 8.136583 8.136782 8.13698 8.137178 8.137377 8.137576 8.137774 8.137974 8.138172 8.13837 8.138568 8.138767 8.138865 8.138861 8.138856 8.138851 8.138845 8.13884 8.138832 8.138826 8.138821 8.138815 8.138809 8.138803 8.138662 8.138386 8.138109 8.137833 8.137554 8.137278 8.136999 8.136723 8.136445 8.136168 8.13589 8.135612 8.135173 8.134571 8.13397 8.133368 8.132765 8.132164 8.131562 8.130959 8.130358 8.129756 8.129154 8.128551 8.127794 8.126879 8.125963 8.125048 8.124132 8.123216 8.122301 8.121386 8.120469 8.119554 8.118637 8.117723
8.134987 8.135228 8.135469 8.135712 8.135954 8.136196 8.136412 8.136599 8.136787 8.136975 8.137163 8.13735 8.137538 8.137726 8.137913 8.138102 8.138288 8.138477 8.138566 8.138556 8.138545 8.138534 8.138521 8.138509 8.138496 8.138484 8.138472 8.13846 8.138447 8.138435 8.138288 8.138006 8.137725 8.137444 8.13716 8.136877 8.136595 8.136312 8.13603 8.135748 8.135465 8.13518 8.134736 8.134129 8.13352 8.132914 8.132304 8.131697 8.131088 8.13048 8.129871 8.129264 8.128654 8.128048 8.127281 8.126358 8.125434 8.12451 8.123587 8.122663 8.121738 8.120815 8.11989 8.118967 8.118044 8.117119
8.134884 8.135115 8.135345 8.135576 8.135805 8.136036 8.13624 8.136417 8.136595 8.136772 8.136949 8.137125 8.137302 8.137479 8.137655 8.137833 8.13801 8.138187 8.138268 8.13825 8.138233 8.138216 8.138197 8.138178 8.138161 8.138143 8.138123 8.138104 8.138086 8.138067 8.137915 8.137629 8.137341 8.137053 8.136766 8.136477 8.136189 8.135902 8.135614 8.135326 8.135038 8.13475 8.134299 8.133686 8.133072 8.132458 8.131844 8.131229 8.130615 8.13 8.129387 8.128772 8.128158 8.127544 8.126771 8.125837 8.124907 8.123974 8.123041 8.12211 8.121177 8.120246 8.119312 8.118381 8.117449 8.116516
8.134782 8.134999 8.135219 8.135438 8.135656 8.135876 8.136068 8.136236 8.136402 8.136568 8.136734 8.1369 8.137066 8.137233 8.137398 8.137564 8.137731 8.137897 8.137969 8.137946 8.137922 8.137898 8.137873 8.137849 8.137823 8.137798 8.137774 8.137749 8.137724 8.137699 8.137541 8.137249 8.136957 8.136665 8.136372 8.136078 8.135785 8.135492 8.1352 8.134905 8.134613 8.134319 8.133863 8.133244 8.132624 8.132002 8.131382 8.130762 8.13014 8.12952 8.128901 8.128281 8.127659 8.127039 8.126259 8.125319 8.124377 8.123438 8.122498 8.121557 8.120617 8.119677 8.118734 8.117794 8.116854 8.115913
8.13468 8.134887 8.135095 8.135301 8.135508 8.135715 8.135897 8.136054 8.136209 8.136364 8.13652 8.136675 8.136831 8.136987 8.137141 8.137296 8.137451 8.137607 8.137671 8.137642 8.137612 8.137581 8.13755 8.13752 8.137487 8.137457 8.137425 8.137394 8.137362 8.137331 8.137168 8.136871 8.136572 8.136274 8.135977 8.135677 8.135381 8.135082 8.134785 8.134485 8.134187 8.133888 8.133427 8.132801 8.132174 8.131547 8.13092 8.130295 8.129669 8.129042 8.128415 8.127789 8.127161 8.126535 8.125748 8.124798 8.12385 8.122902 8.121952 8.121004 8.120054 8.119106 8.118158 8.117208 8.11626 8.115311
8.134581 8.134775 8.134972 8.135166 8.135362 8.135557 8.135726 8.135872 8.136017 8.136162 8.136307 8.136453 8.136598 8.136742 8.136887 8.13703 8.137174 8.137318 8.137373 8.137339 8.1373 8.137264 8.137228 8.13719 8.137153 8.137115 8.137077 8.137039 8.137001 8.136963 8.136793 8.136492 8.136189 8.135886 8.135583 8.135279 8.134976 8.134674 8.13437 8.134066 8.133762 8.133459 8.13299 8.132358 8.131725 8.131093 8.130461 8.129829 8.129196 8.128564 8.127932 8.127297 8.126664 8.126031 8.125235 8.124279 8.123322 8.122366 8.121408 8.120453 8.119495 8.118539 8.117581 8.116625 8.115667 8.114708
8.134482 8.134666 8.134851 8.135035 8.135218 8.135401 8.135559 8.135694 8.135828 8.135962 8.136097 8.13623 8.136365 8.136497 8.136631 8.136765 8.136898 8.13703 8.137075 8.137036 8.136992 8.136949 8.136906 8.136862 8.136818 8.136774 8.13673 8.136685 8.136642 8.136597 8.136421 8.136115 8.135805 8.135498 8.13519 8.134882 8.134573 8.134266 8.133956 8.133648 8.133339 8.133029 8.132555 8.131917 8.131278 8.13064 8.130003 8.129364 8.128725 8.128086 8.127448 8.126808 8.126169 8.12553 8.124727 8.123762 8.122797 8.121833 8.120867 8.119904 8.118938 8.117972 8.117008 8.116041 8.115076 8.114109
