Spatial_Analysis/Downscaled_EnvironmentalLayers/RCP4_5/2050/ph_near45.asc
ncols         648
nrows         324
xllcorner     -102.97071042
yllcorner     3.973116569
cellsize      0.083
NODATA_value  -9999
[rows 290 to 318 of 324, columns 132 to 197 of 648]
8.133512 8.132658 8.131802 8.130947 8.130092 8.129236 8.128301 8.127283 8.126266 8.12525 8.124232 8.123215 8.122198 8.12118 8.120163 8.119146 8.118129 8.117112 8.116018 8.114846 8.113674 8.112502 8.11133 8.110159 8.108988 8.107815 8.106644 8.105472 8.1043 8.103128 8.101892 8.100589 8.099287 8.097985 8.096682 8.09538 8.094077 8.092775 8.091473 8.09017 8.088867 8.087564 8.086195 8.084759 8.083321 8.081884 8.080446 8.07901 8.077572 8.076136 8.074698 8.07326 8.071823 8.070387 8.06893 8.06745 8.065971 8.064493 8.063015 8.061537 8.060059 8.05858 8.057101 8.055622 8.054144 8.052667
8.133692 8.132833 8.131973 8.131115 8.130255 8.129395 8.128456 8.127437 8.126417 8.125399 8.124378 8.123358 8.122339 8.121321 8.120302 8.119284 8.118265 8.117246 8.11615 8.114978 8.113804 8.112631 8.111458 8.110285 8.109113 8.10794 8.106768 8.105595 8.104423 8.10325 8.102013 8.100708 8.099405 8.098101 8.096798 8.095495 8.094192 8.092889 8.091585 8.090282 8.088979 8.087676 8.086305 8.084866 8.083427 8.081988 8.080549 8.07911 8.077671 8.076233 8.074794 8.073355 8.071916 8.070477 8.069016 8.067535 8.066053 8.064571 8.063089 8.061607 8.060125 8.058643 8.057163 8.055681 8.054199 8.052717
8.133865 8.133001 8.132139 8.131277 8.130417 8.129555 8.128611 8.127587 8.126564 8.125541 8.124519 8.123498 8.122478 8.121457 8.120438 8.119418 8.118399 8.117379 8.116282 8.115107 8.113932 8.112757 8.111582 8.110409 8.109236 8.108063 8.10689 8.105716 8.104544 8.103371 8.102131 8.100826 8.099522 8.098217 8.096913 8.09561 8.094305 8.093002 8.091698 8.090395 8.089091 8.087787 8.086413 8.084973 8.083532 8.082092 8.080652 8.07921 8.077769 8.07633 8.074889 8.073448 8.072008 8.070568 8.069104 8.067619 8.066134 8.064649 8.063164 8.06168 8.060194 8.058708 8.057223 8.055738 8.054254 8.052769
8.134033 8.133167 8.132301 8.131433 8.130569 8.129703 8.128757 8.127731 8.126705 8.125681 8.124657 8.123634 8.122612 8.121591 8.120569 8.119549 8.118528 8.117506 8.116407 8.115231 8.114055 8.112879 8.111704 8.11053 8.109356 8.108181 8.107008 8.105835 8.104662 8.103489 8.102248 8.100943 8.099636 8.098331 8.097027 8.095722 8.094418 8.093114 8.091808 8.090506 8.089201 8.087896 8.086523 8.085079 8.083637 8.082195 8.080751 8.079309 8.077868 8.076426 8.074984 8.073542 8.0721 8.070658 8.069193 8.067703 8.066216 8.064726 8.063238 8.061749 8.060261 8.058772 8.057283 8.055796 8.054307 8.052819
8.134202 8.133331 8.132462 8.131591 8.130719 8.129848 8.128901 8.127878 8.126854 8.125829 8.124805 8.123782 8.122759 8.121737 8.120714 8.119692 8.118668 8.117645 8.116547 8.115372 8.114199 8.113024 8.111849 8.110676 8.109502 8.108328 8.107155 8.105981 8.104807 8.103633 8.102394 8.101089 8.099786 8.098482 8.097176 8.095873 8.094568 8.093266 8.091961 8.090658 8.089353 8.088049 8.086676 8.085232 8.083789 8.082346 8.080902 8.07946 8.078016 8.076574 8.075131 8.073689 8.072247 8.070803 8.069336 8.067844 8.066355 8.064863 8.063374 8.061883 8.060392 8.058903 8.057411 8.055922 8.054432 8.05294
8.134367 8.133495 8.132622 8.131748 8.130875 8.130002 8.129055 8.128031 8.127008 8.125986 8.124963 8.12394 8.122917 8.121895 8.120872 8.11985 8.118826 8.117805 8.116707 8.115534 8.114361 8.113189 8.112017 8.110844 8.109671 8.108499 8.107326 8.106153 8.104982 8.103809 8.102571 8.101269 8.099966 8.098665 8.097363 8.09606 8.094757 8.093455 8.092153 8.090851 8.089548 8.088245 8.086873 8.085431 8.083988 8.082545 8.081102 8.079659 8.078218 8.076775 8.075333 8.073891 8.072447 8.071004 8.069536 8.068046 8.066555 8.065063 8.063574 8.062082 8.060591 8.059099 8.057608 8.056117 8.054626 8.053135
8.134531 8.133656 8.132781 8.131907 8.131031 8.130157 8.129208 8.128185 8.127163 8.126141 8.125118 8.124096 8.123074 8.122051 8.121029 8.120007 8.118984 8.117962 8.116866 8.115694 8.114525 8.113354 8.112182 8.111012 8.10984 8.108669 8.107498 8.106326 8.105155 8.103985 8.102749 8.101449 8.100147 8.098848 8.097548 8.096247 8.094946 8.093645 8.092345 8.091044 8.089744 8.088442 8.08707 8.085629 8.084188 8.082745 8.081303 8.079861 8.078418 8.076975 8.075533 8.074091 8.072648 8.071206 8.069738 8.068247 8.066755 8.065264 8.063771 8.06228 8.060788 8.059296 8.057804 8.056313 8.054821 8.053329
8.134693 8.133818 8.13294 8.132063 8.131187 8.13031 8.12936 8.128339 8.127317 8.126295 8.125274 8.124252 8.12323 8.122208 8.121186 8.120165 8.119143 8.118122 8.117026 8.115856 8.114687 8.113517 8.112347 8.111178 8.110008 8.108839 8.10767 8.1065 8.10533 8.10416 8.102926 8.101627 8.100328 8.099031 8.097732 8.096433 8.095135 8.093836 8.092537 8.091238 8.089939 8.088639 8.087269 8.085827 8.084385 8.082944 8.081501 8.080059 8.078617 8.077176 8.075733 8.074291 8.072849 8.071407 8.06994 8.068447 8.066956 8.065462 8.06397 8.062477 8.060986 8.059493 8.058001 8.056507 8.055016 8.053522
8.134857 8.133978 8.1331 8.132221 8.131342 8.130465 8.129515 8.128492 8.127472 8.12645 8.125429 8.124408 8.123386 8.122366 8.121344 8.120321 8.119301 8.11828 8.117186 8.116016 8.114849 8.113682 8.112513 8.111345 8.110176 8.109009 8.107841 8.106672 8.105505 8.104337 8.103105 8.101807 8.100511 8.099214 8.097918 8.09662 8.095323 8.094027 8.092729 8.091432 8.090134 8.088836 8.087467 8.086025 8.084585 8.083143 8.081701 8.080259 8.078817 8.077376 8.075934 8.074493 8.073051 8.071608 8.070141 8.068647 8.067156 8.065662 8.064169 8.062675 8.061182 8.059689 8.058195 8.056702 8.055209 8.053716
8.135019 8.134139 8.133259 8.13238 8.131498 8.130619 8.129668 8.128647 8.127626 8.126605 8.125584 8.124563 8.123543 8.122522 8.121501 8.12048 8.119459 8.118439 8.117346 8.116179 8.115011 8.113845 8.112679 8.111512 8.110346 8.109179 8.108011 8.106846 8.10568 8.104513 8.103281 8.101987 8.100691 8.099397 8.098102 8.096806 8.095511 8.094215 8.09292 8.091625 8.09033 8.089033 8.087665 8.086225 8.084784 8.083343 8.081901 8.080459 8.079018 8.077577 8.076136 8.074694 8.073252 8.07181 8.070343 8.06885 8.067356 8.065863 8.064367 8.062874 8.06138 8.059885 8.058392 8.056898 8.055403 8.053909
8.135183 8.1343 8.133418 8.132536 8.131655 8.130772 8.129821 8.1288 8.127781 8.12676 8.12574 8.12472 8.123699 8.122679 8.121657 8.120638 8.119617 8.118598 8.117505 8.116339 8.115175 8.11401 8.112844 8.111679 8.110515 8.109348 8.108183 8.107019 8.105854 8.104689 8.10346 8.102165 8.100872 8.09958 8.098286 8.096992 8.095699 8.094405 8.093113 8.09182 8.090526 8.08923 8.087862 8.086423 8.084982 8.083542 8.0821 8.08066 8.079219 8.077778 8.076336 8.074896 8.073454 8.072012 8.070543 8.06905 8.067556 8.066061 8.064566 8.063072 8.061577 8.060082 8.058588 8.057093 8.055598 8.054104
8.135345 8.134462 8.133577 8.132694 8.13181 8.130926 8.129975 8.128954 8.127935 8.126914 8.125895 8.124875 8.123855 8.122835 8.121816 8.120795 8.119776 8.118757 8.117665 8.116501 8.115337 8.114173 8.11301 8.111846 8.110682 8.10952 8.108356 8.107191 8.106029 8.104865 8.103638 8.102346 8.101054 8.099762 8.098471 8.097179 8.095888 8.094596 8.093306 8.092013 8.090721 8.089428 8.08806 8.086622 8.085182 8.083739 8.0823 8.080859 8.079418 8.077977 8.076537 8.075096 8.073655 8.072214 8.070745 8.069251 8.067756 8.06626 8.064764 8.06327 8.061774 8.060279 8.058784 8.057288 8.055793 8.054297
8.135509 8.134623 8.133738 8.132851 8.131966 8.131081 8.130128 8.129108 8.12809 8.127069 8.126051 8.125031 8.124011 8.122992 8.121973 8.120954 8.119934 8.118916 8.117825 8.116661 8.115499 8.114338 8.113174 8.112014 8.110851 8.109689 8.108527 8.107365 8.106203 8.105042 8.103815 8.102526 8.101234 8.099945 8.098656 8.097365 8.096076 8.094786 8.093496 8.092207 8.090917 8.089624 8.088261 8.086821 8.08538 8.083941 8.0825 8.081059 8.079618 8.078178 8.076738 8.075297 8.073857 8.072415 8.070948 8.069452 8.067956 8.06646 8.064964 8.063468 8.061972 8.060476 8.058979 8.057484 8.055987 8.054492
8.13567 8.134783 8.133896 8.133009 8.132122 8.131234 8.130281 8.129263 8.128242 8.127224 8.126204 8.125185 8.124166 8.123147 8.122129 8.121111 8.120092 8.119073 8.117983 8.116823 8.115662 8.114501 8.113339 8.112178 8.111018 8.109858 8.108698 8.107538 8.106377 8.105217 8.103992 8.102704 8.101416 8.100128 8.098839 8.09755 8.096263 8.094975 8.093687 8.0924 8.091112 8.089823 8.088459 8.087019 8.085579 8.084139 8.082699 8.081258 8.079818 8.078379 8.076939 8.075499 8.074059 8.072617 8.07115 8.069653 8.068155 8.06666 8.065162 8.063664 8.062168 8.060671 8.059175 8.057678 8.056183 8.054686
8.135826 8.134937 8.134048 8.133162 8.132277 8.131389 8.130434 8.129414 8.128392 8.127372 8.12635 8.125332 8.124314 8.123297 8.12228 8.121264 8.120249 8.119231 8.118143 8.116982 8.11582 8.114658 8.113499 8.112339 8.111179 8.110022 8.108864 8.107708 8.10655 8.105392 8.10417 8.102882 8.101593 8.100306 8.099019 8.097733 8.096447 8.09516 8.093876 8.09259 8.091307 8.090021 8.088656 8.087217 8.085775 8.084335 8.082895 8.081455 8.080015 8.078575 8.077137 8.075698 8.074259 8.072821 8.071351 8.069853 8.068354 8.066856 8.065357 8.06386 8.062363 8.060865 8.059368 8.057873 8.056376 8.05488
8.135976 8.135086 8.134197 8.133308 8.132421 8.131533 8.130577 8.129557 8.128534 8.127514 8.126494 8.125477 8.124458 8.123442 8.122425 8.12141 8.120396 8.119381 8.118293 8.117132 8.115971 8.114811 8.113653 8.112495 8.111338 8.110182 8.109025 8.10787 8.106715 8.10556 8.10434 8.103052 8.101766 8.100481 8.099195 8.097911 8.096626 8.095344 8.094061 8.092777 8.091496 8.090214 8.08885 8.08741 8.085969 8.084528 8.083089 8.08165 8.08021 8.078772 8.077332 8.075894 8.074457 8.073018 8.07155 8.070049 8.06855 8.067051 8.065552 8.064053 8.062555 8.061057 8.059559 8.058062 8.056564 8.055069
8.136118 8.135227 8.134337 8.133448 8.132557 8.131666 8.130713 8.129696 8.128679 8.127661 8.126644 8.125628 8.124612 8.123596 8.122581 8.121565 8.120549 8.119534 8.118449 8.117293 8.116138 8.114983 8.113829 8.112673 8.111519 8.110365 8.109211 8.108057 8.106903 8.105749 8.104532 8.103251 8.10197 8.100689 8.099406 8.098125 8.096846 8.095564 8.094284 8.093004 8.091724 8.090443 8.089083 8.087646 8.086208 8.084772 8.083335 8.081898 8.080461 8.079024 8.077587 8.076151 8.074715 8.073277 8.071809 8.070313 8.068815 8.067316 8.065818 8.06432 8.062822 8.061324 8.059828 8.058331 8.056833 8.055334
8.13625 8.135361 8.134472 8.133583 8.132692 8.131804 8.130854 8.12984 8.128826 8.127812 8.126799 8.125786 8.124772 8.123758 8.122746 8.121731 8.120718 8.119706 8.118625 8.117474 8.116323 8.115171 8.114023 8.112873 8.111721 8.110571 8.109422 8.108271 8.107121 8.10597 8.104757 8.103481 8.102205 8.100929 8.099653 8.098376 8.097099 8.095825 8.094547 8.093271 8.091995 8.090717 8.089363 8.087931 8.086498 8.085066 8.083633 8.082201 8.080768 8.079335 8.077903 8.076469 8.075037 8.073603 8.072138 8.070642 8.069148 8.067652 8.066155 8.064661 8.063164 8.061668 8.060173 8.058677 8.05718 8.055685
8.136377 8.13549 8.134604 8.133717 8.13283 8.131943 8.130995 8.129984 8.128973 8.127961 8.126951 8.12594 8.124929 8.123919 8.122908 8.121897 8.120888 8.119878 8.118799 8.117652 8.116507 8.11536 8.114214 8.113068 8.111921 8.110776 8.109631 8.108483 8.107338 8.106193 8.104984 8.103712 8.10244 8.101168 8.099896 8.098625 8.097353 8.096082 8.09481 8.093538 8.092266 8.090991 8.089642 8.088215 8.086787 8.085359 8.083929 8.0825 8.081072 8.079643 8.078216 8.076787 8.075357 8.073927 8.072465 8.070974 8.069481 8.067986 8.066492 8.064999 8.063505 8.062011 8.060516 8.059023 8.057529 8.056034
8.136505 8.135621 8.134735 8.13385 8.132965 8.132082 8.131134 8.130127 8.129119 8.128111 8.127102 8.126095 8.125086 8.124079 8.123072 8.122063 8.121056 8.120049 8.118975 8.117832 8.11669 8.115548 8.114407 8.113264 8.112122 8.110981 8.109838 8.108696 8.107555 8.106415 8.105209 8.103941 8.102674 8.101407 8.100141 8.098873 8.097607 8.096339 8.095073 8.093805 8.092537 8.091267 8.08992 8.088499 8.087075 8.085651 8.084227 8.082802 8.081378 8.079954 8.078529 8.077106 8.07568 8.074252 8.072794 8.071304 8.069813 8.068322 8.06683 8.065338 8.063845 8.062354 8.060862 8.05937 8.057877 8.056384
8.136633 8.13575 8.134867 8.133986 8.133102 8.132219 8.131275 8.13027 8.129265 8.12826 8.127254 8.126249 8.125244 8.124239 8.123234 8.122229 8.121224 8.120221 8.11915 8.118011 8.116873 8.115735 8.114597 8.113461 8.112322 8.111185 8.110047 8.10891 8.107772 8.106636 8.105435 8.104172 8.102909 8.101646 8.100384 8.099121 8.097858 8.096596 8.095333 8.09407 8.092808 8.091541 8.090199 8.088782 8.087364 8.085943 8.084522 8.083103 8.081683 8.080262 8.078842 8.077423 8.076001 8.074577 8.073122 8.071634 8.070147 8.068657 8.067166 8.065676 8.064186 8.062696 8.061207 8.059715 8.058226 8.056734
8.136762 8.135881 8.135 8.134119 8.133238 8.132358 8.131416 8.130413 8.129411 8.128408 8.127406 8.126404 8.125402 8.124399 8.123397 8.122395 8.121393 8.120393 8.119325 8.11819 8.117056 8.115923 8.11479 8.113655 8.112522 8.111389 8.110256 8.109122 8.107988 8.106857 8.105661 8.104403 8.103144 8.101887 8.100628 8.09937 8.098112 8.096855 8.095596 8.094337 8.093079 8.091816 8.09048 8.089067 8.087652 8.086237 8.08482 8.083405 8.081987 8.080572 8.079157 8.07774 8.076323 8.074903 8.073451 8.071966 8.070479 8.068991 8.067503 8.066015 8.064526 8.063038 8.06155 8.060062 8.058574 8.057084
8.136889 8.136011 8.135132 8.134254 8.133375 8.132497 8.131557 8.130556 8.129558 8.128558 8.127558 8.126558 8.125559 8.124559 8.12356 8.122561 8.121561 8.120564 8.1195 8.11837 8.11724 8.11611 8.114981 8.113853 8.112722 8.111593 8.110464 8.109335 8.108208 8.107079 8.105886 8.104632 8.103379 8.102125 8.100872 8.099619 8.098366 8.097113 8.095858 8.094604 8.093349 8.092093 8.090759 8.08935 8.08794 8.086529 8.085117 8.083706 8.082293 8.080881 8.07947 8.078058 8.076645 8.07523 8.07378 8.072298 8.070812 8.069326 8.06784 8.066353 8.064868 8.063381 8.061895 8.060409 8.058922 8.057435
8.137018 8.136141 8.135263 8.134387 8.133511 8.132634 8.131698 8.130699 8.129704 8.128706 8.12771 8.126713 8.125716 8.12472 8.123722 8.122726 8.121731 8.120735 8.119675 8.118547 8.117423 8.116299 8.115173 8.114048 8.112924 8.111798 8.110673 8.109549 8.108424 8.1073 8.106112 8.104862 8.103614 8.102365 8.101116 8.099867 8.098618 8.097369 8.096121 8.094872 8.093621 8.092368 8.09104 8.089636 8.088228 8.086822 8.085413 8.084005 8.082599 8.08119 8.079784 8.078376 8.076967 8.075556 8.07411 8.072629 8.071146 8.069661 8.068176 8.066692 8.065208 8.063724 8.06224 8.060755 8.059271 8.057785
8.137146 8.136271 8.135397 8.134521 8.133646 8.132772 8.131838 8.130844 8.12985 8.128856 8.127861 8.126867 8.125874 8.12488 8.123886 8.122892 8.121898 8.120906 8.119848 8.118727 8.117606 8.116486 8.115364 8.114244 8.113123 8.112001 8.110882 8.109761 8.108641 8.107521 8.106339 8.105093 8.103848 8.102604 8.10136 8.100115 8.098871 8.097627 8.096382 8.095139 8.093893 8.092646 8.091321 8.08992 8.088516 8.087114 8.085711 8.084307 8.082904 8.0815 8.080097 8.078694 8.07729 8.075882 8.07444 8.072961 8.071478 8.069996 8.068514 8.067031 8.065549 8.064066 8.062584 8.061102 8.059618 8.058135
8.137274 8.1364 8.135528 8.134655 8.133782 8.13291 8.131978 8.130987 8.129995 8.129004 8.128013 8.12702 8.12603 8.125039 8.124048 8.123057 8.122066 8.121077 8.120023 8.118906 8.117789 8.116673 8.115555 8.114439 8.113322 8.112206 8.11109 8.109974 8.108858 8.107742 8.106564 8.105324 8.104084 8.102843 8.101602 8.100361 8.099121 8.097882 8.096643 8.095404 8.094164 8.092922 8.091602 8.090204 8.088804 8.087406 8.086005 8.084605 8.083206 8.081807 8.08041 8.079012 8.077612 8.07621 8.07477 8.073292 8.071812 8.07033 8.068849 8.067368 8.065887 8.064407 8.062927 8.061448 8.059967 8.058486
8.137398 8.136526 8.135657 8.134788 8.133917 8.133047 8.132119 8.131129 8.130138 8.129148 8.12816 8.127171 8.126183 8.125195 8.124207 8.12322 8.122234 8.121246 8.120197 8.119083 8.11797 8.116856 8.115742 8.11463 8.113518 8.112406 8.111294 8.110184 8.109074 8.107962 8.106789 8.105551 8.104315 8.103076 8.101839 8.100603 8.099367 8.098133 8.096899 8.095667 8.094434 8.093201 8.091884 8.090487 8.089087 8.08769 8.086293 8.084897 8.083502 8.082108 8.080715 8.079323 8.077932 8.07654 8.075101 8.07362 8.072138 8.070658 8.069176 8.067698 8.066219 8.064742 8.063266 8.06179 8.060314 8.058836
8.13752 8.136651 8.135782 8.134914 8.134048 8.133181 8.132254 8.131266 8.130278 8.129291 8.128304 8.127319 8.126332 8.125348 8.124363 8.123379 8.122396 8.121412 8.120366 8.119256 8.118145 8.117035 8.115926 8.114818 8.113708 8.112601 8.111494 8.110389 8.109283 8.108177 8.107008 8.105773 8.104538 8.103305 8.102072 8.10084 8.099609 8.098377 8.097148 8.095919 8.094692 8.093466 8.092152 8.090755 8.089361 8.087967 8.086575 8.085182 8.083792 8.082401 8.081013 8.079626 8.078239 8.076854 8.075418 8.073936 8.072456 8.070978 8.069499 8.068024 8.066546 8.065072 8.063598 8.062124 8.060652 8.059179
8.137599 8.136732 8.135864 8.134996 8.134129 8.133261 8.132335 8.131351 8.130365 8.129381 8.128396 8.127412 8.126429 8.125444 8.124461 8.123478 8.122494 8.121511 8.120466 8.119361 8.118254 8.117147 8.116041 8.114934 8.113829 8.112723 8.111618 8.110514 8.109407 8.108302 8.107134 8.105905 8.104675 8.103444 8.102214 8.100984 8.099754 8.098526 8.097298 8.09607 8.094841 8.093611 8.0923 8.090912 8.089523 8.088131 8.086742 8.085352 8.083963 8.082575 8.081188 8.079802 8.078414 8.077023 8.07559 8.074118 8.072641 8.071165 8.06969 8.068214 8.06674 8.065266 8.063793 8.062321 8.060845 8.05937
