Spatial_Analysis/Downscaled_EnvironmentalLayers/RCP4_5/2050/ph_near45.asc
ncols         648
nrows         324
xllcorner     -102.97071042
yllcorner     3.973116569
cellsize      0.083
NODATA_value  -9999
[rows 290 to 318 of 324, columns 66 to 131 of 648]
8.16527 8.165312 8.165352 8.165394 8.165436 8.165476 8.165518 8.16556 8.165601 8.165642 8.165684 8.165726 8.165622 8.165369 8.165118 8.164867 8.164616 8.164364 8.164112 8.163861 8.16361 8.16336 8.163108 8.162855 8.162458 8.161914 8.161369 8.160826 8.160282 8.159739 8.159194 8.158651 8.158106 8.157562 8.157018 8.156471 8.155855 8.155167 8.15448 8.153791 8.153103 8.152416 8.151728 8.151039 8.150352 8.149664 8.148974 8.148285 8.147572 8.146832 8.146094 8.145355 8.144615 8.143877 8.143137 8.142398 8.141659 8.140921 8.140181 8.139442 8.138645 8.137789 8.136934 8.13608 8.135223 8.134369
8.165543 8.165586 8.16563 8.165674 8.165717 8.165762 8.165806 8.16585 8.165895 8.165939 8.165983 8.166027 8.165924 8.165672 8.165419 8.165166 8.164912 8.16466 8.164408 8.164156 8.163903 8.163651 8.163399 8.163145 8.162746 8.162201 8.161655 8.161111 8.160565 8.160021 8.159475 8.158932 8.158386 8.157843 8.157297 8.156752 8.156134 8.155445 8.154755 8.154065 8.153376 8.152685 8.151997 8.151308 8.15062 8.149931 8.149241 8.148552 8.147835 8.147091 8.146347 8.145601 8.144857 8.144114 8.14337 8.142626 8.141884 8.141141 8.140396 8.139653 8.138852 8.137993 8.137133 8.136271 8.135412 8.134552
8.165815 8.165861 8.165905 8.165952 8.165998 8.166044 8.166092 8.166139 8.166187 8.166235 8.166283 8.166328 8.166227 8.165972 8.165716 8.165462 8.165208 8.164953 8.1647 8.164446 8.164193 8.16394 8.163688 8.163435 8.163034 8.162487 8.16194 8.161392 8.160846 8.160299 8.159754 8.159209 8.158665 8.15812 8.157578 8.157032 8.156412 8.155719 8.155025 8.154333 8.153643 8.15295 8.15226 8.151571 8.150883 8.150195 8.149508 8.148817 8.148096 8.147345 8.146595 8.145844 8.145094 8.144344 8.143597 8.142849 8.142103 8.141357 8.140612 8.139865 8.139059 8.138191 8.137325 8.136458 8.135593 8.134729
8.166082 8.16613 8.166179 8.166226 8.166276 8.166327 8.166375 8.166426 8.166477 8.166527 8.166578 8.166628 8.166526 8.166269 8.166013 8.165756 8.165501 8.165245 8.164989 8.164734 8.16448 8.164227 8.163973 8.163718 8.163317 8.162767 8.162218 8.161671 8.161123 8.160575 8.160028 8.159483 8.158937 8.158392 8.157848 8.157303 8.156681 8.155986 8.155293 8.154598 8.153905 8.153213 8.152521 8.151831 8.15114 8.150451 8.149763 8.149073 8.148348 8.147593 8.146835 8.14608 8.145326 8.144573 8.14382 8.143068 8.142317 8.141567 8.140816 8.140066 8.139255 8.138384 8.137511 8.136641 8.135771 8.134902
8.166287 8.166338 8.166388 8.166438 8.166489 8.16654 8.166591 8.166641 8.166693 8.166744 8.166795 8.166847 8.166745 8.16649 8.166234 8.165977 8.165722 8.165466 8.165211 8.164955 8.1647 8.164445 8.164189 8.163934 8.163533 8.162987 8.162441 8.161894 8.161348 8.160803 8.160256 8.159712 8.159167 8.158622 8.158076 8.15753 8.15691 8.156218 8.155525 8.154832 8.154139 8.153446 8.152755 8.152063 8.151373 8.150681 8.14999 8.149297 8.148572 8.147816 8.147058 8.146299 8.145542 8.144785 8.144029 8.143272 8.142517 8.141761 8.141005 8.140247 8.139433 8.138563 8.13769 8.136818 8.135945 8.135074
8.166435 8.166487 8.166536 8.166586 8.166637 8.166687 8.166739 8.166788 8.166838 8.166889 8.166941 8.166992 8.166889 8.166635 8.166381 8.166126 8.165872 8.165617 8.165362 8.165109 8.164854 8.164599 8.164345 8.164089 8.163692 8.163149 8.162607 8.162066 8.161523 8.16098 8.160439 8.159896 8.159353 8.158812 8.158268 8.157724 8.157107 8.156418 8.155726 8.155035 8.154345 8.153652 8.152962 8.152271 8.15158 8.150888 8.150196 8.149506 8.148778 8.14802 8.14726 8.1465 8.145741 8.144981 8.144222 8.143462 8.142702 8.141943 8.141184 8.140423 8.139606 8.138734 8.137861 8.136988 8.136114 8.135241
8.166584 8.166634 8.166683 8.166734 8.166783 8.166833 8.166883 8.166933 8.166983 8.167034 8.167084 8.167135 8.167034 8.16678 8.166527 8.166273 8.166019 8.165767 8.165514 8.16526 8.165007 8.164753 8.164499 8.164246 8.16385 8.163312 8.162773 8.162234 8.161695 8.161157 8.160618 8.160079 8.15954 8.159 8.158462 8.157921 8.157307 8.156616 8.155927 8.155236 8.154547 8.153855 8.153166 8.152475 8.151785 8.151095 8.150404 8.149713 8.148987 8.148224 8.147461 8.1467 8.145937 8.145174 8.144411 8.143649 8.142887 8.142124 8.141362 8.1406 8.139781 8.138906 8.138031 8.137156 8.136281 8.135406
8.166731 8.16678 8.16683 8.16688 8.166929 8.166979 8.167028 8.167078 8.167128 8.167177 8.167229 8.16728 8.167179 8.166925 8.166673 8.166421 8.166169 8.165916 8.165665 8.165413 8.165159 8.164907 8.164656 8.164402 8.164008 8.163473 8.162938 8.162402 8.161867 8.161332 8.160797 8.160261 8.159725 8.159191 8.158653 8.158116 8.157505 8.156816 8.156128 8.155437 8.154748 8.154059 8.15337 8.15268 8.151991 8.151301 8.150612 8.14992 8.149193 8.148429 8.147663 8.146898 8.146133 8.145367 8.144602 8.143837 8.143071 8.142305 8.141541 8.140776 8.139955 8.139077 8.138201 8.137324 8.136448 8.135571
8.16688 8.166927 8.166977 8.167027 8.167076 8.167126 8.167175 8.167223 8.167274 8.167323 8.167372 8.167424 8.167322 8.16707 8.16682 8.166569 8.166317 8.166066 8.165815 8.165565 8.165312 8.165061 8.16481 8.164558 8.164167 8.163635 8.163103 8.162572 8.16204 8.161508 8.160976 8.160444 8.159912 8.15938 8.158847 8.158314 8.157703 8.157016 8.156326 8.155639 8.154951 8.154263 8.153573 8.152885 8.152197 8.151508 8.150818 8.150129 8.149401 8.148634 8.147865 8.147097 8.14633 8.14556 8.144793 8.144024 8.143255 8.142488 8.14172 8.140951 8.140129 8.13925 8.138371 8.137492 8.136614 8.135736
8.167027 8.167076 8.167124 8.167173 8.167223 8.167271 8.16732 8.16737 8.167418 8.167467 8.167517 8.167567 8.167467 8.167216 8.166965 8.166716 8.166466 8.166216 8.165965 8.165716 8.165466 8.165216 8.164965 8.164715 8.164326 8.163797 8.163269 8.162741 8.162212 8.161684 8.161156 8.160625 8.160098 8.15957 8.15904 8.15851 8.157902 8.157215 8.156528 8.15584 8.155153 8.154465 8.153778 8.15309 8.152403 8.151714 8.151027 8.150337 8.149607 8.148838 8.148067 8.147296 8.146524 8.145754 8.144983 8.144213 8.14344 8.14267 8.141898 8.141128 8.140303 8.139421 8.13854 8.137661 8.13678 8.1359
8.167174 8.167223 8.167271 8.16732 8.167368 8.167418 8.167465 8.167515 8.167562 8.167612 8.167662 8.167711 8.16761 8.167361 8.167112 8.166862 8.166615 8.166365 8.166117 8.165868 8.165619 8.165369 8.165121 8.164872 8.164484 8.16396 8.163435 8.16291 8.162384 8.16186 8.161333 8.16081 8.160284 8.159759 8.159233 8.158707 8.1581 8.157413 8.156728 8.156042 8.155354 8.154668 8.15398 8.153295 8.152609 8.15192 8.151234 8.150546 8.149816 8.149042 8.148268 8.147495 8.146721 8.145947 8.145173 8.1444 8.143625 8.142851 8.142076 8.141304 8.140475 8.139593 8.138712 8.137829 8.136947 8.136065
8.167322 8.16737 8.167418 8.167466 8.167515 8.167562 8.167611 8.16766 8.167707 8.167755 8.167805 8.167854 8.167755 8.167507 8.167259 8.16701 8.166763 8.166514 8.166267 8.166019 8.165771 8.165524 8.165276 8.165028 8.164644 8.164122 8.1636 8.163078 8.162556 8.162035 8.161513 8.160992 8.160469 8.159948 8.159427 8.158903 8.158299 8.157614 8.156929 8.156242 8.155557 8.154871 8.154185 8.1535 8.152813 8.152128 8.151442 8.150754 8.150023 8.149247 8.148471 8.147694 8.146916 8.146139 8.145363 8.144587 8.14381 8.143033 8.142257 8.141479 8.140649 8.139765 8.138882 8.137998 8.137114 8.13623
8.167469 8.167517 8.167566 8.167613 8.167661 8.167709 8.167757 8.167805 8.167852 8.1679 8.167949 8.167997 8.167899 8.167652 8.167404 8.167158 8.166912 8.166664 8.166418 8.166171 8.165925 8.165678 8.16543 8.165184 8.164803 8.164284 8.163765 8.163248 8.162729 8.16221 8.161693 8.161174 8.160656 8.160137 8.159618 8.1591 8.158498 8.157814 8.157127 8.156444 8.15576 8.155074 8.15439 8.153704 8.153019 8.152334 8.151649 8.150963 8.15023 8.149452 8.148672 8.147892 8.147113 8.146334 8.145554 8.144774 8.143993 8.143214 8.142435 8.141655 8.140823 8.139936 8.139051 8.138166 8.13728 8.136395
8.167618 8.167665 8.167713 8.16776 8.167807 8.167854 8.167902 8.16795 8.167997 8.168045 8.168093 8.168141 8.168043 8.167797 8.167551 8.167305 8.167059 8.166815 8.166569 8.166323 8.166078 8.165832 8.165586 8.16534 8.164961 8.164446 8.163931 8.163416 8.162901 8.162385 8.161871 8.161356 8.160842 8.160326 8.159813 8.159296 8.158697 8.158012 8.157328 8.156645 8.15596 8.155275 8.154593 8.153908 8.153225 8.152541 8.151857 8.151173 8.150438 8.149656 8.148873 8.14809 8.147307 8.146524 8.145742 8.144959 8.144178 8.143396 8.142614 8.141831 8.140997 8.140109 8.139221 8.138332 8.137444 8.136557
8.167765 8.16781 8.167857 8.167904 8.16795 8.167997 8.168045 8.168093 8.16814 8.168188 8.168237 8.168284 8.168187 8.167942 8.167696 8.16745 8.167206 8.166961 8.166716 8.166472 8.166228 8.165984 8.165741 8.165497 8.165119 8.164606 8.164094 8.163582 8.16307 8.162558 8.162046 8.161536 8.161024 8.160515 8.160005 8.159493 8.158895 8.158211 8.157526 8.156841 8.156158 8.155474 8.154793 8.15411 8.153427 8.152746 8.152063 8.151381 8.150646 8.149858 8.149071 8.148285 8.147498 8.146711 8.145927 8.145142 8.144358 8.143575 8.142792 8.142007 8.141171 8.140278 8.139385 8.138494 8.137604 8.136715
8.167909 8.167953 8.167999 8.168046 8.168093 8.168139 8.168186 8.168234 8.168282 8.168329 8.168377 8.168425 8.168327 8.168083 8.167839 8.167595 8.167351 8.167107 8.166862 8.16662 8.166377 8.166135 8.165892 8.165649 8.165274 8.164764 8.164255 8.163746 8.163237 8.162728 8.162221 8.161713 8.161205 8.160698 8.160192 8.159685 8.159088 8.158404 8.157721 8.157038 8.156355 8.155671 8.154989 8.154308 8.153626 8.152946 8.152266 8.151585 8.150846 8.150057 8.149266 8.148475 8.147686 8.146896 8.146108 8.14532 8.144533 8.143745 8.14296 8.142174 8.141334 8.140439 8.139545 8.138651 8.137759 8.136868
8.167946 8.167992 8.168037 8.168082 8.168127 8.168173 8.168219 8.168264 8.16831 8.168357 8.168402 8.168449 8.168352 8.16811 8.167869 8.167627 8.167385 8.167144 8.166903 8.166661 8.16642 8.16618 8.165938 8.165697 8.165325 8.164822 8.164318 8.163813 8.16331 8.162807 8.162302 8.1618 8.161297 8.160793 8.16029 8.159787 8.159195 8.158516 8.157836 8.157156 8.156477 8.155797 8.155118 8.15444 8.153761 8.153082 8.152403 8.151724 8.150988 8.1502 8.149409 8.14862 8.147829 8.14704 8.146251 8.145462 8.144674 8.143886 8.143097 8.142307 8.141468 8.140577 8.139685 8.138792 8.137899 8.137009
8.167883 8.167925 8.167969 8.168013 8.168056 8.168098 8.168142 8.168184 8.168228 8.168272 8.168314 8.168359 8.168262 8.168022 8.167786 8.167547 8.167309 8.167071 8.166834 8.166595 8.166357 8.166119 8.165881 8.165644 8.165277 8.16478 8.164282 8.163784 8.163288 8.16279 8.162292 8.161797 8.161298 8.160801 8.160303 8.159805 8.15922 8.158546 8.157873 8.157199 8.156525 8.155851 8.155178 8.154505 8.153831 8.153157 8.152483 8.151808 8.151076 8.15029 8.149504 8.148716 8.14793 8.147142 8.146355 8.145569 8.144782 8.143995 8.143209 8.142422 8.141582 8.140695 8.139805 8.138917 8.138027 8.137138
8.16782 8.16786 8.1679 8.167941 8.167982 8.168024 8.168064 8.168105 8.168144 8.168186 8.168226 8.168268 8.168173 8.167936 8.167703 8.167467 8.167233 8.166998 8.166763 8.166529 8.166294 8.166059 8.165825 8.165591 8.165228 8.164737 8.164246 8.163754 8.163263 8.162772 8.162281 8.161791 8.161299 8.160809 8.160316 8.159826 8.159246 8.158578 8.157909 8.157242 8.156572 8.155904 8.155235 8.154568 8.1539 8.153231 8.152561 8.151892 8.151164 8.150381 8.149597 8.148811 8.148027 8.147243 8.146459 8.145674 8.144888 8.144104 8.14332 8.142536 8.1417 8.140812 8.139925 8.139038 8.138151 8.137264
8.167755 8.167793 8.167831 8.16787 8.167909 8.167947 8.167986 8.168024 8.168062 8.1681 8.168139 8.168178 8.168082 8.16785 8.167619 8.167387 8.167156 8.166924 8.166694 8.166462 8.166231 8.165998 8.165768 8.165538 8.16518 8.164694 8.16421 8.163725 8.16324 8.162755 8.16227 8.161785 8.161301 8.160816 8.160331 8.159845 8.159271 8.158609 8.157947 8.157282 8.15662 8.155957 8.155293 8.154631 8.153967 8.153305 8.152641 8.151975 8.151252 8.150472 8.149689 8.148907 8.148125 8.147343 8.146561 8.145778 8.144996 8.144214 8.143431 8.142651 8.141816 8.14093 8.140045 8.13916 8.138275 8.13739
8.167692 8.167727 8.167765 8.167799 8.167835 8.167871 8.167908 8.167943 8.167979 8.168015 8.168052 8.168088 8.167992 8.167765 8.167536 8.167307 8.16708 8.166851 8.166624 8.166395 8.166168 8.165939 8.165712 8.165485 8.165132 8.164652 8.164174 8.163694 8.163216 8.162737 8.162259 8.16178 8.161301 8.160822 8.160344 8.159866 8.159298 8.15864 8.157982 8.157325 8.156668 8.15601 8.155352 8.154694 8.154036 8.153378 8.152719 8.15206 8.15134 8.150562 8.149783 8.149002 8.148222 8.147443 8.146663 8.145882 8.145103 8.144322 8.143542 8.142763 8.141932 8.141048 8.140165 8.139282 8.138399 8.137516
8.167629 8.167662 8.167695 8.167728 8.167762 8.167795 8.16783 8.167862 8.167896 8.167929 8.167963 8.167997 8.167902 8.167677 8.167453 8.167228 8.167004 8.166779 8.166553 8.166329 8.166104 8.165878 8.165655 8.165432 8.165083 8.16461 8.164137 8.163666 8.163192 8.16272 8.162248 8.161776 8.161303 8.16083 8.160358 8.159885 8.159323 8.15867 8.158018 8.157366 8.156713 8.156062 8.155411 8.154757 8.154105 8.153454 8.1528 8.152143 8.151428 8.150653 8.149876 8.149097 8.14832 8.147542 8.146765 8.145987 8.145208 8.144432 8.143654 8.142878 8.142048 8.141167 8.140285 8.139404 8.138523 8.137643
8.167564 8.167595 8.167626 8.167658 8.167688 8.16772 8.167751 8.167782 8.167813 8.167844 8.167875 8.167907 8.167812 8.167591 8.167369 8.167148 8.166925 8.166704 8.166483 8.166262 8.166041 8.16582 8.165599 8.165379 8.165034 8.164568 8.164101 8.163635 8.163168 8.162703 8.162237 8.16177 8.161304 8.160837 8.160372 8.159904 8.159349 8.158701 8.158055 8.157408 8.156761 8.156115 8.155468 8.154821 8.154174 8.153527 8.152878 8.152229 8.151518 8.150743 8.149969 8.149193 8.148418 8.147642 8.146867 8.146091 8.145316 8.144541 8.143765 8.142992 8.142164 8.141285 8.140406 8.139526 8.138647 8.137769
8.167501 8.167528 8.167559 8.167587 8.167615 8.167645 8.167673 8.167702 8.16773 8.167759 8.167788 8.167816 8.167722 8.167504 8.167286 8.167068 8.166849 8.166632 8.166414 8.166195 8.165977 8.16576 8.165542 8.165325 8.164986 8.164526 8.164064 8.163605 8.163145 8.162684 8.162224 8.161764 8.161304 8.160845 8.160385 8.159925 8.159374 8.158733 8.158091 8.15745 8.156809 8.156168 8.155525 8.154884 8.154243 8.153601 8.152959 8.152314 8.151607 8.150835 8.150061 8.149288 8.148516 8.147741 8.146969 8.146196 8.145424 8.14465 8.143876 8.143105 8.142281 8.141403 8.140526 8.139648 8.138771 8.137895
8.167438 8.167463 8.167489 8.167516 8.167543 8.167568 8.167595 8.167622 8.167646 8.167673 8.1677 8.167726 8.167632 8.167418 8.167202 8.166987 8.166773 8.166558 8.166344 8.166129 8.165915 8.1657 8.165485 8.165272 8.164936 8.164483 8.164029 8.163574 8.163121 8.162666 8.162212 8.16176 8.161305 8.160851 8.160398 8.159945 8.159401 8.158764 8.158127 8.157492 8.156855 8.156219 8.155584 8.154947 8.154311 8.153675 8.153038 8.152399 8.151695 8.150927 8.150155 8.149384 8.148613 8.147842 8.147072 8.1463 8.145529 8.144758 8.143989 8.143219 8.142396 8.141521 8.140646 8.139771 8.138896 8.138021
8.167374 8.167398 8.167421 8.167445 8.167469 8.167494 8.167517 8.167541 8.167564 8.167588 8.167612 8.167635 8.167542 8.167331 8.16712 8.166908 8.166697 8.166485 8.166274 8.166062 8.165852 8.16564 8.165428 8.165218 8.164888 8.16444 8.163993 8.163546 8.163097 8.162649 8.162201 8.161755 8.161306 8.160859 8.160412 8.159964 8.159426 8.158794 8.158164 8.157534 8.156902 8.156271 8.155641 8.15501 8.15438 8.153749 8.153119 8.152486 8.151784 8.151016 8.150248 8.149479 8.14871 8.147942 8.147173 8.146404 8.145636 8.144868 8.1441 8.143332 8.142512 8.141638 8.140765 8.139893 8.139019 8.138145
8.16731 8.167332 8.167353 8.167374 8.167397 8.167418 8.167439 8.167459 8.16748 8.167503 8.167524 8.167544 8.167452 8.167244 8.167036 8.166827 8.166618 8.16641 8.166203 8.165995 8.165787 8.165579 8.165371 8.165165 8.16484 8.164397 8.163956 8.163513 8.163071 8.16263 8.162188 8.161747 8.161305 8.160865 8.160423 8.159983 8.159451 8.158823 8.158197 8.157572 8.156946 8.156321 8.155695 8.155071 8.154446 8.153822 8.153198 8.152572 8.151874 8.151106 8.150338 8.149571 8.148805 8.148038 8.147272 8.146506 8.145741 8.144976 8.144211 8.143444 8.142628 8.141755 8.140882 8.140011 8.139139 8.138268
8.167248 8.167267 8.167286 8.167304 8.167323 8.167341 8.16736 8.167379 8.167397 8.167418 8.167435 8.167455 8.167361 8.167156 8.16695 8.166746 8.16654 8.166336 8.166131 8.165926 8.165722 8.165518 8.165314 8.16511 8.164789 8.164353 8.163918 8.163481 8.163044 8.162608 8.162173 8.161737 8.161303 8.160868 8.160433 8.159999 8.159472 8.158851 8.15823 8.157609 8.156989 8.156369 8.155749 8.15513 8.15451 8.153892 8.153273 8.152655 8.151958 8.151192 8.150428 8.149662 8.148897 8.148134 8.147369 8.146606 8.145843 8.145079 8.144318 8.143555 8.142739 8.141869 8.140998 8.140127 8.139258 8.138388
8.167244 8.167261 8.167278 8.167295 8.167313 8.16733 8.167347 8.167364 8.167381 8.167398 8.167415 8.167433 8.167339 8.167136 8.166932 8.166729 8.166526 8.166322 8.166119 8.165915 8.165712 8.165509 8.165306 8.165102 8.164785 8.164352 8.163918 8.163486 8.163052 8.16262 8.162186 8.161755 8.161322 8.160889 8.160456 8.160025 8.1595 8.158882 8.158265 8.157648 8.15703 8.156414 8.155796 8.15518 8.154564 8.153947 8.15333 8.15271 8.152018 8.151256 8.150492 8.149729 8.148965 8.148202 8.147438 8.146677 8.145913 8.145151 8.144388 8.143626 8.142811 8.141943 8.141075 8.140205 8.139337 8.138468
