Spatial_Analysis/Downscaled_EnvironmentalLayers/RCP4_5/2050/ph_near45.asc
ncols         648
nrows         324
xllcorner     -102.97071042
yllcorner     3.973116569
cellsize      0.083
NODATA_value  -9999
[rows 232 to 260 of 324, columns 198 to 263 of 648]
8.063595 8.062686 8.061758 8.060809 -9999 -9999 -9999 -9999 -9999 -9999 -9999 -9999 -9999 -9999 -9999 -9999 -9999 -9999 -9999 -9999 -9999 -9999 -9999 -9999 -9999 -9999 -9999 -9999 -9999 -9999 -9999 -9999 -9999 -9999 7.871711 7.871822 7.872014 7.872086 7.872198 7.872362 7.872561 7.872784 7.873016 7.873243 7.873456 7.873638 7.873775 7.873859 7.874417 7.875792 7.87717 7.878518 7.879838 7.88113 7.882398 7.883642 7.884863 7.886064 7.887243 7.888412 7.88974 7.89118 7.89264 7.894093 7.895538 7.896974
8.063082 8.062136 8.06118 8.060219 8.05925 -9999 -9999 -9999 -9999 -9999 -9999 -9999 -9999 -9999 -9999 -9999 -9999 -9999 -9999 -9999 -9999 -9999 -9999 -9999 -9999 -9999 -9999 -9999 -9999 -9999 -9999 -9999 -9999 7.871794 7.871867 7.871912 7.872084 7.872279 7.872435 7.872627 7.872853 7.8731 7.873354 7.873607 7.873843 7.874053 7.874226 7.874402 7.875032 7.876331 7.877711 7.879074 7.880412 7.881726 7.883016 7.884284 7.88553 7.886746 7.887937 7.889123 7.890426 7.891823 7.893269 7.894723 7.89618 7.897631
8.062652 8.061682 8.060713 8.059746 8.058777 8.057808 -9999 -9999 -9999 -9999 -9999 -9999 -9999 -9999 -9999 -9999 -9999 -9999 -9999 -9999 -9999 -9999 -9999 -9999 -9999 -9999 -9999 -9999 -9999 -9999 -9999 -9999 7.874806 7.873851 7.873049 7.87231 7.872188 7.872597 7.872884 7.873163 7.873445 7.873737 7.874034 7.874331 7.874618 7.874897 7.875194 7.875529 7.876285 7.877464 7.87878 7.880111 7.881449 7.882778 7.884089 7.885365 7.886608 7.887826 7.889043 7.890273 7.891582 7.892969 7.894368 7.89579 7.897229 7.89868
8.062294 8.061318 8.060343 8.059369 8.058393 8.057419 8.056444 -9999 -9999 -9999 -9999 -9999 -9999 -9999 -9999 -9999 -9999 -9999 -9999 -9999 -9999 -9999 -9999 -9999 -9999 -9999 -9999 -9999 -9999 -9999 -9999 -9999 7.880468 7.877731 7.875437 7.873359 7.872693 7.873229 7.87361 7.873971 7.874332 7.874694 7.875056 7.875417 7.875779 7.876149 7.876503 7.876987 7.877809 7.878962 7.880276 7.881615 7.882953 7.884273 7.885552 7.886802 7.888026 7.889242 7.890471 7.891708 7.893027 7.894425 7.895824 7.897241 7.898673 7.900122
8.061936 8.060954 8.059973 8.058992 8.058012 8.057031 8.056051 8.05507 -9999 -9999 -9999 -9999 -9999 -9999 -9999 -9999 -9999 -9999 -9999 -9999 -9999 -9999 -9999 -9999 -9999 -9999 -9999 -9999 -9999 -9999 -9999 -9999 7.885747 7.881447 7.877753 7.874431 7.873234 7.87385 7.874333 7.87477 7.875206 7.875641 7.876078 7.876513 7.876956 7.877384 7.877839 7.878417 7.879292 7.880466 7.881774 7.883134 7.884464 7.885743 7.886989 7.888208 7.889419 7.890644 7.891882 7.893127 7.894455 7.895865 7.897275 7.898695 7.900136 7.901597
8.061578 8.06059 8.059603 8.058617 8.057629 8.056643 8.055655 8.054669 8.053682 -9999 -9999 -9999 -9999 -9999 -9999 -9999 -9999 -9999 -9999 -9999 -9999 -9999 -9999 -9999 -9999 -9999 -9999 -9999 -9999 -9999 -9999 -9999 -9999 7.88501 7.88002 7.875521 7.873804 7.874485 7.875059 7.875569 7.876079 7.876589 7.8771 7.877614 7.878119 7.878629 7.879169 7.879818 7.880746 7.881953 7.88327 7.884624 7.885911 7.887158 7.888376 7.88958 7.890799 7.892032 7.893278 7.894531 7.89587 7.897291 7.898714 7.900147 7.901601 7.903076
8.061219 8.060225 8.059233 8.05824 8.057247 8.056253 8.055262 8.054269 8.053276 8.052283 -9999 -9999 -9999 -9999 -9999 -9999 -9999 -9999 -9999 -9999 -9999 -9999 -9999 -9999 -9999 -9999 -9999 -9999 -9999 -9999 -9999 -9999 -9999 7.888429 7.882245 7.876625 7.874396 7.875134 7.875783 7.876368 7.876953 7.877537 7.878123 7.878705 7.87929 7.879873 7.88049 7.881199 7.882176 7.883426 7.884753 7.886061 7.887313 7.888533 7.889732 7.890938 7.892166 7.893407 7.89466 7.895923 7.897272 7.898704 7.900141 7.901591 7.903063 7.904554
8.060862 8.059862 8.058863 8.057864 8.056865 8.055866 8.054867 8.053868 8.05287 8.05187 -9999 -9999 -9999 -9999 -9999 -9999 -9999 -9999 -9999 -9999 -9999 -9999 -9999 -9999 -9999 -9999 -9999 -9999 -9999 -9999 -9999 -9999 -9999 -9999 7.88443 7.877735 7.875004 7.875795 7.876509 7.877167 7.877826 7.878483 7.879142 7.879802 7.88046 7.881118 7.881803 7.882565 7.883593 7.884887 7.886192 7.887458 7.888682 7.889881 7.891072 7.892286 7.893519 7.894768 7.896029 7.897302 7.898661 7.900106 7.90156 7.903028 7.904518 7.906028
8.060502 8.059497 8.058492 8.057487 8.056482 8.055477 8.054473 8.053468 -9999 -9999 -9999 -9999 -9999 -9999 -9999 -9999 -9999 -9999 -9999 -9999 -9999 -9999 -9999 -9999 -9999 -9999 -9999 -9999 -9999 -9999 -9999 -9999 -9999 -9999 -9999 7.878846 7.875623 7.876464 7.877234 7.877966 7.878697 7.879431 7.880164 7.880898 7.88163 7.882363 7.88311 7.883924 7.884999 7.886321 7.887593 7.888825 7.890025 7.891207 7.8924 7.893619 7.894858 7.896115 7.897386 7.898668 7.900039 7.901498 7.90297 7.904457 7.905967 7.907495
8.060144 8.059134 8.058122 8.057112 8.0561 8.055089 8.054079 8.053068 8.052057 -9999 -9999 -9999 -9999 -9999 -9999 -9999 -9999 -9999 -9999 -9999 -9999 -9999 -9999 -9999 -9999 -9999 -9999 -9999 -9999 -9999 -9999 -9999 -9999 -9999 -9999 -9999 7.876245 7.877134 7.877958 7.878763 7.879572 7.88038 7.881186 7.881993 7.8828 7.883607 7.884418 7.885281 7.886405 7.887722 7.888964 7.890163 7.891343 7.892516 7.893713 7.894937 7.896185 7.89745 7.89873 7.900023 7.901406 7.90288 7.90437 7.905878 7.907406 7.908955
8.059786 8.058767 8.057752 8.056735 8.055717 8.054701 8.053684 8.052668 8.051651 8.050634 8.049616 -9999 -9999 -9999 -9999 -9999 -9999 -9999 -9999 -9999 -9999 -9999 -9999 -9999 -9999 -9999 -9999 -9999 -9999 -9999 -9999 -9999 -9999 -9999 -9999 -9999 7.876866 7.877799 7.878681 7.879565 7.880446 7.881327 7.882208 7.88309 7.883971 7.884852 7.885733 7.886641 7.887813 7.8891 7.890303 7.891475 7.89264 7.893809 7.895009 7.896241 7.897496 7.89877 7.900061 7.901364 7.902761 7.904252 7.90576 7.907289 7.908838 7.910407
8.059426 8.058405 8.057382 8.056358 8.055336 8.054315 8.053291 8.052269 8.051245 8.050221 8.049198 -9999 -9999 -9999 -9999 -9999 -9999 -9999 -9999 -9999 -9999 -9999 -9999 -9999 -9999 -9999 -9999 -9999 -9999 -9999 -9999 -9999 -9999 -9999 -9999 -9999 7.877479 7.878452 7.879406 7.88035 7.881288 7.882227 7.883173 7.884129 7.885098 7.886078 7.887052 7.888012 7.889214 7.890445 7.891602 7.892746 7.893898 7.895068 7.896277 7.89752 7.898788 7.900076 7.901379 7.902694 7.904104 7.905612 7.90714 7.90869 7.910261 7.911851
8.059069 8.058042 8.057013 8.055985 8.054958 8.05393 8.052902 8.051873 8.050844 8.049814 -9999 -9999 -9999 -9999 -9999 -9999 -9999 -9999 -9999 -9999 -9999 -9999 -9999 -9999 -9999 -9999 -9999 -9999 -9999 -9999 -9999 -9999 -9999 -9999 -9999 -9999 -9999 7.879091 7.880093 7.881083 7.882071 7.883061 7.88406 7.885073 7.886106 7.887165 7.888259 7.889384 7.890594 7.8917 7.89281 7.893946 7.895103 7.896284 7.897509 7.898767 7.900053 7.901358 7.902677 7.904009 7.905434 7.906961 7.908512 7.910083 7.911674 7.913285
8.058714 8.057681 8.056648 8.055614 8.054583 8.053549 8.052515 8.051481 8.050446 8.04941 -9999 -9999 -9999 -9999 -9999 -9999 -9999 -9999 -9999 -9999 -9999 -9999 -9999 -9999 -9999 -9999 -9999 -9999 -9999 -9999 -9999 -9999 -9999 -9999 -9999 -9999 -9999 7.879694 7.880738 7.881773 7.882804 7.883837 7.884879 7.885934 7.887009 7.888108 7.889235 7.890362 7.891603 7.892776 7.893918 7.895078 7.896257 7.89746 7.898706 7.899985 7.90129 7.902615 7.903955 7.905306 7.906753 7.908302 7.909873 7.911467 7.91308 7.914711
8.058388 8.057337 8.056285 8.055233 8.054182 8.053131 8.052079 8.051027 8.049974 -9999 -9999 -9999 -9999 -9999 -9999 -9999 -9999 -9999 -9999 -9999 -9999 -9999 -9999 -9999 -9999 -9999 -9999 -9999 -9999 -9999 -9999 -9999 -9999 -9999 -9999 -9999 -9999 -9999 7.885344 7.886022 7.886694 7.887367 7.888045 7.888731 7.889427 7.890128 7.890815 7.8915 7.892591 7.893909 7.895138 7.896349 7.897563 7.89879 7.900056 7.901353 7.902675 7.904016 7.905371 7.906739 7.908206 7.909773 7.91136 7.912968 7.914596 7.916244
8.058086 8.057005 8.055923 8.054841 8.05376 8.052677 8.051596 8.050512 -9999 -9999 -9999 -9999 -9999 -9999 -9999 -9999 -9999 -9999 -9999 -9999 -9999 -9999 -9999 -9999 -9999 -9999 -9999 -9999 -9999 -9999 -9999 -9999 -9999 -9999 -9999 -9999 -9999 -9999 7.893926 7.893832 7.893736 7.89364 7.893546 7.89345 7.893354 7.893259 7.893163 7.893068 7.893786 7.895198 7.896498 7.897761 7.899015 7.900271 7.901556 7.90287 7.904206 7.905561 7.906932 7.908314 7.909794 7.911374 7.912971 7.914588 7.916226 7.917883
8.057785 8.056673 8.055561 8.054449 8.053337 8.052225 8.051113 8.050001 -9999 -9999 -9999 -9999 -9999 -9999 -9999 -9999 -9999 -9999 -9999 -9999 -9999 -9999 -9999 -9999 -9999 -9999 -9999 -9999 -9999 -9999 -9999 -9999 -9999 -9999 -9999 -9999 -9999 -9999 -9999 7.901635 7.90076 7.899885 7.899011 7.898136 7.897261 7.896386 7.895512 7.894637 7.894969 7.896456 7.897827 7.899142 7.900439 7.901727 7.903034 7.904368 7.905723 7.907095 7.908481 7.909879 7.911373 7.912966 7.914575 7.916201 7.917847 7.919513
8.057483 8.056342 8.0552 8.054057 8.052915 8.051773 8.050629 8.049487 8.048346 -9999 -9999 -9999 -9999 -9999 -9999 -9999 8.038354 8.037022 -9999 -9999 -9999 -9999 -9999 -9999 -9999 -9999 -9999 -9999 -9999 -9999 -9999 -9999 -9999 -9999 -9999 -9999 -9999 -9999 -9999 -9999 7.907784 7.90613 7.904476 7.902822 7.901167 7.899514 7.89786 7.896204 7.896152 7.897689 7.899129 7.900501 7.901842 7.903169 7.9045 7.905854 7.907228 7.908618 7.91002 7.911432 7.912942 7.91455 7.916168 7.917805 7.919461 7.921137
8.057181 8.056011 8.054838 8.053665 8.052493 8.05132 8.050147 8.048973 8.047802 -9999 -9999 -9999 -9999 -9999 -9999 -9999 8.037624 8.036274 8.034925 -9999 -9999 -9999 -9999 -9999 -9999 -9999 -9999 -9999 -9999 -9999 -9999 -9999 -9999 -9999 -9999 -9999 -9999 -9999 -9999 -9999 -9999 7.912375 7.909941 7.907508 7.905075 7.902641 7.900208 7.897772 7.897334 7.898892 7.900403 7.901835 7.903226 7.904595 7.905952 7.907329 7.908722 7.91013 7.911549 7.912977 7.914503 7.916126 7.917757 7.919402 7.921068 7.922754
8.05688 8.055679 8.054476 8.053272 8.052071 8.050867 8.049664 8.048462 8.047258 8.046056 -9999 -9999 -9999 -9999 -9999 -9999 -9999 8.035527 8.034159 8.032791 -9999 -9999 -9999 -9999 -9999 -9999 -9999 -9999 -9999 -9999 -9999 -9999 -9999 -9999 -9999 -9999 -9999 -9999 -9999 -9999 -9999 -9999 7.915407 7.912194 7.908981 7.905768 7.902555 7.89934 7.898516 7.900084 7.901644 7.903141 7.904585 7.906001 7.907395 7.908792 7.910205 7.911632 7.913068 7.914512 7.916055 7.917695 7.919338 7.920993 7.922668 7.924366
8.05658 8.055347 8.054115 8.052881 8.051649 8.050415 8.049183 8.047949 8.046716 8.045483 8.044249 -9999 -9999 -9999 -9999 -9999 -9999 -9999 -9999 8.032007 8.030622 8.029236 -9999 -9999 -9999 -9999 -9999 -9999 -9999 -9999 -9999 -9999 -9999 -9999 -9999 -9999 -9999 -9999 -9999 -9999 -9999 -9999 -9999 7.916881 7.912888 7.908896 7.904903 7.900908 7.899699 7.901275 7.90285 7.904409 7.905914 7.907381 7.908822 7.910246 7.911679 7.913125 7.914579 7.91604 7.9176 7.919257 7.920915 7.92258 7.924267 7.925973
8.056278 8.055016 8.053753 8.052489 8.051226 8.049962 8.048699 8.047436 8.046173 8.044909 8.043645 8.042377 8.041044 8.039644 -9999 -9999 -9999 -9999 -9999 -9999 8.029819 8.028416 8.027012 -9999 -9999 -9999 -9999 -9999 -9999 -9999 -9999 -9999 -9999 -9999 -9999 -9999 -9999 -9999 -9999 -9999 -9999 -9999 -9999 -9999 7.916795 7.912024 7.907251 7.902477 7.900882 7.902469 7.90405 7.905632 7.907199 7.908724 7.910217 7.911688 7.913143 7.914608 7.916081 7.917559 7.919137 7.920811 7.922484 7.924168 7.925865 7.927583
8.055978 8.054685 8.053391 8.052098 8.050804 8.04951 8.048216 8.046923 8.045629 8.044334 8.043041 8.041744 8.040387 8.038969 8.037548 8.036127 -9999 -9999 -9999 8.030439 8.029018 8.027596 8.026175 -9999 -9999 -9999 -9999 -9999 -9999 -9999 -9999 -9999 -9999 -9999 -9999 -9999 -9999 -9999 -9999 -9999 -9999 -9999 -9999 -9999 7.920702 7.915151 7.9096 7.904047 7.902067 7.903661 7.905251 7.90684 7.90843 7.910013 7.911566 7.913092 7.914595 7.916081 7.917574 7.919072 7.920666 7.922357 7.924047 7.925753 7.927471 7.929201
8.055676 8.054354 8.053029 8.051706 8.050383 8.049059 8.047734 8.04641 8.045086 8.043762 8.042439 8.041113 8.039731 8.038292 8.036854 8.035414 -9999 -9999 8.031097 8.029657 8.028217 8.026777 -9999 -9999 -9999 -9999 -9999 -9999 -9999 -9999 -9999 -9999 -9999 -9999 -9999 -9999 -9999 -9999 -9999 -9999 -9999 -9999 -9999 -9999 -9999 7.918279 7.911948 7.905617 7.903252 7.904853 7.906451 7.90805 7.909648 7.911246 7.912845 7.914431 7.915994 7.917536 7.919056 7.920573 7.922187 7.923893 7.925609 7.927334 7.929071 7.93082
8.055376 8.054024 8.05267 8.051317 8.049963 8.048609 8.047255 8.0459 8.044544 8.04319 8.041835 8.040481 8.039075 8.037619 8.036161 8.034704 8.033249 8.031792 8.030334 8.028877 8.027419 8.025961 8.024502 -9999 -9999 -9999 -9999 -9999 -9999 -9999 -9999 -9999 -9999 -9999 -9999 -9999 -9999 -9999 -9999 -9999 -9999 -9999 -9999 -9999 -9999 -9999 -9999 -9999 7.904439 7.906047 7.907657 7.909266 7.910872 7.91248 7.914085 7.915691 7.917296 7.918899 7.92049 7.922061 7.923697 7.92542 7.927152 7.928896 7.930649 7.93241
8.055081 8.053698 8.052314 8.05093 8.049545 8.048161 8.046776 8.045391 8.044004 8.04262 8.041234 8.039848 8.038419 8.036945 8.035471 8.033998 8.032523 8.03105 8.029575 8.028101 8.026626 8.025148 8.023673 8.022196 8.020545 8.018717 8.016889 -9999 -9999 -9999 -9999 -9999 -9999 -9999 -9999 -9999 -9999 -9999 -9999 -9999 -9999 -9999 -9999 -9999 -9999 -9999 -9999 -9999 -9999 7.90725 7.908868 7.910485 7.912101 7.913716 7.915331 7.916945 7.918559 7.920171 7.921783 7.923395 7.9251 7.926878 7.928644 7.930404 7.932168 7.933939
8.054813 8.05341 8.052006 8.050602 8.0492 8.047795 8.046392 8.044989 8.043583 8.04218 8.040775 8.039371 8.037925 8.036439 8.034951 8.033463 8.031976 8.030489 8.029001 8.027513 8.026024 8.024536 8.023048 8.021559 8.020134 8.018774 8.017412 8.016049 -9999 -9999 -9999 -9999 -9999 -9999 -9999 -9999 -9999 -9999 -9999 -9999 -9999 -9999 -9999 -9999 -9999 -9999 -9999 -9999 -9999 -9999 7.912057 7.913519 7.914982 7.916443 7.917905 7.919365 7.920826 7.922287 7.923748 7.925207 7.926801 7.928528 7.930248 7.931967 7.933687 7.935406
8.054567 8.053158 8.051746 8.050335 8.048925 8.047514 8.046103 8.044693 8.043282 8.041872 8.040461 8.039045 8.037592 8.036098 8.034601 8.033104 8.031607 8.030109 8.028612 8.027115 8.025618 8.02412 8.022623 8.021122 8.019684 8.018312 8.016933 8.015556 8.014177 8.012799 8.011422 -9999 -9999 -9999 -9999 -9999 -9999 -9999 -9999 -9999 -9999 -9999 -9999 -9999 -9999 -9999 -9999 -9999 -9999 -9999 7.917222 7.918367 7.919514 7.92066 7.921806 7.922952 7.924098 7.925244 7.926391 7.927531 7.928902 7.930502 7.932094 7.933684 7.935275 7.936865
8.054321 8.052903 8.051486 8.050068 8.048651 8.047233 8.045815 8.044397 8.04298 8.041563 8.040143 8.038722 8.03726 8.035757 8.034252 8.032745 8.031238 8.029732 8.028224 8.026718 8.025211 8.023705 8.022198 8.020685 8.019236 8.017847 8.016455 8.015062 8.013668 8.012275 8.010881 8.009487 -9999 -9999 -9999 -9999 -9999 -9999 -9999 -9999 -9999 -9999 -9999 -9999 -9999 -9999 -9999 -9999 -9999 -9999 7.922385 7.923216 7.924048 7.924878 7.92571 7.926541 7.927371 7.928203 7.929032 7.929855 7.931002 7.932476 7.93394 7.935402 7.936862 7.938323
