Spatial_Analysis/Downscaled_EnvironmentalLayers/RCP4_5/2050/salinity_near45.asc
ncols         639
nrows         313
xllcorner     -103
yllcorner     4.021
cellsize      0.083
NODATA_value  -9999
[rows 0 to 28 of 313, columns 260 to 324 of 639]
-9999 36.43852 36.43842 36.43826 36.43801 36.43773 36.43747 36.43722 36.43699 36.43681 36.43668 36.43361 36.4263 36.41898 36.41166 36.40434 36.39703 36.38975 36.38251 36.3754 36.36854 36.36202 36.35553 36.35733 36.37341 36.3895 36.40561 36.42176 36.43797 36.45422 36.47056 36.48702 36.50359 36.52017 36.53677 36.54961 36.55437 36.55916 36.56398 36.5688 36.57362 36.57844 36.58326 36.58808 36.5929 36.59771 36.60246 36.60733 36.61261 36.61784 36.62301 36.62817 36.63334 36.63851 36.64368 36.64885 36.65401 36.65917 36.66426 36.66906 36.67293 36.67674 36.6805 36.68425 36.688
-9999 -9999 36.43755 36.4373 36.43705 36.43682 36.43661 36.43643 36.43629 36.43621 36.43612 36.43299 36.42561 36.41822 36.41083 36.40345 36.39612 36.38889 36.38186 36.37524 36.36874 36.36223 36.35571 36.35749 36.37358 36.38969 36.40585 36.42205 36.43831 36.45465 36.47112 36.48768 36.50425 36.52083 36.53744 36.55029 36.55507 36.55988 36.56472 36.56957 36.57442 36.57927 36.58411 36.58896 36.59381 36.59865 36.60342 36.60829 36.61356 36.61875 36.62389 36.62902 36.63415 36.63929 36.64442 36.64955 36.65468 36.65981 36.66487 36.66962 36.67345 36.67722 36.68093 36.68464 36.68834
-9999 -9999 36.43665 36.43645 36.43626 36.43609 36.43597 36.43588 36.43577 36.43562 36.43545 36.43223 36.42476 36.41728 36.40982 36.40246 36.39526 36.38845 36.38195 36.37545 36.36891 36.36236 36.35583 36.35763 36.37375 36.3899 36.40611 36.42237 36.43872 36.4552 36.47178 36.48834 36.50491 36.52148 36.53809 36.55095 36.55575 36.5606 36.56547 36.57035 36.57522 36.58009 36.58496 36.58984 36.59472 36.59959 36.60439 36.60927 36.61451 36.61967 36.62476 36.62986 36.63496 36.64006 36.64516 36.65026 36.65535 36.66045 36.66549 36.67021 36.67399 36.6777 36.68136 36.68502 36.68868
-9999 -9999 36.43592 36.43578 36.43567 36.43559 36.43549 36.43534 36.43515 36.4349 36.43461 36.43127 36.42368 36.41615 36.40876 36.4017 36.39517 36.38865 36.38211 36.37557 36.36902 36.36248 36.35595 36.35777 36.37391 36.39011 36.40639 36.42277 36.43929 36.45586 36.47244 36.489 36.50557 36.52214 36.53874 36.55161 36.55643 36.56132 36.56622 36.57112 36.57602 36.58092 36.58582 36.59072 36.59562 36.60052 36.60537 36.61027 36.61549 36.62058 36.62564 36.63071 36.63577 36.64083 36.6459 36.65096 36.65602 36.66109 36.66611 36.6708 36.67454 36.67818 36.68179 36.68541 36.68902
-9999 -9999 -9999 36.43533 36.43524 36.4351 36.43492 36.43468 36.43438 36.434 36.43355 36.43007 36.42241 36.41505 36.40839 36.40187 36.39533 36.38879 36.38225 36.3757 36.36914 36.36259 36.35606 36.35788 36.37407 36.39037 36.40682 36.4234 36.43998 36.45655 36.47312 36.48969 36.50624 36.52281 36.53938 36.55225 36.55711 36.56203 36.56697 36.5719 36.57682 36.58173 36.58666 36.59159 36.59652 36.60146 36.60638 36.6113 36.61647 36.62149 36.6265 36.63151 36.63651 36.64153 36.64656 36.65161 36.65667 36.66172 36.66675 36.67142 36.67508 36.67865 36.68219 36.68573 36.68929
-9999 -9999 -9999 36.43489 36.43473 36.43451 36.43423 36.43387 36.43343 36.4329 36.43229 36.42865 36.42162 36.41509 36.40858 36.40206 36.39554 36.38901 36.38247 36.37592 36.36935 36.36277 36.35617 36.35797 36.37434 36.39094 36.40753 36.42412 36.44071 36.45729 36.47386 36.49042 36.50697 36.52351 36.54005 36.55286 36.55782 36.56279 36.56774 36.57269 36.57761 36.58254 36.58747 36.59241 36.59736 36.60234 36.60733 36.61238 36.61739 36.62231 36.62724 36.63217 36.63712 36.64209 36.64708 36.65209 36.65714 36.66221 36.66731 36.67205 36.67556 36.67898 36.68242 36.68591 36.68941
-9999 -9999 -9999 -9999 36.4346 36.43435 36.43401 36.43358 36.43307 36.43249 36.43222 36.42931 36.42259 36.41589 36.40918 36.40248 36.39578 36.38908 36.38236 36.37563 36.3689 36.36217 36.35546 36.35725 36.37386 36.39052 36.40717 36.42382 36.44048 36.45712 36.47375 36.49038 36.50699 36.5236 36.5402 36.55312 36.55824 36.5634 36.56853 36.57365 36.57876 36.58387 36.58899 36.5941 36.59924 36.60439 36.60956 36.61469 36.61959 36.6244 36.6292 36.63401 36.63883 36.64368 36.64854 36.65343 36.65834 36.66329 36.66825 36.67286 36.67635 36.67973 36.68314 36.68657 36.69004
-9999 -9999 -9999 -9999 36.435 36.4348 36.43453 36.43423 36.43425 36.43454 36.43463 36.43155 36.42446 36.41739 36.41031 36.40324 36.39617 36.3891 36.38202 36.37495 36.36788 36.36081 36.35376 36.35545 36.37209 36.38886 36.40563 36.42241 36.43918 36.45595 36.47271 36.48947 36.50623 36.52299 36.53976 36.55294 36.55836 36.56385 36.56934 36.57483 36.58031 36.58578 36.59127 36.59675 36.60225 36.60774 36.61321 36.61842 36.62325 36.6279 36.63252 36.63715 36.64176 36.6464 36.65105 36.6557 36.66038 36.66504 36.66968 36.67402 36.67754 36.68098 36.6844 36.68781 36.69123
-9999 -9999 -9999 -9999 -9999 36.43562 36.43591 36.43643 36.43674 36.43692 36.43701 36.43382 36.42632 36.41889 36.41146 36.40403 36.3966 36.38917 36.38174 36.37431 36.36687 36.35944 36.35209 36.35362 36.37035 36.38722 36.40413 36.42102 36.43792 36.45482 36.47172 36.48862 36.50552 36.52242 36.53934 36.55273 36.5585 36.56432 36.57017 36.57601 36.58184 36.58768 36.59353 36.59937 36.60521 36.61104 36.61681 36.62217 36.62684 36.63131 36.63573 36.64015 36.64457 36.64899 36.65341 36.65783 36.66224 36.66666 36.67106 36.67522 36.67868 36.6821 36.68549 36.68888 36.69228
-9999 -9999 -9999 -9999 -9999 36.43789 36.43846 36.43885 36.43913 36.43927 36.43941 36.43608 36.42819 36.42039 36.41261 36.40482 36.39703 36.38924 36.38145 36.37366 36.36587 36.35809 36.3504 36.35177 36.36862 36.38559 36.40263 36.41966 36.43669 36.45372 36.47075 36.48779 36.50481 36.52185 36.53892 36.55251 36.55864 36.5648 36.571 36.57719 36.58339 36.58958 36.59577 36.60197 36.60816 36.61434 36.6204 36.62594 36.63042 36.63473 36.63893 36.64311 36.64731 36.6515 36.6557 36.6599 36.66409 36.66829 36.67246 36.67644 36.67984 36.68321 36.68657 36.68991 36.69327
-9999 -9999 -9999 -9999 -9999 -9999 36.44089 36.44128 36.44152 36.44167 36.44183 36.43834 36.43005 36.4219 36.41376 36.40561 36.39746 36.38931 36.38116 36.37302 36.36487 36.35674 36.34871 36.3499 36.36688 36.38396 36.40112 36.41829 36.43546 36.45262 36.46978 36.48694 36.50411 36.52128 36.53848 36.55227 36.55876 36.56528 36.57183 36.57838 36.58493 36.59147 36.59801 36.60456 36.61111 36.61764 36.624 36.62972 36.63401 36.63813 36.64211 36.64608 36.65005 36.65403 36.658 36.66196 36.66594 36.66991 36.67386 36.67768 36.68101 36.68433 36.68764 36.69095 36.69425
-9999 -9999 -9999 -9999 -9999 -9999 36.44339 36.44376 36.44398 36.44411 36.44424 36.44058 36.43192 36.4234 36.4149 36.40639 36.39789 36.38938 36.38087 36.37237 36.36386 36.35538 36.347 36.34801 36.36513 36.38233 36.39962 36.41692 36.43422 36.45152 36.46881 36.48611 36.50341 36.52071 36.53803 36.55202 36.55888 36.56576 36.57266 36.57956 36.58646 36.59336 36.60026 36.60716 36.61406 36.62093 36.62762 36.63354 36.63762 36.64154 36.6453 36.64905 36.6528 36.65655 36.66029 36.66404 36.66779 36.67154 36.67528 36.67892 36.68219 36.68545 36.68871 36.69197 36.69524
-9999 -9999 -9999 -9999 -9999 -9999 -9999 36.4463 36.4465 36.44659 36.44666 36.44281 36.43378 36.42491 36.41605 36.40718 36.39832 36.38945 36.38059 36.37172 36.36286 36.35402 36.34527 36.3461 36.36336 36.3807 36.39812 36.41555 36.43299 36.45041 36.46785 36.48528 36.5027 36.52014 36.53758 36.55177 36.559 36.56624 36.57349 36.58075 36.588 36.59525 36.60251 36.60976 36.61701 36.62423 36.63128 36.63738 36.64125 36.64496 36.64849 36.65202 36.65554 36.65907 36.66259 36.66611 36.66963 36.67316 36.6767 36.68016 36.68336 36.68657 36.68979 36.69301 36.69622
-9999 -9999 -9999 -9999 -9999 -9999 -9999 -9999 36.44909 36.4491 36.44908 36.44502 36.43564 36.42642 36.41719 36.40797 36.39875 36.38952 36.3803 36.37107 36.36185 36.35265 36.34353 36.34418 36.36158 36.37906 36.39662 36.41419 36.43175 36.44931 36.46687 36.48444 36.502 36.51957 36.53713 36.55151 36.55912 36.56672 36.57433 36.58193 36.58954 36.59715 36.60475 36.61236 36.61997 36.62754 36.63495 36.64125 36.64491 36.64838 36.65169 36.65499 36.65829 36.66159 36.66488 36.66819 36.67149 36.67479 36.67811 36.6814 36.68453 36.68769 36.69086 36.69404 36.69722
-9999 -9999 -9999 -9999 -9999 -9999 -9999 -9999 36.45171 36.45166 36.4515 36.44722 36.43751 36.42793 36.41834 36.40876 36.39918 36.3896 36.38001 36.37043 36.36085 36.35127 36.34178 36.34225 36.35979 36.37743 36.39513 36.41282 36.43051 36.44821 36.4659 36.4836 36.5013 36.51899 36.53668 36.55127 36.55923 36.5672 36.57516 36.58311 36.59108 36.59904 36.60699 36.61496 36.62292 36.63087 36.63865 36.64515 36.64859 36.65181 36.65488 36.65796 36.66103 36.66411 36.66718 36.67026 36.67333 36.67641 36.67952 36.68264 36.6857 36.6888 36.69193 36.69507 36.6982
-9999 -9999 -9999 -9999 -9999 -9999 -9999 36.45446 -9999 36.45421 36.45394 36.4494 36.43937 36.42943 36.41949 36.40955 36.39961 36.38967 36.37973 36.36979 36.35984 36.3499 36.34002 36.3403 36.35799 36.3758 36.39363 36.41145 36.42928 36.44711 36.46494 36.48277 36.5006 36.51842 36.53624 36.55103 36.55936 36.56768 36.57599 36.5843 36.59261 36.60093 36.60924 36.61755 36.62587 36.63419 36.64238 36.6491 36.6523 36.65522 36.65807 36.66092 36.66377 36.66663 36.66948 36.67233 36.67518 36.67803 36.68091 36.68386 36.68685 36.68992 36.69301 36.6961 36.69919
-9999 -9999 -9999 -9999 -9999 -9999 -9999 36.45739 -9999 -9999 36.45636 36.45156 36.44124 36.43093 36.42061 36.41027 36.39995 36.38964 36.37935 36.36908 36.35882 36.34854 36.33825 36.33834 36.3562 36.37417 36.39209 36.41001 36.42794 36.44589 36.46387 36.48186 36.49986 36.51785 36.5358 36.5508 36.55949 36.56815 36.57679 36.58543 36.59408 36.60274 36.61142 36.62011 36.62881 36.63749 36.64614 36.6531 36.65601 36.65863 36.66125 36.66388 36.6665 36.66913 36.67177 36.6744 36.67703 36.67965 36.68229 36.68504 36.68799 36.69104 36.69409 36.69715 36.70021
-9999 -9999 -9999 -9999 -9999 -9999 -9999 -9999 -9999 -9999 -9999 36.45376 36.44305 36.4323 36.42155 36.41083 36.40013 36.38945 36.3788 36.36818 36.35759 36.34703 36.3365 36.33636 36.35437 36.37234 36.39032 36.40834 36.42639 36.44447 36.46259 36.48073 36.49891 36.51712 36.53535 36.55058 36.55956 36.56847 36.5774 36.58638 36.59539 36.60442 36.61347 36.62254 36.63163 36.64072 36.6498 36.65716 36.65963 36.662 36.66439 36.66679 36.6692 36.67162 36.67404 36.67647 36.67889 36.68129 36.68369 36.68619 36.68916 36.69219 36.69524 36.69827 36.70131
-9999 -9999 -9999 -9999 -9999 -9999 -9999 -9999 -9999 36.45834 -9999 36.45258 36.44183 36.43105 36.42027 36.4095 36.39877 36.38806 36.37737 36.36671 36.35609 36.3455 36.33494 36.33481 36.35289 36.37091 36.38897 36.40706 36.42518 36.44333 36.46152 36.47973 36.49798 36.51626 36.53456 36.54992 36.55912 36.56824 36.5774 36.5866 36.59583 36.60509 36.61436 36.62366 36.63297 36.64228 36.65158 36.6591 36.66153 36.66384 36.66618 36.66853 36.6709 36.67327 36.67564 36.67802 36.68039 36.68275 36.68509 36.68754 36.69046 36.69345 36.69644 36.69944 36.70243
-9999 -9999 -9999 -9999 -9999 -9999 -9999 -9999 -9999 36.45283 -9999 36.44698 36.43665 36.42636 36.41604 36.40572 36.3954 36.38511 36.37482 36.36457 36.35432 36.34405 36.33377 36.33394 36.35199 36.37014 36.38825 36.40636 36.42448 36.44262 36.46079 36.47897 36.49717 36.51534 36.53349 36.5488 36.55812 36.5674 36.57665 36.5859 36.59517 36.60445 36.61375 36.62305 36.63236 36.64166 36.65092 36.65829 36.66115 36.66368 36.6662 36.66874 36.67126 36.67381 36.67634 36.67888 36.68142 36.68395 36.68649 36.68915 36.69191 36.69481 36.69772 36.70064 36.70355
-9999 -9999 -9999 -9999 -9999 -9999 -9999 -9999 -9999 -9999 -9999 36.44143 36.43141 36.42153 36.41164 36.40176 36.39188 36.38199 36.3721 36.36222 36.35234 36.34245 36.33263 36.33306 36.35106 36.36917 36.38731 36.40545 36.42358 36.44172 36.45985 36.47799 36.49612 36.51426 36.53238 36.54769 36.55706 36.56639 36.57571 36.58503 36.59435 36.60368 36.613 36.62232 36.63164 36.64096 36.65015 36.65754 36.66067 36.66347 36.66618 36.66889 36.6716 36.67432 36.67703 36.67974 36.68245 36.68516 36.68793 36.69077 36.69341 36.69621 36.69905 36.70191 36.70475
-9999 -9999 -9999 -9999 -9999 -9999 -9999 -9999 -9999 36.4416 -9999 36.43585 36.42617 36.41669 36.40721 36.39774 36.38825 36.37877 36.36929 36.35981 36.35033 36.34086 36.33148 36.33217 36.35013 36.36819 36.38632 36.40444 36.42256 36.44069 36.45881 36.47693 36.49506 36.51318 36.53128 36.54659 36.55599 36.56537 36.57473 36.5841 36.59346 36.60282 36.61218 36.62154 36.63091 36.64025 36.64938 36.65681 36.66018 36.66325 36.66615 36.66904 36.67192 36.67482 36.6777 36.6806 36.68349 36.68638 36.68938 36.69236 36.69491 36.69761 36.70041 36.7032 36.70599
-9999 -9999 -9999 -9999 -9999 -9999 -9999 -9999 -9999 -9999 -9999 36.43026 36.42093 36.41186 36.40279 36.3937 36.38463 36.37556 36.36648 36.35741 36.34833 36.33927 36.33031 36.33126 36.34919 36.36723 36.38533 36.40344 36.42155 36.43966 36.45777 36.47588 36.49398 36.5121 36.53017 36.54549 36.55494 36.56435 36.57376 36.58316 36.59256 36.60196 36.61136 36.62077 36.63017 36.63953 36.64864 36.65612 36.65971 36.66302 36.6661 36.66918 36.67225 36.67532 36.67839 36.68146 36.68452 36.68761 36.69083 36.69395 36.69641 36.69902 36.70175 36.70449 36.70723
-9999 -9999 -9999 -9999 -9999 -9999 -9999 -9999 -9999 -9999 -9999 36.42464 36.4157 36.40702 36.39835 36.38968 36.38101 36.37234 36.36367 36.355 36.34633 36.33768 36.32914 36.33035 36.34825 36.36625 36.38434 36.40244 36.42054 36.43863 36.45673 36.47482 36.49292 36.51101 36.52908 36.5444 36.55388 36.56334 36.57278 36.58223 36.59167 36.60111 36.61055 36.61999 36.62943 36.63882 36.64793 36.65547 36.65927 36.6628 36.66607 36.66932 36.67257 36.67582 36.67907 36.68231 36.68556 36.68884 36.69226 36.69553 36.69791 36.70043 36.7031 36.70578 36.70847
-9999 -9999 -9999 -9999 -9999 -9999 -9999 -9999 -9999 -9999 -9999 -9999 36.41046 36.40219 36.39393 36.38566 36.37739 36.36913 36.36086 36.35259 36.34432 36.33608 36.32795 36.3294 36.34729 36.36528 36.38335 36.40144 36.41952 36.4376 36.45569 36.47377 36.49185 36.50993 36.52798 36.54331 36.55283 36.56232 36.57181 36.58129 36.59077 36.60025 36.60973 36.61921 36.62869 36.63811 36.64725 36.65487 36.65886 36.66258 36.66603 36.66946 36.67289 36.67632 36.67974 36.68317 36.6866 36.69005 36.69366 36.69707 36.69938 36.70183 36.70444 36.70708 36.70971
-9999 -9999 -9999 -9999 -9999 -9999 -9999 -9999 -9999 -9999 -9999 36.41333 -9999 36.39736 36.3895 36.38163 36.37377 36.36591 36.35805 36.35018 36.34232 36.33448 36.32675 36.32846 36.34632 36.3643 36.38237 36.40044 36.41851 36.43658 36.45465 36.47271 36.49078 36.50885 36.5269 36.54223 36.55178 36.56131 36.57084 36.58036 36.58987 36.5994 36.60892 36.61843 36.62796 36.63744 36.64663 36.65432 36.6585 36.66238 36.666 36.66961 36.67321 36.67682 36.68042 36.68403 36.68763 36.69125 36.69505 36.69859 36.70082 36.70323 36.70579 36.70837 36.71095
-9999 -9999 -9999 -9999 -9999 -9999 -9999 -9999 -9999 -9999 -9999 -9999 -9999 36.39253 36.38507 36.37761 36.37015 36.36269 36.35524 36.34778 36.34032 36.33287 36.32552 36.32748 36.34534 36.36332 36.38138 36.39944 36.41749 36.43555 36.4536 36.47166 36.48971 36.50777 36.52581 36.54115 36.55073 36.5603 36.56986 36.57942 36.58898 36.59854 36.6081 36.61766 36.62722 36.63677 36.64604 36.65382 36.65817 36.66219 36.66597 36.66975 36.67353 36.67732 36.6811 36.68489 36.68867 36.69246 36.69641 36.70008 36.70224 36.70462 36.70713 36.70966 36.71218
-9999 -9999 -9999 -9999 -9999 -9999 -9999 -9999 -9999 -9999 -9999 -9999 -9999 36.3877 36.38064 36.37359 36.36653 36.35948 36.35242 36.34537 36.33831 36.33126 36.32429 36.32648 36.34434 36.36235 36.38039 36.39843 36.41648 36.43452 36.45256 36.47061 36.48865 36.50669 36.52472 36.54007 36.54968 36.55929 36.56889 36.57848 36.58809 36.59768 36.60728 36.61688 36.62648 36.63608 36.6455 36.65338 36.65789 36.66197 36.66593 36.6699 36.67386 36.67782 36.68178 36.68574 36.6897 36.69367 36.69773 36.70152 36.70363 36.70601 36.70848 36.71095 36.71342
-9999 -9999 -9999 -9999 -9999 -9999 -9999 -9999 -9999 -9999 -9999 -9999 -9999 -9999 36.37621 36.36956 36.36292 36.35627 36.34962 36.34297 36.33631 36.32966 36.32303 36.32546 36.34335 36.36138 36.3794 36.39743 36.41546 36.43348 36.45151 36.46954 36.48758 36.5056 36.52363 36.53898 36.54863 36.55827 36.5679 36.57753 36.58716 36.5968 36.60644 36.61609 36.62574 36.63538 36.64499 36.65303 36.6576 36.66175 36.66589 36.67003 36.67418 36.67833 36.68247 36.68661 36.69075 36.69489 36.69904 36.7029 36.70501 36.70742 36.70984 36.71226 36.71468
