Spatial_Analysis/Downscaled_EnvironmentalLayers/RCP4_5/2050/salinity_near45.asc
ncols         639
nrows         313
xllcorner     -103
yllcorner     4.021
cellsize      0.083
NODATA_value  -9999
[rows 203 to 231 of 313, columns 0 to 64 of 639]
33.48727 33.48705 33.48682 33.48659 33.48636 33.48611 33.48547 33.48439 33.48329 33.48218 33.48107 33.47997 33.47886 33.47775 33.47665 33.47554 33.47443 33.47332 33.47178 33.46967 33.46756 33.46544 33.46333 33.46122 33.4591 33.45699 33.45487 33.45276 33.45064 33.44854 33.44647 33.44448 33.44248 33.4405 33.43852 33.43653 33.43455 33.43256 33.43058 33.42859 33.42661 33.42463 33.42359 33.42443 33.42528 33.42613 33.42698 33.42783 33.42868 33.42952 33.43038 33.43123 33.43208 33.43292 33.43395 33.43544 33.43692 33.4384 33.43988 33.44136 33.44284 33.44432 33.44581 33.44729 33.44876
33.48229 33.48206 33.48184 33.48161 33.48138 33.48114 33.48056 33.47963 33.47868 33.47773 33.47677 33.47581 33.47485 33.47389 33.47293 33.47198 33.47102 33.47005 33.46863 33.46657 33.46451 33.46245 33.46039 33.45832 33.45626 33.4542 33.45214 33.45007 33.44801 33.44595 33.44397 33.44208 33.4402 33.43833 33.43645 33.43458 33.4327 33.43083 33.42896 33.42709 33.42521 33.42334 33.42243 33.42343 33.42442 33.42543 33.42643 33.42744 33.42844 33.42945 33.43045 33.43146 33.43246 33.43346 33.43465 33.43631 33.43798 33.43964 33.4413 33.44296 33.44462 33.44628 33.44794 33.4496 33.45126
33.47731 33.47708 33.47686 33.47663 33.47641 33.47617 33.47567 33.47488 33.47408 33.47327 33.47246 33.47165 33.47085 33.47004 33.46923 33.46842 33.46761 33.4668 33.46548 33.46347 33.46146 33.45945 33.45744 33.45543 33.45342 33.4514 33.44939 33.44738 33.44537 33.44337 33.44146 33.43968 33.43791 33.43615 33.43439 33.43262 33.43087 33.4291 33.42734 33.42558 33.42382 33.42206 33.42127 33.42242 33.42357 33.42473 33.42589 33.42705 33.42821 33.42937 33.43053 33.43169 33.43284 33.434 33.43535 33.43719 33.43904 33.44088 33.44272 33.44455 33.44639 33.44823 33.45007 33.4519 33.45374
33.47232 33.4721 33.47188 33.47166 33.47143 33.4712 33.47077 33.47013 33.46947 33.46881 33.46816 33.4675 33.46684 33.46618 33.46553 33.46486 33.4642 33.46354 33.46233 33.46037 33.45841 33.45646 33.4545 33.45254 33.45058 33.44862 33.44666 33.44469 33.44274 33.44079 33.43895 33.43729 33.43563 33.43398 33.43233 33.43067 33.42902 33.42737 33.42572 33.42407 33.42242 33.42077 33.42011 33.42141 33.42273 33.42403 33.42535 33.42667 33.42797 33.42929 33.43061 33.43192 33.43323 33.43454 33.43605 33.43808 33.44009 33.44212 33.44413 33.44615 33.44817 33.45018 33.4522 33.45422 33.45624
33.46735 33.46712 33.4669 33.46668 33.46646 33.46623 33.46587 33.46538 33.46487 33.46436 33.46385 33.46334 33.46283 33.46232 33.46181 33.46131 33.4608 33.46029 33.45918 33.45727 33.45537 33.45346 33.45155 33.44964 33.44773 33.44582 33.44392 33.44201 33.4401 33.43821 33.43644 33.43489 33.43335 33.4318 33.43026 33.42873 33.42718 33.42564 33.42411 33.42257 33.42102 33.41949 33.41895 33.42041 33.42187 33.42334 33.42481 33.42628 33.42774 33.42921 33.43068 33.43215 33.43362 33.43508 33.43675 33.43896 33.44115 33.44335 33.44555 33.44775 33.44994 33.45214 33.45433 33.45653 33.45872
33.46237 33.46214 33.46193 33.4617 33.46149 33.46126 33.46098 33.46063 33.46027 33.45991 33.45955 33.45919 33.45883 33.45847 33.45811 33.45775 33.45739 33.45702 33.45602 33.45417 33.45232 33.45046 33.4486 33.44676 33.4449 33.44304 33.44118 33.43933 33.43747 33.43562 33.43393 33.43249 33.43106 33.42963 33.4282 33.42678 33.42535 33.42392 33.42249 33.42105 33.41963 33.4182 33.41778 33.4194 33.42102 33.42265 33.42427 33.42589 33.42752 33.42914 33.43076 33.43238 33.434 33.43562 33.43745 33.43984 33.44221 33.44459 33.44697 33.44934 33.45172 33.45409 33.45647 33.45884 33.46121
33.45762 33.45738 33.4571 33.45679 33.45651 33.45629 33.45608 33.45587 33.4557 33.45557 33.45543 33.45526 33.45506 33.45482 33.45455 33.45426 33.45398 33.45377 33.45287 33.45107 33.4493 33.44757 33.44584 33.44407 33.44228 33.44044 33.43859 33.43671 33.43484 33.43303 33.43141 33.43009 33.42879 33.42755 33.42629 33.42501 33.4237 33.42236 33.421 33.41962 33.41824 33.41691 33.41662 33.4184 33.42019 33.42203 33.42386 33.42567 33.42745 33.42921 33.43095 33.43267 33.43439 33.43616 33.43816 33.44072 33.44329 33.4459 33.4485 33.45108 33.45364 33.45618 33.4587 33.4612 33.46371
33.45315 33.4529 33.45259 33.45224 33.45184 33.45139 33.45118 33.45133 33.45148 33.45157 33.45161 33.4516 33.45155 33.45145 33.45131 33.45111 33.45088 33.45059 33.44972 33.44816 33.44661 33.445 33.44334 33.44164 33.4399 33.43811 33.43628 33.43441 33.43249 33.43054 33.4289 33.42786 33.42683 33.42576 33.42464 33.42348 33.42228 33.42104 33.41977 33.41846 33.4171 33.41571 33.41545 33.41752 33.41962 33.42167 33.42369 33.42566 33.42759 33.4295 33.43137 33.43322 33.43502 33.43679 33.43887 33.44171 33.44459 33.44743 33.45023 33.453 33.45574 33.45845 33.46114 33.46378 33.46641
33.45121 33.45096 33.45067 33.45034 33.44997 33.44965 33.44954 33.44958 33.44974 33.44987 33.44997 33.45002 33.45004 33.45 33.44993 33.44982 33.44967 33.44957 33.44885 33.44719 33.44566 33.4441 33.4425 33.44087 33.4392 33.43748 33.43573 33.43394 33.43212 33.43033 33.42884 33.42769 33.42666 33.42561 33.42453 33.42341 33.42225 33.42105 33.41983 33.41857 33.41728 33.41602 33.41587 33.41783 33.41988 33.42192 33.42394 33.42592 33.42787 33.42978 33.43167 33.43353 33.43536 33.4372 33.43938 33.44216 33.44502 33.44788 33.4507 33.4535 33.45627 33.45901 33.46173 33.46442 33.46709
33.45073 33.45049 33.45024 33.44999 33.44977 33.44955 33.44946 33.44948 33.4495 33.44955 33.44961 33.44966 33.44968 33.44969 33.44967 33.44965 33.44968 33.4497 33.44902 33.44742 33.44582 33.44423 33.44266 33.44109 33.43949 33.43787 33.43622 33.43458 33.43298 33.43137 33.42994 33.42877 33.4276 33.42646 33.42533 33.4242 33.42305 33.42187 33.42068 33.41948 33.41832 33.41716 33.417 33.41887 33.42074 33.42263 33.42453 33.42642 33.4283 33.43016 33.432 33.43385 33.43571 33.43758 33.43969 33.44242 33.44513 33.44786 33.4506 33.45334 33.45606 33.45877 33.46146 33.46415 33.46686
33.45053 33.45032 33.4501 33.44989 33.44968 33.44947 33.44938 33.44942 33.44946 33.4495 33.44955 33.44958 33.44963 33.44967 33.44971 33.44975 33.44979 33.44983 33.4492 33.44767 33.44615 33.44462 33.44309 33.44157 33.44004 33.43851 33.43699 33.43546 33.43394 33.43242 33.43103 33.42986 33.42871 33.42755 33.4264 33.42524 33.42409 33.42292 33.42177 33.42062 33.41946 33.41831 33.41814 33.41993 33.42173 33.42354 33.42534 33.42714 33.42894 33.43075 33.43256 33.43436 33.43616 33.43796 33.44 33.44268 33.44536 33.44803 33.4507 33.45337 33.45604 33.45871 33.46138 33.46404 33.46672
33.45044 33.45023 33.45001 33.4498 33.44959 33.44938 33.4493 33.44936 33.44942 33.44948 33.44954 33.4496 33.44966 33.44972 33.44978 33.44984 33.4499 33.44996 33.44938 33.44793 33.44648 33.44503 33.44358 33.44213 33.44069 33.43924 33.43779 33.43635 33.4349 33.43346 33.43213 33.43096 33.42981 33.42866 33.42751 33.42636 33.42521 33.42406 33.4229 33.42176 33.4206 33.41946 33.41927 33.42099 33.42273 33.42446 33.4262 33.42793 33.42967 33.4314 33.43314 33.43487 33.43661 33.43833 33.44032 33.44296 33.44558 33.44821 33.45083 33.45345 33.45608 33.4587 33.46132 33.46395 33.46657
33.45034 33.45013 33.44992 33.44971 33.4495 33.44929 33.44922 33.4493 33.44938 33.44946 33.44954 33.44962 33.4497 33.44978 33.44985 33.44993 33.45001 33.45009 33.44955 33.44818 33.44681 33.44544 33.44407 33.4427 33.44133 33.43996 33.4386 33.43723 33.43586 33.43451 33.43323 33.43206 33.43091 33.42976 33.42862 33.42747 33.42633 33.42518 33.42404 33.42289 33.42175 33.42061 33.42039 33.42206 33.42372 33.42538 33.42706 33.42872 33.43039 33.43206 33.43372 33.43539 33.43705 33.43871 33.44063 33.44323 33.44581 33.44839 33.45097 33.45354 33.45612 33.45869 33.46127 33.46385 33.46642
33.45025 33.45004 33.44983 33.44962 33.44941 33.4492 33.44914 33.44924 33.44934 33.44944 33.44954 33.44963 33.44973 33.44983 33.44993 33.45003 33.45013 33.45023 33.44973 33.44843 33.44714 33.44585 33.44456 33.44327 33.44198 33.4407 33.4394 33.43811 33.43682 33.43555 33.43431 33.43316 33.43201 33.43087 33.42973 33.42859 33.42745 33.42631 33.42517 33.42403 33.42289 33.42175 33.42153 33.42312 33.42471 33.42631 33.42791 33.4295 33.43111 33.43271 33.43431 33.43591 33.4375 33.43909 33.44095 33.4435 33.44603 33.44857 33.4511 33.45363 33.45616 33.45869 33.46122 33.46375 33.46628
33.45015 33.44995 33.44974 33.44953 33.44932 33.44912 33.44906 33.44918 33.4493 33.44942 33.44954 33.44965 33.44977 33.44988 33.45 33.45012 33.45024 33.45036 33.44991 33.44869 33.44748 33.44626 33.44505 33.44384 33.44263 33.44142 33.4402 33.439 33.43779 33.43659 33.43541 33.43426 33.43311 33.43198 33.43084 33.42971 33.42857 33.42744 33.4263 33.42517 33.42403 33.4229 33.42265 33.42417 33.4257 33.42723 33.42876 33.43029 33.43183 33.43336 33.43489 33.43642 33.43795 33.43948 33.44127 33.44377 33.44626 33.44875 33.45124 33.45371 33.4562 33.45868 33.46117 33.46365 33.46613
33.45006 33.44985 33.44965 33.44944 33.44923 33.44902 33.44898 33.44912 33.44926 33.44939 33.44953 33.44967 33.4498 33.44994 33.45008 33.45021 33.45035 33.45049 33.45008 33.44894 33.44781 33.44668 33.44555 33.44441 33.44328 33.44215 33.44102 33.43988 33.43875 33.43763 33.4365 33.43535 33.43422 33.43308 33.43195 33.43082 33.4297 33.42856 33.42744 33.4263 33.42517 33.42405 33.42378 33.42523 33.4267 33.42816 33.42962 33.43108 33.43255 33.43401 33.43547 33.43694 33.4384 33.43985 33.44159 33.44404 33.44649 33.44893 33.45137 33.4538 33.45624 33.45868 33.46111 33.46355 33.46599
33.44997 33.44976 33.44956 33.44935 33.44915 33.44894 33.44891 33.44906 33.44921 33.44937 33.44953 33.44968 33.44984 33.44999 33.45015 33.45031 33.45046 33.45062 33.45026 33.4492 33.44815 33.44709 33.44604 33.44498 33.44393 33.44287 33.44182 33.44077 33.43971 33.43867 33.43758 33.43644 33.43532 33.43419 33.43306 33.43194 33.43081 33.42969 33.42856 33.42744 33.42631 33.42519 33.42491 33.42629 33.42768 33.42908 33.43048 33.43187 33.43327 33.43466 33.43606 33.43745 33.43885 33.44024 33.44191 33.44432 33.44672 33.4491 33.4515 33.45389 33.45628 33.45867 33.46106 33.46345 33.46585
33.44988 33.44967 33.44947 33.44926 33.44905 33.44885 33.44883 33.449 33.44918 33.44935 33.44952 33.4497 33.44987 33.45005 33.45022 33.4504 33.45058 33.45075 33.45043 33.44946 33.44848 33.4475 33.44652 33.44555 33.44458 33.4436 33.44262 33.44165 33.44067 33.4397 33.43867 33.43754 33.43641 33.4353 33.43418 33.43306 33.43194 33.43082 33.4297 33.42857 33.42746 33.42634 33.42603 33.42735 33.42868 33.43 33.43134 33.43266 33.43399 33.43532 33.43664 33.43797 33.4393 33.44062 33.44223 33.4446 33.44695 33.44929 33.45163 33.45398 33.45633 33.45866 33.46101 33.46336 33.4657
33.44993 33.44971 33.44947 33.44921 33.44897 33.44876 33.44875 33.44894 33.44915 33.4494 33.44965 33.44987 33.45007 33.45025 33.4504 33.45053 33.45069 33.45088 33.45061 33.44971 33.44883 33.44799 33.44714 33.44627 33.44538 33.44447 33.44353 33.44258 33.44163 33.44073 33.43975 33.43863 33.43753 33.43647 33.4354 33.43431 33.43321 33.43208 33.43092 33.42976 33.4286 33.42748 33.42715 33.42841 33.42968 33.43099 33.43229 33.43358 33.43484 33.43609 33.43732 33.43853 33.43975 33.44101 33.44256 33.44487 33.44717 33.44952 33.45186 33.45419 33.4565 33.45879 33.46105 33.4633 33.46556
33.45018 33.44995 33.4497 33.4494 33.44907 33.44872 33.44867 33.44902 33.44938 33.4497 33.44998 33.45024 33.45046 33.45065 33.4508 33.45092 33.45101 33.45106 33.45078 33.45009 33.44942 33.44872 33.44797 33.44719 33.44638 33.44554 33.44466 33.44375 33.44281 33.44183 33.44084 33.43985 33.43888 33.43788 33.43684 33.43577 33.43467 33.43353 33.43237 33.43117 33.42995 33.42869 33.42828 33.42957 33.4309 33.43219 33.43345 33.43468 33.43588 33.43705 33.43819 33.43931 33.44039 33.44145 33.44289 33.44523 33.44761 33.44996 33.45228 33.45457 33.45684 33.45907 33.46128 33.46346 33.46561
33.4492 33.44899 33.44873 33.44845 33.44815 33.44786 33.44785 33.44809 33.4484 33.44869 33.44896 33.44919 33.44939 33.44957 33.44971 33.44982 33.4499 33.45 33.44978 33.44903 33.44837 33.4477 33.44699 33.44625 33.44548 33.44468 33.44385 33.44298 33.4421 33.44122 33.4403 33.43918 33.43815 33.4371 33.43603 33.43493 33.43379 33.43262 33.43143 33.43021 33.42897 33.42773 33.42733 33.42848 33.42971 33.43093 33.43212 33.43328 33.43442 33.43553 33.43661 33.43766 33.4387 33.43974 33.44115 33.44329 33.44552 33.44773 33.44993 33.4521 33.45424 33.45635 33.45844 33.4605 33.46254
33.44751 33.4473 33.44709 33.44686 33.44667 33.44648 33.44645 33.44661 33.44676 33.44693 33.44712 33.4473 33.44746 33.4476 33.44772 33.44785 33.44799 33.44815 33.44791 33.44714 33.44638 33.44564 33.44491 33.44417 33.44342 33.44264 33.44185 33.44106 33.44029 33.43953 33.4386 33.43739 33.43619 33.43501 33.43384 33.43266 33.43147 33.43026 33.42904 33.4278 33.4266 33.4254 33.42495 33.42601 33.42708 33.42816 33.42925 33.43034 33.43141 33.43247 33.43351 33.43455 33.43561 33.43667 33.43799 33.43995 33.44191 33.44388 33.44587 33.44785 33.44981 33.45175 33.45369 33.45561 33.45756
33.44601 33.44583 33.44565 33.44547 33.44528 33.4451 33.44506 33.44517 33.44529 33.44539 33.44551 33.44562 33.44573 33.44584 33.44596 33.44607 33.44618 33.44629 33.44603 33.44529 33.44454 33.4438 33.44305 33.44231 33.44156 33.44082 33.44007 33.43933 33.43858 33.43784 33.4369 33.43564 33.43438 33.43312 33.43186 33.43061 33.42935 33.42809 33.42684 33.42558 33.42433 33.42307 33.42257 33.42356 33.42457 33.42557 33.42658 33.42758 33.42859 33.42959 33.4306 33.43161 33.43261 33.43361 33.43483 33.43663 33.43842 33.4402 33.44198 33.44376 33.44555 33.44733 33.44911 33.4509 33.45268
33.4446 33.44442 33.44424 33.44407 33.44389 33.44372 33.44366 33.44373 33.4438 33.44387 33.44394 33.44402 33.44408 33.44415 33.44422 33.4443 33.44437 33.44443 33.44416 33.44344 33.4427 33.44197 33.44125 33.44052 33.43979 33.43906 33.43833 33.4376 33.43687 33.43615 33.4352 33.43388 33.43256 33.43124 33.42993 33.42862 33.42731 33.42599 33.42468 33.42337 33.42206 33.42075 33.42019 33.42112 33.42206 33.423 33.42395 33.4249 33.42584 33.42678 33.42773 33.42867 33.42961 33.43055 33.43168 33.4333 33.43492 33.43653 33.43814 33.43975 33.44136 33.44297 33.44458 33.44619 33.4478
33.44317 33.443 33.44284 33.44267 33.4425 33.44233 33.44226 33.44229 33.44232 33.44235 33.44238 33.44241 33.44244 33.44246 33.44249 33.44252 33.44255 33.44258 33.44229 33.44157 33.44087 33.44016 33.43944 33.43873 33.43801 33.4373 33.43659 33.43587 33.43517 33.43446 33.4335 33.43212 33.43074 33.42937 33.428 33.42663 33.42526 33.42389 33.42252 33.42116 33.41978 33.41842 33.4178 33.41867 33.41955 33.42044 33.42132 33.42221 33.42308 33.42397 33.42485 33.42574 33.42662 33.42749 33.42853 33.42998 33.43142 33.43286 33.4343 33.43574 33.43717 33.43861 33.44004 33.44148 33.44292
33.44176 33.4416 33.44144 33.44127 33.44112 33.44095 33.44086 33.44085 33.44084 33.44083 33.44081 33.4408 33.44078 33.44078 33.44076 33.44075 33.44073 33.44072 33.44041 33.43972 33.43903 33.43833 33.43763 33.43694 33.43624 33.43555 33.43485 33.43415 33.43346 33.43277 33.4318 33.43036 33.42892 33.4275 33.42607 33.42464 33.42322 33.42179 33.42037 33.41895 33.41752 33.4161 33.41542 33.41623 33.41705 33.41787 33.41869 33.41951 33.42033 33.42115 33.42198 33.4228 33.42362 33.42443 33.42538 33.42665 33.42793 33.42919 33.43045 33.43172 33.43298 33.43425 33.43552 33.43678 33.43804
33.44034 33.44019 33.44003 33.43988 33.43972 33.43957 33.43946 33.43941 33.43936 33.4393 33.43925 33.4392 33.43914 33.43909 33.43903 33.43898 33.43892 33.43887 33.43855 33.43787 33.43719 33.43651 33.43583 33.43515 33.43447 33.43378 33.4331 33.43243 33.43174 33.43108 33.43009 33.4286 33.42711 33.42562 33.42414 33.42266 33.42118 33.41969 33.41821 33.41673 33.41525 33.41377 33.41304 33.41378 33.41454 33.4153 33.41606 33.41682 33.41758 33.41835 33.4191 33.41986 33.42062 33.42138 33.42223 33.42333 33.42443 33.42552 33.42661 33.4277 33.42879 33.42989 33.43098 33.43207 33.43316
33.43892 33.43878 33.43863 33.43848 33.43834 33.43819 33.43806 33.43797 33.43788 33.43779 33.43769 33.43759 33.4375 33.4374 33.43731 33.43721 33.43711 33.43701 33.43667 33.43601 33.43535 33.43468 33.43402 33.43336 33.43269 33.43203 33.43136 33.4307 33.43004 33.42938 33.42839 33.42683 33.42529 33.42375 33.42221 33.42067 33.41913 33.41759 33.41605 33.41451 33.41298 33.41145 33.41065 33.41134 33.41203 33.41273 33.41343 33.41413 33.41483 33.41553 33.41623 33.41693 33.41763 33.41832 33.41908 33.42001 33.42093 33.42185 33.42277 33.42369 33.42461 33.42553 33.42644 33.42736 33.42828
33.4375 33.43736 33.43723 33.43709 33.43695 33.4368 33.43666 33.43653 33.4364 33.43626 33.43612 33.43599 33.43585 33.43571 33.43557 33.43544 33.4353 33.43515 33.4348 33.43416 33.43351 33.43287 33.43222 33.43157 33.43092 33.43027 33.42962 33.42898 33.42833 33.42769 33.42668 33.42508 33.42347 33.42188 33.42028 33.41869 33.41709 33.41549 33.41389 33.4123 33.41071 33.40911 33.40826 33.40889 33.40952 33.41016 33.4108 33.41144 33.41208 33.41272 33.41336 33.41399 33.41463 33.41527 33.41594 33.41669 33.41744 33.41818 33.41893 33.41967 33.42042 33.42117 33.42191 33.42266 33.4234
