Spatial_Analysis/Downscaled_EnvironmentalLayers/RCP4_5/2050/salinity_near45.asc
ncols         639
nrows         313
xllcorner     -103
yllcorner     4.021
cellsize      0.083
NODATA_value  -9999
[rows 145 to 173 of 313, columns 195 to 259 of 639]
35.9218 35.93937 35.95684 35.97428 35.97875 35.97779 35.97678 35.97574 35.97467 35.97356 35.97262 35.97191 35.97144 35.97119 35.97117 35.97137 35.97171 35.97223 35.97294 35.97379 35.97472 35.97574 35.97683 35.97802 35.97929 35.98065 35.98206 35.98349 35.98465 35.98561 35.9866 35.98759 35.98859 35.9896 35.99064 35.99169 35.99276 35.99386 35.99497 35.99606 35.99656 35.99646 35.99596 35.99498 35.99334 35.99136 35.98938 35.98738 35.98537 35.98335 35.98133 35.97927 35.97686 35.97412 35.97135 35.96856 35.96577 35.96298 35.96018 35.95739 35.9546 35.95181 35.94896 35.94594 35.94247
35.91937 35.93459 35.94961 35.96458 35.96828 35.96725 35.96619 35.96509 35.96397 35.963 35.96228 35.9618 35.96155 35.96152 35.96169 35.96208 35.9627 35.96354 35.96455 35.96567 35.96687 35.96815 35.9695 35.97093 35.97245 35.97404 35.97573 35.97745 35.97887 35.98009 35.98132 35.98256 35.9838 35.98504 35.98629 35.98755 35.98882 35.99011 35.99141 35.99272 35.99361 35.99398 35.99403 35.99367 35.99279 35.99119 35.98924 35.98728 35.9853 35.98331 35.98131 35.97928 35.97688 35.9741 35.9713 35.96848 35.96566 35.96285 35.96003 35.95722 35.9544 35.95158 35.94873 35.94569 35.94215
35.91692 35.92976 35.94239 35.95489 35.95782 35.95673 35.95561 35.95445 35.95343 35.95267 35.95216 35.95187 35.95181 35.95196 35.95231 35.95288 35.95378 35.95494 35.95623 35.95761 35.95907 35.9606 35.96222 35.9639 35.96566 35.9675 35.96943 35.97142 35.9731 35.97457 35.97604 35.97751 35.97898 35.98046 35.98193 35.9834 35.98487 35.98635 35.98784 35.98932 35.99041 35.99116 35.99166 35.99184 35.99158 35.99074 35.98911 35.98717 35.98523 35.98326 35.98129 35.97931 35.97689 35.97408 35.97124 35.9684 35.96556 35.96272 35.95988 35.95704 35.9542 35.95136 35.94851 35.94547 35.94187
35.91448 35.92491 35.93515 35.94521 35.94738 35.94622 35.94504 35.94393 35.9431 35.94252 35.94218 35.94206 35.94217 35.94247 35.943 35.94376 35.94494 35.9464 35.94796 35.9496 35.95132 35.95311 35.95498 35.95691 35.95892 35.961 35.96317 35.9654 35.96733 35.96905 35.97076 35.97247 35.97416 35.97586 35.97755 35.97924 35.98092 35.98259 35.98426 35.98593 35.98719 35.98813 35.98899 35.98963 35.98989 35.98968 35.9888 35.98708 35.98516 35.98322 35.98127 35.97931 35.97691 35.97405 35.97119 35.96832 35.96546 35.96259 35.95972 35.95686 35.954 35.95114 35.94827 35.94529 35.94164
35.91205 35.92007 35.9279 35.93554 35.93693 35.93573 35.93453 35.93359 35.93292 35.9325 35.93231 35.93235 35.9326 35.93308 35.9338 35.93475 35.93619 35.93792 35.93974 35.94164 35.94361 35.94566 35.94778 35.94996 35.95222 35.95455 35.95694 35.95942 35.96159 35.96354 35.96548 35.96741 35.96934 35.97126 35.97316 35.97506 35.97695 35.97882 35.98069 35.98255 35.98399 35.9851 35.98619 35.98713 35.98785 35.98817 35.98795 35.98693 35.9851 35.98319 35.98127 35.97933 35.97691 35.97402 35.97113 35.96823 35.96533 35.96243 35.95953 35.95664 35.95375 35.95088 35.94802 35.94513 35.94148
35.90965 35.91524 35.92065 35.92586 35.9265 35.92524 35.92417 35.92338 35.92285 35.92258 35.92253 35.9227 35.92312 35.92379 35.92468 35.92579 35.92747 35.92947 35.93155 35.93371 35.93594 35.93825 35.94062 35.94305 35.94555 35.94812 35.95076 35.95346 35.95587 35.95804 35.96021 35.96237 35.96452 35.96665 35.96877 35.97088 35.97297 35.97506 35.97712 35.97917 35.9808 35.98208 35.98335 35.98454 35.98554 35.98632 35.98666 35.98634 35.98504 35.98317 35.98128 35.97936 35.97691 35.97399 35.97107 35.96813 35.96518 35.96224 35.9593 35.95636 35.95344 35.95053 35.94765 35.94481 35.94127
35.9027 35.90813 35.91338 35.91843 35.91893 35.91762 35.9166 35.91586 35.91538 35.91514 35.91513 35.91539 35.91589 35.91664 35.9176 35.91879 35.92035 35.92214 35.92401 35.92596 35.92799 35.93008 35.93222 35.93444 35.93672 35.93906 35.94147 35.94394 35.94638 35.94878 35.95117 35.95355 35.95591 35.95827 35.96061 35.96292 35.96523 35.96751 35.96978 35.97202 35.97414 35.97614 35.97813 35.98007 35.98186 35.98345 35.98479 35.98562 35.98562 35.98453 35.9832 35.98186 35.97973 35.97689 35.97406 35.97121 35.96836 35.96551 35.96266 35.95982 35.95699 35.95417 35.95136 35.94854 35.94475
35.89526 35.90078 35.90612 35.91127 35.91172 35.91043 35.90944 35.90871 35.90825 35.90803 35.90809 35.90841 35.90898 35.90979 35.9108 35.91204 35.91344 35.91497 35.91658 35.91827 35.92002 35.92184 35.92373 35.92567 35.92767 35.92973 35.93185 35.93404 35.93649 35.93911 35.94172 35.94431 35.9469 35.94946 35.95201 35.95455 35.95705 35.95955 35.96202 35.96446 35.9671 35.96989 35.97264 35.97538 35.978 35.98043 35.98265 35.98458 35.98586 35.98604 35.98536 35.98465 35.98288 35.98013 35.97739 35.97464 35.9719 35.96915 35.9664 35.96366 35.96092 35.95818 35.95543 35.95256 35.94861
35.88786 35.89346 35.89887 35.90411 35.90458 35.90331 35.90233 35.90162 35.90117 35.901 35.90113 35.9015 35.90213 35.90298 35.90405 35.90532 35.90657 35.90783 35.90918 35.9106 35.91209 35.91364 35.91525 35.91692 35.91865 35.92043 35.92227 35.92417 35.92663 35.92946 35.93229 35.9351 35.93789 35.94067 35.94343 35.94617 35.94889 35.95159 35.95426 35.9569 35.96006 35.96363 35.96717 35.97068 35.97412 35.97739 35.98044 35.98327 35.98574 35.9873 35.98751 35.98745 35.98604 35.98338 35.98072 35.97807 35.97542 35.97277 35.97011 35.96746 35.9648 35.96215 35.95949 35.95658 35.95251
35.88049 35.88616 35.89165 35.89698 35.89752 35.89626 35.89528 35.89457 35.89416 35.89405 35.89422 35.89465 35.89532 35.89622 35.89733 35.89864 35.89972 35.90072 35.90181 35.90297 35.90419 35.90548 35.90682 35.90823 35.90969 35.91121 35.91277 35.91439 35.91687 35.9199 35.92294 35.92594 35.92894 35.93191 35.93487 35.93781 35.94073 35.94363 35.94651 35.94936 35.95305 35.9574 35.96172 35.96601 35.97026 35.97434 35.97824 35.9819 35.98533 35.98819 35.98967 35.99024 35.98919 35.98662 35.98405 35.98149 35.97893 35.97637 35.9738 35.97124 35.96868 35.96612 35.96351 35.96063 35.95646
35.87316 35.8789 35.88446 35.8899 35.89051 35.88925 35.88826 35.88757 35.8872 35.88714 35.88736 35.88784 35.88855 35.8895 35.89064 35.89199 35.89291 35.89365 35.89447 35.89538 35.89636 35.8974 35.89851 35.89965 35.90086 35.9021 35.90339 35.90473 35.90722 35.91047 35.9137 35.91691 35.92009 35.92326 35.9264 35.92951 35.93261 35.9357 35.93877 35.94181 35.94604 35.95119 35.9563 35.96136 35.9664 35.97131 35.97603 35.98054 35.9848 35.98878 35.9917 35.99303 35.99234 35.98985 35.98738 35.98491 35.98244 35.97997 35.9775 35.97503 35.97256 35.97009 35.96754 35.96473 35.96045
35.86586 35.87166 35.87729 35.88289 35.88355 35.88227 35.88127 35.88061 35.88029 35.88028 35.88054 35.88107 35.88182 35.8828 35.88399 35.88537 35.88612 35.88663 35.88723 35.88791 35.88866 35.88945 35.8903 35.8912 35.89214 35.89311 35.89413 35.89519 35.89769 35.90114 35.90458 35.90798 35.91136 35.91471 35.91803 35.92133 35.9246 35.92785 35.93108 35.9343 35.93905 35.94499 35.95089 35.95675 35.96257 35.9683 35.97384 35.97918 35.98428 35.98913 35.9934 35.99582 35.99548 35.99309 35.99072 35.98833 35.98596 35.98358 35.9812 35.97882 35.97644 35.97406 35.97159 35.96886 35.96449
35.8586 35.86446 35.87014 35.87593 35.87662 35.87531 35.87431 35.8737 35.87342 35.87345 35.87376 35.87432 35.87512 35.87614 35.87737 35.8788 35.87944 35.87973 35.88011 35.88055 35.88106 35.88161 35.88221 35.88285 35.88352 35.88423 35.88497 35.88575 35.88828 35.89193 35.89556 35.89917 35.90274 35.90628 35.90978 35.91326 35.9167 35.92012 35.92351 35.92688 35.93211 35.93881 35.9455 35.95215 35.95877 35.9653 35.97166 35.97784 35.98378 35.98947 35.99483 35.99861 35.99863 35.99633 35.99405 35.99176 35.98947 35.98718 35.98489 35.9826 35.98032 35.97803 35.97566 35.97303 35.96857
35.85137 35.85728 35.86305 35.86899 35.8697 35.86836 35.8674 35.86682 35.86658 35.86666 35.867 35.86761 35.86845 35.86951 35.87081 35.87233 35.87288 35.87294 35.8731 35.87331 35.87357 35.87387 35.87421 35.8746 35.87501 35.87545 35.87592 35.87642 35.87896 35.88282 35.88666 35.89046 35.89423 35.89795 35.90164 35.9053 35.90892 35.9125 35.91606 35.91958 35.92529 35.93271 35.94014 35.94758 35.95498 35.96233 35.96951 35.97651 35.98329 35.98982 35.99605 36.00134 36.00178 35.99958 35.99738 35.99518 35.99298 35.99079 35.98859 35.9864 35.9842 35.982 35.97976 35.97723 35.97268
35.84417 35.85012 35.85598 35.86208 35.8628 35.86145 35.86051 35.85997 35.85978 35.85989 35.86028 35.86092 35.86181 35.86297 35.86436 35.86598 35.86641 35.86626 35.86618 35.86616 35.86618 35.86623 35.86633 35.86645 35.8666 35.86677 35.86697 35.86719 35.86975 35.87382 35.87785 35.88185 35.88581 35.88972 35.8936 35.89743 35.90123 35.90499 35.90871 35.9124 35.91859 35.92675 35.93489 35.94305 35.95122 35.95937 35.96737 35.97519 35.98281 35.99019 35.99727 36.00384 36.00492 36.00282 36.00071 35.9986 35.9965 35.99439 35.99229 35.99018 35.98808 35.98597 35.98385 35.98148 35.97684
35.837 35.84299 35.84895 35.85518 35.8559 35.85455 35.85365 35.85314 35.85299 35.85313 35.85357 35.85428 35.85527 35.85653 35.85802 35.85973 35.86005 35.85968 35.85938 35.85911 35.85889 35.8587 35.85853 35.85839 35.85828 35.85819 35.85811 35.85806 35.86065 35.86492 35.86916 35.87335 35.87749 35.8816 35.88567 35.88969 35.89366 35.89759 35.90148 35.90533 35.912 35.9209 35.92977 35.93864 35.94752 35.95644 35.96525 35.9739 35.98235 35.99057 35.99852 36.00606 36.00807 36.00606 36.00404 36.00203 36.00001 35.99799 35.99598 35.99397 35.99195 35.98994 35.98792 35.98576 35.98105
35.82985 35.83588 35.84193 35.84829 35.849 35.84766 35.84679 35.84632 35.84621 35.84641 35.84691 35.84773 35.84885 35.8502 35.85179 35.85357 35.8538 35.85321 35.85266 35.85216 35.8517 35.85126 35.85083 35.85044 35.85006 35.8497 35.84936 35.84903 35.85164 35.85611 35.86055 35.86494 35.86928 35.87358 35.87783 35.88203 35.88619 35.89029 35.89436 35.89837 35.90554 35.91517 35.92477 35.93436 35.94395 35.95356 35.96315 35.97261 35.9819 35.99096 35.99976 36.00822 36.01122 36.0093 36.00736 36.00542 36.00349 36.00155 35.99963 35.99771 35.9958 35.99389 35.99199 35.99005 35.98531
35.82272 35.82878 35.83491 35.84138 35.84211 35.84079 35.83994 35.83952 35.83945 35.83971 35.84034 35.84129 35.84251 35.84397 35.84565 35.84753 35.84764 35.84683 35.84606 35.84532 35.84461 35.84392 35.84324 35.84258 35.84194 35.84131 35.8407 35.8401 35.84274 35.84741 35.85204 35.85662 35.86116 35.86565 35.87009 35.87448 35.87881 35.8831 35.88734 35.89152 35.89918 35.90956 35.9199 35.93022 35.94052 35.95082 35.96109 35.97134 35.98145 35.99135 36.001 36.01033 36.01436 36.01249 36.01062 36.00877 36.00692 36.00508 36.00325 36.00142 35.9996 35.99779 35.99598 35.99419 35.98951
35.81599 35.82255 35.82919 35.83622 35.83722 -9999 35.83544 35.83522 35.83538 35.83595 35.83688 35.83811 35.83961 35.84134 35.84328 35.84543 35.84497 35.84312 35.84129 35.8395 35.83772 35.83596 35.83421 35.83247 35.83073 35.82902 35.8273 35.82561 35.82766 35.83209 35.83647 35.84081 35.84509 35.84933 35.85351 35.85765 35.86172 35.86574 35.86971 35.87362 35.88181 35.89334 35.90482 35.91626 35.92768 35.93909 35.95042 35.96175 35.97306 35.98419 35.99508 36.00564 36.0109 36.00941 36.00792 36.00642 36.00493 36.00344 36.00196 36.00048 35.99901 35.99755 35.99608 35.99461 35.98997
35.80935 35.81646 35.82368 -9999 35.83268 35.83176 35.83136 35.83139 35.83186 35.83278 35.83404 35.83559 35.83739 35.83944 35.84171 35.84419 35.84304 35.83999 35.83698 35.83397 35.83097 35.82799 35.82501 35.82205 35.81908 35.81612 35.81318 35.81023 35.81158 35.81568 35.81973 35.82373 35.82768 35.83159 35.83545 35.83924 35.84298 35.84666 35.85029 35.85385 35.86257 35.87532 35.88802 35.90067 35.91329 35.92585 35.93835 35.95079 35.96327 35.97569 35.98786 35.99953 36.00623 36.00519 36.00411 36.00303 36.00194 36.00085 35.99977 35.99868 35.9976 35.99652 35.99544 35.99424 35.98973
35.8027 35.81037 35.81815 35.82644 35.82813 35.82743 35.82727 35.82759 35.82843 35.82969 35.83129 35.83318 35.83534 35.83773 35.84034 35.84311 35.84126 35.83701 35.83278 35.82857 35.82436 35.82015 35.81594 35.81174 35.80754 35.80334 35.79916 35.79496 35.79562 35.79937 35.80309 35.80675 35.81037 35.81395 35.81746 35.82093 35.82433 35.82768 35.83096 35.83418 35.84344 35.85742 35.87134 35.8852 35.89902 35.91276 35.9264 35.93998 35.95355 35.96717 35.98061 35.99345 36.00134 36.00097 36.00028 35.99959 35.99891 35.99822 35.99754 35.99685 35.99616 35.99547 35.99478 35.99386 35.98956
35.79605 35.80427 35.81258 35.82152 35.82355 35.82308 35.82318 35.82387 35.82509 35.82671 35.82868 35.83096 35.83348 35.83621 35.83915 35.84219 35.83963 35.83417 35.82873 35.8233 35.81786 35.81243 35.807 35.80156 35.79612 35.79069 35.78525 35.77979 35.77975 35.78317 35.78654 35.78988 35.79316 35.79639 35.79958 35.80271 35.80578 35.80879 35.81173 35.81461 35.82441 35.83962 35.85477 35.86985 35.88488 35.8998 35.91459 35.9293 35.94396 35.95865 35.97327 35.98753 35.99649 35.99674 35.99645 35.99616 35.99587 35.99558 35.99529 35.99501 35.99471 35.99442 35.99409 35.99352 35.98942
35.78937 35.79815 35.80701 35.81657 35.81895 35.81872 35.81913 35.82024 35.82184 35.82389 35.82628 35.82893 35.83181 35.8349 35.83814 35.84143 35.83816 35.83147 35.8248 35.81815 35.81149 35.80482 35.79816 35.79149 35.78482 35.77814 35.77145 35.76472 35.76397 35.76706 35.7701 35.77309 35.77604 35.77893 35.78178 35.78458 35.78732 35.78999 35.7926 35.79514 35.80548 35.82193 35.83831 35.85462 35.87085 35.88695 35.90292 35.91876 35.93451 35.95021 35.96602 35.98177 35.99171 35.99251 35.99262 35.99273 35.99284 35.99295 35.99305 35.99316 35.99326 35.99337 35.99342 35.99322 35.98934
35.78265 35.79201 35.80142 35.8116 35.81431 35.81434 35.81517 35.8167 35.81879 35.82129 -9999 35.82711 35.83036 35.8338 35.8373 35.84083 35.83684 35.82891 35.82101 35.81313 35.80524 35.79735 35.78944 35.78154 35.77362 35.76571 35.75774 35.74974 35.74829 35.75105 35.75375 35.75641 35.75902 35.76159 35.76409 35.76655 35.76895 35.77129 35.77357 35.77578 35.78666 35.80435 35.82196 35.8395 35.85694 35.87423 35.89137 35.90836 35.92521 35.94196 35.95893 35.97618 35.98703 35.98829 35.98879 35.9893 35.9898 35.9903 35.99081 35.99131 35.99182 35.99232 35.99275 35.99295 35.98929
35.77589 35.78588 35.79584 35.80658 35.80964 35.80998 35.81129 35.81336 35.81597 35.8189 35.8221 -9999 -9999 -9999 35.83662 35.8404 35.83567 35.82651 35.81737 35.80824 35.79911 -9999 -9999 -9999 35.76255 35.75336 35.74413 35.73486 35.7327 35.73512 35.7375 35.73982 35.7421 35.74432 35.7465 35.74862 35.75069 35.75269 35.75464 35.75651 35.76795 35.78688 35.80573 35.82449 35.84313 35.86161 35.87994 35.89809 35.91606 35.934 35.95211 35.97077 35.98244 35.98406 35.98496 35.98586 35.98677 35.98766 35.98857 35.98947 35.99038 35.99128 35.99211 35.99273 35.98928
35.76913 35.77974 35.7903 35.80152 35.80491 35.80569 35.80759 -9999 -9999 -9999 -9999 -9999 -9999 -9999 -9999 -9999 -9999 -9999 -9999 -9999 -9999 -9999 -9999 -9999 -9999 -9999 35.73061 35.72005 -9999 35.7193 35.72134 35.72333 35.72527 35.72717 35.729 35.73079 35.73252 35.7342 35.73581 35.73735 35.74934 35.76951 35.78961 35.80959 35.82944 35.84912 35.86863 35.88796 35.90716 35.92633 35.94563 35.96552 35.97795 35.97984 35.98114 35.98243 35.98373 35.98503 35.98633 35.98763 35.98893 35.99022 35.99148 35.99252 35.9893
-9999 -9999 -9999 -9999 -9999 -9999 -9999 -9999 -9999 -9999 -9999 -9999 -9999 -9999 -9999 -9999 -9999 -9999 -9999 -9999 -9999 -9999 -9999 -9999 -9999 -9999 -9999 -9999 -9999 -9999 -9999 -9999 35.70854 35.7101 35.71161 35.71307 35.71446 35.71581 35.71708 35.7183 35.73084 35.75226 35.7736 35.79481 35.81585 35.83674 35.85745 35.87803 35.8985 35.91894 35.93949 35.96035 35.97354 35.97561 35.9773 35.979 35.98069 35.98239 35.98409 35.98578 35.98748 35.98917 35.99086 35.99234 35.98935
-9999 -9999 -9999 -9999 -9999 -9999 -9999 -9999 -9999 -9999 -9999 -9999 -9999 -9999 -9999 -9999 -9999 -9999 -9999 -9999 -9999 -9999 -9999 -9999 -9999 -9999 -9999 -9999 -9999 -9999 -9999 -9999 -9999 35.69314 35.69432 35.69545 35.69652 35.69753 35.69847 35.69936 35.71247 35.73514 35.75771 35.78013 35.80239 35.82449 35.84647 35.86832 35.89008 35.9118 35.93362 35.95543 35.96918 35.97139 35.97348 35.97557 35.97766 35.97977 35.98186 35.98395 35.98603 35.98812 35.99022 35.9922 35.98943
-9999 -9999 -9999 -9999 -9999 -9999 -9999 -9999 -9999 -9999 -9999 -9999 -9999 -9999 -9999 -9999 -9999 -9999 -9999 -9999 -9999 -9999 -9999 -9999 -9999 -9999 -9999 -9999 -9999 -9999 -9999 -9999 -9999 -9999 35.67714 35.67794 35.67868 35.67936 35.67999 35.68054 35.69421 35.71814 35.74192 35.76557 35.78908 35.81246 35.8357 35.85884 35.88189 35.90492 35.92802 35.95079 35.96466 35.96715 35.96971 35.97229 35.97483 35.97733 35.97979 35.98224 35.98467 35.98711 35.98957 35.99204 35.98953
