Spatial_Analysis/Downscaled_EnvironmentalLayers/RCP4_5/2050/salinity_near45.asc
ncols         639
nrows         313
xllcorner     -103
yllcorner     4.021
cellsize      0.083
NODATA_value  -9999
[rows 29 to 57 of 313, columns 520 to 584 of 639]
36.99232 36.99373 36.99516 36.99659 36.9992 37.00359 37.00797 37.01236 37.01675 37.02115 37.02557 37.02999 37.03444 37.03889 37.04334 37.04781 37.05165 37.05442 37.05716 37.05991 37.06268 37.06544 37.06823 37.07103 37.07384 37.07666 37.07949 37.08233 37.08511 37.08783 37.0905 37.09319 37.09589 37.0986 37.10133 37.10406 37.10682 37.10958 37.11236 37.11515 37.11777 37.12006 37.1223 37.12454 37.1268 37.12907 37.13136 37.13366 37.13598 37.13831 37.14066 37.14301 37.1454 37.14804 37.15063 37.15322 37.15583 37.15846 37.1611 37.16376 37.16643 37.16912 37.17183 37.17455 37.17719
36.99097 36.99237 36.99377 36.99519 36.99781 37.00225 37.00667 37.0111 37.01555 37.02 37.02448 37.02895 37.03344 37.03794 37.04245 37.04697 37.05086 37.05367 37.05645 37.05925 37.06205 37.06487 37.0677 37.07054 37.07339 37.07626 37.07913 37.08202 37.08486 37.08765 37.0904 37.09316 37.09594 37.09872 37.10153 37.10434 37.10717 37.11002 37.11287 37.11574 37.11846 37.1208 37.12311 37.12542 37.12775 37.1301 37.13245 37.13483 37.13721 37.13962 37.14204 37.14447 37.14693 37.1496 37.15221 37.15485 37.15749 37.16016 37.16283 37.16553 37.16824 37.17097 37.17371 37.17647 37.17916
36.98693 36.9883 36.98965 36.991 36.99356 36.99794 37.00232 37.00668 37.01105 37.01542 37.0198 37.02419 37.02858 37.03298 37.03737 37.04175 37.0456 37.0485 37.0514 37.05428 37.05717 37.06005 37.06295 37.06586 37.06877 37.07169 37.0746 37.0775 37.08039 37.08327 37.08614 37.089 37.09186 37.09472 37.09758 37.10046 37.10335 37.10624 37.10913 37.112 37.11477 37.11724 37.11971 37.12216 37.1246 37.12705 37.12951 37.13198 37.13446 37.13695 37.13943 37.1419 37.14442 37.14715 37.14988 37.1526 37.1553 37.15801 37.16074 37.16348 37.16622 37.16897 37.17172 37.17445 37.17715
36.98282 36.98415 36.98547 36.9868 36.98932 36.9936 36.99789 37.00218 37.00647 37.01077 37.01506 37.01935 37.02364 37.02794 37.03223 37.03652 37.04034 37.0433 37.04627 37.04923 37.0522 37.05517 37.05814 37.0611 37.06408 37.06704 37.07001 37.07297 37.07593 37.07887 37.08181 37.08475 37.08768 37.09062 37.09356 37.0965 37.09943 37.10237 37.10531 37.10824 37.11108 37.11366 37.11622 37.11879 37.12135 37.12392 37.12648 37.12904 37.13161 37.13417 37.13674 37.1393 37.1419 37.14468 37.14746 37.15023 37.153 37.15577 37.15854 37.16131 37.16409 37.16686 37.16963 37.1724 37.17514
36.97868 36.97998 36.98129 36.9826 36.98508 36.98926 36.99346 36.99767 37.00187 37.00607 37.01027 37.01447 37.01868 37.02288 37.02708 37.0313 37.03509 37.03811 37.04113 37.04417 37.04721 37.05024 37.05327 37.05631 37.05934 37.06237 37.06541 37.06844 37.07146 37.07447 37.07747 37.08047 37.08348 37.08648 37.08948 37.09248 37.09549 37.09849 37.10149 37.10448 37.10739 37.11007 37.11274 37.1154 37.11806 37.12072 37.12339 37.12605 37.12872 37.13138 37.13404 37.1367 37.13939 37.14222 37.14503 37.14785 37.15066 37.15347 37.15628 37.1591 37.16191 37.16473 37.16754 37.17036 37.17313
36.97453 36.97582 36.9771 36.9784 36.98083 36.98493 36.98903 36.99314 36.99726 37.00137 37.00549 37.00961 37.01372 37.01783 37.02195 37.02607 37.02983 37.03291 37.03601 37.03911 37.04221 37.04531 37.04841 37.05151 37.05461 37.05771 37.06081 37.06391 37.06699 37.07007 37.07314 37.0762 37.07927 37.08234 37.0854 37.08847 37.09153 37.0946 37.09767 37.10072 37.1037 37.10648 37.10925 37.11201 37.11478 37.11754 37.1203 37.12306 37.12582 37.12858 37.13134 37.1341 37.13688 37.13974 37.1426 37.14546 37.14832 37.15117 37.15403 37.15688 37.15974 37.16259 37.16545 37.16831 37.17113
36.97039 36.97166 36.97293 36.9742 36.97658 36.98059 36.9846 36.98863 36.99265 36.99668 37.00071 37.00473 37.00875 37.01278 37.0168 37.02084 37.02456 37.02772 37.03088 37.03405 37.03721 37.04038 37.04354 37.04671 37.04988 37.05305 37.05621 37.05937 37.06253 37.06567 37.06881 37.07193 37.07507 37.07819 37.08132 37.08446 37.08759 37.09072 37.09385 37.09697 37.10002 37.10289 37.10577 37.10862 37.11148 37.11435 37.11721 37.12007 37.12293 37.12579 37.12865 37.1315 37.13437 37.13727 37.14017 37.14308 37.14597 37.14887 37.15176 37.15467 37.15756 37.16046 37.16336 37.16626 37.16912
36.96625 36.96749 36.96874 36.97 36.97234 36.97625 36.98018 36.98411 36.98805 36.99198 36.99592 36.99986 37.00379 37.00772 37.01167 37.01561 37.0193 37.02252 37.02575 37.02898 37.03222 37.03545 37.03868 37.04192 37.04515 37.04839 37.05162 37.05484 37.05806 37.06126 37.06446 37.06766 37.07085 37.07405 37.07725 37.08044 37.08363 37.08683 37.09002 37.09321 37.09634 37.09931 37.10228 37.10524 37.1082 37.11116 37.11411 37.11708 37.12004 37.12299 37.12595 37.1289 37.13186 37.1348 37.13775 37.14069 37.14363 37.14657 37.14951 37.15245 37.15539 37.15833 37.16127 37.16421 37.16711
36.96211 36.96334 36.96456 36.9658 36.96808 36.97191 36.97575 36.97959 36.98344 36.98729 36.99113 36.99498 36.99883 37.00267 37.00652 37.01038 37.01404 37.01732 37.02062 37.02391 37.02721 37.03052 37.03382 37.03712 37.04042 37.04372 37.04702 37.05031 37.05359 37.05687 37.06013 37.06339 37.06665 37.06991 37.07317 37.07643 37.07969 37.08294 37.0862 37.08945 37.09265 37.09573 37.09879 37.10185 37.1049 37.10796 37.11102 37.11408 37.11714 37.1202 37.12325 37.12631 37.12934 37.13234 37.13532 37.13831 37.14129 37.14427 37.14725 37.15023 37.15321 37.15619 37.15918 37.16216 37.16509
36.95797 36.95917 36.96038 36.96159 36.96383 36.96756 36.97132 36.97507 36.97883 36.98259 36.98635 36.99011 36.99387 36.99762 37.00138 37.00515 37.00877 37.01212 37.01548 37.01886 37.02222 37.02559 37.02896 37.03232 37.03569 37.03905 37.04242 37.04578 37.04913 37.05247 37.05579 37.05912 37.06244 37.06577 37.06909 37.07241 37.07574 37.07906 37.08238 37.0857 37.08897 37.09215 37.09531 37.09846 37.10162 37.10478 37.10793 37.11109 37.11425 37.1174 37.12056 37.12371 37.12683 37.12986 37.1329 37.13592 37.13894 37.14197 37.145 37.14801 37.15104 37.15406 37.15709 37.16011 37.16309
36.95383 36.95501 36.9562 36.95738 36.95957 36.96322 36.96689 36.97056 36.97422 36.97789 36.98156 36.98523 36.98891 36.99257 36.99624 36.99992 37.0035 37.00692 37.01036 37.01379 37.01722 37.02066 37.02409 37.02752 37.03095 37.03439 37.03782 37.04126 37.04467 37.04807 37.05146 37.05484 37.05824 37.06163 37.06501 37.0684 37.07178 37.07517 37.07856 37.08195 37.08529 37.08856 37.09182 37.09508 37.09833 37.10159 37.10484 37.1081 37.11135 37.11461 37.11787 37.12112 37.12433 37.1274 37.13047 37.13354 37.1366 37.13967 37.14273 37.1458 37.14886 37.15193 37.155 37.15806 37.16108
36.94968 36.95085 36.95201 36.95317 36.95531 36.95888 36.96246 36.96603 36.96961 36.97319 36.97677 36.98035 36.98393 36.98752 36.9911 36.99468 36.99824 37.00172 37.00523 37.00872 37.01221 37.01571 37.01921 37.02271 37.02622 37.02972 37.03323 37.03673 37.04021 37.04367 37.04712 37.05058 37.05402 37.05747 37.06091 37.06437 37.06783 37.07129 37.07474 37.0782 37.08162 37.08498 37.08833 37.09169 37.09503 37.09838 37.10173 37.10509 37.10844 37.11181 37.11517 37.11852 37.12182 37.12494 37.12804 37.13115 37.13425 37.13735 37.14045 37.14357 37.14668 37.14979 37.1529 37.15601 37.15907
36.94551 36.94666 36.94781 36.94897 36.95105 36.95453 36.95801 36.96149 36.96497 36.96846 36.97195 36.97544 36.97894 36.98244 36.98594 36.98945 36.99297 36.99652 37.00007 37.00362 37.00718 37.01074 37.0143 37.01786 37.02144 37.02502 37.02861 37.03219 37.03575 37.03926 37.04276 37.04626 37.04976 37.05327 37.05678 37.0603 37.06383 37.06736 37.0709 37.07443 37.07794 37.08139 37.08482 37.08825 37.09169 37.09513 37.09858 37.10203 37.1055 37.10897 37.11244 37.11592 37.11931 37.12246 37.12558 37.12871 37.13184 37.13498 37.13813 37.14128 37.14444 37.14761 37.15078 37.15396 37.15706
36.93963 36.94077 36.9419 36.94304 36.94509 36.94849 36.95189 36.95529 36.95869 36.9621 36.96552 36.96894 36.97235 36.97578 36.97921 36.98265 36.98613 36.98969 36.99325 36.99681 37.00037 37.00394 37.00752 37.0111 37.01468 37.01828 37.02188 37.02548 37.02908 37.03265 37.03621 37.03978 37.04335 37.04693 37.05051 37.05411 37.0577 37.06131 37.06492 37.06853 37.07213 37.07566 37.07918 37.08271 37.08624 37.08978 37.09332 37.09687 37.10043 37.10399 37.10757 37.11115 37.11464 37.11788 37.12109 37.12432 37.12754 37.13079 37.13403 37.13728 37.14054 37.1438 37.14708 37.15035 37.15356
36.93035 36.93146 36.93257 36.93368 36.9357 36.93905 36.94242 36.94578 36.94914 36.95251 36.95587 36.95924 36.96262 36.96599 36.96936 36.97273 36.97614 36.97961 36.98309 36.98657 36.99004 36.99352 36.997 37.00048 37.00397 37.00746 37.01094 37.01442 37.01796 37.02164 37.02532 37.02898 37.03265 37.03632 37.03999 37.04366 37.04734 37.05103 37.05471 37.05838 37.06204 37.06569 37.06932 37.07295 37.07658 37.08021 37.08385 37.08749 37.09113 37.09478 37.09843 37.10207 37.10566 37.10913 37.11259 37.11604 37.11948 37.12293 37.12639 37.12985 37.13331 37.13678 37.14025 37.14371 37.14709
36.92104 36.92213 36.92321 36.92432 36.92631 36.92961 36.93293 36.93624 36.93957 36.94289 36.9462 36.94952 36.95284 36.95616 36.95948 36.96281 36.96615 36.96952 36.97291 36.97629 36.97967 36.98306 36.98644 36.98982 36.99321 36.99659 36.99997 37.00336 37.00685 37.01062 37.01439 37.01814 37.0219 37.02566 37.02942 37.03318 37.03694 37.0407 37.04446 37.04821 37.05196 37.0557 37.05943 37.06316 37.06688 37.07061 37.07434 37.07806 37.08179 37.08552 37.08924 37.09297 37.09668 37.10036 37.10403 37.1077 37.11137 37.11503 37.1187 37.12237 37.12604 37.12971 37.13337 37.13704 37.14063
36.91171 36.91279 36.91386 36.91496 36.91692 36.92017 36.92343 36.9267 36.92997 36.93325 36.93652 36.93979 36.94306 36.94633 36.9496 36.95288 36.95616 36.95943 36.96272 36.966 36.96929 36.97258 36.97586 36.97915 36.98243 36.98572 36.98901 36.99229 36.99574 36.9996 37.00345 37.00729 37.01114 37.01498 37.01883 37.02267 37.02652 37.03036 37.0342 37.03804 37.04187 37.0457 37.04953 37.05334 37.05716 37.06097 37.0648 37.06861 37.07243 37.07624 37.08007 37.08388 37.08771 37.09159 37.09547 37.09935 37.10323 37.10711 37.11098 37.11486 37.11874 37.12262 37.1265 37.13038 37.13417
36.90239 36.90345 36.90451 36.90559 36.90752 36.91072 36.91394 36.91716 36.92038 36.92361 36.92683 36.93006 36.93328 36.9365 36.93973 36.94296 36.94617 36.94935 36.95253 36.95572 36.95891 36.9621 36.96529 36.96848 36.97166 36.97485 36.97804 36.98122 36.98463 36.98857 36.99251 36.99644 37.00037 37.0043 37.00823 37.01216 37.01609 37.02002 37.02395 37.02787 37.03179 37.03571 37.03962 37.04353 37.04744 37.05135 37.05525 37.05916 37.06307 37.06697 37.07088 37.07478 37.07872 37.08282 37.08691 37.091 37.09509 37.09918 37.10327 37.10735 37.11145 37.11554 37.11963 37.12371 37.1277
36.89307 36.89412 36.89516 36.89622 36.89813 36.90128 36.90444 36.90762 36.91079 36.91397 36.91714 36.92032 36.9235 36.92667 36.92984 36.93303 36.93618 36.93925 36.94234 36.94543 36.94853 36.95161 36.95471 36.9578 36.96089 36.96398 36.96707 36.97015 36.97353 36.97755 36.98158 36.98559 36.98961 36.99363 36.99764 37.00166 37.00567 37.00969 37.0137 37.01771 37.02171 37.02572 37.02973 37.03372 37.03772 37.04172 37.04571 37.04971 37.05371 37.0577 37.0617 37.06569 37.06975 37.07405 37.07835 37.08265 37.08695 37.09125 37.09555 37.09985 37.10415 37.10845 37.11275 37.11705 37.12124
36.88375 36.88478 36.8858 36.88685 36.88873 36.89183 36.89495 36.89808 36.9012 36.90433 36.90746 36.91059 36.91371 36.91684 36.91997 36.9231 36.92619 36.92917 36.93216 36.93515 36.93814 36.94114 36.94413 36.94712 36.95012 36.95311 36.9561 36.95909 36.96242 36.96653 36.97064 36.97474 36.97885 36.98294 36.98705 36.99115 36.99525 36.99935 37.00345 37.00754 37.01163 37.01573 37.01982 37.02391 37.028 37.03209 37.03617 37.04026 37.04434 37.04843 37.05252 37.0566 37.06077 37.06528 37.0698 37.07431 37.07882 37.08333 37.08784 37.09235 37.09686 37.10136 37.10587 37.11038 37.11478
36.87442 36.87544 36.87645 36.87748 36.87933 36.88239 36.88546 36.88853 36.89161 36.89469 36.89777 36.90085 36.90393 36.90701 36.91009 36.91317 36.91619 36.91908 36.92197 36.92487 36.92776 36.93066 36.93355 36.93645 36.93935 36.94225 36.94514 36.94802 36.95131 36.95551 36.95971 36.96389 36.96808 36.97227 36.97645 36.98064 36.98483 36.98901 36.99319 36.99737 37.00155 37.00574 37.00993 37.0141 37.01828 37.02245 37.02663 37.03081 37.03498 37.03916 37.04333 37.0475 37.05179 37.05652 37.06124 37.06596 37.07068 37.0754 37.08012 37.08484 37.08956 37.09428 37.099 37.10372 37.10831
36.8651 36.8661 36.8671 36.86811 36.86993 36.87294 36.87596 36.87899 36.88202 36.88506 36.88808 36.89111 36.89415 36.89718 36.90021 36.90325 36.9062 36.90899 36.91179 36.91458 36.91739 36.92018 36.92297 36.92578 36.92857 36.93137 36.93417 36.93696 36.94021 36.9445 36.94877 36.95304 36.95731 36.96159 36.96586 36.97013 36.9744 36.97868 36.98294 36.98721 36.99147 36.99575 37.00003 37.0043 37.00856 37.01283 37.01709 37.02136 37.02562 37.02989 37.03415 37.03842 37.04282 37.04775 37.05268 37.05762 37.06254 37.06747 37.07241 37.07734 37.08227 37.08719 37.09212 37.09705 37.10185
36.85579 36.85677 36.85775 36.85873 36.86052 36.86348 36.86646 36.86945 36.87243 36.87541 36.8784 36.88138 36.88437 36.88735 36.89033 36.89332 36.8962 36.8989 36.90159 36.9043 36.907 36.9097 36.9124 36.9151 36.9178 36.9205 36.92321 36.9259 36.9291 36.93348 36.93784 36.9422 36.94655 36.95091 36.95527 36.95963 36.96398 36.96834 36.97269 36.97705 36.9814 36.98577 36.99013 36.99448 36.99884 37.00319 37.00755 37.01191 37.01626 37.02062 37.02497 37.02932 37.03384 37.03899 37.04413 37.04927 37.05441 37.05955 37.06469 37.06983 37.07497 37.0801 37.08525 37.09039 37.09539
36.84648 36.84743 36.84839 36.84935 36.85111 36.85403 36.85697 36.85991 36.86286 36.86581 36.86874 36.87167 36.8746 36.87752 36.88045 36.88339 36.88621 36.88881 36.89141 36.89402 36.89664 36.89925 36.90185 36.90445 36.90704 36.90963 36.91224 36.91484 36.91801 36.92246 36.9269 36.93135 36.93581 36.94026 36.9447 36.94913 36.95357 36.958 36.96244 36.96689 36.97132 36.97578 36.98023 36.98468 36.98913 36.99358 36.99803 37.00248 37.00691 37.01134 37.01579 37.02023 37.02486 37.03022 37.03557 37.04092 37.04629 37.05164 37.057 37.06234 37.06769 37.07302 37.07837 37.08372 37.08892
36.83725 36.83817 36.83907 36.83998 36.84171 36.8446 36.84753 36.85046 36.85337 36.85627 36.85917 36.86205 36.86491 36.86777 36.87061 36.87346 36.87621 36.87873 36.88128 36.88382 36.88635 36.88887 36.89138 36.89388 36.89636 36.89884 36.90131 36.90378 36.90691 36.91145 36.91602 36.92058 36.92513 36.92967 36.9342 36.93872 36.94323 36.94773 36.95223 36.95673 36.96125 36.9658 36.97037 36.97494 36.97949 36.98404 36.98858 36.99311 36.99763 37.00214 37.00664 37.01114 37.01589 37.02146 37.02706 37.03264 37.03823 37.0438 37.04936 37.05492 37.06047 37.06601 37.07154 37.07706 37.08245
36.82747 36.82845 36.82942 36.83038 36.8321 36.83496 36.83784 36.8407 36.84356 36.84639 36.84922 36.85204 36.85484 36.85763 36.8604 36.86317 36.86585 36.8684 36.87095 36.87349 36.87602 36.87854 36.88105 36.88354 36.88602 36.8885 36.89095 36.89341 36.89654 36.9012 36.90588 36.91054 36.91519 36.91983 36.92446 36.92908 36.93369 36.93828 36.94287 36.94744 36.95205 36.95668 36.96133 36.96597 36.9706 36.97521 36.97982 36.98442 36.989 36.99359 36.99815 37.00271 37.00753 37.0133 37.01908 37.02486 37.03063 37.03639 37.04213 37.04787 37.0536 37.05932 37.06503 37.07073 37.07628
36.81616 36.81744 36.81872 36.82002 36.82188 36.8246 36.82731 36.83005 36.83279 36.83552 36.83824 36.84095 36.84365 36.84636 36.84906 36.85177 36.8545 36.85723 36.85998 36.86273 36.86549 36.86824 36.87098 36.87371 36.87643 36.87915 36.88188 36.88462 36.88797 36.89273 36.89749 36.90226 36.90703 36.91179 36.91655 36.9213 36.92604 36.93078 36.93552 36.94027 36.94499 36.94962 36.95423 36.95886 36.9635 36.96812 36.97274 36.97736 36.98196 36.98656 36.99117 36.99578 37.00066 37.00652 37.01238 37.01824 37.02412 37.02998 37.03584 37.0417 37.04754 37.05338 37.05922 37.06508 37.07078
36.80493 36.80651 36.80809 36.80968 36.81168 36.81427 36.81688 36.8195 36.82211 36.82472 36.82734 36.82995 36.83256 36.83517 36.83779 36.8404 36.84314 36.84612 36.84908 36.85205 36.85503 36.85801 36.86098 36.86395 36.86692 36.8699 36.87288 36.87584 36.8794 36.8843 36.88918 36.89406 36.89894 36.90382 36.90871 36.91359 36.91847 36.92335 36.92824 36.93311 36.93793 36.94257 36.9472 36.95183 36.95646 36.96109 36.96572 36.97035 36.97498 36.97961 36.98425 36.98888 36.99379 36.99976 37.00573 37.0117 37.01767 37.02364 37.02961 37.03558 37.04154 37.04751 37.05348 37.05946 37.06528
36.79374 36.7956 36.79746 36.79934 36.80146 36.80396 36.80646 36.80896 36.81147 36.81398 36.81649 36.81899 36.8215 36.82401 36.82652 36.82902 36.83178 36.83499 36.8382 36.84141 36.84462 36.84782 36.85103 36.85424 36.85746 36.86066 36.86387 36.86707 36.87083 36.87585 36.88087 36.88588 36.89089 36.8959 36.90091 36.90592 36.91093 36.91594 36.92095 36.92595 36.93087 36.93552 36.94017 36.94481 36.94946 36.95411 36.95875 36.96339 36.96804 36.97268 36.97733 36.98198 36.98692 36.993 36.99908 37.00517 37.01125 37.01733 37.02341 37.0295 37.03558 37.04166 37.04774 37.05383 37.05978
