Spatial_Analysis/Downscaled_EnvironmentalLayers/RCP4_5/2050/speed_near45.asc
ncols         639
nrows         313
xllcorner     -103
yllcorner     4.021
cellsize      0.083
NODATA_value  -9999
[rows 116 to 144 of 313, columns 260 to 324 of 639]
4.464859 4.648248 4.831226 5.016717 5.204231 5.38842 5.568273 5.746582 5.929098 6.112076 6.316844 6.542597 6.769815 7.049877 7.33371 7.618522 7.903203 8.186089 8.468779 8.752754 9.036711 9.320544 9.603799 9.877389 10.13577 10.39251 10.6491 10.90466 11.15946 11.41603 11.67399 11.93189 12.18863 12.44521 12.68989 12.78529 12.61358 12.40201 12.18592 11.96998 11.75421 11.5382 11.32191 11.10555 10.88941 10.67333 10.46271 10.34339 10.43401 10.55341 10.68481 -9999 -9999 -9999 -9999 -9999 -9999 -9999 -9999 -9999 -9999 -9999 -9999 -9999 -9999
4.516723 4.683255 4.847451 5.011647 5.175843 5.340041 5.504237 5.668434 5.83263 5.997888 6.193071 6.386551 6.560737 6.773711 6.999577 7.225445 7.451312 7.677178 7.903045 8.128913 8.35478 8.580982 8.822186 9.079674 9.349823 9.640521 9.938896 10.23727 10.53565 10.83402 11.1324 11.43077 11.72915 12.02714 12.29265 12.42269 12.31867 12.16737 11.99631 11.82526 11.6542 11.48314 11.31209 11.14103 10.96997 10.79897 10.6413 10.56347 10.66936 10.80471 -9999 -9999 -9999 -9999 -9999 -9999 -9999 -9999 -9999 -9999 -9999 -9999 -9999 -9999 -9999
4.568596 4.718261 4.863675 5.009089 5.154504 5.299918 5.445333 5.590748 5.736162 5.885273 6.056993 6.215215 6.344721 6.49758 6.665443 6.833345 7.001246 7.169147 7.337048 7.504948 7.672849 7.845557 8.053272 8.296538 8.574348 8.888752 9.228693 9.568857 9.909019 10.24918 10.58934 10.92951 11.26967 11.60452 11.89248 12.05818 12.02002 11.93205 11.8067 11.68068 11.55465 11.42862 11.30259 11.17656 11.05053 10.9261 10.8192 10.78114 -9999 -9999 -9999 -9999 -9999 -9999 -9999 -9999 -9999 -9999 -9999 -9999 -9999 -9999 -9999 -9999 -9999
4.62103 4.753138 4.8799 5.006532 5.133164 5.259797 5.386429 5.513062 5.639695 5.769722 5.912217 6.034074 6.121973 6.221745 6.331311 6.441246 6.55118 6.661115 6.771049 6.880984 6.990918 7.11353 7.289364 7.518771 7.803456 8.138895 8.518492 8.900442 9.282393 9.664343 10.04629 10.42824 10.81019 11.18043 11.49394 11.69602 11.72247 11.69456 11.61709 11.53609 11.45509 11.37409 11.29309 11.21209 11.13109 11.05353 10.99537 -9999 -9999 -9999 -9999 -9999 -9999 -9999 -9999 -9999 -9999 -9999 -9999 -9999 -9999 -9999 -9999 -9999 -9999
4.674244 4.788056 4.896124 5.003973 5.111825 5.219676 5.327525 5.435377 5.543227 5.65186 5.763017 5.848093 5.895524 5.945321 5.997178 6.049147 6.101113 6.153083 6.20505 6.257018 6.308988 6.380308 6.52258 6.737761 7.030124 7.388885 7.80829 8.232028 8.655766 9.079503 9.503242 9.926979 10.35072 10.75878 11.10114 11.3404 11.43004 11.45809 11.42748 11.39151 11.35554 11.31957 11.2836 11.24762 11.21165 11.17998 -9999 -9999 -9999 -9999 -9999 -9999 -9999 -9999 -9999 -9999 -9999 -9999 -9999 -9999 -9999 -9999 -9999 -9999 -9999
4.728357 4.82317 4.912348 5.001417 5.090486 5.179554 5.268621 5.357691 5.446759 5.533921 5.613688 5.661977 5.668967 5.668861 5.663046 5.657046 5.651049 5.64505 5.639051 5.633054 5.627056 5.641224 5.745085 5.944966 6.247339 6.635979 7.098087 7.563612 8.029138 8.494664 8.96019 9.425715 9.89124 10.34219 10.71804 10.99562 11.14648 11.22468 11.23787 11.24693 11.25599 11.26504 11.2741 11.28316 11.29221 -9999 -9999 -9999 -9999 -9999 -9999 -9999 -9999 -9999 -9999 13.16178 13.4497 13.75343 14.04543 14.14859 13.6318 13.13146 12.64081 12.18467 11.7615
4.783415 4.858285 4.928572 4.998859 5.069145 5.139432 5.209719 5.280006 5.350291 5.41812 5.468534 5.480433 5.445885 5.392876 5.328913 5.264948 5.200982 5.137018 5.073052 5.009089 4.945124 4.893651 4.949039 5.131413 5.448606 5.880804 6.387885 6.895198 7.402512 7.909823 8.417138 8.924451 9.431763 9.931296 10.34856 10.66637 10.8751 10.99355 11.04826 11.10235 11.15643 11.21052 11.2646 11.31869 11.37277 -9999 11.50694 11.61706 11.77263 11.95975 12.17282 12.39356 12.62229 12.85981 13.10703 13.36499 13.63488 13.9161 14.17682 14.26645 13.83292 13.38979 12.94156 12.51729 12.1155
4.839322 4.893293 4.944797 4.996303 5.047806 5.099312 5.150815 5.202321 5.253825 5.30488 5.331808 5.308438 5.229232 5.11671 4.994777 4.872849 4.750917 4.628986 4.507056 4.385126 4.263193 4.142212 4.127038 4.28715 4.629563 5.128582 5.677683 6.226783 6.775885 7.324985 7.874085 8.423185 8.972286 9.521201 9.996167 10.35807 10.61789 10.75954 10.85865 10.95777 11.05688 11.15599 11.25511 11.35422 11.45333 11.55244 11.67001 11.81376 11.97467 12.17227 12.38769 12.60829 12.83444 13.06653 13.305 13.55033 13.80304 14.06372 14.30626 14.3873 14.01896 13.61749 13.20963 12.81716 12.43896
4.895322 4.928299 4.960815 4.991432 5.022594 5.055308 5.089348 5.123884 5.157356 5.19008 5.206925 5.151493 5.018644 4.840542 4.660763 4.483488 4.307613 4.130316 3.949392 3.764545 3.581261 3.401366 3.275421 3.400753 3.796039 4.376593 4.967662 5.56137 6.152423 6.740648 7.329033 7.920287 8.51281 9.103698 9.661199 10.07713 10.37049 10.5249 10.66888 10.80673 10.94466 11.08729 11.23498 11.38574 11.53389 11.67803 11.82955 12.00351 12.17143 12.37984 12.59482 12.80812 13.02367 13.2462 13.47735 13.7164 13.95793 14.19883 14.43454 14.51402 14.19351 13.82179 13.45181 13.08482 12.72495
4.94886 4.951554 4.954883 4.962733 4.97497 4.99086 5.009552 5.030151 5.051658 5.072541 5.088643 5.015364 4.802261 4.568999 4.34401 4.123753 3.904029 3.68073 3.449807 3.207338 2.950107 2.679103 2.423605 2.459749 2.992172 3.649602 4.298936 4.930097 5.547852 6.158942 6.770389 7.389191 8.021899 8.671914 9.318685 9.830999 10.10108 10.26036 10.4137 10.57827 10.75554 10.94465 11.14431 11.35311 11.56918 11.78842 11.99279 12.18484 12.37122 12.56262 12.74607 12.9355 13.13408 13.34332 13.56439 13.79833 14.04567 14.30403 14.55106 14.64948 14.34758 13.98415 13.61409 13.25715 12.91532
4.956928 4.932909 4.917591 4.90916 4.906154 4.907372 4.911798 4.918517 4.92668 4.935442 4.943888 4.876804 4.587733 4.315031 4.0526 3.795193 3.538102 3.276843 3.006858 2.723254 2.420463 2.091883 1.729454 1.563615 2.318619 3.024211 3.692597 4.335066 4.961234 5.579682 6.198542 6.825984 7.470745 8.142698 8.853531 9.554944 9.697275 9.865444 10.0566 10.26683 10.49313 10.73323 10.9854 11.24835 11.52119 11.80332 12.09443 12.34619 12.49339 12.648 12.8122 12.98604 13.16985 13.36434 13.57058 13.79007 14.02486 14.27769 14.55214 14.76337 14.37734 14.00846 13.66081 13.33093 13.01619
5.461157 5.417012 5.371127 5.32908 5.291132 5.25667 5.224893 5.194919 5.165695 5.135491 5.099166 4.970214 4.706873 4.409657 4.120142 3.83528 3.551017 3.263342 2.968355 2.662413 2.342965 2.013233 1.705035 1.709699 2.201096 2.833117 3.464927 4.080785 4.684062 5.280972 5.878222 6.482481 7.099676 7.73132 8.354426 8.856197 9.17958 9.392244 9.591996 9.800723 10.02118 10.25294 10.49482 10.74536 11.00242 11.26088 11.50199 11.72189 11.88276 12.05443 12.21288 12.37437 12.54284 12.71999 12.907 13.10473 13.3132 13.5285 13.72593 13.80723 13.59746 13.32933 13.04551 12.76908 12.50346
5.931658 5.863757 -9999 -9999 5.657415 5.589325 5.522296 5.455502 5.3877 5.319693 5.221739 5.053312 4.82625 4.523279 4.215618 3.909202 3.604331 3.298434 2.989647 2.678343 2.369661 2.062002 1.824911 1.864915 2.197818 2.741854 3.302922 3.865311 4.426934 4.986437 5.546062 6.107728 6.669327 7.230395 7.753655 8.175058 8.551787 8.794375 9.02334 9.249555 9.4738 9.70144 9.933139 10.16677 10.39713 10.62609 10.86187 11.08285 11.21148 11.36898 11.53007 11.68911 11.84578 12.00489 12.16796 12.33375 12.49663 12.65772 12.8083 12.86345 12.72294 12.5288 12.32666 12.12238 11.91556
6.402832 6.302413 6.202454 6.102491 6.00253 5.902567 5.802604 5.702643 5.60268 5.50096 5.341282 5.144989 4.93071 4.640034 4.325065 4.010098 3.695128 3.380158 3.065191 2.750222 2.435254 2.122718 1.944639 1.976331 2.227792 2.667261 3.174046 3.68083 4.187616 4.6944 5.201185 5.707969 6.214754 6.720913 7.154076 7.529291 7.907552 8.176928 8.402617 8.628305 8.853992 9.079681 9.30537 9.531057 9.756745 9.982463 10.22075 10.43334 10.54203 10.67088 10.80874 10.94661 11.08448 11.22235 11.36022 11.49809 11.63595 11.77382 11.88772 11.93271 11.84367 11.71293 11.56143 11.40993 11.25843
6.875844 6.741071 6.609157 6.477238 6.345324 6.213407 6.081491 5.949576 5.81766 5.675353 5.466917 5.245839 5.035669 4.756729 4.434512 4.112236 3.789957 3.46768 3.145402 2.823124 2.500847 2.19761 2.039124 2.051275 2.24609 2.593388 3.045172 3.497673 3.950173 4.402676 4.855177 5.307679 5.76018 6.204498 6.57302 6.910696 7.275226 7.558539 7.781893 8.004305 8.226717 8.449129 8.671541 8.893952 9.116364 9.33976 9.574532 9.776393 9.86849 9.973045 10.08742 10.20206 10.31671 10.43135 10.54599 10.66064 10.77528 10.88806 10.97303 11.01197 10.96962 10.89598 10.79621 10.69536 10.5945
7.349887 7.179864 7.015857 6.851987 6.688117 6.52425 6.360378 6.19651 6.03264 5.850566 5.600673 5.356199 5.146276 4.871642 4.543959 4.214372 3.884784 3.555201 3.225613 2.896025 2.56644 2.26896 2.10836 2.096296 2.244689 2.5239 2.916296 3.314513 3.712733 4.110952 4.50917 4.907389 5.305607 5.690341 6.008691 6.312272 6.657033 6.938034 7.16117 7.380306 7.599442 7.818577 8.037712 8.256848 8.475983 8.696418 8.924309 9.114569 9.191314 9.275284 9.366095 9.457514 9.548933 9.640351 9.731771 9.823191 9.914609 10.00225 10.06424 10.09878 10.1012 10.07846 10.03099 9.980779 9.93057
7.823754 7.61872 7.42256 7.226736 7.03091 6.83509 6.639266 6.443441 6.24762 6.030299 5.743598 5.476634 5.264456 4.987262 4.653407 4.316511 3.979613 3.642717 3.305822 2.968926 2.63203 2.329986 2.155579 2.116728 2.224294 2.451299 2.787421 3.131356 3.475291 3.819228 4.163163 4.507099 4.851035 5.181705 5.456847 5.728021 6.050061 6.320045 6.540448 6.756307 6.972166 7.188025 7.403884 7.619743 7.835602 8.052122 8.271832 8.450148 8.512028 8.576914 8.644771 8.712965 8.781158 8.849354 8.917548 8.985742 9.053937 9.118167 9.160097 9.191062 9.237305 9.262351 9.265765 9.266202 9.266637
8.296215 8.057265 7.829262 7.601485 7.373707 7.14593 6.918153 6.690374 6.4626 6.21583 5.896646 5.608038 5.39127 5.105181 4.762852 4.418648 4.074444 3.730238 3.386034 3.041827 2.697623 2.380923 2.184405 2.116932 2.187667 2.373688 2.658544 2.948197 3.237851 3.527503 3.817155 4.106808 4.396461 4.677202 4.912904 5.152592 5.450302 5.704566 5.919724 6.132308 6.34489 6.557473 6.770055 6.982638 7.195221 7.407621 7.61894 7.785255 7.83235 7.878393 7.923446 7.968416 8.013386 8.058355 8.103325 8.148294 8.193265 8.235563 8.259139 8.287009 8.376508 8.44754 8.500544 8.551624 8.602704
8.766142 8.495696 8.235964 7.976233 7.716502 7.456772 7.197041 6.937308 6.677578 6.406755 6.060816 5.751681 5.527239 5.223794 4.872299 4.520785 4.169271 3.817758 3.466244 3.11473 2.763217 2.425332 2.198459 2.100554 2.138399 2.29465 2.529667 2.765039 3.000407 3.235778 3.471147 3.706518 3.941888 4.173893 4.372243 4.580951 4.853447 5.089375 5.299002 5.508308 5.717614 5.926921 6.136227 6.345533 6.55484 6.763739 6.967475 7.122004 7.154009 7.180275 7.202121 7.223867 7.245612 7.267356 7.289102 7.310846 7.332592 7.353462 7.359836 7.384943 7.517316 7.633104 7.73532 7.837046 7.938772
9.232838 8.934352 8.642667 8.350982 8.059296 7.767612 7.475927 7.184241 6.892556 6.599278 6.236967 5.909281 5.671669 5.340568 4.981746 4.622922 4.264101 3.905278 3.546454 3.187631 2.828808 2.471077 2.201676 2.07074 2.081387 2.219707 2.400795 2.58188 2.762967 2.944054 3.125141 3.306228 3.487315 3.668314 3.83016 4.008071 4.255028 4.472249 4.678279 4.884309 5.090339 5.296369 5.502398 5.708429 5.914458 6.120486 6.319212 6.46262 6.478589 6.482276 6.480797 6.479318 6.477838 6.476357 6.474878 6.473399 6.47192 6.470439 6.460604 6.483208 6.65815 6.817727 6.970098 7.122469 7.274839
9.697614 9.373008 9.049401 8.72659 8.403198 8.079023 7.754749 7.431034 7.107536 6.783897 6.424473 6.083014 5.818775 5.457324 5.091177 4.724031 4.356977 3.990777 3.625347 3.260192 2.894401 2.528267 2.199998 2.030392 2.026343 2.145115 2.271922 2.400209 2.529688 2.65826 2.784349 2.90784 3.032741 3.159545 3.28181 3.428619 3.65055 3.854802 4.057556 4.263927 4.470708 4.674234 4.874474 5.073159 5.274078 5.476832 5.675385 5.809593 5.806784 5.784177 5.759472 5.736697 5.714866 5.691432 5.665575 5.637805 5.611246 5.586543 5.559667 5.580087 5.797227 6.00186 6.204875 6.409928 6.615802
10.16739 9.818927 9.468546 9.11343 8.754676 8.39395 8.033018 7.67363 7.31741 6.965043 6.610584 6.274832 5.947496 5.56812 5.188205 4.810898 4.436256 4.063854 3.693172 3.323661 2.954688 2.585299 2.213221 1.982835 1.998 2.07355 2.155208 2.240352 2.325899 2.40883 2.486208 2.555209 2.613607 2.662471 2.723209 2.836605 3.037878 3.257647 3.483449 3.699955 3.906249 4.103571 4.293585 4.478099 4.659238 4.840501 5.032651 5.165823 5.134006 5.09475 5.061432 5.02622 4.987237 4.94357 4.894526 4.839513 4.778297 4.712423 4.654716 4.673658 4.93233 5.196949 5.467937 5.733858 5.99356
10.67187 10.29435 9.906906 9.512471 9.113516 8.712241 8.310724 7.911042 7.51541 7.126331 6.746785 6.446105 6.046066 5.653004 5.265418 4.882155 4.502294 4.125076 3.749861 3.376073 3.003183 2.630657 2.257933 1.958402 1.98122 2.016134 2.058565 2.104647 2.150914 2.19407 2.230766 2.257404 2.269901 2.263391 2.231846 2.242464 2.515528 2.762627 2.989107 3.199102 3.395854 3.581963 -9999 -9999 4.096512 4.259005 4.419556 4.534187 4.495719 4.452574 4.404748 4.352109 4.294359 4.231027 4.161446 4.084718 3.999645 3.904649 3.797627 3.765271 4.118554 4.456948 4.783201 5.099529 5.407624
12.14808 11.70034 11.25111 10.79726 10.33982 9.880419 9.420813 8.96274 8.507789 8.05655 7.602683 7.202891 6.865564 6.475619 6.084819 5.696537 5.310882 4.927448 4.545719 4.165149 3.785097 3.404589 3.021516 2.748318 2.660318 2.62689 2.599491 2.575576 2.552072 2.525978 2.494376 2.454484 2.40417 2.344814 2.298078 2.339183 2.542026 2.769608 -9999 -9999 -9999 -9999 -9999 -9999 -9999 -9999 -9999 -9999 -9999 -9999 -9999 4.577497 4.525354 4.468572 4.406457 4.338434 4.264317 4.185816 4.116012 4.126485 4.388027 4.658136 4.935226 5.2075 5.473656
13.71003 13.18738 12.66554 12.14442 11.62284 11.10051 10.57808 10.05619 9.534449 9.012601 8.455071 7.988273 7.699595 7.316236 6.927895 6.538675 6.149457 5.761045 5.373368 4.985931 4.597866 4.209526 3.851232 3.583565 3.388968 3.289188 3.196083 3.104245 3.013623 2.922159 2.828318 2.732085 2.637451 2.544345 2.453831 2.464356 2.677698 -9999 -9999 -9999 -9999 -9999 -9999 -9999 -9999 -9999 -9999 -9999 -9999 -9999 -9999 -9999 -9999 -9999 -9999 4.691332 4.640408 4.591008 4.541277 4.549121 4.762336 4.973729 5.184874 5.397717 5.611562
15.27428 14.68116 14.09189 13.50262 12.91335 12.32408 11.73481 11.14554 10.55627 9.965313 9.308065 8.792855 8.516569 8.151333 7.759086 7.366838 6.97459 6.582343 6.190097 5.79785 5.405602 5.014216 4.68362 4.400655 4.134037 3.954284 3.804297 3.65431 3.504321 3.354336 3.204347 3.05436 2.904373 2.754418 2.609919 2.587308 2.814819 -9999 -9999 -9999 -9999 -9999 -9999 -9999 -9999 -9999 -9999 -9999 -9999 -9999 -9999 -9999 -9999 -9999 -9999 -9999 -9999 5.005038 4.966428 4.972237 5.136469 5.299304 5.461473 5.623641 5.78581
16.83485 16.17493 15.51824 14.86155 14.20486 13.54817 12.89148 12.23479 11.57809 10.91078 10.17303 9.614032 9.337115 8.986401 8.590277 8.194119 7.797965 7.401809 7.005651 6.609495 6.21334 5.825685 5.505632 5.20218 4.875003 4.619632 4.412509 4.205642 3.998772 3.791903 3.585036 3.378165 3.171295 2.96505 2.764858 2.708485 2.951274 3.200615 3.454707 3.708862 3.963017 -9999 -9999 -9999 -9999 -9999 -9999 -9999 -9999 -9999 -9999 -9999 -9999 -9999 -9999 -9999 -9999 -9999 -9999 -9999 5.51079 5.62485 5.738072 5.851263 5.964454
18.39197 17.66869 16.9446 16.22049 15.49637 14.77226 14.04814 13.32403 12.59992 11.85821 11.04996 10.44909 10.16624 9.819756 9.421464 9.021399 8.621336 8.221272 7.821208 7.421144 7.02108 6.636116 6.316586 5.990494 5.607473 5.287143 5.020722 4.756973 4.493221 4.229472 3.965721 3.701969 3.438218 3.175601 2.918647 2.828259 3.086772 3.350746 3.619646 3.888875 4.158105 -9999 -9999 -9999 -9999 -9999 -9999 -9999 -9999 -9999 -9999 -9999 -9999 -9999 -9999 -9999 -9999 -9999 -9999 -9999 -9999 -9999 6.014671 6.078883 6.143096
19.94766 19.16227 18.37095 17.57942 16.78788 15.99635 15.20481 14.41328 13.62174 12.81085 11.9375 11.2958 11.00411 10.65389 10.25265 9.848683 9.444708 9.040737 8.636762 8.232791 7.828815 7.441891 7.117385 6.767445 6.331214 5.95339 5.628935 5.308305 4.987671 4.667039 4.346408 4.025774 3.705142 3.385739 3.071477 2.94694 3.221409 3.5007 3.784583 4.068886 4.353191 4.637496 4.921801 -9999 -9999 -9999 -9999 -9999 -9999 -9999 -9999 -9999 -9999 -9999 -9999 -9999 -9999 -9999 -9999 -9999 -9999 -9999 6.291269 6.306503 6.321738
