Spatial_Analysis/Downscaled_EnvironmentalLayers/RCP4_5/2050/speed_near45.asc
ncols         639
nrows         313
xllcorner     -103
yllcorner     4.021
cellsize      0.083
NODATA_value  -9999
[rows 29 to 57 of 313, columns 520 to 584 of 639]
1.102505 1.08484 1.065854 1.046618 1.083453 1.19893 1.317501 1.435037 1.551218 1.666065 1.779618 1.891899 2.0029 2.112603 2.221063 2.329216 2.403727 2.411352 2.422118 2.431872 2.440297 2.447438 2.453366 2.458131 2.461757 2.46426 2.465712 2.46686 2.433068 2.313648 2.197123 2.079715 1.961133 1.841435 1.720708 1.599018 1.476413 1.35293 1.22865 1.104119 1.040198 1.142362 1.246865 1.350671 1.45354 1.555535 1.656745 1.757245 1.857095 1.956347 2.055082 2.153662 2.242575 2.28858 2.336234 2.383376 2.42985 2.475728 2.521101 2.566052 2.610654 2.654976 2.699101 2.743235 2.770879
1.144259 1.12491 1.104116 1.082468 1.119198 1.239614 1.362331 1.483745 1.603725 1.722335 1.839628 1.955629 2.070324 2.183674 2.29567 2.406833 2.482645 2.490253 2.500301 2.509058 2.516406 2.522436 2.52723 2.530842 2.533294 2.534584 2.534729 2.534157 2.497779 2.375633 2.255819 2.134861 2.012657 1.889306 1.764906 1.639528 1.513217 1.385999 1.257914 1.129285 1.062951 1.169198 1.277398 1.384678 1.490962 1.596348 1.700933 1.804798 1.908 2.010584 2.112605 2.21429 2.306276 2.356672 2.408473 2.459599 2.510013 2.559814 2.609102 2.657961 2.706464 2.754677 2.802674 2.850601 2.880544
1.228569 1.213928 1.20017 1.187517 1.224766 1.335716 1.446908 1.559732 1.672611 1.784789 1.896073 2.006439 2.115974 2.225014 2.334854 2.445865 2.52083 2.53046 2.540169 2.551411 2.562744 2.573415 2.583253 2.592249 2.600502 2.60831 2.616766 2.626356 2.594746 2.470235 2.345792 2.222638 2.0996 1.975999 1.851695 1.726694 1.60109 1.475128 1.349635 1.225121 1.157764 1.254009 1.350226 1.447406 1.544705 1.641572 1.737905 1.833725 1.929112 2.024251 2.119694 2.215879 2.303856 2.36096 2.418127 2.475895 2.533742 2.591298 2.648513 2.705421 2.762097 2.81866 2.875399 2.932549 2.969654
1.322168 1.312615 1.303063 1.293516 1.330231 1.435299 1.540377 1.645456 1.750535 1.855614 1.960705 2.065772 2.170851 2.275929 2.381008 2.486028 2.558925 2.573686 2.58832 2.60293 2.61754 2.632151 2.646772 2.661371 2.675981 2.690591 2.705202 2.719784 2.69163 2.567205 2.442711 2.318203 2.193695 2.069187 1.944688 1.82017 1.695662 1.571154 1.446646 1.322103 1.252544 1.340457 1.428273 1.516065 1.603858 1.69165 1.77945 1.867235 1.955028 2.04282 2.130613 2.218413 2.301388 2.366238 2.431111 2.495991 2.560871 2.625751 2.690634 2.75551 2.82039 2.88527 2.95015 3.014982 3.058817
1.418838 1.412397 1.405953 1.399457 1.435621 1.534852 1.634022 1.733165 1.832307 1.93145 2.030592 2.129735 2.228877 2.32802 2.427154 2.526141 2.596966 2.616869 2.63659 2.656221 2.675852 2.695483 2.715114 2.734744 2.754375 2.774006 2.793633 2.813168 2.78846 2.664138 2.539698 2.415193 2.290688 2.166183 2.041677 1.917172 1.792667 1.668162 1.543655 1.419064 1.347306 1.426883 1.506349 1.585748 1.665146 1.744544 1.823942 1.90334 1.982739 2.062137 2.141535 2.220928 2.298887 2.371499 2.444104 2.516704 2.589304 2.661905 2.734505 2.807105 2.879705 2.952306 3.024905 3.097422 3.148022
1.515509 1.512179 1.508827 1.50536 1.54097 1.634375 1.727666 1.820874 1.91408 2.007286 2.100492 2.193698 2.286904 2.38011 2.473279 2.566231 2.634984 2.660029 2.684856 2.709512 2.734164 2.758815 2.783467 2.808118 2.832769 2.85742 2.88205 2.906529 2.885264 2.761049 2.63668 2.512183 2.387681 2.263179 2.138677 2.014174 1.889672 1.76517 1.640653 1.516018 1.442062 1.513302 1.58442 1.65543 1.726434 1.797438 1.868441 1.939445 2.010449 2.081453 2.152454 2.223428 2.296368 2.376746 2.457095 2.537418 2.617738 2.698059 2.778379 2.8587 2.939021 3.019341 3.099656 3.179882 3.237258
1.612179 1.611961 1.611694 1.611253 1.646308 1.733888 1.821306 1.908582 1.995852 2.083122 2.170391 2.257661 2.344931 2.4322 2.519401 2.606326 2.673008 2.703192 2.733115 2.762804 2.792475 2.822147 2.851819 2.881491 2.911163 2.940835 2.970463 2.999888 2.982068 2.857958 2.733657 2.609173 2.484674 2.360175 2.235675 2.111176 1.986677 1.862177 1.737651 1.612978 1.536826 1.599726 1.662488 1.725112 1.787722 1.850331 1.912941 1.97555 2.03816 2.10077 2.163371 2.225923 2.293842 2.381987 2.470083 2.558131 2.646172 2.734213 2.822254 2.910295 2.998336 3.086377 3.174408 3.262359 3.326517
1.70885 1.711743 1.714568 1.717161 1.751661 1.833414 1.914948 1.996291 2.077625 2.158957 2.240291 2.321624 2.402957 2.48429 2.565537 2.64645 2.711065 2.74638 2.781381 2.816094 2.850787 2.88548 2.920172 2.954865 2.989557 3.02425 3.058886 3.093268 3.078896 2.954886 2.830639 2.706163 2.581667 2.45717 2.332674 2.208178 2.083682 1.959185 1.834656 1.709955 1.631608 1.686166 1.740561 1.794795 1.84901 1.903225 1.95744 2.011655 2.065871 2.120086 2.174289 2.22842 2.29132 2.387231 2.483073 2.578844 2.674606 2.770367 2.866129 2.96189 3.057652 3.153413 3.249165 3.344851 3.415792
1.80552 1.811525 1.817466 1.82311 1.85706 1.932975 2.008599 2.084 2.159397 2.234794 2.31019 2.385587 2.460984 2.536381 2.611704 2.68663 2.749183 2.789618 2.829661 2.869385 2.909099 2.948812 2.988525 3.028238 3.067951 3.107664 3.147329 3.186691 3.175771 3.051854 2.927634 2.803153 2.67866 2.554167 2.429673 2.30518 2.180686 2.056193 1.931674 1.806959 1.726423 1.772632 1.818644 1.864477 1.910298 1.956119 2.00194 2.04776 2.093581 2.139402 2.185213 2.230931 2.288813 2.392488 2.496068 2.599558 2.70304 2.806521 2.910003 3.013485 3.116967 3.220449 3.323926 3.427351 3.505077
1.902191 1.911307 1.920391 1.929127 1.962533 2.03259 2.102249 2.171709 2.241169 2.31063 2.38009 2.44955 2.51901 2.588471 2.6579 2.726891 2.787394 2.832925 2.877943 2.922677 2.96741 3.012144 3.056878 3.101611 3.146345 3.191079 3.235795 3.280178 3.272721 3.148878 3.024633 2.900143 2.775653 2.651162 2.526672 2.402181 2.277691 2.153201 2.028702 1.904001 1.821283 1.859135 1.896732 1.934159 1.971586 2.009012 2.046439 2.083866 2.121292 2.158719 2.196143 2.233465 2.286333 2.397767 2.509068 2.620271 2.731473 2.842676 2.953878 3.06508 3.176282 3.287485 3.398687 3.509853 3.594365
1.998862 2.011089 2.023316 2.035233 2.068115 2.132267 2.195894 2.259418 2.322942 2.386466 2.44999 2.513513 2.577037 2.640561 2.704085 2.767254 2.825732 2.876307 2.926214 2.975968 3.025722 3.075476 3.12523 3.174985 3.224739 3.274493 3.324248 3.373746 3.369776 3.245968 3.121621 2.997133 2.872646 2.748158 2.623671 2.499183 2.374696 2.250208 2.125721 2.00109 1.916205 1.945677 1.974809 2.003842 2.032874 2.061906 2.090938 2.119971 2.149003 2.178035 2.207067 2.236027 2.283894 2.403075 2.522062 2.640985 2.759907 2.87883 2.997753 3.116675 3.235598 3.354521 3.473444 3.592352 3.68365
2.092511 2.110206 2.12621 2.141434 2.173844 2.231951 2.289539 2.34531 2.400213 2.455949 2.513021 2.57155 2.631385 2.691763 2.750239 2.807713 2.86424 2.919704 2.974484 3.027398 3.079233 3.131974 3.186172 3.241938 3.29909 3.356846 3.412682 3.467385 3.46697 3.343083 3.218608 3.092388 2.96495 2.838407 2.71332 2.589786 2.467612 2.346059 2.222732 2.098213 2.011209 2.032237 2.052886 2.072022 2.089885 2.108558 2.128591 2.15007 2.172814 2.196168 2.21799 2.238613 2.28151 2.408401 2.535055 2.660469 2.784634 2.909498 3.03557 3.162921 3.29139 3.420418 3.5482 3.674842 3.772927
2.172175 2.195765 2.221505 2.247341 2.27975 2.328476 2.371436 2.415681 2.461996 2.510475 2.561148 2.614072 2.669345 2.727076 2.787186 2.847585 2.902955 2.959968 3.010126 3.061749 3.115757 3.172205 3.231068 3.292346 3.356088 3.422353 3.491024 3.560161 3.564344 3.437453 3.303211 3.170447 3.040172 2.912408 2.78708 2.664141 2.543589 2.425437 2.309544 2.194234 2.106317 2.116628 2.119684 2.124064 2.130833 2.139995 2.151453 2.165137 2.181012 2.199066 2.219158 2.239912 2.279202 2.412139 2.538286 2.665548 2.794997 2.92662 3.060306 3.195961 3.333527 3.472965 3.614136 3.755959 3.862186
2.240014 2.2651 2.292719 2.322295 2.355125 2.393914 2.429387 2.466974 2.506873 2.549051 2.593497 2.640262 2.689467 2.741293 2.795906 2.852709 2.907609 2.962661 3.01344 3.066697 3.122627 3.181129 3.242128 3.305616 3.371661 3.440391 3.511928 3.585703 3.595439 3.467657 3.334922 3.204796 3.077469 2.952791 2.830634 2.710939 2.59372 2.479051 2.367004 2.257074 2.172804 2.172321 2.166574 2.163323 2.16277 2.164745 2.169098 2.175743 2.18466 2.195889 2.20947 2.224982 2.262592 2.39667 2.525486 2.656577 2.790149 2.926022 3.064031 3.204069 3.346087 3.490088 3.636079 3.783718 3.896643
2.297392 2.318393 2.338303 2.356004 2.382436 2.422007 2.460589 2.496242 2.531908 2.568797 2.607273 2.647437 2.689212 2.732096 2.773862 2.812893 2.85885 2.917926 2.975933 3.030672 3.08536 3.141407 3.199189 3.258787 3.320085 3.382554 3.444012 3.502439 3.50851 3.397258 3.285123 3.169668 3.054076 2.939855 2.827375 2.716692 2.607669 2.499792 2.391083 2.279311 2.196507 2.19731 2.19753 2.194624 2.191479 2.189612 2.189378 2.190816 2.19379 2.197837 2.201256 2.201776 2.230696 2.366773 2.502485 2.635422 2.768039 2.901789 3.036997 3.173686 3.311723 3.450706 3.589247 3.725211 3.832198
2.340349 2.356114 2.371879 2.387342 2.409889 2.443252 2.476019 2.508701 2.541384 2.574033 2.606663 2.639429 2.672114 2.704796 2.737478 2.769841 2.810287 2.866058 2.921115 2.97605 3.030986 3.085892 3.140764 3.19579 3.25073 3.305665 3.360601 3.415315 3.421765 3.320162 3.217994 3.115715 3.013435 2.91113 2.808782 2.706589 2.604317 2.502038 2.399759 2.297359 2.220323 2.216525 2.212379 2.208152 2.203926 2.199681 2.195385 2.191237 2.187021 2.182795 2.178569 2.174281 2.19888 2.332176 2.465268 2.598306 2.731344 2.864369 2.997341 3.130445 3.263495 3.396533 3.529571 3.662614 3.767759
2.377943 2.391699 2.405429 2.418752 2.437486 2.464455 2.490936 2.517206 2.543476 2.569746 2.596015 2.622286 2.648555 2.674825 2.701073 2.726865 2.761897 2.814157 2.865848 2.917265 2.968682 3.020099 3.071516 3.122932 3.174349 3.225766 3.277173 3.328249 3.335169 3.243059 3.150523 3.057757 2.964992 2.872226 2.779461 2.686695 2.59393 2.501164 2.408395 2.315433 2.244226 2.235743 2.226999 2.218099 2.2092 2.2003 2.191401 2.182502 2.173602 2.164703 2.155802 2.146802 2.167124 2.297592 2.427917 2.558149 2.688381 2.818614 2.948846 3.079078 3.20931 3.339542 3.469774 3.600021 3.703323
2.415537 2.427284 2.438958 2.450252 2.465194 2.485712 2.505849 2.52571 2.545568 2.565425 2.585282 2.60514 2.624997 2.644855 2.664641 2.683992 2.713642 2.762327 2.810573 2.858479 2.906377 2.954275 3.002173 3.050071 3.097969 3.145867 3.193722 3.241266 3.248684 3.166021 3.083042 2.9998 2.916548 2.833297 2.750045 2.666793 2.583542 2.50029 2.417017 2.333553 2.268196 2.255002 2.24161 2.228046 2.214474 2.200901 2.187328 2.173756 2.160183 2.146611 2.133029 2.119354 2.135412 2.263036 2.39056 2.517992 2.645419 2.772845 2.900272 3.027699 3.155125 3.282551 3.409979 3.537429 3.638889
2.453131 2.462869 2.472514 2.481827 2.492987 2.507028 2.520756 2.534214 2.547659 2.561104 2.574549 2.587994 2.601439 2.614884 2.628235 2.641207 2.665487 2.710569 2.755293 2.799694 2.844073 2.888452 2.932831 2.97721 3.021589 3.065968 3.110291 3.154352 3.162279 3.089044 3.01556 2.941843 2.868105 2.794367 2.720629 2.646892 2.573153 2.499416 2.425647 2.351714 2.292213 2.274297 2.256222 2.237994 2.219748 2.201502 2.183256 2.16501 2.146765 2.128519 2.110261 2.091929 2.103729 2.228503 2.353206 2.477836 2.602457 2.727077 2.851698 2.976319 3.10094 3.22556 3.350184 3.474836 3.574453
2.490725 2.498455 2.5061 2.513458 2.520841 2.528392 2.535674 2.542719 2.549751 2.556784 2.563816 2.570848 2.57788 2.584913 2.591861 2.598485 2.617404 2.658868 2.700028 2.740908 2.781768 2.822628 2.863489 2.904348 2.945209 2.986068 3.026881 3.067483 3.075927 3.012109 2.948092 2.883885 2.819661 2.755437 2.691214 2.62699 2.562766 2.498542 2.434291 2.369903 2.316264 2.29362 2.270845 2.247941 2.225022 2.202102 2.179183 2.156265 2.133346 2.110426 2.087499 2.06452 2.072063 2.193985 2.315857 2.43768 2.559494 2.68131 2.803124 2.924939 3.046754 3.168569 3.290389 3.412241 3.510013
2.528319 2.53404 2.539706 2.545126 2.548736 2.549788 2.550599 2.551223 2.551843 2.552463 2.553083 2.553703 2.554322 2.554942 2.55551 2.555805 2.569366 2.607204 2.644774 2.682123 2.719464 2.756805 2.794146 2.831487 2.868828 2.906169 2.943484 2.98064 2.989604 2.935196 2.880631 2.825928 2.771218 2.716508 2.661798 2.607088 2.552378 2.497668 2.442943 2.388109 2.340334 2.312958 2.285473 2.257888 2.230296 2.202703 2.175111 2.147519 2.119926 2.092334 2.064739 2.037115 2.040403 2.159472 2.278511 2.397523 2.516532 2.635541 2.754551 2.87356 2.992569 3.111578 3.230591 3.349639 3.445567
2.565912 2.569625 2.573318 2.576812 2.576651 2.571198 2.56552 2.559728 2.553935 2.548142 2.542349 2.536557 2.530764 2.524972 2.519163 2.513143 2.521349 2.555554 2.589515 2.623337 2.65716 2.690981 2.724804 2.758626 2.792448 2.82627 2.860086 2.8938 2.903284 2.858286 2.813167 2.767971 2.722775 2.677578 2.632382 2.587186 2.54199 2.496794 2.451594 2.40632 2.36441 2.332301 2.3001 2.267835 2.235569 2.203304 2.171039 2.138773 2.106508 2.074242 2.041977 2.009705 2.008737 2.124954 2.241163 2.357367 2.47357 2.589773 2.705977 2.82218 2.938384 3.054588 3.170792 3.287031 3.381113
2.603507 2.60521 2.606914 2.608496 2.604567 2.592601 2.580437 2.568232 2.556027 2.543822 2.531616 2.519411 2.507206 2.495001 2.482796 2.470474 2.473328 2.503895 2.534249 2.564552 2.594855 2.625158 2.655461 2.685765 2.716067 2.746371 2.776674 2.806939 2.816942 2.781357 2.745696 2.710013 2.674331 2.638649 2.602967 2.567284 2.531602 2.495919 2.460237 2.424522 2.388479 2.351636 2.314721 2.277782 2.240843 2.203905 2.166966 2.130027 2.093089 2.05615 2.019212 1.982282 1.977054 2.090422 2.203812 2.31721 2.430608 2.544006 2.657403 2.770801 2.884199 2.997597 3.110994 3.224415 3.316646
2.640411 2.640686 2.64049 2.640155 2.632462 2.613971 2.595354 2.576506 2.557534 2.538719 2.520103 2.501659 2.483321 2.464973 2.446412 2.427771 2.425276 2.452196 2.478982 2.505701 2.532386 2.55913 2.585935 2.612779 2.639633 2.666464 2.693255 2.720039 2.730552 2.704392 2.678225 2.652077 2.625964 2.599851 2.573716 2.547543 2.521323 2.495074 2.468877 2.442705 2.412525 2.370951 2.329341 2.287784 2.246301 2.204792 2.16322 2.121574 2.079859 2.038108 1.996446 1.954839 1.945341 2.055872 2.166461 2.277111 2.387848 2.498549 2.609177 2.719726 2.830208 2.94066 3.051198 3.161794 3.252164
2.673609 2.672925 2.672514 2.671742 2.660311 2.634858 2.608421 2.582351 2.556748 2.531556 2.506704 2.482123 2.457751 2.433523 2.409351 2.384986 2.377164 2.400319 2.423127 2.446097 2.469254 2.492558 2.515966 2.539436 2.562927 2.586396 2.6098 2.633103 2.644083 2.627427 2.610898 2.594406 2.577918 2.561411 2.544864 2.528256 2.511567 2.494772 2.477858 2.460886 2.436532 2.390314 2.344437 2.29854 2.252552 2.206461 2.16026 2.113941 2.067497 2.020917 1.974203 1.927445 1.913581 2.02139 2.129666 2.237895 2.345991 2.453953 2.561785 2.669493 2.77708 2.884549 2.99191 3.099247 3.187662
2.717507 2.716229 2.71534 2.714646 2.701588 2.670722 2.639626 2.60914 2.57919 2.549682 2.52053 2.491662 2.463016 2.43453 2.406143 2.377745 2.365962 2.384823 2.403613 2.422661 2.441921 2.461339 2.480867 2.500459 2.520073 2.539666 2.55919 2.578598 2.588617 2.577923 2.567339 2.556781 2.546224 2.535644 2.525023 2.514339 2.503568 2.492684 2.481657 2.470475 2.449832 2.402069 2.354536 2.306906 2.259166 2.211313 2.163344 2.115253 2.067029 2.018658 1.970123 1.921427 1.905491 2.011858 2.118538 2.225062 2.331428 2.437647 2.543729 2.649682 2.755507 2.861203 2.966768 3.072213 3.159369
2.793945 2.793867 2.793472 2.792426 2.780171 2.751366 2.722401 2.692972 2.663662 2.634614 2.605822 2.577242 2.548811 2.520433 2.491904 2.463076 2.449552 2.463808 2.478004 2.492056 2.506164 2.520367 2.534648 2.548978 2.563322 2.577643 2.591913 2.606153 2.611702 2.597534 2.583468 2.569462 2.555478 2.541487 2.527465 2.513397 2.499268 2.485078 2.470883 2.456805 2.435363 2.392799 2.350279 2.30792 2.265573 2.223167 2.180679 2.1381 2.095428 2.05268 2.009943 1.967391 1.956406 2.06329 2.170291 2.277482 2.38468 2.491801 2.598826 2.705754 2.812593 2.919365 3.026153 3.133119 3.22187
2.866504 2.867527 2.868551 2.869564 2.858773 2.830553 2.802312 2.774068 2.745825 2.717567 2.689314 2.66109 2.632851 2.604608 2.576365 2.548109 2.533146 2.542317 2.55146 2.560598 2.569736 2.578871 2.588007 2.59715 2.60629 2.615428 2.624566 2.633751 2.634779 2.617244 2.599833 2.582446 2.565058 2.547672 2.530287 2.512895 2.495505 2.478117 2.46073 2.443349 2.420887 2.383842 2.34682 2.309803 2.272787 2.235775 2.198764 2.16174 2.12472 2.087704 2.050687 2.013699 2.007298 2.1151 2.223002 2.330929 2.438855 2.546786 2.65472 2.762639 2.870562 2.978488 3.086415 3.194355 3.284343
2.937447 2.940537 2.943628 2.946712 2.937392 2.909743 2.882087 2.854429 2.826771 2.799113 2.771455 2.743797 2.716139 2.688481 2.660822 2.633143 2.616744 2.620824 2.624878 2.628921 2.632963 2.637006 2.641048 2.645091 2.649134 2.653176 2.657221 2.661353 2.657845 2.636969 2.616207 2.595503 2.5748 2.554097 2.533394 2.512691 2.491988 2.471285 2.450582 2.429893 2.406408 2.374885 2.343381 2.311889 2.280397 2.248905 2.217413 2.18592 2.154428 2.122936 2.091444 2.060007 2.058172 2.166912 2.275732 2.384602 2.493472 2.602343 2.711213 2.820083 2.928954 3.037824 3.146694 3.255587 3.346796
