Spatial_Analysis/Downscaled_EnvironmentalLayers/RCP4_5/2050/speed_near45.asc
ncols         639
nrows         313
xllcorner     -103
yllcorner     4.021
cellsize      0.083
NODATA_value  -9999
[rows 174 to 202 of 313, columns 455 to 519 of 639]
8.34829 8.392599 8.436118 8.477715 8.516203 8.550264 8.578374 8.598721 8.60946 8.736404 8.955716 9.170269 9.379625 9.583753 9.782475 9.975434 10.16208 10.3416 10.51293 10.67466 10.82541 11.05005 11.38593 11.70601 12.01339 12.31139 12.60289 12.89039 13.17623 13.46272 13.75226 14.04749 14.35142 14.42271 14.35896 14.28153 14.19744 14.11244 14.03188 13.96101 13.90538 13.87111 13.86533 13.89652 13.97398 -9999 -9999 -9999 13.49098 13.37987 13.29371 13.22893 13.1828 13.15324 13.13871 13.13808 13.14995 13.16447 12.9501 12.76949 12.61699 12.48465 12.36558 12.25365 12.1431
8.622563 8.658989 8.694777 8.728848 8.76015 8.787645 8.810558 8.829817 8.856838 8.977452 9.15613 9.347872 9.539146 9.726806 9.909905 10.08788 10.26022 10.42645 10.5865 10.74267 10.91273 11.14368 11.43945 11.75168 12.05842 12.35802 12.65203 12.9425 13.2315 13.52109 13.81333 14.10985 14.4093 14.48874 14.43615 14.38015 14.3148 14.2474 14.1835 14.1282 14.08652 14.06334 14.0626 14.0818 14.07218 14.03667 -9999 -9999 13.66082 13.53721 13.43456 13.35087 13.28385 13.23112 13.18958 13.15226 13.08665 13.02581 12.93232 12.77832 12.63479 12.50643 12.38936 12.27864 12.16915
8.990833 9.018255 9.045678 9.072248 9.097425 9.121384 9.146327 9.172313 9.200253 9.309212 9.464865 9.622852 9.782194 9.944201 10.10517 10.26362 10.41922 10.57292 10.72877 10.88675 11.05736 11.27854 11.54426 11.82846 12.11363 12.40026 12.68524 12.96848 13.25096 13.53387 13.81781 14.102 14.41545 14.49804 14.40445 14.36326 14.32065 14.27224 14.22342 14.17873 14.14099 14.10992 14.07585 14.03479 13.97672 13.91782 -9999 -9999 13.66198 13.55124 13.44475 13.34729 13.25841 13.17433 13.08507 12.98835 12.85191 12.76254 12.76197 12.65609 12.54716 12.43544 12.32683 12.22123 12.11629
9.367983 9.389499 9.411014 9.432528 9.454044 9.475558 9.497073 9.5187 9.541628 9.638679 9.777223 9.917133 10.05722 10.1973 10.33738 10.47747 10.61755 10.75763 10.89771 11.03894 11.19758 11.40645 11.65533 11.92363 12.19483 12.46602 12.73722 13.00841 13.27961 13.5508 13.822 14.09569 14.42087 14.49853 14.38117 14.32487 14.27932 14.23376 14.18821 14.14265 14.0971 14.05154 14.00599 13.95972 13.89213 13.82121 13.74797 -9999 13.5421 13.4364 13.33071 13.22501 13.11931 13.01361 12.90791 12.8005 12.60924 12.51448 12.56587 12.50403 12.41541 12.3268 12.23818 12.14957 12.06096
9.745553 9.762597 9.779642 9.796688 9.813731 9.830777 9.847822 9.864754 9.881278 9.966366 10.0891 10.21141 10.33359 10.45577 10.57795 10.70013 10.82231 10.94448 11.06666 11.19225 11.33212 11.52814 11.76618 12.01881 12.27701 12.5352 12.7934 13.0516 13.3098 13.56799 13.82619 14.09549 14.41832 14.48925 14.36017 14.28649 14.23644 14.18639 14.13634 14.08628 14.03623 13.98618 13.93613 13.88418 13.82158 13.74102 13.64282 13.53346 13.41878 13.30411 13.18944 13.07477 12.9601 12.84542 12.73075 12.6017 12.37724 12.28225 12.36779 12.35196 12.28261 12.21325 12.14389 12.07454 12.00518
10.12312 10.1357 10.14827 10.16085 10.17342 10.18599 10.19857 10.21025 10.21994 10.29305 10.40036 10.5057 10.60997 10.71424 10.81852 10.92279 11.02706 11.13134 11.23561 11.34392 11.4624 11.64536 11.87469 12.11398 12.35919 12.60438 12.84958 13.09478 13.33998 13.58518 13.83038 14.09358 14.40756 14.47105 14.33496 14.2482 14.19356 14.13901 14.08446 14.02991 13.97536 13.92081 13.86627 13.81231 13.76026 13.67086 13.54408 13.41913 13.29547 13.17182 13.04818 12.92453 12.80088 12.67724 12.55359 12.40354 12.15824 12.06513 12.17769 12.19852 12.1498 12.0997 12.0496 11.9995 11.9494
10.50069 10.5088 10.5169 10.525 10.53311 10.54121 10.54932 10.55558 10.55835 10.61947 10.71144 10.79998 10.88635 10.97272 11.05908 11.14545 11.23182 11.31819 11.40456 11.49402 11.59 11.75982 11.98135 12.20919 12.44136 12.67356 12.90577 13.13797 13.37017 13.60237 13.83457 14.08747 14.38905 14.4447 14.30421 14.21026 14.15068 14.09163 14.03259 13.97354 13.9145 13.85545 13.7964 13.74264 13.70278 13.60479 13.44834 13.30505 13.17215 13.03953 12.90691 12.77429 12.64167 12.50905 12.37643 12.21185 11.95274 11.86273 11.99819 12.04477 12.01699 11.98615 11.95531 11.92447 11.89363
10.87826 10.8819 10.88553 10.88916 10.8928 10.89643 10.90006 10.90121 10.89721 10.94636 11.02285 11.09426 11.16272 11.23119 11.29965 11.36811 11.43657 11.50504 11.5735 11.64337 11.71645 11.87309 12.08715 12.30434 12.52354 12.74274 12.96195 13.18115 13.40036 13.61956 13.83876 14.07675 14.36325 14.41074 14.26781 14.1716 14.1078 14.04426 13.98071 13.91717 13.85363 13.79009 13.72654 13.67205 13.64382 13.53714 13.3514 13.19075 13.04883 12.90724 12.76565 12.62405 12.48246 12.34087 12.19927 12.02827 11.76103 11.67511 11.83015 11.89364 11.88418 11.8726 11.86102 11.84943 11.83785
11.25583 11.255 11.25416 11.25332 11.25249 11.25165 11.25081 11.2476 11.23726 11.27445 11.33508 11.38854 11.4391 11.48966 11.54022 11.59078 11.64133 11.69189 11.74245 11.79296 11.84328 11.98676 12.19323 12.39951 12.60572 12.81193 13.01813 13.22434 13.43054 13.63675 13.84295 14.06195 14.33048 14.36951 14.22624 14.13296 14.06492 13.99688 13.92884 13.8608 13.79276 13.72472 13.65668 13.59755 13.578 13.46221 13.24911 13.07608 12.92552 -9999 12.62438 12.47381 12.32325 12.17268 12.02211 11.85231 11.58352 11.50284 11.67358 11.74365 11.75138 11.75905 11.76673 11.7744 11.78207
11.6334 11.62809 11.62279 11.61748 11.61217 11.60687 11.60156 11.59497 11.57925 11.60452 11.64839 11.68282 11.71548 11.74813 11.78078 11.81344 11.84609 11.87874 11.9114 11.94361 11.97202 12.10239 12.30059 12.49469 12.6879 12.8811 13.07431 13.26752 13.46073 13.65393 13.84715 14.04492 14.29103 14.32109 14.18074 14.09458 14.02204 13.9495 13.87697 13.80443 13.73189 13.65936 13.58682 13.51804 13.49992 13.37397 13.13825 12.96174 -9999 -9999 -9999 12.32357 12.16403 12.00449 11.84495 11.68012 11.42058 11.347 11.52719 11.59164 11.61857 11.6455 11.67243 11.69936 11.7263
12.01097 12.0014 11.99194 11.98215 11.97205 11.96208 11.95231 11.94252 11.92393 11.93737 11.96223 11.97711 11.99185 12.00687 12.02223 12.03712 12.05132 12.0656 12.08034 12.09509 12.1042 12.22168 12.40948 12.58987 12.77008 12.95111 13.13334 13.31408 13.49257 13.67113 13.85133 14.03154 14.24548 14.2655 14.13517 14.0562 13.97916 13.90326 13.82887 13.75218 13.67294 13.59399 13.51696 13.43993 13.40463 13.26585 13.01986 12.8474 12.67888 -9999 -9999 -9999 12.00666 11.83631 11.66779 11.49928 11.27152 11.20914 11.38472 11.43957 11.48576 11.5322 11.57872 11.62444 11.67026
12.39454 12.38249 12.3691 12.35445 12.33872 12.32212 12.30508 12.28882 12.2716 12.27354 12.27454 12.27393 12.27541 12.27689 12.27735 12.27602 12.27222 12.26544 12.25576 12.24627 12.24086 12.34619 12.51783 12.69356 12.87651 13.0589 13.23749 13.41007 13.5748 13.73031 13.87696 14.02358 14.19709 14.20338 14.09934 14.03379 13.97772 13.91458 13.84182 13.75953 13.66853 13.57011 13.46681 13.36665 13.2929 13.13133 12.91054 12.7438 12.58618 12.42483 -9999 -9999 -9999 11.70789 11.51103 11.31476 11.1273 11.09056 11.22206 11.29448 11.36885 11.43518 11.49482 11.5511 11.60774
12.78996 12.77348 12.75514 12.73523 12.71394 12.69145 12.66788 12.64334 12.6181 12.6091 12.59651 12.58504 12.5736 12.5614 12.5477 12.53173 12.51266 12.48955 12.46126 12.42645 12.38407 12.47578 12.66143 12.84867 13.03415 13.21592 13.39207 13.56062 13.71931 13.86554 13.99617 14.10746 14.19624 14.15941 14.14639 14.11588 14.06685 14.00193 13.92328 13.83254 13.73089 13.61915 13.49778 13.36705 13.22784 12.99491 12.85977 12.71668 12.56287 12.39901 -9999 -9999 -9999 11.64739 11.43356 11.20736 10.96786 10.96763 11.09711 11.20368 11.28934 11.3603 11.42202 11.47949 11.53741
13.25886 13.24597 13.23146 13.21552 13.19834 13.18011 13.16109 13.14189 13.12455 13.11439 13.09348 13.07534 13.05814 13.04052 13.02163 13.00068 12.97693 12.94962 12.91817 12.88322 12.85394 12.95803 13.13695 13.32904 13.52341 13.71549 13.90279 14.08322 14.25471 14.41523 14.56322 14.70056 14.85586 14.85362 14.75335 14.69172 14.62436 14.54511 14.45401 14.352 14.24009 14.11931 13.99108 13.85909 13.74405 13.53748 13.32201 13.15924 12.99498 12.82355 12.64391 12.45574 12.25883 -9999 11.83814 11.61682 11.40893 11.38003 11.46171 11.51938 11.56698 11.6029 11.63076 11.65477 11.67919
13.75956 13.75163 13.74318 13.73398 13.72412 13.71394 13.7043 13.6952 13.67793 13.66957 13.65712 13.63486 13.6133 13.59291 13.57226 13.55054 13.52733 13.50282 13.47901 13.45674 13.42556 13.54393 13.75561 13.95407 14.15476 14.35945 14.56321 14.76343 14.95887 15.15015 15.34332 15.54179 15.75569 15.76847 15.6238 15.50741 15.39453 15.28724 15.17677 15.06072 14.93933 14.81472 14.69284 14.57647 14.51429 14.32472 14.00795 13.8134 13.6218 13.43515 13.24667 13.05389 12.85638 12.65535 12.45588 12.26193 12.01882 11.91873 12.03239 12.00967 11.98625 11.96403 11.93907 11.91215 11.88545
14.27017 14.26726 14.26435 14.26145 14.25854 14.25563 14.25273 14.24887 14.23261 14.22673 14.22056 14.20131 14.18056 14.15981 14.13906 14.11831 14.09756 14.07681 14.05606 14.03439 13.99698 14.13117 14.37598 14.6031 14.82776 15.05243 15.2771 15.50176 15.72643 15.9511 16.17577 16.40131 16.64772 16.66835 16.50661 16.36988 16.23727 16.10466 15.97205 15.83943 15.70682 15.57421 15.4416 15.31242 15.30699 15.11423 14.72801 14.50037 14.30334 14.1063 13.90927 13.71224 13.51521 13.31818 13.12114 12.92222 12.60527 12.46263 12.57364 12.52224 12.43453 12.34681 12.2591 12.17139 12.08368
14.78142 14.78471 14.788 14.79128 14.79457 14.79786 14.80115 14.80132 14.78967 14.78641 14.78307 14.76776 14.74853 14.72929 14.71006 14.69082 14.67159 14.65235 14.63312 14.61004 14.57028 14.72063 14.99493 15.25212 15.50299 15.75386 16.00473 16.2556 16.50647 16.75734 17.00821 17.26183 17.52921 17.55624 17.38714 17.23236 17.0835 16.93464 16.78578 16.63692 16.48807 16.33921 16.19035 16.06743 16.09667 15.89623 15.46157 15.18733 14.9872 14.78707 14.58694 14.38681 14.18668 13.98655 13.78642 13.5652 13.19736 13.01846 13.1051 13.0348 12.88389 12.73297 12.58205 12.43113 12.28022
15.29267 15.30215 15.31164 15.32112 15.33061 15.34009 15.34957 15.35447 15.34887 15.34829 15.34645 15.33421 15.3165 15.29877 15.28105 15.26333 15.24561 15.22789 15.21017 15.18609 15.14576 15.3124 15.61475 15.90115 16.17822 16.45529 16.73236 17.00944 17.28651 17.56358 17.84065 18.1195 18.40343 18.43636 18.26312 18.09483 17.92972 17.76462 17.59952 17.43441 17.26931 17.10421 16.93911 16.82473 16.87449 16.66439 16.19042 15.87526 15.67107 15.46784 15.26461 15.06138 -9999 14.65492 14.45169 14.20575 13.80293 13.59044 13.64359 13.5453 13.33325 13.11912 12.905 12.69087 12.47675
15.80392 15.8196 15.83528 15.85096 15.86664 15.88232 15.898 15.90868 15.90989 15.912 15.911 15.90066 15.88446 15.86826 15.85205 15.83584 15.81964 15.80343 15.78723 15.76342 15.72353 15.90654 16.23611 16.5501 16.85345 17.15672 17.46 17.76327 18.06655 18.36982 18.6731 18.97507 19.27401 19.31267 19.13643 18.95726 18.77595 18.5946 18.41325 18.23191 18.05056 17.86921 17.68786 17.57307 17.63379 17.41264 16.9056 16.56478 16.35494 16.14861 15.94228 -9999 15.52962 15.3233 15.11697 14.85481 14.42718 14.18287 14.19658 14.05463 13.78261 13.50528 13.22795 12.95061 12.67328
16.31517 16.33705 16.35892 16.3808 16.40267 16.42455 16.44642 16.46391 16.47239 16.47723 16.47661 16.46712 16.45243 16.43774 16.42305 16.40836 16.39367 16.37898 16.36429 16.34231 16.3037 16.50315 16.85926 17.19917 17.52868 17.85815 18.18763 18.51711 18.84658 19.17606 19.50554 19.83064 20.14455 20.18895 20.00971 19.8197 19.62217 19.42458 19.22699 19.0294 18.8318 18.63421 18.43662 18.30614 18.36809 18.13448 17.60077 17.25075 17.03881 16.82938 -9999 -9999 16.2011 15.99167 15.78224 15.51771 15.07494 14.80052 14.76909 14.56837 14.23197 13.89143 13.55089 13.21035 12.86982
16.82643 16.8545 16.88256 16.91063 16.93871 16.96677 16.99484 17.0199 17.03611 17.04368 17.04306 17.03357 17.0204 17.00722 16.99405 16.98087 16.9677 16.95452 16.94134 16.92279 16.88645 17.10241 17.48425 17.84822 18.2039 18.55958 18.91526 19.27094 19.62662 19.9823 20.33798 20.68834 21.01865 21.06894 20.88566 20.68224 20.4684 20.25456 20.04072 19.82689 19.61305 19.39921 19.18537 19.02114 19.07067 18.82261 18.2712 17.9352 17.72268 17.51015 -9999 -9999 16.87257 16.66004 16.44751 16.19613 15.75127 15.44901 15.3648 15.08489 14.68133 14.27759 13.87384 13.4701 13.06635
17.33768 17.37194 17.40621 17.44047 17.47474 17.509 17.54327 17.57626 17.60077 17.6111 17.60994 17.60002 17.58836 17.5767 17.56504 17.55338 17.54172 17.53006 17.5184 17.50442 17.47196 17.70456 18.11081 18.49725 18.87913 19.26101 19.6429 20.02478 20.40666 20.78854 21.17043 21.54941 21.89997 21.95657 21.76646 21.54471 21.31462 21.08454 20.85446 20.62438 20.39429 20.16421 19.93413 19.72221 19.73459 19.46853 18.91552 18.62217 18.40654 18.19092 -9999 -9999 17.54404 17.32841 17.11279 16.88501 16.46119 16.13507 15.98463 15.59765 15.1307 14.66374 14.19679 13.72984 13.26288
17.84893 17.88979 17.93074 17.97068 18.01072 18.05123 18.09169 18.13213 18.1661 18.17924 18.17649 18.16648 18.15633 18.14555 18.13351 18.12321 18.11484 18.1056 18.09546 18.0853 18.06039 18.30989 18.7376 19.14628 19.55436 19.96197 20.3685 20.77646 21.18594 21.59478 22.00287 22.41095 22.79201 22.85606 22.65168 22.40718 22.16085 21.91451 21.66847 21.42255 21.17596 20.92921 20.68288 20.43656 20.35466 20.06246 19.54541 19.30913 19.09041 18.87153 18.65126 18.43126 18.21383 17.99679 17.77806 17.55934 17.20766 16.86675 16.61909 16.11022 15.58006 15.04923 14.51523 13.9844 13.45725
18.38625 18.43452 18.47372 18.50839 18.54352 18.58397 18.63322 18.68677 18.73157 18.74764 18.74156 18.72018 18.6907 18.6659 18.64852 18.63927 18.6382 18.64481 18.65683 18.66384 18.65106 18.9184 19.36101 19.78437 20.20037 20.62163 21.05012 21.48564 21.92742 22.37424 22.82387 23.26947 23.69586 23.77142 23.53222 23.26657 23.00227 22.74362 22.48859 22.23407 21.97679 21.71372 21.44307 21.16943 20.94225 20.59561 20.21792 19.99854 19.77181 19.53292 19.28818 19.0456 18.81328 18.5985 18.40511 18.21957 17.97637 17.65212 17.21615 16.60022 15.95889 15.33283 14.72735 14.14027 13.5675
18.9808 19.01578 19.03823 19.05483 19.07205 19.09638 19.13481 19.19507 19.28361 19.30612 19.24289 19.18962 19.14876 19.11943 19.10092 19.09289 19.09535 19.10869 19.13364 19.17121 19.22047 19.5182 19.92489 20.34406 20.77765 21.22358 21.68004 22.1456 22.61915 23.09986 23.5871 24.08032 24.57787 24.68807 24.38639 24.10189 23.83194 23.57148 23.31593 23.06101 22.80257 22.53627 22.25738 21.9606 21.64131 21.1341 20.94028 20.70885 20.44694 20.16661 19.87883 19.5939 19.32206 19.07405 18.86176 18.69857 18.59635 18.44791 17.64649 16.87575 16.1522 15.46721 14.81287 14.18251 13.57037
19.60536 19.60923 19.6018 19.58903 19.5768 19.57104 19.57747 19.59953 19.61861 19.60603 19.57602 19.52433 19.47774 19.44023 19.41232 19.39403 19.3854 19.38649 19.39697 19.41386 19.41258 19.70218 20.17027 20.61479 21.06585 21.52674 21.99695 22.47552 22.96145 23.45378 23.9513 24.45128 24.93874 25.08643 24.90057 24.69958 24.50829 24.32511 24.14639 23.96825 23.78686 23.59836 23.39907 23.18718 22.9793 22.58565 22.2603 22.00155 21.72091 21.42412 21.12045 20.81938 20.53037 20.26293 20.02605 19.82365 19.60973 19.27478 18.62944 17.84636 17.08212 16.34811 15.64113 14.9561 14.28787
20.27446 20.22815 20.17704 20.12297 20.06921 20.01854 19.97007 19.92002 19.88248 19.82867 19.7807 19.74784 19.70993 19.66817 19.62964 19.59638 19.56851 19.54437 19.51779 19.48493 19.4437 19.729 20.22723 20.7129 21.19443 21.67258 22.15387 22.63969 23.12965 23.62205 24.11255 24.59823 25.05595 25.26385 25.24893 25.18169 25.11382 25.04698 24.98219 24.91774 24.85147 24.78194 24.71109 24.64379 24.68287 24.42099 23.86257 23.55226 -9999 22.92744 22.60882 22.29152 21.98103 21.68039 21.38319 21.07384 20.68882 20.21548 19.6977 18.9615 18.21549 17.45851 16.70966 15.9724 15.2447
20.993 20.88407 20.77514 20.66621 20.55727 20.44835 20.33941 20.23298 20.16258 20.06782 19.97742 19.92519 19.87698 19.82876 19.78055 19.73233 19.68412 19.63591 19.58769 19.53881 19.47692 19.76011 20.2722 20.76957 21.26505 21.76052 22.25599 22.75147 23.24695 23.74242 24.2379 24.73136 25.16885 25.4468 25.58308 25.65154 25.70957 25.7676 25.82563 25.88366 25.94169 25.99972 26.05774 26.12055 26.39403 26.19677 25.5179 25.11324 -9999 -9999 24.04827 23.69328 23.3383 22.98331 22.62832 22.27148 21.76082 21.22235 20.70691 19.97545 19.19848 18.4215 17.64453 16.86755 16.09058
21.71568 21.54786 21.38004 21.21222 21.0444 20.87658 20.70876 20.55421 20.45179 20.31608 20.18291 20.10254 20.03898 19.97542 19.91185 19.84829 19.78472 19.72116 19.6576 19.5915 19.51395 19.79547 20.31674 20.82624 21.33152 21.83681 22.34209 22.84738 23.35266 23.85794 24.36323 24.85666 25.28815 25.63815 25.91211 26.12139 26.30469 26.48799 26.67128 26.85457 27.03787 27.22117 27.40446 27.62349 28.06162 27.91556 27.17866 26.67421 -9999 25.87387 25.47369 25.07352 24.67335 24.27317 23.873 23.45146 22.87396 22.28507 21.72138 20.98941 20.17343 19.35745 18.54147 17.72549 16.90952
