Spatial_Analysis/Downscaled_EnvironmentalLayers/RCP4_5/2050/speed_near45.asc
ncols         639
nrows         313
xllcorner     -103
yllcorner     4.021
cellsize      0.083
NODATA_value  -9999
[rows 87 to 115 of 313, columns 520 to 584 of 639]
2.49358 2.507068 2.520558 2.534233 2.55416 2.583173 2.612467 2.64183 2.671194 2.700557 2.729921 2.759284 2.788648 2.818011 2.847375 2.876744 2.911076 2.954402 2.997737 3.041074 3.084411 3.127749 3.171086 3.214423 3.257761 3.301098 3.344435 3.387817 3.425188 3.4489 3.472691 3.496509 3.520326 3.544143 3.567961 3.591778 3.615596 3.639413 3.66323 3.686999 3.698687 3.676007 3.653229 3.630416 3.607604 3.584791 3.561978 3.539165 3.516352 3.493539 3.470726 3.447936 3.421891 3.383533 3.345223 3.306932 3.268642 3.230351 3.192061 3.15377 3.11548 3.077189 3.038899 3.000544 2.979109
2.501515 2.507127 2.512427 2.517803 2.530496 2.553819 2.577441 2.600943 2.624129 2.647407 2.670936 2.694751 2.718797 2.742823 2.76647 2.790098 2.821142 2.865635 2.910128 2.954497 2.998502 3.042602 3.086979 3.131669 3.176611 3.221546 3.266069 3.310576 3.351971 3.386239 3.420585 3.454828 3.488678 3.522613 3.556831 3.591372 3.626175 3.660992 3.695385 3.729718 3.74965 3.728634 3.707495 3.68626 3.664631 3.643078 3.621799 3.600829 3.580107 3.559409 3.538315 3.517175 3.491076 3.446253 3.40149 3.356669 3.311488 3.26636 3.221474 3.176864 3.13248 3.088132 3.043435 2.998664 2.971244
2.506416 2.504656 2.50328 2.50139 2.506746 2.524318 2.540582 2.556878 2.57358 2.590756 2.608427 2.626612 2.645329 2.664585 2.684283 2.703459 2.731219 2.776698 2.820533 2.864385 2.908714 2.953587 2.999015 3.045003 3.091558 3.138674 3.186246 3.233351 3.278747 3.323473 3.366515 3.40952 3.453021 3.497089 3.541731 3.586949 3.632747 3.679115 3.725954 3.772423 3.800653 3.781167 3.759902 3.738569 3.717746 3.697499 3.677817 3.658687 3.640095 3.622017 3.604354 3.586412 3.560244 3.508946 3.456175 3.403276 3.350833 3.298907 3.24749 3.196566 3.14612 3.096131 3.046515 2.996718 2.963399
2.540924 2.532375 2.524471 2.517266 2.517596 2.527437 2.537428 2.548019 2.559182 2.570896 2.583157 2.595979 2.609396 2.623463 2.638258 2.653835 2.679976 2.722784 2.765628 2.809197 2.853445 2.898328 2.943823 2.98993 3.03667 3.084085 3.132238 3.181179 3.231357 3.282098 3.33269 3.384051 3.436126 3.488865 3.54224 3.596245 3.650893 3.706226 3.762302 3.819168 3.856858 3.837127 3.817087 3.797864 3.779386 3.761583 3.744407 3.727833 3.711857 3.696495 3.681782 3.667744 3.644659 3.586127 3.527159 3.468934 3.411386 3.354449 3.298077 3.242242 3.186939 3.132176 3.077984 3.024383 2.988415
2.775937 2.768324 2.760707 2.752284 2.751055 2.7605 2.76976 2.778362 2.787124 2.796246 2.805789 2.815779 2.82621 2.837015 2.847835 2.857686 2.87793 2.917253 2.956125 2.994214 3.032482 3.071161 3.110312 3.149948 3.190057 3.23056 3.271096 3.310612 3.353657 3.404996 3.455966 3.506075 3.556353 3.607055 3.658244 3.709933 3.762107 3.814686 3.867329 3.918952 3.954571 3.94521 3.935387 3.924679 3.914137 3.90402 3.894382 3.885222 3.876513 3.868174 3.859901 3.850703 3.832305 3.780257 3.727996 3.674903 3.621939 3.569354 3.517198 3.465469 3.414143 3.363149 3.312234 3.260526 3.225185
3.007609 3.00036 2.993111 2.986081 2.984568 2.990904 2.997744 3.004634 3.011502 3.018274 3.025122 3.032095 3.039082 3.045971 3.052861 3.059769 3.075919 3.108786 3.141702 3.174624 3.207526 3.240319 3.273189 3.306197 3.339231 3.372153 3.405074 3.438022 3.475955 3.525008 3.574144 3.623292 3.672426 3.721442 3.770531 3.819763 3.869031 3.918182 3.96733 4.016457 4.052346 4.050529 4.048634 4.046724 4.044804 4.042769 4.040798 4.038964 4.037173 4.035267 4.033358 4.031472 4.01995 3.972081 3.924312 3.876563 3.828808 3.780949 3.733139 3.685453 3.637812 3.59007 3.542321 3.494561 3.462032
3.237367 3.2314 3.225449 3.219911 3.218062 3.221405 3.225271 3.229331 3.233392 3.237452 3.241513 3.245573 3.249634 3.253694 3.257756 3.261871 3.27393 3.300338 3.326815 3.353323 3.37983 3.406337 3.432844 3.459352 3.485859 3.512366 3.538874 3.565439 3.598246 3.645031 3.691896 3.738797 3.785698 3.832599 3.8795 3.926401 3.973302 4.020203 4.067104 4.113979 4.150167 4.155857 4.161509 4.16714 4.172772 4.178404 4.184036 4.189668 4.195299 4.200932 4.206563 4.212253 4.20759 4.163919 4.120341 4.076817 4.033292 3.989767 3.946242 3.902717 3.859192 3.815668 3.772142 3.728614 3.698931
3.467127 3.462439 3.457834 3.453718 3.451518 3.451909 3.452799 3.454028 3.45526 3.456491 3.457722 3.458954 3.460186 3.461417 3.46266 3.463984 3.471951 3.491899 3.51193 3.532022 3.552114 3.572207 3.5923 3.612393 3.632486 3.652579 3.672681 3.69285 3.72053 3.765054 3.809649 3.854301 3.898955 3.943609 3.988263 4.032917 4.07757 4.122224 4.166877 4.211524 4.248017 4.261203 4.274383 4.287556 4.300729 4.313902 4.327075 4.340248 4.353421 4.366595 4.379774 4.393032 4.395225 4.355756 4.316375 4.27707 4.237769 4.198468 4.159168 4.119866 4.080566 4.041265 4.001966 3.962691 3.935863
3.696886 3.693479 3.690215 3.687478 3.684919 3.68238 3.680341 3.678725 3.677128 3.67553 3.673933 3.672335 3.670737 3.66914 3.667567 3.666096 3.669971 3.68346 3.697047 3.710721 3.724399 3.738078 3.751756 3.765435 3.779114 3.792793 3.806487 3.820254 3.842805 3.88507 3.927405 3.969806 4.012212 4.054619 4.097025 4.139432 4.181839 4.224245 4.266654 4.309081 4.345883 4.366563 4.387259 4.407972 4.428687 4.449401 4.470115 4.490829 4.511544 4.532258 4.552986 4.573803 4.582848 4.547585 4.51241 4.477323 4.442246 4.407169 4.372093 4.337016 4.301939 4.266863 4.231793 4.196781 4.17281
3.926645 3.924519 3.922563 3.921173 3.918248 3.912796 3.907876 3.903422 3.898996 3.894569 3.890142 3.885716 3.881289 3.876863 3.872469 3.868199 3.86798 3.875013 3.882163 3.889419 3.896684 3.903948 3.911212 3.918477 3.925741 3.933006 3.940288 3.947649 3.965068 4.005076 4.045158 4.08531 4.12547 4.165629 4.205789 4.245947 4.286107 4.326266 4.366433 4.406643 4.443753 4.471925 4.500137 4.528388 4.556643 4.584899 4.613155 4.64141 4.669666 4.697921 4.726194 4.754563 4.770459 4.739404 4.708442 4.677576 4.646723 4.61587 4.585018 4.554166 4.523313 4.49246 4.461621 4.43087 4.409756
4.156404 4.155559 4.154862 4.154783 4.151484 4.143139 4.13539 4.128119 4.120864 4.113608 4.106353 4.099097 4.091841 4.084586 4.077361 4.070282 4.065969 4.06655 4.067273 4.068118 4.068968 4.069818 4.070668 4.071518 4.072368 4.073219 4.074084 4.075032 4.087319 4.125073 4.162908 4.200815 4.238727 4.276639 4.314551 4.352463 4.390375 4.428287 4.466209 4.504196 4.541614 4.577281 4.613012 4.648804 4.684601 4.720398 4.756195 4.791991 4.827788 4.863585 4.899395 4.935309 4.958052 4.931208 4.904468 4.877829 4.8512 4.824572 4.797944 4.771315 4.744687 4.718058 4.691442 4.664944 4.646685
4.386163 4.386599 4.387115 4.388289 4.384606 4.373397 4.362901 4.352817 4.342731 4.332647 4.322562 4.312478 4.302393 4.292309 4.282241 4.272338 4.263925 4.258061 4.252381 4.246817 4.241253 4.235689 4.230124 4.22456 4.218996 4.213432 4.207874 4.202402 4.209555 4.245057 4.280656 4.316319 4.351985 4.387649 4.423314 4.458978 4.494643 4.530308 4.565978 4.601733 4.639455 4.68262 4.725883 4.76922 4.812558 4.855896 4.899234 4.942573 4.98591 5.029249 5.072591 5.116037 5.145625 5.122995 5.100489 5.078082 5.055677 5.033273 5.010869 4.988464 4.96606 4.943656 4.921255 4.89899 4.88358
4.615922 4.617639 4.61936 4.621675 4.617585 4.60357 4.590427 4.577513 4.564599 4.551686 4.538773 4.525859 4.512945 4.500032 4.487118 4.474357 4.461836 4.449545 4.437494 4.425516 4.413537 4.401559 4.38958 4.377602 4.365623 4.353645 4.341667 4.329756 4.331771 4.36503 4.398407 4.431824 4.465241 4.498659 4.532076 4.565494 4.598911 4.632329 4.665746 4.699242 4.737262 4.787934 4.838757 4.889636 4.940515 4.991395 5.042274 5.093153 5.144032 5.194912 5.245791 5.296746 5.333172 5.314764 5.296515 5.278335 5.260155 5.241974 5.223794 5.205614 5.187434 5.169253 5.151073 5.132998 5.120423
4.846016 4.848679 4.851676 4.854944 4.850389 4.83372 4.817952 4.802323 4.787122 4.771795 4.756136 4.740131 4.723891 4.707758 4.692012 4.676336 4.659688 4.641012 4.622607 4.604293 4.586372 4.568393 4.550135 4.531543 4.512682 4.493867 4.475466 4.457098 4.453965 4.484996 4.516159 4.547409 4.579178 4.610912 4.642299 4.673241 4.703802 4.734373 4.76552 4.796721 4.835019 4.893226 4.951631 5.010136 5.069333 5.128493 5.187197 5.245329 5.30298 5.360623 5.418997 5.477441 5.520686 5.506519 5.492544 5.478662 5.465603 5.452539 5.438943 5.424675 5.409829 5.394931 5.380895 5.36697 5.357192
5.079949 5.08296 5.085258 5.088274 5.082988 5.064241 5.047915 5.031505 5.014404 4.99657 4.978038 4.958857 4.939075 4.918765 4.898124 4.878334 4.857465 4.832626 4.809602 4.786714 4.763379 4.739488 4.715 4.689887 4.664121 4.637693 4.610735 4.584457 4.576132 4.605058 4.636143 4.66756 4.698486 4.728741 4.758236 4.786902 4.814666 4.841487 4.867494 4.894217 4.932709 4.998588 5.067396 5.136696 5.205263 5.272883 5.339487 5.405024 5.469449 5.532743 5.595085 5.658163 5.708159 5.698318 5.691821 5.686079 5.679472 5.671736 5.662791 5.65259 5.641086 5.628262 5.614312 5.600997 5.593862
5.311621 5.316154 5.319491 5.321358 5.313221 5.297283 5.280446 5.262457 5.243472 5.223614 5.202974 5.181615 5.159571 5.136854 5.113457 5.089377 5.0628 5.03593 5.008756 4.980854 4.95226 4.922996 4.893062 4.862435 4.831066 4.798877 4.765761 4.731601 4.71567 4.746088 4.776523 4.806155 4.834982 4.862993 4.890151 4.916389 4.941605 4.965662 4.988373 5.009533 5.043262 5.120918 5.198771 5.275365 5.350761 5.425005 5.498102 5.570017 5.640675 5.709948 5.777662 5.843611 5.893694 5.894015 5.89498 5.89441 5.892389 5.888986 5.884217 5.878057 5.870424 5.861186 5.850148 5.837081 5.825461
5.483201 5.488582 5.493721 5.500049 5.498394 5.484583 5.471883 5.460008 5.44774 5.434872 5.421386 5.407318 5.39273 5.377748 5.362782 5.349002 5.330408 5.3024 5.275432 5.249279 5.222917 5.196106 5.16877 5.140871 5.112404 5.083428 5.054308 5.026393 5.013287 5.032634 5.052907 5.074313 5.095534 5.11622 5.136238 5.155511 5.173997 5.191745 5.209198 5.228234 5.259724 5.325096 5.391499 5.459496 5.527213 5.594179 5.660251 5.725367 5.789507 5.85276 5.915653 5.980436 6.031154 6.026049 6.022038 6.020028 6.01772 6.014526 6.010273 6.004891 5.998365 5.990793 5.982752 5.976819 5.973155
5.659096 5.6665 5.673908 5.681275 5.683037 5.676571 5.67001 5.66344 5.656938 5.650565 5.644051 5.637347 5.6306 5.624022 5.617453 5.611206 5.598306 5.572468 5.547538 5.522706 5.497925 5.473276 5.448514 5.42357 5.398559 5.373713 5.348881 5.324185 5.311045 5.323338 5.336078 5.348877 5.361731 5.374771 5.387678 5.400341 5.412894 5.425669 5.438467 5.451311 5.4761 5.534716 5.593506 5.652323 5.711202 5.770332 5.829298 5.88795 5.94645 6.005226 6.064043 6.122911 6.168589 6.164243 6.160131 6.156061 6.152051 6.14835 6.144472 6.140222 6.135777 6.131645 6.127575 6.123573 6.120757
5.837714 5.846008 5.854286 5.862106 5.867144 5.868365 5.868996 5.869416 5.869836 5.870256 5.870677 5.871097 5.871517 5.871937 5.872376 5.873603 5.866337 5.842771 5.820278 5.798214 5.776151 5.754087 5.732024 5.709961 5.687898 5.665834 5.643776 5.622079 5.608876 5.614158 5.619962 5.625998 5.632036 5.638074 5.644111 5.650148 5.656186 5.662224 5.668262 5.674374 5.692411 5.744339 5.796382 5.848482 5.900582 5.952683 6.004784 6.056884 6.108984 6.161085 6.213185 6.26541 6.306001 6.302465 6.299135 6.295919 6.292704 6.289488 6.286272 6.283056 6.27984 6.276625 6.273408 6.270353 6.268285
6.016335 6.025517 6.034549 6.042662 6.050944 6.059934 6.067979 6.075392 6.082802 6.090212 6.097622 6.105031 6.112441 6.119851 6.127409 6.136051 6.134398 6.113148 6.093027 6.073722 6.054428 6.035133 6.015839 5.996544 5.977249 5.957955 5.938719 5.920004 5.906726 5.905015 5.903855 5.903121 5.902397 5.901673 5.90095 5.900226 5.899502 5.898778 5.89806 5.897405 5.908676 5.953934 5.999259 6.044641 6.090025 6.135408 6.180792 6.226176 6.271559 6.316943 6.362338 6.407898 6.443387 6.440677 6.438148 6.435778 6.433415 6.431054 6.428691 6.426329 6.423967 6.421604 6.419252 6.417101 6.415753
6.194957 6.205026 6.214739 6.223124 6.234646 6.251415 6.266922 6.281368 6.295768 6.310167 6.324567 6.338966 6.353366 6.367766 6.382466 6.398453 6.402398 6.383496 6.36582 6.34923 6.332705 6.316179 6.299653 6.283127 6.266602 6.250076 6.233677 6.217908 6.204549 6.195859 6.187772 6.180243 6.172758 6.165274 6.157788 6.150303 6.142818 6.135333 6.127854 6.120411 6.124911 6.163506 6.202137 6.2408 6.279468 6.318134 6.356801 6.395467 6.434134 6.472802 6.511495 6.550366 6.580748 6.578869 6.577166 6.575636 6.574127 6.572618 6.57111 6.569602 6.568093 6.566584 6.5651 6.563812 6.563174
6.373579 6.384534 6.39497 6.403673 6.418443 6.442969 6.465872 6.487344 6.508733 6.530122 6.551512 6.572901 6.594291 6.61568 6.63746 6.660719 6.670245 6.653726 6.638593 6.624739 6.610981 6.597224 6.583467 6.569711 6.555954 6.542197 6.528608 6.515748 6.502296 6.486643 6.471675 6.457366 6.44312 6.428874 6.414628 6.40038 6.386134 6.371888 6.357643 6.343406 6.341132 6.373068 6.40501 6.436959 6.468909 6.500859 6.53281 6.56476 6.59671 6.62866 6.660642 6.69281 6.718081 6.717039 6.716176 6.715495 6.714839 6.714184 6.713529 6.712874 6.712219 6.711564 6.710936 6.710493 6.710556
6.552201 6.564043 6.575353 6.584489 6.602533 6.634753 6.664884 6.69332 6.721699 6.750078 6.778457 6.806836 6.835216 6.863594 6.892334 6.922765 6.937848 6.923759 6.911302 6.900246 6.889258 6.87827 6.867282 6.856294 6.845305 6.834318 6.823482 6.813479 6.799922 6.777328 6.755544 6.734488 6.71348 6.692472 6.671466 6.650458 6.629451 6.608443 6.587432 6.5664 6.557353 6.582629 6.607883 6.633118 6.658352 6.683585 6.708818 6.734052 6.759285 6.784518 6.809777 6.835228 6.855382 6.855182 6.855174 6.855352 6.855551 6.85575 6.855948 6.856147 6.856345 6.856544 6.856761 6.857146 6.857907
6.730823 6.743551 6.755947 6.765755 6.787119 6.826911 6.863927 6.899295 6.934664 6.970034 7.005402 7.040771 7.07614 7.111508 7.147074 7.184502 7.205105 7.193524 7.183978 7.175755 7.167536 7.159316 7.151096 7.142877 7.134657 7.126438 7.118295 7.111057 7.097373 7.067875 7.039386 7.011611 6.983842 6.956073 6.928305 6.900536 6.872767 6.844998 6.817225 6.789407 6.773589 6.792202 6.81076 6.829277 6.847795 6.866311 6.884827 6.903344 6.92186 6.940377 6.958903 6.977614 6.992648 6.993296 6.994164 6.995211 6.996264 6.997314 6.998367 6.999419 7.000472 7.001523 7.002581 7.00378 7.005233
6.909444 6.923059 6.936644 6.947643 6.97243 7.019526 7.062912 7.105271 7.14763 7.189989 7.232347 7.274706 7.317065 7.359424 7.401789 7.445853 7.471895 7.462989 7.456713 7.451263 7.445812 7.440361 7.434911 7.429461 7.42401 7.418559 7.413109 7.408446 7.394588 7.358262 7.323263 7.288733 7.254202 7.219673 7.185143 7.150613 7.116083 7.081553 7.047023 7.012437 6.989853 7.001796 7.013637 7.025437 7.037236 7.049036 7.060836 7.072637 7.084435 7.096236 7.108036 7.11997 7.129872 7.13138 7.133163 7.135069 7.136975 7.138881 7.140786 7.142693 7.144598 7.146503 7.14841 7.150401 7.152541
7.08913 7.102568 7.11707 7.130243 7.158726 7.212403 7.261899 7.311464 7.362584 7.413571 7.463444 7.511936 7.559367 7.607338 7.656686 7.706808 7.738082 7.732285 7.729452 7.72698 7.726452 7.725768 7.7237 7.719992 7.715064 7.71068 7.707998 7.705647 7.691495 7.648544 7.607146 7.566011 7.526869 7.48763 7.446988 7.404698 7.361189 7.318116 7.276816 7.235499 7.206165 7.211415 7.216513 7.221694 7.228747 7.235821 7.241598 7.24581 7.248823 7.25212 7.257177 7.262305 7.267045 7.269444 7.272168 7.274982 7.279525 7.284182 7.287644 7.289645 7.290508 7.291536 7.294243 7.297025 7.299836
7.284554 7.293463 7.30115 7.312855 7.346268 7.404861 7.468205 7.532469 7.595078 7.655445 7.7133 7.768423 7.82062 7.869835 7.9168 7.967928 8.003513 8.002329 8.011226 8.02128 8.028899 8.033488 8.034904 8.033086 8.027991 8.019723 8.009174 8.002975 7.988011 7.939172 7.899965 7.862237 7.821853 7.778239 7.731345 7.681209 7.627894 7.571586 7.513165 7.458557 7.422544 7.421031 7.42733 7.435547 7.441327 7.444069 7.443707 7.44027 7.433807 7.424474 7.413038 7.404685 7.404159 7.407559 7.418214 7.431162 7.441818 7.449587 7.454429 7.456398 7.455571 7.452113 7.446704 7.44369 7.447123
7.490674 7.498742 7.503862 7.505801 7.535524 7.614328 7.690793 7.764431 7.83531 7.903427 7.968674 8.030845 8.089622 8.144547 8.195007 8.240242 8.265521 8.289505 8.309806 8.325708 8.337609 8.345766 8.350297 8.351185 8.348279 8.341286 8.329746 8.313073 8.280392 8.247687 8.211376 8.170094 8.124398 8.074701 8.021246 7.964142 7.903364 7.838749 7.769988 7.696654 7.637287 7.648786 7.658088 7.662689 7.663113 7.659743 7.652814 7.642423 7.628542 7.611016 7.589548 7.563721 7.540866 7.56302 7.584141 7.600688 7.613201 7.622088 7.627609 7.629897 7.628969 7.62472 7.616922 7.605239 7.592701
7.558604 7.568799 7.578794 7.593421 7.625851 7.683209 7.741462 7.802669 7.862866 7.921126 7.977076 8.030491 8.081252 8.129532 8.176871 8.229856 8.266383 8.268916 8.277723 8.290486 8.301733 8.310362 8.316078 8.318791 8.318527 8.315619 8.311768 8.314053 8.300102 8.243503 8.192072 8.145059 8.096417 8.044996 7.990567 7.93313 7.872797 7.80996 7.746209 7.688191 7.644001 7.63249 7.624311 7.620687 7.615647 7.608006 7.597525 7.584188 7.568091 7.549574 7.530037 7.515656 7.507244 7.510709 7.517344 7.528585 7.538558 7.546071 7.550909 7.553082 7.552698 7.550083 7.546457 7.54732 7.551432
