Spatial_Analysis/Downscaled_EnvironmentalLayers/RCP4_5/2050/sst_near45.asc
ncols         639
nrows         313
xllcorner     -103
yllcorner     4.021
cellsize      0.083
NODATA_value  -9999
[rows 116 to 144 of 313, columns 65 to 129 of 639]
-9999 -9999 -9999 -9999 -9999 -9999 -9999 -9999 -9999 27.2506 27.28673 27.32183 27.35595 27.38763 27.41236 27.43707 27.46177 27.48645 27.51111 27.53577 27.56042 27.58506 27.6097 27.63434 27.65898 27.68144 27.69039 27.69933 27.70827 27.71719 27.7261 27.735 27.74388 27.75274 27.76159 27.77044 27.77928 27.78805 27.79654 27.80494 27.81328 27.82172 27.83028 27.8389 27.84754 27.85619 27.86471 27.87306 27.88126 27.88924 27.89458 27.89959 27.90416 27.90837 27.9123 27.91619 27.92009 27.92398 27.92785 27.93168 27.93549 27.93927 27.93066 27.92195 27.91322
-9999 -9999 -9999 -9999 -9999 -9999 -9999 -9999 -9999 -9999 27.28875 27.32126 27.35243 27.38137 27.4056 27.42981 27.45399 27.47816 27.50233 27.52647 27.55061 27.57474 27.59887 27.62299 27.64712 27.66922 27.67877 27.68832 27.69785 27.70737 27.71688 27.72637 27.73585 27.74535 27.75486 27.76437 27.77387 27.7833 27.79223 27.8011 27.80994 27.81891 27.82802 27.83719 27.84636 27.85538 27.86426 27.87302 27.88168 27.89014 27.89593 27.90154 27.9068 27.91174 27.91639 27.92079 27.92507 27.92932 27.93355 27.93775 27.94192 27.94608 27.93843 27.93069 27.92292
-9999 -9999 -9999 -9999 -9999 -9999 -9999 -9999 -9999 -9999 -9999 27.32075 27.3489 27.37512 27.39883 27.42253 27.44621 27.46987 27.49352 27.51716 27.54079 27.56441 27.58802 27.61163 27.63524 27.65698 27.66713 27.67727 27.68741 27.69752 27.70762 27.71772 27.72786 27.73803 27.74821 27.75839 27.76856 27.77865 27.78804 27.79737 27.80675 27.81627 27.82592 27.8356 27.84515 27.85458 27.86389 27.87311 27.88224 27.8912 27.89742 27.90355 27.90938 27.91492 27.92021 27.92524 27.93001 27.93464 27.93923 27.9438 27.94835 27.95288 27.94619 27.93941 27.93261
-9999 -9999 -9999 -9999 -9999 -9999 -9999 -9999 -9999 -9999 -9999 -9999 27.34536 27.36885 27.39206 27.41525 27.43842 27.46157 27.4847 27.50783 27.53094 27.55405 27.57715 27.60024 27.62334 27.64472 27.65547 27.66621 27.67694 27.68764 27.69836 27.70913 27.71993 27.73076 27.74162 27.75248 27.76334 27.7741 27.78394 27.79377 27.80369 27.81376 27.82392 27.83401 27.84398 27.85385 27.86363 27.87332 27.88294 27.8924 27.89906 27.90566 27.912 27.91808 27.92392 27.92949 27.93483 27.93993 27.9449 27.94985 27.95478 27.95968 27.95395 27.94813 27.94229
-9999 -9999 -9999 -9999 -9999 -9999 -9999 -9999 -9999 -9999 -9999 -9999 -9999 27.36259 27.38529 27.40796 27.43062 27.45325 27.47588 27.49849 27.52109 27.54368 27.56626 27.58884 27.61141 27.63243 27.64378 27.65511 27.66643 27.67775 27.68914 27.70057 27.71204 27.72355 27.73508 27.74663 27.75818 27.76962 27.77994 27.79027 27.80074 27.81133 27.82194 27.83247 27.84289 27.85323 27.86348 27.87365 27.88377 27.89373 27.90083 27.90788 27.91469 27.92126 27.92758 27.93366 27.93951 27.94515 27.95057 27.9559 27.9612 27.96648 27.9617 27.95685 27.95197
-9999 -9999 -9999 -9999 -9999 -9999 -9999 -9999 -9999 -9999 -9999 -9999 -9999 27.35633 27.37851 27.40067 27.42281 27.44493 27.46704 27.48913 27.51121 27.53329 27.55535 27.57741 27.59946 27.62012 27.63206 27.64399 27.6559 27.66789 27.67994 27.69205 27.7042 27.71638 27.72859 27.74083 27.75307 27.76521 27.77601 27.78688 27.79789 27.80895 27.82002 27.831 27.84189 27.8527 27.86343 27.8741 27.88471 27.89517 27.90271 27.91019 27.91746 27.92447 27.93125 27.9378 27.94414 27.95026 27.9562 27.96194 27.96762 27.97328 27.96946 27.96557 27.96165
-9999 -9999 -9999 -9999 -9999 -9999 -9999 -9999 -9999 -9999 -9999 -9999 -9999 -9999 27.37174 27.39338 27.415 27.43661 27.45819 27.47976 27.50133 27.52287 27.54442 27.56596 27.58749 27.60778 27.62031 27.63282 27.6454 27.65805 27.67077 27.68355 27.69637 27.70924 27.72214 27.73507 27.74803 27.76087 27.77216 27.78358 27.79509 27.80664 27.81817 27.82962 27.84098 27.85227 27.86349 27.87465 27.88576 27.89673 27.90471 27.91261 27.92029 27.92773 27.93494 27.94194 27.94874 27.95534 27.96175 27.96797 27.97404 27.98007 27.97722 27.97428 27.97132
-9999 -9999 -9999 -9999 -9999 -9999 -9999 -9999 -9999 -9999 -9999 -9999 -9999 -9999 27.36497 27.38609 27.40719 27.42827 27.44933 27.47038 27.49142 27.51245 27.53347 27.55448 27.57549 27.5954 27.60852 27.62166 27.63489 27.64821 27.66161 27.67507 27.68857 27.70213 27.71572 27.72935 27.74303 27.75658 27.7684 27.78034 27.79235 27.80439 27.8164 27.82832 27.84016 27.85193 27.86364 27.8753 27.88692 27.89838 27.9068 27.91511 27.92318 27.93103 27.93867 27.9461 27.95335 27.9604 27.96727 27.97396 27.98046 27.98687 27.98497 27.983 27.98099
-9999 -9999 -9999 -9999 -9999 -9999 -9999 -9999 -9999 -9999 -9999 -9999 -9999 -9999 -9999 27.37881 27.39938 27.41993 27.44047 27.46099 27.4815 27.502 27.52249 27.54297 27.56346 27.58299 27.5967 27.61049 27.62439 27.63839 27.65246 27.66659 27.68079 27.69503 27.70932 27.72366 27.73808 27.75235 27.76471 27.77717 27.78968 27.80223 27.81471 27.82711 27.83944 27.85169 27.86389 27.87605 27.88816 27.90013 27.90898 27.91767 27.92613 27.93439 27.94244 27.9503 27.95797 27.96547 27.97278 27.97991 27.98687 27.99367 27.99273 27.99171 27.99065
-9999 -9999 -9999 -9999 -9999 -9999 -9999 -9999 -9999 -9999 -9999 -9999 -9999 -9999 -9999 27.37152 27.39157 27.41159 27.43159 27.45158 27.47156 27.49153 27.51149 27.53144 27.55139 27.57055 27.58486 27.59932 27.61389 27.62856 27.6433 27.65813 27.67301 27.68795 27.70294 27.71801 27.73316 27.74819 27.76109 27.77407 27.78711 27.80015 27.8131 27.82599 27.8388 27.85155 27.86424 27.87689 27.88951 27.90197 27.91124 27.9203 27.92915 27.9378 27.94626 27.95453 27.96263 27.97054 27.97829 27.98586 27.99326 28.00047 28.00049 28.00042 28.00032
-9999 -9999 -9999 -9999 -9999 -9999 -9999 -9999 -9999 -9999 -9999 -9999 -9999 -9999 -9999 27.36425 27.38375 27.40324 27.42271 27.44216 27.46161 27.48104 27.50046 27.51987 27.53928 27.55806 27.57301 27.58813 27.60336 27.61871 27.63414 27.64965 27.66522 27.68086 27.69657 27.71238 27.72829 27.7441 27.75755 27.77106 27.78463 27.79815 27.81159 27.82495 27.83825 27.85149 27.86468 27.87782 27.89094 27.90391 27.91356 27.92299 27.93222 27.94127 27.95012 27.95881 27.96731 27.97565 27.98381 27.9918 27.99963 28.00728 28.00825 28.00914 28.00999
-9999 -9999 -9999 -9999 -9999 -9999 -9999 -9999 -9999 -9999 -9999 -9999 -9999 -9999 -9999 27.36193 27.3812 27.40018 27.41888 27.43732 27.45549 27.47342 27.49109 27.50852 27.52572 27.54249 27.55803 27.57374 27.58958 27.60553 27.62158 27.6377 27.6539 27.67019 27.68657 27.70306 27.71969 27.7362 27.74967 27.76322 27.77678 27.79027 27.80367 27.81701 27.83027 27.84348 27.85665 27.86977 27.88287 27.89584 27.90604 27.91603 27.92584 27.93546 27.94489 27.95416 27.96326 27.97219 27.98095 27.98955 27.99798 28.00623 28.00896 28.01159 28.01419
-9999 -9999 -9999 -9999 -9999 -9999 -9999 -9999 -9999 -9999 -9999 -9999 -9999 -9999 -9999 -9999 27.37875 27.39716 27.41501 27.43235 27.44919 27.46555 27.48145 27.49693 27.51199 27.52687 27.54299 27.55928 27.57573 27.59229 27.60896 27.62571 27.64254 27.65949 27.67656 27.69376 27.71115 27.72836 27.74188 27.75547 27.76899 27.78244 27.79581 27.8091 27.82234 27.83552 27.84866 27.86176 27.87483 27.88778 27.89853 27.90908 27.91945 27.92964 27.93966 27.94951 27.95919 27.96871 27.97807 27.98726 27.99628 28.00514 28.00964 28.01402 28.01836
-9999 -9999 -9999 -9999 -9999 -9999 -9999 -9999 -9999 -9999 -9999 -9999 -9999 -9999 -9999 -9999 -9999 27.39414 27.41106 27.4272 27.44263 27.45739 27.47152 27.48507 27.49808 27.5112 27.52789 27.54478 27.56183 27.579 27.59629 27.61367 27.63118 27.64881 27.66658 27.68455 27.70271 27.72063 27.73423 27.7478 27.76129 27.7747 27.78803 27.8013 27.8145 27.82766 27.84076 27.85383 27.86688 27.87977 27.89107 27.90219 27.91312 27.92389 27.93448 27.9449 27.95517 27.96527 27.97521 27.98499 27.9946 28.00405 28.01031 28.01645 28.02254
-9999 -9999 -9999 -9999 -9999 -9999 -9999 -9999 -9999 -9999 -9999 -9999 -9999 -9999 -9999 -9999 -9999 -9999 27.40701 27.42187 27.43581 27.44892 27.46128 27.47294 27.48396 27.49545 27.5127 27.53019 27.54785 27.56564 27.58355 27.6016 27.6198 27.63814 27.65668 27.67543 27.6944 27.71306 27.72669 27.74023 27.75368 27.76706 27.78036 27.79359 27.80676 27.81988 27.83296 27.84601 27.859 27.87182 27.88368 27.89535 27.90685 27.91818 27.92934 27.94034 27.95118 27.96187 27.97239 27.98275 27.99294 28.00297 28.011 28.01889 28.02674
-9999 -9999 -9999 -9999 -9999 -9999 -9999 -9999 -9999 -9999 -9999 -9999 -9999 -9999 -9999 -9999 -9999 -9999 -9999 27.4163 27.42868 27.44011 27.45069 27.46051 27.46964 27.47959 27.49742 27.5155 27.53377 27.55218 27.57076 27.58951 27.60842 27.62754 27.64688 27.66644 27.68625 27.70564 27.71924 27.73275 27.74618 27.75952 27.77278 27.78598 27.79912 27.81221 27.82526 27.83827 27.85117 27.86393 27.87634 27.88857 27.90064 27.91253 27.92426 27.93583 27.94724 27.9585 27.96959 27.98053 27.9913 28.0019 28.01169 28.02134 28.03094
-9999 -9999 -9999 -9999 -9999 -9999 -9999 -9999 -9999 -9999 -9999 -9999 -9999 -9999 -9999 -9999 -9999 -9999 -9999 -9999 27.42122 27.43092 27.43974 27.44775 27.45505 27.46358 27.48197 27.50066 27.51955 27.53864 27.55793 27.57741 27.59711 27.61704 27.63722 27.65766 27.67831 27.69832 27.7119 27.72538 27.73877 27.75208 27.76531 27.77847 27.79158 27.80464 27.81766 27.83058 27.8434 27.85609 27.86906 27.88185 27.89447 27.90693 27.91923 27.93136 27.94334 27.95517 27.96684 27.97834 27.98968 28.00084 28.01239 28.02379 28.03514
-9999 -9999 -9999 -9999 -9999 -9999 -9999 -9999 -9999 -9999 -9999 -9999 -9999 -9999 -9999 -9999 -9999 -9999 -9999 -9999 27.41339 27.42133 27.42836 27.4346 27.44017 27.44737 27.46632 27.48562 27.5052 27.52503 27.54507 27.56537 27.58591 27.60672 27.62782 27.64913 27.67048 27.69111 27.70466 27.71811 27.73147 27.74475 27.75794 27.77107 27.78415 27.79717 27.81012 27.82295 27.83567 27.8483 27.86183 27.87518 27.88836 27.90138 27.91424 27.92694 27.93949 27.95188 27.96411 27.97618 27.98808 27.99981 28.0131 28.02626 28.03937
-9999 -9999 -9999 -9999 -9999 -9999 -9999 -9999 -9999 -9999 -9999 -9999 -9999 -9999 -9999 -9999 -9999 -9999 -9999 -9999 27.40514 27.41125 27.41648 27.42099 27.4249 27.43085 27.4504 27.47042 27.49076 27.51138 27.53229 27.55347 27.57495 27.59673 27.61872 27.64073 27.66276 27.68401 27.69754 27.71096 27.72429 27.73753 27.75069 27.76379 27.77683 27.78979 27.80263 27.81536 27.82799 27.84055 27.85465 27.86856 27.88231 27.89589 27.90931 27.92257 27.93568 27.94863 27.96142 27.97405 27.98651 27.9988 28.01383 28.02874 28.0436
-9999 -9999 -9999 -9999 -9999 -9999 -9999 -9999 -9999 -9999 -9999 -9999 -9999 -9999 -9999 -9999 -9999 -9999 -9999 -9999 -9999 -9999 27.40398 27.40679 27.40914 27.41399 27.43426 27.45509 27.4763 27.49783 27.51969 27.54189 27.56444 27.58709 27.60977 27.63245 27.65516 27.67703 27.69053 27.70393 27.71722 27.73043 27.74356 27.75662 27.76959 27.78244 27.79518 27.80782 27.82035 27.83286 27.84752 27.86199 27.8763 27.89044 27.90442 27.91825 27.93191 27.94542 27.95877 27.97195 27.98496 27.9978 28.01456 28.03123 28.04785
-9999 -9999 -9999 -9999 -9999 -9999 -9999 -9999 -9999 -9999 -9999 -9999 -9999 -9999 -9999 -9999 -9999 -9999 -9999 -9999 -9999 -9999 -9999 -9999 -9999 -9999 -9999 -9999 -9999 -9999 27.50764 27.53095 27.55428 27.57762 27.60096 27.62432 27.64769 27.67017 27.68366 27.69703 27.71029 27.72347 27.73656 27.74953 27.76239 27.77514 27.78778 27.80032 27.81276 27.82521 27.84043 27.85547 27.87034 27.88504 27.89959 27.91397 27.92819 27.94225 27.95615 27.96988 27.98344 27.99682 -9999 -9999 -9999
-9999 -9999 -9999 -9999 -9999 -9999 -9999 -9999 -9999 -9999 -9999 -9999 -9999 -9999 -9999 -9999 -9999 -9999 -9999 -9999 -9999 -9999 -9999 -9999 -9999 -9999 -9999 -9999 -9999 -9999 -9999 27.52036 27.54435 27.56835 27.59234 27.61634 27.64036 27.66345 27.67692 27.69026 27.7035 27.71661 27.72959 27.74247 27.75523 27.76788 27.78042 27.79287 27.80521 27.8176 27.83339 27.849 27.86444 27.8797 27.8948 27.90974 27.92451 27.93912 27.95357 27.96784 -9999 -9999 -9999 -9999 -9999
-9999 -9999 -9999 -9999 -9999 -9999 -9999 -9999 -9999 -9999 -9999 -9999 -9999 -9999 -9999 -9999 -9999 -9999 -9999 -9999 -9999 -9999 -9999 -9999 -9999 -9999 -9999 -9999 -9999 -9999 -9999 -9999 -9999 -9999 27.58393 27.60856 27.63321 27.65688 27.67032 27.68361 27.69676 27.70977 27.72266 27.73544 27.74811 27.76066 27.77311 27.78546 27.7977 27.81003 27.8264 27.84258 27.85858 27.8744 27.89006 27.90555 27.92088 27.93604 -9999 -9999 -9999 -9999 -9999 -9999 -9999
-9999 -9999 -9999 -9999 -9999 -9999 -9999 -9999 -9999 -9999 -9999 -9999 -9999 -9999 -9999 -9999 -9999 -9999 -9999 -9999 -9999 -9999 -9999 -9999 -9999 -9999 -9999 -9999 -9999 -9999 -9999 -9999 -9999 -9999 27.58214 27.60681 27.6315 27.65519 27.66866 27.68199 27.69518 27.70823 27.72115 27.73395 27.74664 27.75921 27.77169 27.78406 -9999 -9999 -9999 -9999 -9999 27.87336 27.88908 -9999 -9999 -9999 -9999 -9999 -9999 -9999 -9999 -9999 -9999
-9999 -9999 -9999 -9999 -9999 -9999 -9999 -9999 -9999 -9999 -9999 -9999 -9999 -9999 -9999 -9999 -9999 -9999 -9999 -9999 -9999 -9999 -9999 -9999 -9999 -9999 -9999 -9999 -9999 -9999 -9999 -9999 -9999 -9999 -9999 27.60545 27.63011 27.65378 27.66726 27.68066 27.6939 27.707 27.71996 27.7328 27.74553 27.75814 -9999 27.78304 -9999 -9999 -9999 -9999 -9999 -9999 -9999 -9999 -9999 -9999 -9999 -9999 -9999 -9999 -9999 -9999 -9999
-9999 -9999 -9999 -9999 -9999 -9999 -9999 -9999 -9999 -9999 -9999 -9999 -9999 -9999 -9999 -9999 -9999 -9999 -9999 -9999 -9999 -9999 -9999 -9999 -9999 -9999 -9999 -9999 -9999 -9999 -9999 -9999 -9999 -9999 -9999 -9999 27.62874 27.65238 27.66585 27.67931 27.69263 27.70579 27.7188 27.73169 27.74445 -9999 -9999 -9999 -9999 -9999 -9999 -9999 -9999 -9999 -9999 -9999 -9999 -9999 -9999 -9999 -9999 -9999 -9999 -9999 -9999
-9999 -9999 -9999 -9999 -9999 -9999 -9999 -9999 -9999 -9999 -9999 -9999 -9999 -9999 -9999 -9999 -9999 -9999 -9999 -9999 -9999 -9999 -9999 -9999 -9999 -9999 -9999 -9999 -9999 -9999 -9999 -9999 -9999 -9999 -9999 -9999 -9999 27.65099 27.66443 27.67792 -9999 -9999 -9999 -9999 -9999 -9999 -9999 -9999 -9999 -9999 -9999 -9999 -9999 -9999 -9999 -9999 -9999 -9999 -9999 -9999 -9999 -9999 -9999 -9999 -9999
-9999 -9999 -9999 -9999 -9999 -9999 -9999 -9999 -9999 -9999 -9999 -9999 -9999 -9999 -9999 -9999 -9999 -9999 -9999 -9999 -9999 -9999 -9999 -9999 -9999 -9999 -9999 -9999 -9999 -9999 -9999 -9999 -9999 -9999 -9999 -9999 -9999 -9999 -9999 -9999 -9999 -9999 -9999 -9999 -9999 -9999 -9999 -9999 -9999 -9999 -9999 -9999 -9999 -9999 -9999 -9999 -9999 -9999 -9999 -9999 -9999 -9999 -9999 -9999 -9999
-9999 -9999 -9999 -9999 -9999 -9999 -9999 -9999 -9999 -9999 -9999 -9999 -9999 -9999 -9999 -9999 -9999 -9999 -9999 -9999 -9999 -9999 -9999 -9999 -9999 -9999 -9999 -9999 -9999 -9999 -9999 -9999 -9999 -9999 -9999 -9999 -9999 -9999 -9999 -9999 -9999 -9999 -9999 -9999 -9999 -9999 -9999 -9999 -9999 -9999 -9999 -9999 -9999 -9999 -9999 -9999 -9999 -9999 -9999 -9999 -9999 -9999 -9999 -9999 -9999
