Spatial_Analysis/Downscaled_EnvironmentalLayers/RCP4_5/2050/sst_near45.asc
ncols         639
nrows         313
xllcorner     -103
yllcorner     4.021
cellsize      0.083
NODATA_value  -9999
[rows 261 to 289 of 313, columns 130 to 194 of 639]
28.30897 28.29794 28.2869 28.27587 28.26484 28.2538 28.24277 28.23172 28.2206 28.21022 28.1998 28.18934 28.17888 28.16842 28.15796 28.1475 28.13704 28.12658 28.11612 28.10566 28.09517 28.09165 28.08891 28.08615 28.08338 28.08062 28.07786 28.0751 28.07234 28.06957 28.06681 28.06405 28.06131 28.07122 28.08339 28.09557 28.10776 28.11994 28.13212 28.1443 28.15648 28.16866 28.18085 28.19304 28.2053 28.2252 28.24705 28.26897 28.29089 28.31281 28.33473 28.35665 28.37857 28.40049 28.42241 28.44433 28.46634 28.49215 28.51928 28.54649 28.57369 28.60089 28.6281 28.6553 28.6825
28.31096 28.30085 28.29074 28.28064 28.27053 28.26042 28.25031 28.24017 28.22996 28.22075 28.21154 28.20228 28.193 28.18373 28.17445 28.16517 28.1559 28.14662 28.13735 28.12807 28.11876 28.11602 28.11402 28.11198 28.10995 28.10792 28.10589 28.10386 28.10183 28.0998 28.09777 28.09574 28.09373 28.10367 28.11574 28.12782 28.13991 28.15199 28.16408 28.17617 28.18825 28.20033 28.21242 28.22453 28.23671 28.25604 28.27719 28.2984 28.31963 28.34086 28.36209 28.38332 28.40455 28.42578 28.447 28.46825 28.48958 28.51426 28.54007 28.56596 28.59186 28.61777 28.64367 28.66958 28.69548
28.31295 28.30377 28.29458 28.2854 28.27622 28.26703 28.25785 28.24862 28.23933 28.2313 28.22328 28.21521 28.20712 28.19903 28.19094 28.18285 28.17476 28.16667 28.15858 28.15047 28.14234 28.14039 28.13912 28.13783 28.13652 28.13522 28.13392 28.13262 28.13132 28.13002 28.12872 28.12742 28.12614 28.13611 28.14809 28.16007 28.17206 28.18405 28.19604 28.20803 28.22002 28.23201 28.244 28.25602 28.2681 28.28686 28.30732 28.32784 28.34837 28.36891 28.38945 28.40999 28.43052 28.45106 28.4716 28.49217 28.51281 28.53634 28.56085 28.58543 28.61004 28.63464 28.65925 28.68386 28.70846
28.31494 28.30669 28.29843 28.29017 28.28191 28.27365 28.26539 28.25708 28.24872 28.24185 28.23503 28.22814 28.22123 28.21433 28.20742 28.20052 28.19362 28.18671 28.17981 28.17288 28.16593 28.16476 28.16422 28.16366 28.16309 28.16252 28.16195 28.16138 28.16081 28.16024 28.15967 28.15911 28.15854 28.16855 28.18044 28.19232 28.20422 28.21611 28.228 28.23989 28.25179 28.26368 28.27557 28.2875 28.29948 28.31767 28.33744 28.35727 28.37712 28.39696 28.41681 28.43666 28.45651 28.47635 28.4962 28.51608 28.53603 28.55841 28.58163 28.60491 28.62821 28.65152 28.67483 28.69813 28.72144
28.31693 28.3096 28.30227 28.29493 28.2876 28.28026 28.27293 28.26554 28.25811 28.25241 28.24677 28.24107 28.23535 28.22963 28.22391 28.21819 28.21247 28.20676 28.20104 28.1953 28.18953 28.18913 28.18933 28.1895 28.18966 28.18982 28.18998 28.19014 28.1903 28.19046 28.19062 28.19078 28.19095 28.20099 28.21278 28.22458 28.23637 28.24817 28.25996 28.27176 28.28355 28.29535 28.30715 28.31897 28.33085 28.34848 28.36757 28.3867 28.40586 28.42501 28.44417 28.46333 28.48248 28.50164 28.5208 28.53999 28.55923 28.58047 28.6024 28.62438 28.64639 28.6684 28.69041 28.71242 28.73442
28.31893 28.31252 28.30611 28.2997 28.29329 28.28688 28.28047 28.27402 28.26751 28.26298 28.25852 28.254 28.24947 28.24493 28.2404 28.23587 28.23133 28.2268 28.22227 28.21771 28.21312 28.21351 28.21444 28.21534 28.21623 28.21712 28.21801 28.21891 28.21979 28.22068 28.22157 28.22247 28.22336 28.23343 28.24512 28.25682 28.26852 28.28022 28.29192 28.30362 28.31532 28.32702 28.33872 28.35044 28.36221 28.37927 28.39768 28.41613 28.4346 28.45307 28.47153 28.49 28.50846 28.52693 28.54539 28.56388 28.58243 28.60253 28.62316 28.64386 28.66457 28.68528 28.70598 28.72669 28.7474
28.32092 28.31543 28.30995 28.30446 28.29898 28.2935 28.28801 28.2825 28.27692 28.27356 28.27028 28.26693 28.26358 28.26024 28.25689 28.25354 28.25019 28.24684 28.2435 28.24013 28.23673 28.2379 28.23956 28.24118 28.2428 28.24442 28.24604 28.24767 28.24929 28.25091 28.25253 28.25415 28.25576 28.26587 28.27747 28.28907 28.30068 28.31228 28.32388 28.33549 28.34709 28.35869 28.37029 28.38191 28.39357 28.41007 28.4278 28.44556 28.46334 28.48112 28.49889 28.51667 28.53444 28.55222 28.56999 28.58778 28.60562 28.62458 28.64393 28.66333 28.68274 28.70215 28.72156 28.74097 28.76038
28.32291 28.31835 28.31379 28.30923 28.30467 28.30011 28.29555 28.29098 28.28634 28.28415 28.28203 28.27987 28.2777 28.27554 28.27337 28.27121 28.26905 28.26689 28.26472 28.26255 28.26034 28.26229 28.26467 28.26702 28.26937 28.27172 28.27407 28.27643 28.27878 28.28113 28.28348 28.28583 28.28818 28.29831 28.30982 28.32133 28.33283 28.34434 28.35584 28.36735 28.37886 28.39037 28.40187 28.41338 28.42493 28.44086 28.45791 28.475 28.49208 28.50916 28.52625 28.54333 28.56042 28.5775 28.59459 28.61168 28.62881 28.64662 28.66469 28.6828 28.70092 28.71903 28.73714 28.75525 28.77336
28.32489 28.32125 28.31761 28.31397 28.31034 28.30672 28.30309 28.29946 28.29577 28.29474 28.29377 28.29279 28.2918 28.29082 28.28983 28.28886 28.28789 28.28692 28.28595 28.28498 28.28396 28.28669 28.28978 28.29286 28.29593 28.29901 28.30209 28.30518 28.30826 28.31135 28.31443 28.31751 28.32059 28.33076 28.34217 28.35358 28.36499 28.37641 28.38783 28.39924 28.41065 28.42205 28.43345 28.44485 28.45629 28.47165 28.48804 28.50443 28.52085 28.53728 28.55368 28.57008 28.58646 28.60283 28.61919 28.63558 28.65199 28.66867 28.68546 28.70229 28.71915 28.736 28.75284 28.76965 28.78644
28.32683 28.3241 28.32138 28.31867 28.31596 28.31326 28.31058 28.30791 28.30521 28.30531 28.30548 28.30566 28.30584 28.30603 28.30624 28.30645 28.30667 28.3069 28.30713 28.30737 28.30759 28.31108 28.31486 28.31866 28.32246 28.32627 28.33009 28.33391 28.33773 28.34155 28.34538 28.34919 28.35301 28.3632 28.37452 28.38585 28.39719 28.40852 28.41985 28.43118 28.4425 28.4538 28.46509 28.47636 28.48765 28.50246 28.51822 28.53399 28.54976 28.56552 28.58126 28.59698 28.61267 28.62834 28.64397 28.65957 28.67519 28.69072 28.70635 28.72199 28.73761 28.7532 28.76876 28.78428 28.79977
28.33039 28.32839 28.32639 28.32439 28.3224 28.32043 28.31846 28.31651 28.31454 28.31546 28.31647 28.31748 28.3185 28.31954 28.32058 28.32162 28.32268 28.32375 28.32482 28.3259 28.32696 28.33093 28.33517 28.33942 28.34368 28.34794 28.35221 28.35649 28.36077 28.36504 28.36932 28.37359 28.37786 28.38797 28.39911 28.41025 28.4214 28.43255 28.4437 28.45484 28.46597 28.47709 28.4882 28.49929 28.51038 28.52464 28.53977 28.5549 28.57003 28.58514 28.60024 28.61532 28.63037 28.6454 28.66039 28.67535 28.69031 28.70496 28.71963 28.7343 28.74895 28.76357 28.77815 28.7927 28.80721
28.33627 28.33471 28.33314 28.33158 28.33003 28.32848 28.32694 28.32538 28.32377 28.32509 28.32649 28.32787 28.32926 28.33064 28.33203 28.33342 28.33482 28.33622 28.33763 28.33902 28.34038 28.34447 28.34881 28.35313 28.35745 28.36178 28.3661 28.37044 28.37477 28.3791 28.38343 28.38776 28.39208 28.40193 28.41275 28.42356 28.43439 28.44521 28.45603 28.46685 28.47766 28.48846 28.49927 28.51008 28.52091 28.53464 28.54911 28.56359 28.57811 28.59261 28.60711 28.6216 28.63606 28.65051 28.66496 28.67943 28.69392 28.70804 28.72206 28.7361 28.75017 28.76423 28.77828 28.79231 28.80631
28.34211 28.34098 28.33986 28.33873 28.3376 28.33648 28.33535 28.33422 28.33303 28.33469 28.33647 28.33821 28.33994 28.34168 28.34342 28.34516 28.3469 28.34864 28.35038 28.35212 28.3538 28.35798 28.36241 28.3668 28.37119 28.37558 28.37997 28.38436 28.38875 28.39314 28.39753 28.40192 28.4063 28.4159 28.4264 28.4369 28.44741 28.4579 28.46841 28.47891 28.48941 28.4999 28.5104 28.52091 28.53143 28.54463 28.55851 28.57241 28.58632 28.60021 28.61411 28.62801 28.64191 28.65581 28.66971 28.68361 28.69752 28.71111 28.72462 28.73812 28.75163 28.76513 28.77864 28.79214 28.80565
28.34793 28.34724 28.34654 28.34585 28.34516 28.34446 28.34377 28.34306 28.3423 28.34431 28.34644 28.34853 28.35061 28.3527 28.35479 28.35688 28.35896 28.36105 28.36314 28.3652 28.36722 28.37151 28.37601 28.38046 28.38492 28.38937 28.39383 28.39828 28.40273 28.40718 28.41164 28.41609 28.42052 28.42986 28.44006 28.45025 28.46043 28.47062 28.4808 28.49099 28.50117 28.51136 28.52155 28.53174 28.54194 28.55462 28.56792 28.58124 28.59456 28.60788 28.6212 28.63451 28.64783 28.66115 28.67447 28.68779 28.7011 28.71418 28.72717 28.74016 28.75315 28.76613 28.77912 28.79211 28.8051
28.35375 28.35349 28.35323 28.35297 28.35271 28.35245 28.35218 28.3519 28.35158 28.35393 28.35641 28.35885 28.36129 28.36372 28.36615 28.36859 28.37102 28.37346 28.37589 28.3783 28.38066 28.38503 28.3896 28.39413 28.39865 28.40316 28.40768 28.41219 28.41671 28.42122 28.42574 28.43025 28.43475 28.44382 28.45371 28.46359 28.47346 28.48333 28.4932 28.50307 28.51295 28.52282 28.53269 28.54256 28.55245 28.56461 28.57733 28.59007 28.6028 28.61554 28.62828 28.64102 28.65376 28.66649 28.67923 28.69196 28.70468 28.71723 28.72972 28.7422 28.75467 28.76713 28.77961 28.79207 28.80455
28.35958 28.35975 28.35992 28.36009 28.36026 28.36043 28.3606 28.36075 28.36086 28.36356 28.36638 28.36917 28.37195 28.37474 28.37752 28.3803 28.38308 28.38586 28.38865 28.39139 28.3941 28.39857 28.4032 28.40779 28.41237 28.41695 28.42153 28.42611 28.43069 28.43526 28.43984 28.44441 28.44897 28.45779 28.46737 28.47693 28.48649 28.49604 28.5056 28.51516 28.52472 28.53427 28.54383 28.55339 28.56296 28.57459 28.58674 28.59889 28.61105 28.62321 28.63536 28.64752 28.65968 28.67183 28.68399 28.69613 28.70825 28.72028 28.73227 28.74423 28.75618 28.76814 28.78009 28.79204 28.80399
28.3654 28.366 28.3666 28.36721 28.36781 28.36842 28.36902 28.3696 28.37016 28.3732 28.37636 28.3795 28.38263 28.38575 28.38888 28.39201 28.39514 28.39827 28.4014 28.4045 28.40755 28.41211 28.41681 28.42146 28.4261 28.43074 28.43538 28.44002 28.44466 28.4493 28.45395 28.45858 28.4632 28.47176 28.48102 28.49027 28.49951 28.50875 28.518 28.52724 28.53649 28.54573 28.55497 28.56421 28.57347 28.58457 28.59614 28.60771 28.61929 28.63087 28.64244 28.65402 28.6656 28.67717 28.68875 28.70031 28.71183 28.72334 28.73482 28.74627 28.7577 28.76914 28.78056 28.792 28.80344
28.37122 28.37226 28.37329 28.37433 28.37536 28.3764 28.37743 28.37846 28.37946 28.38284 28.38634 28.38982 28.3933 28.39677 28.40025 28.40373 28.4072 28.41068 28.41415 28.4176 28.42101 28.42566 28.43041 28.43513 28.43983 28.44453 28.44924 28.45394 28.45864 28.46334 28.46805 28.47274 28.47743 28.48574 28.49468 28.50361 28.51254 28.52147 28.5304 28.53933 28.54825 28.55718 28.56611 28.57504 28.58397 28.59455 28.60555 28.61654 28.62754 28.63853 28.64953 28.66052 28.67152 28.68251 28.69351 28.70448 28.71541 28.7264 28.73737 28.74831 28.75922 28.77012 28.78105 28.79197 28.80289
28.37704 28.37851 28.37998 28.38145 28.38291 28.38438 28.38585 28.38731 28.38875 28.39248 28.39632 28.40014 28.40397 28.40779 28.41161 28.41544 28.41926 28.42308 28.42691 28.43071 28.43447 28.43921 28.44402 28.44879 28.45356 28.45832 28.46309 28.46785 28.47262 28.47738 28.48215 28.48691 28.49166 28.49971 28.50833 28.51695 28.52557 28.53418 28.54279 28.55141 28.56002 28.56864 28.57725 28.58587 28.59448 28.60454 28.61495 28.62537 28.63578 28.6462 28.65661 28.66703 28.67744 28.68785 28.69827 28.70867 28.71901 28.72947 28.73993 28.75035 28.76072 28.77114 28.78154 28.79194 28.80233
28.38287 28.38477 28.38667 28.38857 28.39047 28.39237 28.39427 28.39616 28.39805 28.40211 28.4063 28.41047 28.41464 28.41881 28.42298 28.42715 28.43132 28.43549 28.43966 28.44382 28.44794 28.45277 28.45763 28.46246 28.46729 28.47211 28.47694 28.48177 28.4866 28.49142 28.49625 28.50108 28.50589 28.51368 28.52199 28.53029 28.53859 28.54689 28.55519 28.56349 28.57179 28.58009 28.58839 28.59669 28.60499 28.61452 28.62436 28.63419 28.64403 28.65386 28.66369 28.67353 28.68336 28.6932 28.70303 28.71286 28.72262 28.73256 28.7425 28.75236 28.76226 28.77214 28.78202 28.7919 28.80178
28.38871 28.39105 28.39338 28.39571 28.39804 28.40036 28.40268 28.40502 28.40734 28.41175 28.41627 28.42079 28.42531 28.42983 28.43435 28.43887 28.44338 28.4479 28.45242 28.45694 28.46141 28.46633 28.47123 28.47612 28.48101 28.4859 28.49079 28.49568 28.50057 28.50546 28.51035 28.51524 28.52013 28.52766 28.53565 28.54363 28.55162 28.55962 28.56761 28.5756 28.58358 28.59156 28.59953 28.60752 28.6155 28.62451 28.63376 28.64302 28.65229 28.66156 28.67082 28.68007 28.68932 28.69855 28.70779 28.71704 28.72625 28.73566 28.74503 28.75442 28.7638 28.77318 28.78255 28.79191 28.80127
28.39461 28.39739 28.40015 28.40291 28.40566 28.4084 28.41114 28.41388 28.41663 28.42138 28.42627 28.43114 28.43601 28.44087 28.44573 28.45058 28.45544 28.4603 28.46516 28.47003 28.4749 28.47988 28.48482 28.48977 28.49471 28.49967 28.50462 28.50958 28.51454 28.51949 28.52445 28.52941 28.53436 28.54163 28.54931 28.557 28.56468 28.57237 28.58006 28.58775 28.59542 28.60309 28.61074 28.61837 28.62602 28.6345 28.64321 28.65193 28.66064 28.66934 28.67803 28.6867 28.69536 28.70401 28.71264 28.72126 28.72989 28.73874 28.74766 28.75656 28.76545 28.77432 28.78318 28.79202 28.80086
28.39785 28.40094 28.40402 28.40709 28.41016 28.41322 28.41627 28.41932 28.42238 28.42734 28.43243 28.43751 28.44258 28.44764 28.45269 28.45775 28.4628 28.46786 28.47293 28.478 28.48307 28.48806 28.49298 28.49791 28.50285 28.50778 28.51272 28.51767 28.52261 28.52756 28.5325 28.53744 28.54238 28.54944 28.55688 28.56433 28.57178 28.57924 28.58669 28.59414 28.60157 28.609 28.61641 28.6238 28.6312 28.6393 28.64761 28.65591 28.66421 28.67249 28.68076 28.68901 28.69725 28.70548 28.71369 28.72188 28.7301 28.73852 28.74698 28.75544 28.76389 28.77231 28.78073 28.78913 28.79751
28.39643 28.39964 28.40284 28.40604 28.40924 28.41242 28.41561 28.41882 28.42202 28.42694 28.43196 28.43698 28.44201 28.44703 28.45205 28.45707 28.46209 28.46711 28.47213 28.47715 28.48215 28.48701 28.49181 28.4966 28.50138 28.50617 28.51096 28.51576 28.52055 28.52534 28.53013 28.53493 28.53971 28.54665 28.55397 28.56129 28.56861 28.57594 28.58326 28.59058 28.59789 28.6052 28.61251 28.61982 28.62712 28.6351 28.64322 28.65133 28.65947 28.66759 28.67571 28.68382 28.69192 28.70001 28.7081 28.71623 28.72426 28.73245 28.74056 28.74864 28.75673 28.76482 28.7729 28.78097 28.78903
28.39507 28.3984 28.40172 28.40504 28.40837 28.41169 28.41501 28.41833 28.42167 28.42654 28.43151 28.43649 28.44147 28.44644 28.45142 28.4564 28.46137 28.46635 28.47132 28.4763 28.48124 28.48596 28.49062 28.49526 28.4999 28.50455 28.50919 28.51383 28.51848 28.52312 28.52776 28.53241 28.53705 28.54387 28.55106 28.55827 28.56547 28.57267 28.57987 28.58707 28.59427 28.60147 28.60867 28.61587 28.62304 28.63089 28.63888 28.64685 28.65482 28.66278 28.67075 28.67872 28.68669 28.69465 28.70264 28.71058 28.71842 28.72634 28.7342 28.74194 28.74969 28.75743 28.76517 28.77292 28.78066
28.39375 28.39719 28.40063 28.40408 28.40752 28.41096 28.41441 28.41785 28.42131 28.42615 28.43107 28.436 28.44093 28.44586 28.45079 28.45572 28.46066 28.46559 28.47052 28.47544 28.48035 28.48491 28.48943 28.49393 28.49842 28.50292 28.50741 28.51191 28.5164 28.5209 28.52539 28.52989 28.5344 28.54108 28.54816 28.55524 28.56233 28.56941 28.5765 28.58359 28.59067 28.59776 28.60484 28.61192 28.61895 28.62667 28.63454 28.64237 28.6502 28.65802 28.66584 28.67367 28.68149 28.68933 28.69714 28.70493 28.71259 28.72024 28.72781 28.73525 28.74267 28.75009 28.75751 28.76493 28.77234
28.39242 28.39599 28.39955 28.40311 28.40668 28.41024 28.4138 28.41737 28.42096 28.42575 28.43062 28.43551 28.44039 28.44528 28.45016 28.45505 28.45994 28.46482 28.46971 28.47459 28.47946 28.48388 28.48824 28.49259 28.49694 28.50129 28.50563 28.50998 28.51433 28.51868 28.52302 28.52738 28.53175 28.5383 28.54526 28.55222 28.55919 28.56616 28.57313 28.5801 28.58707 28.59404 28.60101 28.60796 28.61486 28.62246 28.6302 28.63789 28.64557 28.65326 28.66094 28.66862 28.6763 28.68398 28.69166 28.69928 28.70676 28.71415 28.72142 28.72856 28.73565 28.74275 28.74984 28.75693 28.76402
28.3911 28.39478 28.39847 28.40215 28.40583 28.40952 28.4132 28.41689 28.4206 28.42536 28.43018 28.43501 28.43986 28.4447 28.44954 28.45438 28.45922 28.46406 28.4689 28.47374 28.47858 28.48285 28.48705 28.49125 28.49545 28.49965 28.50385 28.50805 28.51225 28.51645 28.52065 28.52487 28.5291 28.53552 28.54235 28.5492 28.55606 28.56291 28.56977 28.57662 28.58347 28.59033 28.59718 28.604 28.61077 28.61824 28.62586 28.63342 28.64095 28.64849 28.65603 28.66356 28.67111 28.67865 28.68619 28.69364 28.70095 28.70807 28.71504 28.72188 28.72864 28.73541 28.74217 28.74894 28.7557
28.38977 28.39358 28.39738 28.40118 28.40499 28.40879 28.4126 28.41642 28.42025 28.42496 28.42973 28.43452 28.43932 28.44412 28.44891 28.45371 28.4585 28.4633 28.4681 28.4729 28.4777 28.48182 28.48587 28.48992 28.49397 28.49802 28.50208 28.50613 28.51018 28.51423 28.51828 28.52235 28.52644 28.53274 28.53945 28.54618 28.55292 28.55966 28.56639 28.57314 28.57987 28.58661 28.59335 28.60005 28.60669 28.61404 28.62152 28.62894 28.63633 28.64373 28.65111 28.65852 28.66592 28.67331 28.68071 28.68801 28.69516 28.70201 28.70867 28.71519 28.72163 28.72807 28.7345 28.74095 28.74739
