Spatial_Analysis/Downscaled_EnvironmentalLayers/RCP4_5/2050/sst_near45.asc
ncols         639
nrows         313
xllcorner     -103
yllcorner     4.021
cellsize      0.083
NODATA_value  -9999
[rows 58 to 86 of 313, columns 455 to 519 of 639]
27.10726 27.10542 27.10359 27.10175 27.09992 27.09809 27.09625 27.09441 27.09254 27.08969 27.08629 27.08286 27.07943 27.07599 27.07256 27.06912 27.06569 27.06225 27.05882 27.05538 27.05192 27.04777 27.04316 27.03852 27.03388 27.02924 27.0246 27.01995 27.01531 27.01067 27.00603 27.00139 26.99675 26.99398 26.99275 26.99152 26.99029 26.98906 26.98783 26.9866 26.98537 26.98415 26.98292 26.9817 26.9805 26.97844 26.9755 26.97258 26.96969 26.9668 26.9639 26.96101 26.95812 26.95522 26.95233 26.94944 26.9466 26.9424 26.93655 26.93074 26.92496 26.91917 26.91339 26.90761 26.90182
27.12681 27.12512 27.12344 27.12176 27.12007 27.11839 27.11671 27.11502 27.1133 27.11057 27.10726 27.10393 27.10059 27.09725 27.0939 27.09056 27.08722 27.08388 27.08054 27.07719 27.07382 27.06962 27.06485 27.06006 27.05527 27.05047 27.04567 27.04087 27.03607 27.03127 27.02648 27.02168 27.01688 27.01397 27.01261 27.01125 27.00989 27.00853 27.00718 27.00582 27.00446 27.0031 27.00174 27.00039 26.99907 26.99692 26.99392 26.99096 26.98801 26.98506 26.98212 26.97917 26.97623 26.97328 26.97034 26.9674 26.9645 26.9603 26.95452 26.94876 26.94304 26.93731 26.93159 26.92586 26.92014
27.14635 27.14482 27.14329 27.14176 27.14023 27.1387 27.13717 27.13563 27.13406 27.13144 27.12823 27.12499 27.12174 27.1185 27.11525 27.112 27.10875 27.1055 27.10225 27.099 27.09573 27.09147 27.08654 27.0816 27.07665 27.0717 27.06674 27.06179 27.05683 27.05188 27.04693 27.04197 27.03702 27.03397 27.03248 27.03099 27.0295 27.02801 27.02652 27.02503 27.02354 27.02205 27.02057 27.01909 27.01764 27.01539 27.01234 27.00933 27.00633 27.00333 27.00033 26.99734 26.99434 26.99134 26.98834 26.98536 26.98241 26.9782 26.97248 26.96678 26.96111 26.95545 26.94978 26.94411 26.93845
27.1659 27.16452 27.16315 27.16177 27.16039 27.15901 27.15763 27.15624 27.15483 27.15232 27.1492 27.14606 27.1429 27.13975 27.13659 27.13344 27.13029 27.12713 27.12398 27.12082 27.11764 27.11333 27.10824 27.10314 27.09803 27.09292 27.08781 27.0827 27.07759 27.07248 27.06737 27.06227 27.05716 27.05396 27.05234 27.05072 27.0491 27.04748 27.04586 27.04425 27.04263 27.04101 27.03939 27.03778 27.0362 27.03386 27.03076 27.02769 27.02464 27.0216 27.01855 27.0155 27.01245 27.0094 27.00635 27.00331 27.0003 26.9961 26.99043 26.9848 26.97919 26.97358 26.96798 26.96237 26.95676
27.18545 27.18423 27.183 27.18177 27.18054 27.17932 27.17809 27.17686 27.1756 27.17321 27.17018 27.16712 27.16406 27.161 27.15794 27.15488 27.15182 27.14876 27.14569 27.14263 27.13955 27.13519 27.12994 27.12468 27.11941 27.11415 27.10888 27.10362 27.09835 27.09309 27.08782 27.08256 27.07729 27.07396 27.0722 27.07045 27.0687 27.06696 27.06521 27.06346 27.06171 27.05996 27.05821 27.05647 27.05475 27.05232 27.04918 27.04606 27.04296 27.03986 27.03676 27.03366 27.03056 27.02746 27.02436 27.02126 27.0182 27.01399 27.00839 27.00282 26.99727 26.99172 26.98617 26.98062 26.97507
27.205 27.20393 27.20285 27.20177 27.2007 27.19963 27.19855 27.19747 27.19637 27.19409 27.19115 27.18819 27.18522 27.18225 27.17929 27.17632 27.17335 27.17038 27.16742 27.16445 27.16147 27.15704 27.15164 27.14622 27.1408 27.13538 27.12996 27.12453 27.11911 27.11369 27.10827 27.10285 27.09743 27.09395 27.09207 27.09019 27.08831 27.08643 27.08455 27.08267 27.08079 27.07891 27.07704 27.07516 27.0733 27.07078 27.06759 27.06443 27.06128 27.05813 27.05498 27.05182 27.04867 27.04552 27.04237 27.03921 27.03609 27.03188 27.02634 27.02084 27.01535 27.00986 27.00437 26.99887 26.99338
27.22457 27.22366 27.22274 27.22182 27.22088 27.21994 27.21901 27.21808 27.21715 27.21498 27.21212 27.20925 27.20639 27.20353 27.20067 27.19779 27.19491 27.19202 27.18913 27.18626 27.18338 27.1789 27.17334 27.16776 27.16219 27.15663 27.15106 27.14548 27.1399 27.13431 27.12872 27.12314 27.11757 27.11394 27.11193 27.10992 27.10792 27.10593 27.10393 27.10192 27.0999 27.09788 27.09586 27.09385 27.09185 27.08924 27.08601 27.08281 27.07961 27.07641 27.07321 27.07001 27.0668 27.06359 27.06038 27.05717 27.05397 27.04976 27.04429 27.03886 27.03343 27.028 27.02258 27.01714 27.0117
27.24424 27.2435 27.24274 27.24197 27.24118 27.24037 27.23956 27.23873 27.23792 27.23587 27.23312 27.23039 27.22766 27.22491 27.22215 27.21937 27.21658 27.21377 27.21094 27.20811 27.2053 27.20076 27.19505 27.18937 27.18369 27.17799 27.17227 27.16654 27.16079 27.15503 27.14925 27.14347 27.1377 27.13393 27.13181 27.12972 27.12763 27.12552 27.12339 27.12125 27.1191 27.11694 27.11476 27.11258 27.11041 27.10769 27.10444 27.10123 27.09801 27.09477 27.09152 27.08826 27.08499 27.08172 27.07843 27.07515 27.07187 27.06764 27.06227 27.05692 27.05156 27.04619 27.04082 27.03545 27.03006
27.26334 27.26271 27.26207 27.26141 27.26073 27.26003 27.25932 27.25859 27.25784 27.25588 27.25325 27.25062 27.24796 27.24529 27.24261 27.2399 27.23718 27.23445 27.2317 27.22892 27.22614 27.22156 27.2158 27.21002 27.20423 27.19843 27.1926 27.18676 27.18091 27.17503 27.16915 27.16324 27.15732 27.15342 27.15121 27.149 27.14677 27.14452 27.14226 27.13998 27.13769 27.13538 27.13307 27.13073 27.12839 27.12557 27.12233 27.11909 27.11583 27.11256 27.10928 27.10598 27.10267 27.09936 27.09604 27.09271 27.08937 27.08513 27.07985 27.07457 27.06927 27.06397 27.05866 27.05334 27.04802
27.28031 27.27966 27.27899 27.27831 27.27762 27.27692 27.27622 27.27552 27.27484 27.27288 27.2702 27.26752 27.26486 27.2622 27.25952 27.25683 27.25413 27.25142 27.2487 27.24599 27.2433 27.23877 27.23298 27.2272 27.22144 27.21567 27.20989 27.2041 27.1983 27.19248 27.18666 27.18085 27.17506 27.1711 27.16866 27.16624 27.16383 27.16141 27.15899 27.15655 27.15411 27.15165 27.14919 27.14674 27.14431 27.14144 27.13815 27.13489 27.13164 27.12838 27.12512 27.12184 27.11856 27.11527 27.11198 27.1087 27.10543 27.10126 27.09601 27.09077 27.08554 27.08031 27.07508 27.06984 27.0646
27.2974 27.29671 27.29602 27.29532 27.29463 27.29393 27.29324 27.29255 27.29184 27.28988 27.28722 27.28455 27.28188 27.2792 27.27653 27.27386 27.27118 27.26851 27.26583 27.26316 27.26048 27.25598 27.25024 27.2445 27.23876 27.23301 27.22727 27.22153 27.21578 27.21004 27.20429 27.19855 27.19281 27.18879 27.18619 27.18359 27.181 27.1784 27.17581 27.17321 27.17061 27.16802 27.16542 27.16282 27.16024 27.15731 27.15403 27.15078 27.14752 27.14427 27.14102 27.13776 27.13451 27.13125 27.128 27.12475 27.12151 27.11739 27.1122 27.10703 27.10187 27.0967 27.09154 27.08637 27.08121
27.31454 27.31383 27.31312 27.31241 27.3117 27.31099 27.31028 27.30957 27.30884 27.30688 27.30425 27.30159 27.29893 27.29627 27.29362 27.29096 27.2883 27.28564 27.28298 27.28032 27.27765 27.27319 27.26751 27.26181 27.25612 27.25042 27.24473 27.23903 27.23334 27.22764 27.22195 27.21625 27.21056 27.20648 27.20372 27.20096 27.1982 27.19545 27.19269 27.18993 27.18718 27.18442 27.18167 27.17891 27.17618 27.17318 27.16991 27.16667 27.16344 27.1602 27.15697 27.15373 27.1505 27.14726 27.14403 27.1408 27.13758 27.13351 27.12839 27.12329 27.1182 27.11312 27.10802 27.10294 27.09785
27.33168 27.33096 27.33023 27.3295 27.32878 27.32805 27.32732 27.32659 27.32584 27.32389 27.32127 27.31864 27.31599 27.31335 27.31071 27.30806 27.30542 27.30277 27.30013 27.29749 27.29483 27.2904 27.28477 27.27913 27.27348 27.26783 27.26219 27.25654 27.25089 27.24525 27.2396 27.23396 27.22831 27.22416 27.22124 27.21832 27.21541 27.21249 27.20958 27.20666 27.20374 27.20083 27.19791 27.195 27.19211 27.18904 27.18579 27.18257 27.17935 27.17614 27.17292 27.16971 27.16649 27.16328 27.16006 27.15685 27.15366 27.14963 27.14458 27.13956 27.13454 27.12953 27.12451 27.1195 27.11448
27.34882 27.34808 27.34734 27.34659 27.34585 27.34511 27.34437 27.34361 27.34285 27.3409 27.33829 27.33568 27.33305 27.33042 27.3278 27.32516 27.32254 27.31991 27.31728 27.31465 27.31201 27.30762 27.30203 27.29644 27.29084 27.28524 27.27964 27.27405 27.26845 27.26285 27.25725 27.25166 27.24607 27.24185 27.23877 27.23569 27.23261 27.22954 27.22646 27.22338 27.22031 27.21724 27.21416 27.21109 27.20803 27.2049 27.20167 27.19846 27.19527 27.19207 27.18888 27.18568 27.18248 27.17929 27.17609 27.1729 27.16973 27.16574 27.16077 27.15582 27.15088 27.14594 27.141 27.13606 27.13112
27.36596 27.36521 27.36445 27.36369 27.36293 27.36217 27.3614 27.36064 27.35986 27.35792 27.35532 27.35272 27.35011 27.34749 27.34488 27.34227 27.33966 27.33704 27.33443 27.33182 27.32919 27.32483 27.31929 27.31375 27.3082 27.30265 27.2971 27.29156 27.28601 27.28045 27.27491 27.26936 27.26381 27.25953 27.25629 27.25305 27.24982 27.24658 27.24335 27.24011 27.23687 27.23364 27.2304 27.22717 27.22396 27.22075 27.21755 27.21436 27.21118 27.208 27.20483 27.20165 27.19847 27.1953 27.19212 27.18895 27.18579 27.18185 27.17696 27.17208 27.16722 27.16235 27.15749 27.15262 27.14776
27.38311 27.38233 27.38155 27.38078 27.38 27.37922 27.37845 27.37767 27.37688 27.37493 27.37235 27.36976 27.36716 27.36457 27.36197 27.35937 27.35678 27.35418 27.35158 27.34898 27.34637 27.34205 27.33656 27.33106 27.32556 27.32006 27.31456 27.30906 27.30356 27.29806 27.29256 27.28706 27.28156 27.27722 27.27382 27.27042 27.26702 27.26363 27.26023 27.25684 27.25344 27.25005 27.24665 27.24326 27.23988 27.2366 27.23342 27.23025 27.22709 27.22394 27.22078 27.21762 27.21447 27.21131 27.20815 27.205 27.20185 27.19796 27.19315 27.18835 27.18356 27.17877 27.17398 27.16919 27.1644
27.40025 27.39945 27.39866 27.39787 27.39708 27.39628 27.39549 27.39469 27.39389 27.39195 27.38938 27.3868 27.38422 27.38164 27.37906 27.37648 27.37389 27.37131 27.36873 27.36615 27.36356 27.35927 27.35382 27.34838 27.34292 27.33747 27.33202 27.32657 27.32112 27.31567 27.31021 27.30476 27.29931 27.2949 27.29134 27.28778 27.28423 27.28067 27.27712 27.27356 27.27001 27.26645 27.26289 27.25934 27.2558 27.25245 27.24929 27.24615 27.24301 27.23987 27.23673 27.23359 27.23046 27.22732 27.22418 27.22104 27.21792 27.21407 27.20933 27.20461 27.1999 27.19518 27.19046 27.18575 27.18103
27.41739 27.41658 27.41577 27.41496 27.41415 27.41334 27.41253 27.41172 27.4109 27.40897 27.40641 27.40384 27.40128 27.39871 27.39614 27.39358 27.39101 27.38845 27.38588 27.38331 27.38074 27.37649 27.37109 27.36569 27.36029 27.35488 27.34948 27.34408 27.33867 27.33327 27.32787 27.32246 27.31706 27.31258 27.30887 27.30515 27.30143 27.29772 27.294 27.29029 27.28657 27.28286 27.27914 27.27542 27.27172 27.2683 27.26517 27.26204 27.25892 27.25581 27.25269 27.24957 27.24645 27.24333 27.24021 27.23709 27.23398 27.23018 27.22552 27.22087 27.21623 27.21159 27.20695 27.20231 27.19767
27.43454 27.43373 27.43291 27.43208 27.43125 27.43041 27.42957 27.42875 27.42792 27.42598 27.42344 27.42089 27.41834 27.4158 27.41326 27.41071 27.40815 27.40559 27.40303 27.40048 27.39792 27.39371 27.38836 27.383 27.37765 27.3723 27.36695 27.3616 27.35624 27.35088 27.34552 27.34016 27.33481 27.33027 27.32639 27.32252 27.31864 27.31478 27.3109 27.30703 27.30315 27.29927 27.29539 27.29151 27.28764 27.28415 27.28104 27.27794 27.27484 27.27175 27.26866 27.26556 27.26245 27.25935 27.25624 27.25314 27.25004 27.24628 27.2417 27.23714 27.23257 27.22802 27.22345 27.21889 27.21432
27.45179 27.45097 27.45014 27.4493 27.44843 27.44756 27.44668 27.44579 27.44493 27.443 27.44048 27.43798 27.43548 27.43297 27.43044 27.4279 27.42536 27.4228 27.42023 27.41766 27.41511 27.41092 27.40563 27.40036 27.39508 27.38979 27.38449 27.37919 27.37387 27.36855 27.36322 27.35788 27.35256 27.34795 27.34392 27.33992 27.33591 27.33188 27.32786 27.32382 27.31978 27.31573 27.31167 27.30761 27.30356 27.3 27.29692 27.29387 27.29081 27.28774 27.28467 27.28159 27.27851 27.27541 27.27231 27.26921 27.26611 27.26239 27.2579 27.25343 27.24897 27.24449 27.24001 27.23552 27.23102
27.46851 27.46764 27.46675 27.46585 27.46493 27.464 27.46306 27.4621 27.46114 27.45919 27.45672 27.45424 27.45175 27.44924 27.44672 27.44419 27.44165 27.4391 27.43653 27.43396 27.43137 27.42723 27.42205 27.41686 27.41166 27.40644 27.40122 27.39598 27.39074 27.38549 27.38023 27.37496 27.36968 27.36502 27.36089 27.35676 27.35261 27.34846 27.3443 27.34012 27.33595 27.33176 27.32757 27.32336 27.31915 27.3155 27.31245 27.30939 27.30632 27.30324 27.30016 27.29706 27.29397 27.29086 27.28774 27.28462 27.28148 27.27776 27.27336 27.26896 27.26455 27.26013 27.2557 27.25127 27.24683
27.48254 27.48146 27.48037 27.47926 27.47814 27.47701 27.47588 27.47476 27.47366 27.47161 27.46906 27.46651 27.46397 27.46143 27.45888 27.45632 27.45375 27.45118 27.4486 27.44603 27.44346 27.43942 27.43437 27.42933 27.4243 27.41926 27.41422 27.40917 27.40411 27.39904 27.39397 27.38891 27.38386 27.37928 27.37508 27.37089 27.36671 27.36253 27.35834 27.35415 27.34995 27.34574 27.34153 27.33732 27.33313 27.32941 27.32615 27.32291 27.31967 27.31643 27.31319 27.30994 27.30669 27.30343 27.30016 27.2969 27.29365 27.28985 27.28538 27.28092 27.27646 27.27201 27.26755 27.26309 27.25861
27.49669 27.49538 27.49407 27.49276 27.49144 27.49013 27.48881 27.4875 27.48619 27.48405 27.48146 27.47887 27.47628 27.47369 27.47111 27.46852 27.46593 27.46334 27.46075 27.45816 27.45557 27.45162 27.44675 27.44188 27.43701 27.43214 27.42727 27.4224 27.41753 27.41266 27.40779 27.40292 27.39805 27.39353 27.38932 27.3851 27.38087 27.37666 27.37244 27.36822 27.364 27.35978 27.35556 27.35134 27.34712 27.34331 27.3399 27.33649 27.33308 27.32968 27.32627 27.32287 27.31946 27.31605 27.31265 27.30924 27.30583 27.30194 27.29743 27.29294 27.28844 27.28394 27.27944 27.27494 27.27044
27.51089 27.50937 27.50785 27.50633 27.5048 27.50328 27.50176 27.50024 27.49872 27.49649 27.49387 27.49125 27.48863 27.48601 27.48339 27.48077 27.47815 27.47553 27.47291 27.47029 27.46767 27.46382 27.45913 27.45444 27.44975 27.44507 27.44038 27.43569 27.431 27.42631 27.42162 27.41693 27.41224 27.40779 27.40355 27.39931 27.39506 27.39082 27.38658 27.38233 27.37809 27.37384 27.3696 27.36535 27.36111 27.35721 27.35364 27.35008 27.34652 27.34295 27.33939 27.33583 27.33227 27.3287 27.32514 27.32158 27.31802 27.31402 27.30949 27.30496 27.30043 27.2959 27.29137 27.28684 27.28231
27.52509 27.52336 27.52163 27.5199 27.51817 27.51644 27.51471 27.51298 27.51126 27.50894 27.50628 27.50362 27.50097 27.49832 27.49567 27.49302 27.49038 27.48773 27.48507 27.48243 27.47978 27.47602 27.47151 27.467 27.4625 27.45799 27.45348 27.44897 27.44446 27.43996 27.43545 27.43094 27.42643 27.42205 27.41779 27.41352 27.40925 27.40498 27.40071 27.39644 27.39217 27.38791 27.38364 27.37937 27.3751 27.37111 27.36739 27.36367 27.35995 27.35623 27.35251 27.34879 27.34508 27.34136 27.33764 27.33392 27.3302 27.3261 27.32154 27.31698 27.31242 27.30786 27.3033 27.29874 27.29418
27.53929 27.53735 27.53541 27.53347 27.53153 27.5296 27.52766 27.52572 27.5238 27.52138 27.51868 27.516 27.51332 27.51064 27.50796 27.50528 27.5026 27.49992 27.49724 27.49456 27.49188 27.48822 27.48389 27.47957 27.47524 27.47091 27.46659 27.46226 27.45793 27.4536 27.44928 27.44495 27.44062 27.43632 27.43202 27.42773 27.42344 27.41914 27.41485 27.41055 27.40626 27.40197 27.39767 27.39338 27.38909 27.38501 27.38113 27.37725 27.37338 27.3695 27.36563 27.36176 27.35788 27.35401 27.35013 27.34626 27.34238 27.33818 27.3336 27.329 27.32441 27.31982 27.31523 27.31064 27.30605
27.55349 27.55134 27.5492 27.54705 27.5449 27.54275 27.54061 27.53846 27.53634 27.53382 27.53109 27.52837 27.52566 27.52295 27.52024 27.51753 27.51482 27.51211 27.50941 27.50669 27.50399 27.50042 27.49627 27.49213 27.48798 27.48384 27.47969 27.47555 27.4714 27.46725 27.46311 27.45896 27.45481 27.45057 27.44626 27.44194 27.43762 27.4333 27.42899 27.42467 27.42035 27.41603 27.41171 27.4074 27.40308 27.3989 27.39487 27.39084 27.38681 27.38278 27.37875 27.37472 27.37069 27.36666 27.36263 27.35859 27.35456 27.35026 27.34565 27.34103 27.33641 27.33178 27.32716 27.32254 27.31792
27.56769 27.56533 27.56297 27.56062 27.55827 27.55591 27.55355 27.5512 27.54888 27.54626 27.54349 27.54074 27.53801 27.53526 27.53253 27.52979 27.52705 27.52431 27.52157 27.51883 27.51609 27.51262 27.50866 27.50469 27.50072 27.49676 27.4928 27.48883 27.48487 27.4809 27.47694 27.47297 27.46901 27.46484 27.46049 27.45615 27.45181 27.44747 27.44312 27.43878 27.43444 27.4301 27.42575 27.42141 27.41707 27.4128 27.40862 27.40443 27.40024 27.39606 27.39187 27.38768 27.3835 27.37931 27.37512 27.37094 27.36674 27.36234 27.3577 27.35305 27.3484 27.34374 27.33909 27.33444 27.32978
27.58189 27.57932 27.57676 27.5742 27.57163 27.56907 27.5665 27.56394 27.56141 27.55869 27.55589 27.55312 27.55035 27.54758 27.54481 27.54204 27.53927 27.5365 27.53373 27.53096 27.5282 27.52482 27.52103 27.51725 27.51347 27.50969 27.5059 27.50212 27.49833 27.49455 27.49077 27.48698 27.4832 27.47909 27.47473 27.47036 27.466 27.46163 27.45726 27.45289 27.44853 27.44416 27.43979 27.43542 27.43106 27.4267 27.42236 27.41802 27.41368 27.40933 27.40499 27.40065 27.39631 27.39196 27.38762 27.38328 27.37892 27.37443 27.36975 27.36508 27.36039 27.35571 27.35102 27.34634 27.34165
