Spatial_Analysis/Downscaled_EnvironmentalLayers/RCP4_5/2050/sst_near45.asc
ncols         639
nrows         313
xllcorner     -103
yllcorner     4.021
cellsize      0.083
NODATA_value  -9999
[rows 232 to 260 of 313, columns 0 to 64 of 639]
29.17093 29.17113 29.17133 29.17153 29.17173 29.17192 29.17207 29.17216 29.17225 29.17233 29.17242 29.1725 29.17259 29.17267 29.17276 29.17285 29.17293 29.17301 29.17248 29.17116 29.16982 29.16848 29.16714 29.1658 29.16446 29.16312 29.16178 29.16044 29.1591 29.15778 29.15532 29.15101 29.14673 29.14245 29.13816 29.13388 29.1296 29.12532 29.12104 29.11676 29.11248 29.1082 29.10398 29.09993 29.09586 29.09179 29.08773 29.08366 29.0796 29.07553 29.07146 29.06739 29.06333 29.05925 29.056 29.05483 29.05366 29.05248 29.0513 29.05012 29.04894 29.04776 29.04658 29.0454 29.04422
29.15174 29.15194 29.15213 29.15233 29.15253 29.15272 29.15276 29.15264 29.15251 29.15238 29.15225 29.15212 29.152 29.15187 29.15174 29.1516 29.15146 29.15133 29.15066 29.14927 29.14787 29.14648 29.1451 29.14371 29.14231 29.1409 29.13949 29.13806 29.13663 29.13523 29.1328 29.12867 29.12457 29.12051 29.11644 29.11236 29.10827 29.10415 29.10002 29.09587 29.09173 29.08763 29.08365 29.07996 29.07626 29.0726 29.06894 29.06527 29.06157 29.05785 29.05411 29.05036 29.04662 29.04292 29.04006 29.03936 29.03866 29.038 29.03733 29.03665 29.03595 29.03524 29.0345 29.03376 29.03302
29.13254 29.13273 29.13293 29.13312 29.13332 29.13351 29.13346 29.13312 29.13277 29.13243 29.1321 29.13176 29.13142 29.13108 29.13074 29.13039 29.13003 29.12966 29.12885 29.1274 29.12598 29.12455 29.12313 29.12169 29.12024 29.11878 29.1173 29.1158 29.11427 29.11272 29.11027 29.10641 29.10258 29.09875 29.09488 29.091 29.08709 29.08316 29.07919 29.0752 29.07117 29.0671 29.06333 29.06008 29.05687 29.05363 29.05036 29.04705 29.04372 29.04036 29.03697 29.03355 29.03009 29.02662 29.02411 29.02396 29.02386 29.02372 29.02355 29.02335 29.02312 29.02287 29.0226 29.0223 29.02198
29.11476 29.11494 29.11514 29.11533 29.11552 29.11571 29.1156 29.11515 29.1147 29.11426 29.11382 29.11337 29.11293 29.11248 29.11204 29.11158 29.11111 29.11065 29.10979 29.10836 29.10696 29.10556 29.10415 29.10275 29.10132 29.09989 29.09844 29.09696 29.09547 29.09396 29.09166 29.08797 29.08436 29.08074 29.0771 29.07344 29.06976 29.06606 29.06232 29.05856 29.05476 29.05096 29.04747 29.04444 29.04148 29.0385 29.03549 29.03246 29.0294 29.02631 29.02319 29.02005 29.01688 29.01371 29.01149 29.01151 29.01159 29.01167 29.01171 29.01173 29.01172 29.01169 29.01164 29.01156 29.01147
29.09809 29.09827 29.09845 29.09864 29.09882 29.099 29.09888 29.09842 29.09795 29.09748 29.09701 29.09654 29.09608 29.0956 29.09513 29.09466 29.09419 29.09371 29.09287 29.09155 29.09021 29.08888 29.08756 29.08623 29.08489 29.08355 29.0822 29.08084 29.0795 29.07816 29.07603 29.07257 29.06915 29.06573 29.06233 29.05892 29.05549 29.05205 29.0486 29.04514 29.0417 29.03826 29.03502 29.03216 29.02929 29.02644 29.0236 29.02075 29.01789 29.015 29.0121 29.0092 29.00632 29.00345 29.00139 29.0014 29.0014 29.00142 29.00145 29.00147 29.00148 29.00147 29.00145 29.00142 29.00142
29.0814 29.08158 29.08176 29.08194 29.08212 29.08229 29.08215 29.08168 29.08119 29.0807 29.08021 29.07973 29.07924 29.07875 29.07825 29.07777 29.07728 29.07677 29.07596 29.07475 29.07351 29.07227 29.07103 29.06979 29.06855 29.06731 29.06607 29.06483 29.06359 29.06236 29.06039 29.05721 29.05404 29.05087 29.04771 29.04455 29.04139 29.03822 29.03506 29.0319 29.02873 29.02556 29.02255 29.01991 29.01724 29.01457 29.0119 29.00923 29.00656 29.00389 29.00121 28.99854 28.99587 28.99319 28.99128 28.99131 28.99133 28.99134 28.99136 28.99138 28.99139 28.99141 28.99143 28.99145 28.99146
29.06471 29.06489 29.06507 29.06524 29.06542 29.06558 29.06543 29.06494 29.06444 29.06393 29.06342 29.06291 29.0624 29.06189 29.06138 29.06088 29.06037 29.05983 29.05905 29.05794 29.05681 29.05567 29.05453 29.05339 29.05225 29.05111 29.04996 29.04882 29.04768 29.04655 29.04475 29.04183 29.03893 29.03604 29.03314 29.03024 29.02735 29.02445 29.02156 29.01867 29.01577 29.01285 29.01009 29.00765 29.0052 29.00273 29.00025 28.99778 28.99531 28.99284 28.99036 28.98789 28.98542 28.98294 28.98118 28.98122 28.98125 28.98128 28.98132 28.98135 28.98138 28.98141 28.98145 28.98148 28.98151
29.04803 29.0482 29.04837 29.04854 29.04871 29.04887 29.04871 29.04821 29.04768 29.04716 29.04663 29.0461 29.04557 29.04504 29.04451 29.04399 29.04345 29.0429 29.04215 29.04114 29.04012 29.03907 29.03803 29.03699 29.03595 29.0349 29.03386 29.03282 29.03178 29.03075 29.02911 29.02646 29.02383 29.0212 29.01857 29.01594 29.01332 29.01069 29.00806 29.00543 29.0028 29.00014 28.99762 28.9954 28.99315 28.99088 28.98861 28.98633 28.98406 28.98179 28.97952 28.97724 28.97497 28.97269 28.97107 28.97113 28.97118 28.97123 28.97128 28.97132 28.97137 28.97142 28.97146 28.97151 28.97156
29.03134 29.03151 29.03168 29.03185 29.03201 29.03217 29.032 29.03147 29.03093 29.03038 29.02983 29.02929 29.02874 29.02819 29.02764 29.0271 29.02654 29.02597 29.02525 29.02434 29.02341 29.02247 29.02153 29.02058 29.01964 29.0187 29.01776 29.01681 29.01587 29.01494 29.01346 29.01109 29.00872 29.00636 29.004 29.00164 28.99928 28.99693 28.99456 28.9922 28.98984 28.98744 28.98516 28.98314 28.9811 28.97903 28.97696 28.97488 28.97281 28.97074 28.96867 28.96659 28.96452 28.96244 28.96097 28.96104 28.96111 28.96117 28.96123 28.96129 28.96136 28.96142 28.96148 28.96154 28.9616
29.01465 29.01481 29.01498 29.01515 29.01531 29.01547 29.01529 29.01473 29.01417 29.01361 29.01304 29.01247 29.01191 29.01134 29.01077 29.0102 29.00963 29.00904 29.00836 29.00754 29.00671 29.00587 29.00503 29.00418 29.00334 29.00249 29.00165 29.0008 28.99996 28.99913 28.99781 28.99571 28.99361 28.99152 28.98943 28.98734 28.98525 28.98316 28.98106 28.97897 28.97687 28.97474 28.9727 28.9709 28.96906 28.96718 28.96531 28.96344 28.96157 28.95969 28.95782 28.95594 28.95407 28.95219 28.95087 28.95095 28.95103 28.95111 28.95119 28.95127 28.95134 28.95142 28.9515 28.95157 28.95165
28.99796 28.99812 28.99829 28.99845 28.99861 28.99877 28.99857 28.998 28.99742 28.99683 28.99625 28.99566 28.99508 28.99449 28.9939 28.99332 28.99273 28.99212 28.99146 28.99075 28.99001 28.98927 28.98853 28.98778 28.98704 28.98629 28.98555 28.9848 28.98406 28.98332 28.98216 28.98033 28.97851 28.97668 28.97486 28.97304 28.97121 28.96939 28.96757 28.96574 28.96391 28.96204 28.96025 28.95865 28.95701 28.95534 28.95366 28.95199 28.95032 28.94864 28.94697 28.9453 28.94362 28.94194 28.94077 28.94086 28.94096 28.94105 28.94115 28.94124 28.94133 28.94142 28.94151 28.9416 28.9417
28.98127 28.98143 28.98159 28.98175 28.98191 28.98207 28.98186 28.98127 28.98067 28.98006 28.97945 28.97885 28.97824 28.97764 28.97703 28.97643 28.97582 28.9752 28.97457 28.97395 28.97331 28.97267 28.97202 28.97138 28.97073 28.97009 28.96944 28.9688 28.96815 28.9675 28.96651 28.96496 28.9634 28.96185 28.96029 28.95873 28.95718 28.95562 28.95407 28.95251 28.95096 28.94936 28.94781 28.94641 28.94497 28.94349 28.94202 28.94054 28.93907 28.93759 28.93612 28.93464 28.93317 28.93169 28.93067 28.93078 28.93089 28.931 28.9311 28.93121 28.93132 28.93143 28.93153 28.93164 28.93175
28.96458 28.96474 28.9649 28.96506 28.96521 28.96537 28.96515 28.96454 28.96391 28.96329 28.96266 28.96204 28.96141 28.96078 28.96016 28.95954 28.95891 28.95827 28.95768 28.95716 28.95661 28.95607 28.95552 28.95498 28.95443 28.95388 28.95334 28.95279 28.95224 28.95169 28.95087 28.94958 28.9483 28.94701 28.94572 28.94443 28.94315 28.94186 28.94057 28.93928 28.93799 28.93668 28.93538 28.93418 28.93292 28.93164 28.93037 28.92909 28.92782 28.92655 28.92527 28.924 28.92272 28.92145 28.92056 28.92069 28.92081 28.92094 28.92106 28.92118 28.9213 28.92142 28.92155 28.92167 28.92179
28.94794 28.94809 28.94823 28.94837 28.94851 28.94867 28.94844 28.9478 28.94716 28.94654 28.94591 28.94527 28.94463 28.94398 28.94332 28.94266 28.942 28.94135 28.9408 28.94036 28.93991 28.93949 28.93906 28.93862 28.93818 28.93772 28.93726 28.9368 28.93634 28.93589 28.93522 28.93421 28.93319 28.93219 28.93119 28.93018 28.92917 28.92814 28.92711 28.92607 28.92503 28.92401 28.92296 28.92195 28.92088 28.91983 28.91878 28.91773 28.91666 28.91558 28.91448 28.91337 28.91227 28.9112 28.91046 28.9106 28.91074 28.91092 28.91111 28.91128 28.91143 28.91155 28.91166 28.91174 28.91184
28.93139 28.93153 28.93166 28.93177 28.93188 28.93197 28.93173 28.93111 28.9305 28.92988 28.92924 28.92859 28.92793 28.92726 28.92657 28.92587 28.92516 28.92444 28.92391 28.9236 28.9233 28.923 28.92268 28.92234 28.922 28.92164 28.92127 28.92089 28.9205 28.92009 28.91959 28.91887 28.91817 28.91747 28.91675 28.91602 28.91527 28.91452 28.91374 28.91296 28.91215 28.91133 28.91057 28.90974 28.90895 28.90814 28.90732 28.90649 28.90564 28.90476 28.90386 28.90294 28.90197 28.90098 28.90036 28.90058 28.90087 28.90113 28.90137 28.90157 28.90175 28.90189 28.902 28.90207 28.90211
28.91661 28.91675 28.91688 28.917 28.9171 28.91721 28.91699 28.91638 28.9158 28.91521 28.9146 28.91398 28.91336 28.91271 28.91206 28.91139 28.91072 28.91004 28.90957 28.90933 28.90912 28.9089 28.90866 28.90842 28.90816 28.90789 28.9076 28.90731 28.907 28.9067 28.90631 28.90575 28.90522 28.90469 28.90414 28.90358 28.903 28.90241 28.90182 28.9012 28.90057 28.89993 28.89931 28.89857 28.89785 28.89713 28.89639 28.89565 28.89488 28.89409 28.89328 28.89244 28.89157 28.89068 28.89013 28.89026 28.89046 28.89066 28.89083 28.89097 28.89108 28.89117 28.89121 28.89123 28.8912
28.90355 28.90369 28.90382 28.90396 28.9041 28.90425 28.90406 28.90352 28.90297 28.90243 28.9019 28.90136 28.90081 28.90026 28.89969 28.89913 28.89857 28.89802 28.89763 28.89745 28.89726 28.89708 28.89691 28.89673 28.89655 28.89635 28.89615 28.89594 28.89575 28.89556 28.89525 28.89476 28.89425 28.89376 28.89327 28.89278 28.89228 28.89177 28.89126 28.89074 28.89023 28.88971 28.8891 28.88836 28.88755 28.88676 28.88597 28.88518 28.88438 28.88356 28.88274 28.8819 28.88107 28.88026 28.87967 28.87963 28.87958 28.87955 28.87955 28.87953 28.87949 28.87944 28.87936 28.87927 28.8792
28.89057 28.89071 28.89086 28.891 28.89115 28.89129 28.89114 28.89068 28.89022 28.88975 28.88928 28.88881 28.88835 28.88788 28.88741 28.88695 28.88648 28.886 28.88568 28.88558 28.88547 28.88536 28.88524 28.88513 28.88501 28.88489 28.88478 28.88466 28.88455 28.88443 28.88419 28.88378 28.88335 28.88293 28.8825 28.88208 28.88165 28.88122 28.8808 28.88037 28.87994 28.87948 28.87889 28.87816 28.87735 28.87651 28.87568 28.87485 28.87402 28.87319 28.87235 28.87152 28.87069 28.86985 28.8692 28.86903 28.86884 28.86866 28.86847 28.86829 28.8681 28.86792 28.86774 28.86755 28.86736
28.87762 28.87776 28.8779 28.87805 28.87819 28.87833 28.87823 28.87785 28.87746 28.87708 28.87669 28.87631 28.87592 28.87554 28.87515 28.87477 28.87438 28.87398 28.87374 28.87372 28.87368 28.87364 28.8736 28.87355 28.87351 28.87347 28.87343 28.87339 28.87334 28.87329 28.87313 28.8728 28.87245 28.8721 28.87176 28.87141 28.87106 28.87071 28.87036 28.87001 28.86966 28.86925 28.8687 28.86795 28.86714 28.86629 28.86543 28.86458 28.86372 28.86287 28.86201 28.86116 28.8603 28.85944 28.85873 28.85842 28.85811 28.85778 28.85746 28.85714 28.85682 28.8565 28.85617 28.85585 28.85553
28.86467 28.86482 28.86496 28.8651 28.86524 28.86538 28.86531 28.86501 28.86471 28.86441 28.86411 28.8638 28.8635 28.86319 28.86289 28.86259 28.86228 28.86197 28.8618 28.86185 28.86189 28.86192 28.86195 28.86199 28.86201 28.86205 28.86208 28.86211 28.86214 28.86216 28.86207 28.86181 28.86155 28.86128 28.86101 28.86074 28.86046 28.86019 28.85992 28.85965 28.85937 28.85903 28.85852 28.85776 28.85693 28.85606 28.85518 28.8543 28.85343 28.85255 28.85167 28.8508 28.84992 28.84903 28.84826 28.84782 28.84737 28.84691 28.84645 28.84599 28.84553 28.84507 28.84461 28.84415 28.84369
28.85173 28.85187 28.85201 28.85215 28.85229 28.85242 28.85239 28.85218 28.85196 28.85174 28.85151 28.85129 28.85107 28.85085 28.85063 28.85041 28.85018 28.84995 28.84987 28.84999 28.8501 28.85021 28.85031 28.85041 28.85052 28.85062 28.85073 28.85083 28.85093 28.85102 28.85101 28.85084 28.85065 28.85046 28.85026 28.85007 28.84987 28.84968 28.84948 28.84929 28.84908 28.84881 28.84836 28.84757 28.84672 28.84583 28.84493 28.84403 28.84313 28.84223 28.84133 28.84043 28.83953 28.83862 28.83779 28.83722 28.83664 28.83604 28.83544 28.83484 28.83425 28.83365 28.83305 28.83245 28.83186
28.83878 28.83892 28.83906 28.8392 28.83933 28.83947 28.83948 28.83934 28.8392 28.83906 28.83893 28.83879 28.83865 28.83851 28.83837 28.83823 28.83809 28.83794 28.83793 28.83813 28.83831 28.83849 28.83867 28.83884 28.83902 28.8392 28.83938 28.83955 28.83973 28.83989 28.83995 28.83986 28.83975 28.83963 28.83952 28.8394 28.83928 28.83916 28.83905 28.83893 28.8388 28.83861 28.8382 28.83739 28.83652 28.8356 28.83468 28.83376 28.83284 28.83191 28.83099 28.83007 28.82915 28.82821 28.82733 28.82662 28.8259 28.82516 28.82443 28.8237 28.82296 28.82222 28.82149 28.82075 28.82002
28.82583 28.82597 28.82611 28.82624 28.82638 28.82652 28.82656 28.8265 28.82645 28.82639 28.82633 28.82628 28.82622 28.82617 28.82611 28.82605 28.82599 28.82592 28.826 28.82627 28.82652 28.82677 28.82702 28.82727 28.82752 28.82778 28.82803 28.82828 28.82853 28.82876 28.8289 28.82888 28.82885 28.82881 28.82877 28.82873 28.82869 28.82865 28.82861 28.82857 28.82852 28.82841 28.82804 28.82721 28.82631 28.82537 28.82443 28.82348 28.82254 28.8216 28.82065 28.81971 28.81876 28.8178 28.81686 28.81602 28.81516 28.81429 28.81342 28.81255 28.81167 28.8108 28.80993 28.80905 28.80818
28.81289 28.81302 28.81316 28.81329 28.81343 28.81356 28.81364 28.81367 28.81369 28.81372 28.81375 28.81377 28.8138 28.81382 28.81385 28.81387 28.8139 28.81391 28.81407 28.8144 28.81473 28.81506 28.81538 28.8157 28.81603 28.81635 28.81668 28.817 28.81732 28.81763 28.81784 28.8179 28.81795 28.81799 28.81803 28.81806 28.8181 28.81814 28.81817 28.81821 28.81824 28.81823 28.81791 28.81704 28.81611 28.81514 28.81418 28.81321 28.81224 28.81128 28.81031 28.80935 28.80838 28.8074 28.80641 28.80543 28.80443 28.80342 28.80241 28.8014 28.80039 28.79938 28.79836 28.79735 28.79634
28.79994 28.80008 28.80021 28.80034 28.80047 28.80061 28.80073 28.80083 28.80094 28.80105 28.80116 28.80126 28.80137 28.80148 28.80159 28.80169 28.8018 28.8019 28.80213 28.80254 28.80294 28.80334 28.80374 28.80413 28.80453 28.80493 28.80532 28.80572 28.80612 28.80651 28.8068 28.80693 28.80705 28.80716 28.80728 28.80739 28.80751 28.80762 28.80774 28.80785 28.80797 28.80805 28.80778 28.80688 28.8059 28.80492 28.80393 28.80294 28.80195 28.80096 28.79997 28.79898 28.798 28.797 28.79595 28.79484 28.79369 28.79255 28.7914 28.79025 28.7891 28.78795 28.7868 28.78565 28.78451
28.78711 28.78722 28.78732 28.78741 28.78752 28.78765 28.78781 28.788 28.78819 28.78842 28.78864 28.78885 28.78905 28.78922 28.78938 28.78953 28.7897 28.78989 28.7902 28.79068 28.79115 28.79165 28.79215 28.79264 28.79312 28.79358 28.79402 28.79446 28.79491 28.79538 28.79575 28.79595 28.79615 28.79636 28.79658 28.79679 28.79698 28.79716 28.79733 28.7975 28.79768 28.79787 28.79765 28.79671 28.7957 28.79471 28.79371 28.79272 28.79171 28.79069 28.78967 28.78864 28.78761 28.7866 28.7855 28.78424 28.78296 28.78169 28.78042 28.77915 28.77787 28.77658 28.77528 28.77397 28.77267
28.77445 28.77456 28.77463 28.77468 28.7747 28.77471 28.77489 28.77524 28.77563 28.77599 28.77631 28.77662 28.77689 28.77714 28.77736 28.77756 28.77773 28.77789 28.77827 28.77888 28.77952 28.78014 28.78073 28.7813 28.78184 28.78236 28.78286 28.78334 28.78381 28.78427 28.78471 28.78502 28.78536 28.78569 28.786 28.78628 28.78655 28.78681 28.78705 28.78727 28.78748 28.78768 28.78755 28.78656 28.78559 28.7846 28.7836 28.78259 28.78156 28.78052 28.77946 28.77839 28.7773 28.77621 28.77506 28.77367 28.77231 28.77094 28.76956 28.76816 28.76675 28.76532 28.76387 28.76241 28.76093
28.76325 28.76335 28.76342 28.76346 28.76348 28.7635 28.7637 28.76405 28.76446 28.76484 28.76519 28.76552 28.76581 28.76608 28.76633 28.76655 28.76675 28.76694 28.76735 28.76796 28.76862 28.76925 28.76986 28.77044 28.771 28.77154 28.77206 28.77256 28.77304 28.77353 28.77398 28.77429 28.77464 28.77497 28.77528 28.77558 28.77585 28.77611 28.77636 28.77659 28.77681 28.77702 28.77688 28.77584 28.77483 28.77381 28.77277 28.77172 28.77066 28.76958 28.76848 28.76737 28.76625 28.76512 28.76393 28.76243 28.76096 28.75948 28.75799 28.75648 28.75496 28.75343 28.75187 28.7503 28.74872
28.75369 28.75379 28.75388 28.75396 28.75407 28.75419 28.75437 28.75462 28.75487 28.75515 28.75543 28.7557 28.75596 28.75619 28.75641 28.75663 28.75687 28.75711 28.75748 28.758 28.75852 28.75906 28.7596 28.76014 28.76065 28.76116 28.76165 28.76214 28.76264 28.76315 28.76355 28.76376 28.76396 28.76418 28.7644 28.76462 28.76482 28.76501 28.76519 28.76537 28.76556 28.76575 28.76551 28.76445 28.76332 28.76221 28.7611 28.75999 28.75887 28.75774 28.7566 28.75546 28.75432 28.75319 28.75193 28.75036 28.74875 28.74717 28.74559 28.744 28.7424 28.7408 28.73918 28.73756 28.73595
