Spatial_Analysis/Maxent_Inputs/Inputs/RCP8_5_Future/currentspeed_future85.asc
NCOLS 638 
NROWS 314 
XLLCORNER -102.97071042 
YLLCORNER 3.973116569 
CELLSIZE 0.083 
NODATA_value -9999 
[rows 198 to 219 of 314, columns 400 to 449 of 638]
29.1566999325093 28.6980704341749 28.2353031648265 27.7985079028403 27.4167194668046 27.0515939500686 26.6858902415678 26.320196007881 25.9564655819751 25.5955869220895 25.2382537578605 24.885159311294 24.5369559062705 24.1935939473687 23.8548429286424 23.5614034388497 23.3480866021448 23.1411523011869 22.9340561678211 22.7290824703671 22.5287053223869 22.3337209670678 22.1446598984709 21.9620385646654 21.7862436322849 21.6165278038754 21.4437507340733 21.1712088812687 20.6766802946292 20.0782439535469 19.4938043839163 18.9231484305754 18.3595362036823 17.7947065919184 17.2202892260584 16.6279672140319 16.0101713083503 15.3648439765888 14.6999009926982 14.1075849419625 13.7149184608957 13.423344237585 13.1402081856816 12.8457273233769 12.5264236742381 12.1752015361903 11.7860220130194 11.3530342258385 10.8717479971869 10.3474931328314
30.1631059488277 29.7238902168219 29.2793098804922 28.8473306650308 28.4524482108033 28.0735051275149 27.6904386482189 27.3085102833451 26.9289341010468 26.5524175388971 26.1796340548643 25.8113215399462 25.4482878255576 25.0912798643461 24.7391679866069 24.436095827458 24.2262468466045 24.0246767899285 23.8197820160746 23.6189232547433 23.4233366942441 23.2335208407312 23.0499445940931 22.8731755052967 22.7038660890006 22.5423496987394 22.3811904626198 22.1172042019734 21.6189390107726 21.0143101951102 20.4269432886684 19.8555985270143 19.2918080713334 18.7267340594854 18.1515740073985 17.557363743199 16.9350420701639 16.2777405404668 15.600025638419 15.0048997402005 14.6049797617874 14.3172435600842 14.0425510868792 13.7484833173826 13.4263399113674 13.0702002293705 12.6741263078459 12.2315259446812 11.7355377470862 11.1831239484764
31.1137973854014 30.7135230932288 30.3154045532017 29.9068052109841 29.4714734355883 29.0562579615935 28.6413974817449 28.2256486435827 27.8100177535375 27.3962125220745 26.9850905963968 26.5771245284337 26.172024127078 25.7684336811956 25.3664853136379 25.0261799935757 24.809119432737 24.6173307465628 24.4223817027753 24.2268866915817 24.0327307767589 23.84218511477 23.6561122944327 23.4747176373997 23.2970315713593 23.1207852457206 22.923413696978 22.6349564090454 22.1994458294588 21.6622482146636 21.1138218369073 20.5735234932753 20.0378108860443 19.5011876267351 18.9573409256421 18.4010168357396 17.8314885553098 17.2528249674815 16.6827067329159 16.1741526401856 15.7637567317426 15.4202489661375 15.10156807828 14.7878286183625 14.4648141205657 14.1196730912477 13.745912898702 13.3411762187308 12.9121509057989 12.4735786560722
32.0201200876182 31.6754475616334 31.3421434228509 30.9685156928618 30.4896389066143 30.0224226618283 29.5655755545386 29.1080613330268 28.6499840581199 28.1923420034847 27.735550918539 27.2797413641568 26.8244804256604 26.3691391064168 25.9177681286005 25.5430718291932 25.3130851490716 25.1169490236051 24.9245502060896 24.7309335427726 24.5368106169888 24.3436286452835 24.1518586463563 23.9614896261202 23.7716659012355 23.5778484421505 23.3463321963759 23.0431749349472 22.6794388211176 22.2316837399516 21.7436230161942 21.2560220010036 20.7695561397737 20.2828026716469 19.7937707763048 19.3012470148622 18.8071827494399 18.3165054496789 17.8387639050562 17.4020875407528 17.0256074306549 16.6851303790437 16.3595208663335 16.042024095082 15.7257282003519 15.4032940577505 15.0718186906134 14.7314653775507 14.3887537638374 14.0541047882872
32.9078189141779 32.6291074356649 32.3650549020494 32.0238547269373 31.5065156712232 30.9881932238782 30.4837859175822 29.9804973597015 29.4772054364328 28.9739096716353 28.4706192147703 27.967331045194 27.464039549214 26.9622404299985 26.4673001674005 26.0596718277194 25.8170094032279 25.6120371416425 25.4137151664293 25.2159854857651 25.0182551793606 24.8205231298858 24.6227901736857 24.4250601047171 24.2273294745551 24.0209508855908 23.7688028508462 23.4694180919349 23.1648233826262 22.7983625274919 22.379598194514 21.9547906527585 21.5299846219405 21.1051753715458 20.6803679161116 20.2555614106678 19.8307499813151 19.4083578085327 18.9985050296048 18.622480079101 18.2929976389796 17.9920996215187 17.7048275332471 17.4188405768296 17.1328569432852 16.8468721233108 16.5608857363338 16.2749022215074 15.9889190949855 15.7030781987234
33.7943629090171 33.5820463848757 33.3842136133243 33.0731102482395 32.5201481140694 31.9543429987343 31.4020153410897 30.8521366902171 30.3022562917211 29.75237570288 29.202496020999 28.6526140945905 28.1027547984365 27.5553804225202 27.0164427881782 26.5752826584873 26.3206794019543 26.1076077155391 25.9025601523832 25.6991070576333 25.495654908593 25.292199155706 25.0887470102192 24.8852952494833 24.6818210523913 24.4653112471709 24.2003266709711 23.9137568455669 23.6603519000998 23.3639953842106 23.0161592633616 22.6561746654246 22.2961922464457 21.9362112088179 21.5762287898389 21.2162470791336 20.8562603452688 20.4995100955994 20.1545015583325 19.836201676181 19.5564460752908 19.2990971399881 19.0536118466825 18.8105559203462 18.5675022167516 18.3244481893995 18.0813948741093 17.8383415588191 17.595288528302 17.3498769327187
34.6809381251277 34.5339760413264 34.3997635132399 34.1178557932432 33.530596583237 32.9196267594521 32.3202465076673 31.7237792572844 31.1273076261884 30.5308393655488 29.9343696810433 29.3378985245845 28.7415061868096 28.1482934159874 27.5645655401519 27.0895746521815 26.8234740943054 26.603011200323 26.391406130596 26.1822319050374 25.9730550215765 25.7638786550215 25.5547066522046 25.345529341455 25.1362079338537 24.9125211888678 24.6426175981561 24.3724646229769 24.1666549506259 23.9330719293581 23.6527196677192 23.3575611418219 23.0624033277288 22.7672470891202 22.4720880455669 22.1769275735715 21.8817965479282 21.5896804699674 21.3069213099464 21.0452837376169 20.816416891808 20.604956422246 20.4023980110377 20.2022749104704 20.0021512013725 19.802027578596 19.6019041542713 19.4017814420084 19.2016707671817 18.9953332442131
35.5674385280918 35.4849834348302 35.4128066220758 35.1596592489115 34.5387193720636 33.8839585523459 33.2384747404413 32.595418630561 31.9523624604638 31.3093037830749 30.6662458177479 30.0231874641165 29.3802207657252 28.7406969333706 28.1112994815082 27.6022397229841 27.3249704739475 27.0978744618069 26.8802532524777 26.6653558031784 26.4504564548949 26.2355585304773 26.0206634499885 25.8057667515006 25.5907013715214 25.362631245348 25.0936991094737 24.8418227384469 24.6817573440837 24.5060304599772 24.2892813450974 24.0589463885014 23.8286135632801 23.5982826416191 23.3679465849145 23.1376104365853 22.9073127291087 22.6791209515354 22.4571309121737 22.2517268505362 22.0742417900723 21.90988985549 21.7511812846079 21.5939885022948 21.4367967120058 21.2796071662443 21.1224141464952 20.9652209368934 20.8080388850873 20.6412090412077
36.4538765401539 36.4354890814234 36.4246103980355 36.1999985078593 35.5456598126926 34.8477832416875 34.1567019331003 33.467055863383 32.7774146970802 32.0877669235345 31.3981209016582 30.7084762137958 30.0188625740503 29.3324357159558 28.6563529976132 28.1129482749337 27.8248724429397 27.5920380312093 27.3690978113777 27.1484770902733 26.92785760344 26.7072381166066 26.4866200536393 26.2660025047744 26.045329670174 25.8148737089531 25.550813605965 25.318378376653 25.2028919568164 25.0817521605294 24.925841986891 24.7603323426895 24.5948250328676 24.4293172924612 24.2638043253865 24.098296105051 23.9327990951516 23.7683034627075 23.6067063107322 23.4574577414751 23.3314975206827 23.2145832158436 23.099966737159 22.9857038458113 22.8714418561205 22.7571813383829 22.6429180587309 22.5286562629385 22.4143988303919 22.2893474833194
37.3403486192217 37.3860819418531 37.4364329788713 37.2402694702233 36.552598364269 35.8116703010515 35.0749331642248 34.3386995698007 33.6024636971679 32.8662277807514 32.1299950968408 31.393761981323 30.6575277700153 29.9236431103621 29.1995052305758 28.6213142314542 28.3229956136795 28.0855723051689 27.857943185636 27.6315990894301 27.4052587519851 27.1789191266019 26.9525775596968 26.7262340892313 26.499893941639 26.2678584398342 26.0109074311378 25.798838068323 25.7269961695905 25.6584815720729 25.5624033405118 25.4617183014308 25.3610351648876 25.2603531727635 25.1596655226365 25.0589821013201 24.9583012956259 24.8577870505552 24.7572069355153 24.6643839307129 24.5897813447405 24.5197512822471 24.4487505329383 24.3774196639308 24.306090025406 24.2347565028147 24.1634230192076 24.0920926245683 24.0207665076031 23.9410960444812
38.2268518415923 38.3371351032326 38.4494596219946 38.2818448706858 37.5606221658898 36.776056096033 35.9931637741623 35.2103442598667 34.4275186349745 33.6446918704742 32.8618691451895 32.0790491167914 31.2962269489119 30.5144808174287 29.7408432608015 29.1269224486364 28.8195320840752 28.5791716999271 28.346789448622 28.1147248473478 27.8826610008965 27.6505989071371 27.4185334469672 27.1864691304662 26.9544058062241 26.7203470067778 26.4705058000223 26.2798699686785 26.2505663171033 26.2337795108068 26.198963356565 26.1631040657663 26.1272440198756 26.0913844528914 26.0555258741545 26.0196677697858 25.9838113748064 25.9478782778555 25.9099219747793 25.8744677614106 25.8504897292543 25.8257148394705 25.7975359854894 25.7691341014871 25.7407354497178 25.7123358920112 25.6839322993697 25.6555302814625 25.6271322382239 25.5956463693098
39.1133557545115 39.2886984588973 39.4643929757359 39.3260560112386 38.5704071674231 37.7408031595922 36.9113918988518 36.081983978429 35.2525721921834 34.4231557270415 33.5937458904247 32.7643374781663 31.9349252818419 31.1057151178043 30.2817122778995 29.6295606101716 29.3149961902845 29.0734238738018 28.8356358584419 28.597849030262 28.3600610149021 28.1222758434709 27.8844904779065 27.6467029376648 27.4089168638269 27.1708767305276 26.9254804427599 26.7577500497908 26.770453513246 26.8065553999131 26.8355244254126 26.8644895022984 26.8934528315608 26.9224179120002 26.9513874597089 26.9803525365948 27.0093192312452 27.0382646205688 27.0650264897408 27.0896073977804 27.1143049038323 27.1317791934437 27.1463197812688 27.1608482109673 27.1753799680922 27.189911531046 27.2044415795317 27.2189683524814 27.2334987282551 27.2478104037818
39.9998615400986 40.2404915129306 40.4810505263445 40.3733854564694 39.581556932646 38.7056188697587 37.8296202306036 36.9536206077774 36.0776184561541 35.2016172532902 34.3256196585534 33.4496210193983 32.5736212411505 31.6976201248541 30.8231947151269 30.1319104565221 29.8121727005594 29.5679894729084 29.3244798951326 29.0809703173569 28.8374607395812 28.5939525856714 28.3504449458642 28.1069364636437 27.8634321938006 27.6199245150091 27.3747262321431 27.2266523432323 27.283436535356 27.3782907204785 27.4720848297702 27.5658763670001 27.6596650132102 27.7534539867084 27.8472477076957 27.9410385328638 28.0348305444619 28.1286246537537 28.2216274211034 28.3083017128807 28.3793364374125 28.4376135825024 28.4932185140294 28.5450491905254 28.5966377445266 28.6507913438028 28.7087136162568 28.770769114747 28.8353233854513 28.8973013751472
40.7037269626329 41.0824300125158 41.4605545384411 41.4394735567658 40.6351615787813 39.7345402429663 38.8332833893503 37.9317136631064 37.0307797695055 36.1323888579747 35.2370247403974 34.3445817693441 33.454939576589 32.5676880227024 31.6824189847217 30.96799552005 30.6002802830994 30.2980920603188 29.9975621909204 29.699167009499 29.4033328085897 29.1102947120084 28.8193814194251 28.5288739271123 28.2375060582689 27.94529821051 27.6517815985821 27.4790893138172 27.5612178854145 27.6983380262294 27.8332327215258 27.9668963977503 28.0994582800958 28.2308770594439 28.3610272133178 28.4903444976955 28.6193656000264 28.7468832884411 28.8709615502861 28.9863010285849 29.0872333240951 29.175863564571 29.2576786590461 29.3332872952316 29.4046847826981 29.4729616594615 29.5409129614879 29.6136339823048 29.6913569522645 29.7691717881706
41.1936593435693 41.808417585554 42.4228726281232 42.564550194328 41.7782906802122 40.8805605520557 39.9837872016351 38.8351494277754 37.7303666033933 37.3034071238955 36.4159065118324 35.5314778221046 34.6498771770757 33.7706578389117 32.8934761862537 32.1579786676165 31.7078529910624 31.3091235234956 30.9119047052975 30.5164850783243 30.1232710626498 29.7325453258177 29.3438887099351 28.9560854682042 28.5681582126465 28.1799993667419 27.7913347582928 27.5511892666769 27.6239694095891 27.7679446636162 27.9095708635118 28.0492914414547 28.1873813811828 28.3235055694688 28.457233453547 28.5888981837892 28.7185900042931 28.8448398906153 28.9660305958394 29.0757275263633 29.1678003473029 29.249106793801 29.3238903711588 29.3938478920988 29.4591358379647 29.5195911030726 29.5766940095136 29.6334627286132 29.6850922275219 29.718649466897
41.6359032311929 42.5231937836052 43.411110356166 43.7431986302828 42.9833711648199 42.0934647809349 41.20578717966 40.5987600184066 38.8031060727782 38.5537420044543 37.6728949560169 36.7933243953165 35.9147485642755 35.0368829188692 34.1595823510891 33.3960134613269 32.6443307089628 31.9695742422216 31.876900659414 31.3844413337483 30.8922504987231 30.400490032569 29.9092951257355 29.418714949017 28.928722875479 28.4392298938898 27.950295371284 27.634479846392 27.6814801917182 27.8130775629386 27.9440932554831 28.0739925150238 28.2028392190343 28.3301618795301 28.4553944043391 28.5783704414752 28.698884212433 28.8165881540576 28.9313168239439 29.0285977560042 29.0909004545728 29.1403483577867 29.1864283041272 29.2290756194573 29.2683977659237 29.3043825222698 29.3363119874994 29.360485499879 29.3681790025277 29.3499598284711
42.0957087977191 43.2565777751568 44.4181864116528 44.9395502022656 44.2035297303352 43.3169049120793 42.4320051689202 41.7317890321597 40.7526466100551 39.3277674723415 38.9053929042707 38.0259127939772 37.1470253900989 36.2685313722947 35.3902468990524 34.5986810726083 34.139995637132 33.4903336045139 32.4538749811993 32.2279358712601 31.6430765001399 31.0583167671986 30.4736975530004 29.8892221623745 29.3049285013167 28.7208791200929 28.1371006500135 27.7488712198179 27.7710364412597 27.8886870786096 28.0059357708467 28.1225645599068 28.2385441630492 28.3537135480575 28.4678546860272 28.5808490810673 28.6926091786739 28.8029678579768 28.9117419378032 28.9946879422342 29.0233163080601 29.0346911690154 29.0440730092315 29.0512354374158 29.0558412883253 29.0563474605117 29.0488804451839 29.0286825917336 28.9919485671721 28.9377552008003
42.5636837684484 43.9960441822339 45.4288730198448 46.1371658677096 45.4228179333664 44.5375017066477 43.6533401095643 42.7705349147943 42.0707371035244 41.0932571185708 39.4241437120222 38.7920231792393 38.3666859902485 37.4871222058114 36.6078021241692 35.7885890407125 35.0910292629417 34.6250724898774 33.2582564130167 33.0627218641198 32.3866818467908 31.7106541306226 31.0346133654664 30.3585573202655 29.6824952631417 29.0064072734635 28.3301323855945 27.8717806603813 27.8715638048417 27.9777151853666 28.0833171866072 28.1883890148974 28.2929603084404 28.3970514615268 28.5006849178304 28.6038757434955 28.7065556699222 28.808567278435 28.9097889207182 28.9764443176366 28.9686377901577 28.9381063859993 28.9061929830877 28.8728115205929 28.8370998800489 28.7958983402586 28.7454405263562 28.6838391167264 28.6104530853369 28.5246071341667
43.0317957937394 44.734644377254 46.4378162515933 47.3322471974017 46.6388274235402 45.7541848728463 44.870232120299 43.9871937226087 43.1050912432537 42.4047598949534 41.8557556840433 40.7935369938447 39.5807091812789 38.7003023962398 37.8201441294088 36.9735249327182 36.1946462702132 35.5700312478019 34.746242810965 33.5720844855449 33.1271822715138 32.3603184547978 31.5934194858986 30.8264668135113 30.0593363166108 29.2918300629506 28.5238109451749 27.9964288579611 27.9753047172496 28.0718333842353 28.1678737367871 28.263471775651 28.3586506196087 28.453417370777 28.5477848204141 28.6417620602343 28.7353607249587 28.8285853195489 28.9214393230497 28.9707255081559 28.9252742477299 28.8515242666624 28.7769521936495 28.7008736175597 28.6210340468332 28.5345276003358 28.4402721735383 28.3381315043511 28.2278856711533 28.1091627797223
43.4982793511149 45.4711234311496 47.4441873935729 48.5243259349972 47.851455312451 46.9672172470838 46.0833890678326 45.2001354920911 44.3176297009585 43.4357579145264 42.5541960659306 41.6728505685957 40.7917170898959 39.9107910385479 39.0300631195518 38.156231955391 37.2961756161656 36.4386448419055 35.7097808013518 34.9595629126789 33.8663372113298 33.0088733313476 32.1513015283093 31.293477792949 30.435271770959 29.5765754427409 28.7173907232807 28.1218967350135 28.08093124029 28.1689121539096 28.2564401210426 28.3435482332674 28.4302558533818 28.51658897477 28.6025793414781 28.6882342300649 28.7735550595359 28.8585500941786 28.9432187988546 28.9748619577091 28.8911148323983 28.7732515389662 28.6547469790103 28.5340527469682 28.4088280530229 28.2780169834913 28.1414257639289 27.9988885529999 27.8501517460653 27.6950635665248
43.9628655372747 46.2053834703586 48.4480304484587 49.7136208810494 49.061132856415 48.1772504888928 47.2936259816277 46.4103645468231 45.5276223530923 44.6454750868774 43.7637368637194 42.8821885745105 42.0008129394335 41.1196062485792 40.2385542440284 39.3377285465039 38.3966415962046 37.448585532802 36.5006356890634 35.5527422639008 34.6048553164477 33.6568516958835 32.7085733750564 31.7599195211757 30.8108520218033 29.8613755712728 28.9114989993222 28.2483373442982 28.1879905451959 28.2679208298554 28.3474632310054 28.4266232719938 28.5054089016576 28.5838340022147 28.6619207806069 28.7396919564288 28.8171682683522 28.8943625379939 28.9712775657718 28.9856543461329 28.8638189669397 28.7017173315391 28.5383983202717 28.3720455676615 28.2016735582252 28.0271863506851 27.8484778804863 27.6653474040496 27.4775277885045 27.2848605308476
44.425615568726 46.9376196359871 49.4497059341165 50.9006585738841 50.2685035110939 49.3849675600696 48.5016137535795 47.6185128875294 46.7357595339519 45.8534739253508 44.9716405625764 44.090039877243 43.208575072044 42.327237680721 41.4460163366584 40.5183616736801 39.4964211339764 38.4579924067643 37.4196463179534 36.3813431633297 35.3429680148125 34.3043725371318 33.2654596200276 32.2262094037598 31.186618780636 30.1466867849598 29.1064137604522 28.3758606018853 28.2963781480862 28.3684787392111 28.4402515284161 28.5117048743672 28.5828436278387 28.6536633618144 28.724160372966 28.7943494879634 28.864248966673 28.9338760719189 29.0032587300265 29.000584615818 28.8408788813059 28.6345037885357 28.4261662462968 28.2146862829972 27.9999564884113 27.7819994621958 27.5608096093875 27.3363297195225 27.1084664504236 26.8770749631813
