Spatial_Analysis/Maxent_Inputs/Inputs/RCP8_5_Future/currentspeed_future85.asc
NCOLS 638 
NROWS 314 
XLLCORNER -102.97071042 
YLLCORNER 3.973116569 
CELLSIZE 0.083 
NODATA_value -9999 
[rows 242 to 263 of 314, columns 250 to 299 of 638]
31.5897785785733 30.7207801602022 29.8517779828356 28.9827775571383 28.1137791385325 27.2447774833749 26.3720574942952 25.4782995178874 24.6914191221038 24.3044640231159 24.1899339811246 24.0399097009307 23.8712155519265 23.7022016153845 23.5331882574919 23.3641737987407 23.1951607256213 23.0261467890794 22.8608631970111 22.7160463854207 22.5608340247122 22.2856223623724 21.9226422988356 21.5934797672769 21.281822513121 20.9704291624345 20.6590349093412 20.3476411749035 20.0362435518461 19.7248492987527 19.4154501087813 19.1182692658933 18.8345825476173 18.5370601547144 18.2299635778299 17.944703984016 17.6715853890796 17.3988184726449 17.1260496146882 16.8532791379443 16.5805122215095 16.3077467289407 16.0320496806361 15.7367119828818 15.4317707879864 15.2081125711711 15.0637565138657 14.8821033165757 14.6790484029284 14.4751439189027
32.6723633170964 31.846243903362 31.0201258236415 30.1940070267908 29.3678913206803 28.5417716221725 27.713256034107 26.8635235390074 26.1026307819945 25.702842780829 25.5444806436108 25.3435373772855 25.1260512098952 24.9085216945647 24.6909935605855 24.473462103733 24.2559323509665 24.0384044544232 23.8232105929033 23.6278269276467 23.4309436977639 23.1301255031274 22.7562685660609 22.4213050328399 22.1012128179831 21.7811512795647 21.4610900649037 21.1410264295417 20.8209613695636 20.5008994428407 20.1819343896266 19.8739606145108 19.5791277555792 19.2653117462581 18.9378394530699 18.6341132034148 18.3404431705872 18.0468425394244 17.7532440447047 17.459642421283 17.1660417901201 16.8724427777444 16.5773338326801 16.2649344074843 15.9392265037762 15.6848700519602 15.4998762810343 15.2746963292277 15.0316879700829 14.7884802411862
33.7549510413253 32.9716662716058 32.1882915471973 31.4050552920053 30.6220029246711 29.8387644277211 29.0548603611263 28.2535435080734 27.5259260258709 27.1122817917725 26.9035212577702 26.6469317675543 26.3808857287483 26.1148190192075 25.8486877340838 25.5826250810319 25.3167053103256 25.050660367075 24.7852648416763 24.5356761379574 24.2909596902835 23.9654651046231 23.5862658250114 23.2493356666003 22.9206036450546 22.5918735260465 22.2631234536688 21.9343730424959 21.6056823205364 21.2769499752331 20.9484828962968 20.6281369985953 20.3187128230711 19.9888715746913 19.6438454097973 19.3237320604114 19.0093014697508 18.6948700146449 18.3804343122453 18.0659898020601 17.7515713587307 17.4371407680701 17.1223787431666 16.7952381000738 16.4544858028043 16.1692197221636 15.9390119332873 15.6668403250544 15.3843278175804 15.1018229468427
34.8035739503175 34.0450271584184 33.294997033636 32.5554083276271 31.8266103627348 31.1066026971638 30.3867913399118 29.6460393128151 28.9635364855596 28.5330842820833 28.2613400232555 27.9404291132166 27.6083461976449 27.281961085883 26.964469225872 26.6547961828829 26.3505650453194 26.0484493525094 25.7441757056734 25.4418822551306 25.1394329483303 24.7918783491465 24.4168514671879 24.076267419055 23.7350767690843 23.3941457862707 23.0548338257499 22.717371330128 22.3816787087521 22.0473430221339 21.7135081574108 21.3819234179329 21.0532711579007 20.708166187288 20.3502427667209 20.013073669727 19.6760605617178 19.3393797470156 19.0037088971714 18.6688774090704 18.334539994109 18.0002886147509 17.6659623165171 17.325966788364 16.9771873624907 16.6604295690266 16.3780570379346 16.0611930565765 15.7447446990309 15.4282962574573
35.7237543178098 34.9828446154958 34.2623848155777 33.5641673345072 32.8893243773847 32.2378745276596 31.6048204020795 30.977575477559 30.3981671164493 29.9467466450229 29.5481209558329 29.1285708804078 28.7247228471 28.3439587796207 27.9845841002089 27.6419915541292 27.3109745603241 26.9859737312491 26.6604734363395 26.3295867167175 25.9818736234035 25.6094484898242 25.2417812960603 24.883078920871 24.5258196972649 24.1720969824561 23.8225679539939 23.4770736808085 23.1352779497602 22.7967511711283 22.3109475613822 21.7008275364892 21.3631860599008 21.0118146271368 20.6494605610289 20.4378448782593 20.2018128091934 19.61097294177 19.2661965841418 19.0410607132268 18.9117768976513 18.5594562160741 18.2065454211362 17.8515305524942 17.4983005903735 17.1596804695773 16.8258363167927 16.4805888504635 16.1363274115279 15.789719483422
35.5201011218973 34.8287939229752 34.161580113146 33.5194252545333 32.9038394103246 32.3168247576494 31.7600128548362 31.2258414425518 30.726881198788 30.2932889479627 29.8637291265683 29.4190890781686 29.0095121864575 28.6316439002418 28.2790106372651 27.9453238890185 27.6247285110062 27.3115854821385 27.0000716294892 26.6833828078886 26.3377560322248 25.9576257940568 25.5858921658407 25.2099562819997 24.8389770241755 24.4735550545139 24.1132225790703 23.7574655708914 23.4058637893153 23.077575767385 -9999 -9999 -9999 -9999 -9999 -9999 -9999 -9999 19.8129142699116 19.4702674903476 19.1323202957597 18.7794516640455 18.4256897279914 18.0704663003625 17.7312421014333 17.4065105277302 17.0486867173989 16.6853027921261 16.3202394586822 15.9512686767364
33.5436554869977 32.9489285329379 32.3713030844841 31.8133376033426 31.2758143458438 30.7569209492168 30.2475338988269 29.7314542954239 29.2511515278393 28.9041410117662 28.625869789066 28.3098384602901 27.9994497232927 27.7041642989215 27.4267326469806 27.164099696415 26.9116527425777 26.6639088595707 26.4139462099075 26.1595078221049 25.8798650395037 25.5249326470803 25.1288934584611 24.7496806053766 24.3704998047158 23.9929798008786 23.6188328261462 23.4208983212968 23.3741150631112 -9999 -9999 -9999 -9999 -9999 -9999 -9999 -9999 -9999 19.8129142699116 19.4638293377875 19.1158305251777 18.7679365598118 18.4191755854149 18.0691406993094 17.7414102232917 17.3638808362632 16.8788032293179 16.5036215499553 16.1256643481647 15.7471333995374
30.7304402324006 30.253859498727 29.7824454746381 29.3177543414035 28.8599022825662 28.4069913112425 27.9519919190521 27.4774225580823 27.0438309450376 26.8079320452312 26.6942774908958 26.5339027164727 26.363653153687 26.1948807542323 26.0314774295983 25.8731118031203 25.7181956493906 25.5644556126983 25.4086533369473 25.2590511617195 25.0846053667819 24.7645206111488 24.3374229243898 23.9470484072737 23.5586996758214 23.1699001652367 22.9568129962231 -9999 -9999 -9999 -9999 -9999 -9999 -9999 -9999 -9999 -9999 -9999 -9999 -9999 -9999 -9999 -9999 -9999 -9999 -9999 16.7378603898809 16.2977365885624 15.8021335887127 15.4214417612628
27.8220421030305 27.4496303571496 27.077215374717 26.7048000685269 26.3323831445724 25.9599638897687 25.5864597514928 25.1949717173931 24.8460820817718 24.7162158478392 24.725734480174 24.6917512760366 24.6466594077795 24.6015670226166 24.5564713092772 24.5113806282001 24.4662889973791 24.4211984198333 24.3770439062224 24.3484707770866 24.280454760691 23.994468352582 23.544585804364 23.132468511665 22.7300807293745 22.5021026476039 -9999 -9999 -9999 -9999 -9999 -9999 -9999 -9999 -9999 -9999 -9999 -9999 -9999 -9999 -9999 -9999 -9999 -9999 -9999 -9999 -9999 -9999 15.6735911619921 15.2926857625155
24.8977606075655 24.6182475197045 24.3387327702952 24.5855764247709 24.7449234978221 23.5001833392058 23.2179295562985 22.9160797479478 22.6626605558183 22.6366217395091 22.7596226734114 22.8462444144025 22.9171656979928 22.9880069081807 23.0588436936143 23.1296882691902 23.2005292844569 23.2713705844969 23.3445808184719 23.4349876401022 23.4644144342424 23.3751656406864 23.2093411412821 22.7876686010085 22.3786084033948 -9999 -9999 -9999 -9999 -9999 -9999 -9999 -9999 -9999 -9999 -9999 -9999 -9999 -9999 -9999 -9999 -9999 -9999 -9999 -9999 -9999 -9999 -9999 -9999 -9999
21.9734826291069 21.7868669647714 21.6002518226451 21.0276192005453 21.0265973287247 21.9709427552253 20.8503829408174 20.6426949128078 20.4902008502697 20.5672105451734 20.7980948151727 21.0005648547169 21.1876711857998 21.3744451749577 21.5612191206045 21.7479948573859 21.9347692781509 22.1215427921906 22.5064564229925 23.0477535207243 23.117179276323 -9999 -9999 -9999 -9999 -9999 -9999 -9999 -9999 -9999 -9999 -9999 -9999 -9999 -9999 -9999 -9999 -9999 -9999 -9999 -9999 -9999 -9999 -9999 -9999 -9999 -9999 -9999 -9999 -9999
20.1531498032838 18.9554846495354 18.8617711597452 18.7680596124997 18.7775844509395 -9999 19.3799281096388 18.3739978757383 18.324791843703 18.5045045893481 18.8401811440619 19.1550948695513 19.458176052147 19.7608838733418 20.0635941159876 20.3663024983759 20.6690091769243 21.190527368175 -9999 -9999 -9999 -9999 -9999 -9999 -9999 -9999 -9999 -9999 -9999 -9999 -9999 -9999 -9999 16.1048652869422 15.9323252859826 15.806219767736 15.7087294297954 15.6128895928293 15.5508699417114 -9999 -9999 -9999 -9999 -9999 -9999 -9999 -9999 -9999 -9999 -9999
-9999 17.7575496800282 17.7031427840456 17.6487392552236 -9999 -9999 -9999 16.9673280233348 16.1625838980915 16.4448569605963 16.8840601839194 17.3099046853828 17.7286831577186 18.1473244709678 18.5659655943644 19.2506248412133 20.1334774468764 -9999 -9999 -9999 -9999 -9999 -9999 -9999 -9999 -9999 -9999 -9999 -9999 -9999 -9999 -9999 15.5572525977203 15.565238563784 15.4165834331424 15.3164826433999 15.2442790967062 15.1731135159325 14.9986523175028 14.7444520680549 14.7101097106934 -9999 -9999 -9999 -9999 -9999 -9999 -9999 -9999 -9999
-9999 -9999 -9999 -9999 -9999 -9999 -9999 -9999 14.8211713724645 14.3846106197471 14.9275377510599 15.4646079170667 15.9991895665267 16.8469859572101 17.9323314339125 -9999 -9999 -9999 -9999 -9999 -9999 -9999 -9999 -9999 -9999 -9999 -9999 -9999 -9999 -9999 15.298966798857 14.9781118290067 14.8601548862743 14.6244382855052 14.5199703257312 14.46785098814 14.4392060821818 14.4108125675676 14.3824206717407 14.3540252156046 14.2351092768869 14.0507402420044 -9999 -9999 -9999 -9999 -9999 -9999 -9999 -9999
-9999 -9999 -9999 -9999 -9999 -9999 -9999 -9999 -9999 13.5125541565212 14.0995125032581 14.6838311720767 15.2674549454148 -9999 -9999 -9999 -9999 -9999 -9999 -9999 -9999 -9999 -9999 -9999 -9999 -9999 -9999 -9999 -9999 14.985032914934 14.7644179438115 14.2852229164733 13.8912216309041 13.6736586572858 13.6192555222456 13.6197550093534 13.6341312633459 13.6485129244969 13.6628915337531 13.677266430063 13.6916499041534 13.6218922375894 13.4769096374512 -9999 -9999 -9999 -9999 -9999 -9999 -9999
-9999 -9999 -9999 -9999 -9999 -9999 -9999 -9999 -9999 -9999 -9999 -9999 -9999 -9999 -9999 -9999 -9999 -9999 -9999 -9999 -9999 -9999 -9999 -9999 -9999 -9999 -9999 -9999 -9999 14.0686724902066 13.8409703931277 13.3337025920939 12.9120697275719 12.713659206902 12.7183302686276 12.7707624492976 12.8259305681941 12.8799799336679 12.9336272569852 12.9884408142216 13.0459623368018 13.1070172427076 13.0917549179054 13.0129020882312 13.057430267334 -9999 -9999 -9999 -9999 -9999
-9999 -9999 -9999 -9999 -9999 -9999 -9999 -9999 -9999 -9999 -9999 -9999 -9999 -9999 -9999 -9999 -9999 -9999 -9999 -9999 -9999 -9999 -9999 -9999 -9999 -9999 -9999 -9999 -9999 13.2486679193688 12.9394028928588 12.3990601045997 11.9362762542696 11.7462088872976 11.8218432485706 11.9185430949802 12.0091271854434 12.0956798737996 12.181185399611 12.2691974506259 12.3632765526465 12.4665742603858 12.5801433017673 12.7010861769655 12.7941020070923 -9999 -9999 -9999 -9999 -9999
-9999 -9999 -9999 -9999 -9999 -9999 -9999 -9999 -9999 -9999 -9999 -9999 -9999 -9999 -9999 -9999 -9999 -9999 -9999 -9999 -9999 -9999 -9999 -9999 -9999 -9999 -9999 -9999 13.7079894741705 13.1123356433437 12.5299209880159 11.946028854275 11.4390610940517 11.2386720048048 11.34536277895 11.4594012113227 11.5644466145815 11.6639918071421 11.7622358017118 11.8966379544297 12.0325459537812 12.0909824920778 12.2262610267575 12.3787297124603 12.4881011997828 -9999 -9999 -9999 -9999 -9999
-9999 -9999 -9999 -9999 -9999 -9999 -9999 -9999 -9999 -9999 -9999 -9999 -9999 -9999 -9999 -9999 -9999 -9999 -9999 -9999 -9999 -9999 -9999 -9999 -9999 -9999 16.1103280840014 15.2753685988585 14.3144359965249 13.667739194342 13.0200044370132 12.3760514146004 11.8268734224436 11.5928141046044 11.6547588466517 11.7459326869927 11.8322920797046 11.9154351261491 11.9976632562772 12.0374859885782 12.2115510808572 12.270392847777 12.3759675533309 12.4844221646475 12.5854612884736 12.6423101425171 -9999 12.2551271058432 12.1344604492188 -9999
-9999 -9999 -9999 -9999 -9999 -9999 -9999 -9999 -9999 -9999 -9999 -9999 -9999 -9999 -9999 -9999 -9999 -9999 -9999 -9999 -9999 -9999 -9999 -9999 18.8908303154337 17.9370540200597 16.8360294617915 16.1116240643056 15.3855957289713 14.6585563226493 13.9315756871009 13.2163774396915 12.6154558157954 12.3263782448664 12.3195332782308 12.3641714971403 12.4136739444047 12.4625084879359 12.5110758677369 12.5297287261875 12.6266285682209 12.6653699028774 12.7196526188555 12.7682734357223 12.7868745164808 12.7705372635466 12.6754126144328 12.3758233665785 -9999 -9999
-9999 -9999 -9999 -9999 -9999 -9999 -9999 -9999 -9999 -9999 -9999 -9999 -9999 -9999 -9999 -9999 -9999 -9999 -9999 -9999 -9999 22.8655335745871 22.0394168772862 20.9738864598478 19.730732140982 18.918736244923 18.1067372201621 17.2947374790207 16.4827363657979 15.670735461145 14.8595884502534 14.067888159824 13.4029614828503 13.0524480160388 12.9880323725013 12.9794898816267 12.9876370300232 12.9957806936869 13.0039241198955 13.0741946885882 13.1341375094225 13.0283555854933 13.0363217507468 13.0412085013401 13.0300962488197 12.9802629203593 12.8922685715626 12.8218549710887 -9999 -9999
4.18329850308865 4.59683552854031 5.01037255399195 5.42390957944356 5.83744660489522 6.25098329380815 6.51858806610107 -9999 -9999 -9999 -9999 -9999 -9999 -9999 -9999 -9999 -9999 -9999 -9999 -9999 24.0726835809242 23.8533843275739 22.9787939798384 22.0864618034111 21.1865972694551 20.286712884324 19.386826363265 18.4869390433304 17.5870532343333 16.6871659143985 15.7901681946343 14.9185570376507 14.1802002956313 13.7690435116726 13.6551805396341 13.594564980883 13.5595934676086 13.5250046208744 13.4904170268997 13.455832163458 13.4212442134523 13.3866595441628 13.3520681501487 13.3190925151702 13.2868001192479 13.2430779397791 13.1878533924693 13.1454451825724 -9999 -9999
