Spatial_Analysis/Maxent_Inputs/Inputs/RCP8_5_Future/currentspeed_future85.asc
NCOLS 638 
NROWS 314 
XLLCORNER -102.97071042 
YLLCORNER 3.973116569 
CELLSIZE 0.083 
NODATA_value -9999 
[rows 132 to 153 of 314, columns 350 to 399 of 638]
9.35647342113086 9.70992711384561 10.0617440735819 10.4027238116559 10.7084521396324 10.8515287071768 10.7515332579471 10.6262886022911 10.4826256176757 10.3361455040182 10.1896663402277 10.0431844466732 9.89670247768453 9.81253218551533 -9999 -9999 -9999 -9999 -9999 -9999 -9999 -9999 -9999 -9999 -9999 -9999 -9999 -9999 -9999 -9999 -9999 -9999 -9999 -9999 -9999 -9999 -9999 -9999 -9999 -9999 -9999 -9999 -9999 -9999 -9999 -9999 -9999 -9999 -9999 -9999
8.92432461864813 9.21284431130582 9.50040383238985 9.77803617596348 10.0249695315119 10.1470923743806 10.0850944229784 10.1218517494582 10.2350380589239 10.1062077663305 9.88072439859604 9.58314749560823 9.47838313565017 9.32142225978604 9.12731762414588 9.07121753692627 -9999 -9999 -9999 -9999 -9999 -9999 -9999 -9999 -9999 -9999 -9999 -9999 -9999 -9999 -9999 -9999 -9999 -9999 -9999 -9999 -9999 -9999 -9999 -9999 -9999 -9999 -9999 -9999 -9999 -9999 -9999 -9999 -9999 -9999
8.49162005597103 8.71576257243034 8.93942620720152 9.15507604976508 9.34472020808516 9.44610026130186 9.42109656937945 9.28438112121006 9.0806827545166 -9999 -9999 9.38851058610366 9.22172964312233 8.9970190150953 8.93402550662837 8.90169394321893 -9999 -9999 -9999 -9999 -9999 -9999 -9999 -9999 -9999 -9999 -9999 -9999 -9999 -9999 -9999 -9999 -9999 -9999 -9999 -9999 -9999 -9999 -9999 -9999 -9999 -9999 -9999 -9999 -9999 -9999 -9999 -9999 -9999 -9999
8.05891559910176 8.21868060054154 8.37834804754424 8.53265261296788 8.66676654548198 8.74764204153714 8.75841662792925 8.74807511400798 8.64372340951556 8.47579662012698 8.4721179617498 8.46973705291748 -9999 8.76650876003332 8.59908184114558 8.53877811822353 8.45352745056152 -9999 -9999 -9999 -9999 -9999 -9999 -9999 -9999 -9999 -9999 -9999 -9999 -9999 -9999 -9999 -9999 -9999 -9999 -9999 -9999 -9999 -9999 -9999 -9999 -9999 -9999 -9999 -9999 -9999 -9999 -9999 -9999 -9999
7.63392023631234 7.7242359017228 7.81698590453787 7.90993843151224 7.98992649237829 8.05072061811604 8.09584261683203 8.12149117487065 8.14279650312466 8.16672598095488 8.19136884761333 8.15034130741482 8.05854191181596 8.14106709464273 8.26421064982111 8.28488989972615 8.27448040697309 8.29108585276155 8.46542043527812 8.5803804397583 -9999 -9999 -9999 -9999 -9999 -9999 -9999 -9999 -9999 -9999 -9999 -9999 -9999 -9999 -9999 -9999 -9999 -9999 -9999 -9999 -9999 -9999 -9999 -9999 -9999 -9999 -9999 -9999 -9999 -9999
7.2845184336115 7.29346169028207 7.29575187325405 7.29907485874342 7.31164747915852 7.35359597646319 7.43604211434859 7.51826418496788 7.60800870197467 7.69251216710886 7.76816340804116 7.83206860034259 7.88435922359569 7.92723788510136 7.9648658274132 8.00356578114442 8.05497217766329 8.16593200564094 8.3928990738403 -9999 -9999 -9999 -9999 -9999 -9999 -9999 -9999 -9999 -9999 -9999 -9999 -9999 -9999 -9999 -9999 -9999 -9999 -9999 -9999 -9999 -9999 -9999 -9999 -9999 -9999 -9999 -9999 -9999 -9999 -9999
7.15839081191879 7.13036064119844 7.01012980568967 6.90210556824226 7.02415551019416 7.05844307653565 7.06902936583046 7.03174975024231 7.19171930988565 7.33239494715555 7.45386807029515 7.5573381754411 7.6439105678645 7.71448421236104 7.77015975083685 7.84224253921054 7.94790271827272 8.07414715196103 -9999 -9999 -9999 -9999 -9999 -9999 -9999 -9999 -9999 -9999 -9999 -9999 -9999 -9999 -9999 -9999 -9999 -9999 -9999 -9999 -9999 -9999 -9999 -9999 -9999 -9999 -9999 -9999 -9999 -9999 -9999 -9999
-9999 -9999 -9999 -9999 -9999 -9999 -9999 6.85673281183736 7.04125366569093 7.20143533546171 7.34024988845317 7.4597548644917 7.56125377691062 7.64538921255502 7.71216426414202 -9999 -9999 -9999 -9999 -9999 -9999 -9999 -9999 -9999 -9999 -9999 -9999 -9999 -9999 -9999 -9999 -9999 -9999 -9999 -9999 -9999 -9999 -9999 -9999 11.509349822998 -9999 -9999 -9999 -9999 -9999 -9999 -9999 -9999 10.0212966927023 9.81623284752306
-9999 -9999 -9999 -9999 -9999 -9999 -9999 -9999 -9999 -9999 -9999 -9999 -9999 -9999 -9999 -9999 -9999 -9999 -9999 -9999 -9999 -9999 -9999 -9999 -9999 -9999 -9999 -9999 -9999 -9999 -9999 -9999 -9999 -9999 -9999 -9999 -9999 -9999 11.7527940026071 11.7196666632109 11.8001403808594 -9999 -9999 -9999 -9999 -9999 -9999 10.4737747893293 10.1896002934316 9.98522684423713
-9999 -9999 -9999 -9999 -9999 -9999 7.93678092956543 -9999 -9999 -9999 -9999 -9999 -9999 -9999 -9999 -9999 -9999 -9999 -9999 -9999 -9999 -9999 -9999 -9999 -9999 -9999 -9999 -9999 -9999 -9999 -9999 -9999 -9999 -9999 12.2046424720449 12.1899404525757 -9999 12.087678788517 11.9792751766865 11.9666457562478 11.9501059999212 -9999 -9999 -9999 -9999 -9999 10.9489989330698 10.6730117249489 10.4701737869538 10.2674508460626
-9999 -9999 8.33532889307298 8.32926093311723 8.3161701024414 8.28000353006433 8.34757813193669 8.60428446450796 8.71470876459167 8.8247316459913 8.93475480798765 9.00595188140869 -9999 -9999 -9999 9.48307824523167 9.58850474321526 9.75486447896795 10.0308812279219 10.3018219841178 10.5696508819298 10.8373273481548 11.105000727816 11.3726808959678 11.5459003448486 -9999 -9999 -9999 -9999 -9999 -9999 -9999 -9999 -9999 12.2870224138037 12.4666620165097 12.4761885263446 12.3348540756942 12.2972187949191 12.2579912777015 12.2497592932833 12.222816064369 12.0422430283151 11.8493269592828 11.6512379731611 11.4131883917192 11.1418644030344 10.9418112134758 10.7417608724182 10.5417099378748
-9999 8.58266372080679 8.60823261060123 8.61069011189932 8.6058762415906 8.64994802411251 8.77893863434632 8.8958444334292 9.00473588949525 9.11286083330942 9.22098641375123 9.40237915981924 9.64437013411924 9.75110469053383 9.78591537529042 9.75941273397638 9.86250562929577 10.029074007545 10.3096292754037 10.5850679905922 10.8570855123257 11.1287734927169 11.4004583875669 11.6721441797493 12.0230431984921 12.3441095352173 -9999 -9999 -9999 -9999 -9999 -9999 -9999 -9999 12.8078922533954 12.8056302062083 12.7421521289615 12.6786738575435 12.6151439155902 12.5495961433196 12.4780030900315 12.3668989133105 12.1871224493396 11.9962246922544 11.8002338350268 11.6033653222009 11.4064963161377 11.2096246982595 11.0127578473625 10.8158873930146
9.2222173790063 9.18236550145196 9.08138634072055 9.09906875695079 9.10913088724717 9.16131980954298 9.28714689431801 9.40145090743063 9.50746074491295 9.61229675508835 9.71713346884379 9.82196876936282 9.92680515265008 10.031642775025 10.1362577208341 10.238613319845 10.3378603157964 10.5048138541613 10.7930982233953 11.0761221220552 11.3553180558445 11.6339575256494 11.9125956903064 12.1912302710047 12.4698658762352 12.8287532242584 13.1562204360962 -9999 -9999 -9999 -9999 -9999 -9999 -9999 13.4083419515511 13.2011493935415 13.1118226822031 13.0224930030188 12.9330674531798 12.8415740266545 12.7444712380094 12.6173741651892 12.4387942288586 12.2510536221458 12.0585011415461 11.8648116848848 11.6711247206975 11.4774367117168 11.2837514325001 11.0900644683129
9.47701334550773 9.516141071216 9.55476520783934 9.58846233893249 9.61420471080149 9.67461574824681 9.79672196609355 9.90751012429262 10.0101860014221 10.1117336134606 10.2132800383002 10.3148271002844 10.4163727178896 10.517923339789 10.6192539393731 10.7182464673151 10.8139925051802 10.9813766704635 11.2771564216478 11.5673762941679 11.8535541079068 12.139139897403 12.4247296032394 12.710317548671 12.9959022271904 13.2814884396701 13.6483134116226 13.9820899963379 -9999 -9999 -9999 -9999 -9999 13.9519705012705 13.7118490780408 13.5966710258885 13.4814924989683 13.3663146409682 13.2510575768646 13.133987939806 13.0119013082098 12.86893038271 12.6913050399135 12.5062216014207 12.3167680682237 12.126259609414 11.935754216907 11.7452489862788 11.5547455352938 11.3642438649747
9.9186728444606 9.97364566858435 10.0283427610394 10.0787879266077 10.1209885108743 10.1897248499364 10.3075822496566 10.4139904882211 10.5129118754493 10.6111685987692 10.7094279994836 10.8076862661566 10.9059416835785 11.0042038140569 11.1023473815262 11.1983517958756 11.2910223922814 11.4589050211202 11.7619034520881 12.0588620154832 12.3517913981457 12.644326280423 12.9368620923064 13.2294018400219 13.5219396891226 13.8144745282392 14.106981155674 14.2814555144217 -9999 -9999 -9999 -9999 14.5472924662358 14.2742478789455 14.1332183672423 13.9921936547939 13.8511658568042 13.710137532281 13.569085718416 13.4266839083045 13.2800195297727 13.1212770159641 12.9444415228231 12.7616460739596 12.575033950108 12.387712024112 12.2003866801935 12.0130633965149 11.8257430367715 11.638420422617
10.3603294177033 10.4311499357307 10.5019049976863 10.5695861375364 10.6293554697062 10.7065666281273 10.8194163010525 10.9205064645533 11.0156355139288 11.1106049324038 11.2055749449687 11.300541491897 11.395510910372 11.4904828644588 11.585427251612 11.678756127625 11.769060936282 11.937555161544 12.2473296818758 12.5504310064369 12.8500254561515 13.1495136600014 13.4489983035613 13.7484841573238 14.0479736663218 14.3474617514538 14.6469405334943 15.0284440908275 15.372670173645 -9999 -9999 14.9232319616349 14.8883424961803 14.7214676300979 14.5545897971923 14.3877129370535 14.2208365524325 14.053956938861 13.8870824288096 13.7194345734852 13.5485271280401 13.3741367064718 13.1979375751018 13.0171570859118 12.8333012566272 12.6491604707044 12.4650188544014 12.2808768812985 12.0967378760416 11.9125944790727
10.7959851632104 10.8867530924648 10.9753210086632 11.0604589206569 11.1390265850784 11.2250185944896 11.3317658578973 11.426687861577 11.5178546890795 11.6070151585826 11.6949274196497 11.7854958680101 11.8794469110464 11.9748389918825 12.0684419880933 12.1593101740012 12.2481036545097 12.4174791593995 12.7332807916225 13.0418275117911 13.3479403666773 13.6524682332748 13.9556947582224 14.2610040244289 14.5691297013205 14.8786575026745 15.1868818373034 15.4931306329903 15.8816270446242 16.2310199737549 -9999 15.6932372187285 15.3612836918645 15.1673831844401 14.9723466856046 14.7786639194935 14.5869460182037 14.3963637099495 14.2050520377865 14.0120843239479 13.8170196569103 13.6272247121396 13.4514558912679 13.2724810200079 13.0916089552661 12.9103426835745 12.7283988729074 12.5469240681875 12.366210414744 12.1860562984183
11.1617949246153 11.284440173042 11.4130751962002 11.5396717892304 11.6487181787849 11.7444865824506 11.8402751709434 11.9141414714817 11.9769683642801 12.0439475417402 12.1185688104412 12.2040517685721 12.3007135293809 12.4066282403825 12.5180447413439 12.628494977516 12.7274408413572 12.8985318703523 13.2170019783497 13.5190742688178 13.8108999473895 14.1062118292428 14.4079318820164 14.7187054220938 15.038701646144 15.3662775196693 15.698265168482 16.0300421341714 16.3526348484481 16.5612254580217 16.416774896003 16.0443954191759 15.8102438298796 15.578725789721 15.3519605315432 15.1316807554647 14.9177744049384 14.7089304508112 14.5028009835716 14.2967740582374 14.0849212570875 13.8801803995487 13.7047599778551 13.524928319702 13.3398823464803 13.1566171647304 12.9760528220393 12.7985099500767 12.6233726702015 12.4496178527826
11.4098070184342 11.562780114087 11.7334840612585 11.9171185157781 12.1045251220072 12.2396167968946 12.2723428697732 12.294151193737 12.3238570571991 12.3708278304845 12.4358221325967 12.5181940625307 12.617299607044 12.7326762446872 12.8635902674459 13.0062051158299 13.1549812133721 13.3566004270415 13.6388064338821 13.9052650851012 14.1786303391472 14.4671768995471 14.7713887440217 15.0903244084554 15.423019790391 15.7686444812131 16.1262393588267 16.4929182713673 16.8620256992516 17.0124294604722 16.7519045221217 16.467801484391 16.1894496386391 15.9230805973134 15.6687511898382 15.4252109280196 15.1911507185721 14.9653647917445 14.7466169999353 14.5330064661013 14.3197059044302 14.1185052077679 13.937638688612 13.7432997669005 13.553709131528 13.3718521563554 13.1970143854592 13.0274943931392 12.8615142476239 12.6973484959126
11.4059629000724 11.5700095613167 11.7512092431059 11.9434885193997 12.1316485435529 12.2660010978197 12.311935364304 12.3407287400047 12.372284386723 12.4201660662466 12.4856615588004 12.5682884094358 12.6674390860706 12.7825923763193 12.9128122156789 13.0534783793201 13.1939726207541 13.383098156321 13.6611195156325 13.9200734133519 14.1808338334599 14.4558812385722 14.7462213933724 15.0510776493219 15.3695183925155 15.7006844629234 16.0434818143115 16.3946403231776 16.7439345035113 16.8759696405352 16.6126921213367 16.3253898965724 16.039300658917 15.764429620257 15.5013022285373 15.2488028474124 15.0056625025807 14.7706741342067 14.5425463856122 14.3192367691118 14.0944432732831 13.8878318285662 13.7206995252563 13.5437956422505 13.3683933516769 13.2002033937396 13.0388461395001 12.8827170486625 12.7300837622785 12.5792470257877
11.1703536942295 11.3270285177742 11.487528134716 11.6455868168032 11.7890418366457 11.906328188652 12.0016713710131 12.0778371221526 12.1460808355254 12.216444162567 12.2926394771713 12.3788636418014 12.4755575071231 12.5806172928254 12.6893175630743 12.7964355813973 12.8947151860962 13.0518428091804 13.3318013392301 13.5968626363943 13.8544351151073 14.1139202533898 14.3781216655406 14.6506581622127 14.9318383052341 15.2199291296125 15.5110161817284 15.8011791769368 16.0843019281307 16.1783742995998 15.9394170479661 15.685885162178 15.426320066936 15.1683937983861 14.9138172147358 14.6651729839981 14.4225014407119 14.1844998192388 13.9483959750306 13.7117446214875 13.4720822649124 13.2627209546553 13.1206885297088 12.9807000283464 12.8373339020558 12.6953715691949 12.5552135122146 12.4177837711801 12.2826127438973 12.1487667998172
10.8043128083647 10.9542395971184 11.1025402446868 11.2471681617827 11.3846172383189 11.5067013127819 11.6117499220438 11.7070934551957 11.7989220160176 11.8887074359148 11.9779266309287 12.0695649567618 12.1640796168623 12.2601684408823 12.354983310502 12.4467656596421 12.5358653619803 12.6817038960432 12.9322048178305 13.1758352313742 13.4167856687021 13.6561022575485 13.894700363898 14.1352365068639 14.3781600111705 14.6225141217138 14.8659773166776 15.1073076011213 15.3469493037814 15.4207455496993 15.1900145657297 14.9510262797052 14.7107530251994 14.4693837456436 14.2272878178996 13.9864934194802 13.7473577884006 13.5093029824085 13.2707855923061 13.03127231573 12.7932323892995 12.5960686690782 12.4741524216004 12.3592384093506 12.2449652698184 12.1302774878618 12.015079430602 11.9003920058288 11.7863462182734 11.6727408600877
