Spatial_Analysis/Maxent_Inputs/Inputs/RCP8_5_Future/currentspeed_future85.asc
NCOLS 638 
NROWS 314 
XLLCORNER -102.97071042 
YLLCORNER 3.973116569 
CELLSIZE 0.083 
NODATA_value -9999 
[rows 66 to 87 of 314, columns 350 to 399 of 638]
7.25709867729107 6.95003509681646 6.6434484124826 6.33933072177887 6.04164523859274 5.77594111143672 5.55485761031512 5.33314600029259 5.11234291951859 4.89177669951045 4.67107416314458 4.4498987437632 4.22791238773851 4.00475370746958 3.78004063830197 3.55346438129681 3.32841454838439 3.17215862317111 3.13490905824728 3.1010057210998 3.06474563747127 3.02640533727642 2.98680241160213 2.94675881188077 2.90708012404672 2.86858128038694 2.83209802748878 2.79833905252277 2.76625481924672 2.72299013437986 2.65746064856266 2.58716316916707 2.51784253302856 2.45029633510674 2.38465429928971 2.32100321888992 2.25946275574493 2.2002015835432 2.14341179183047 2.08909929822574 2.03506222240304 2.04891638538992 2.1932310119164 2.3415715577417 2.49170212536422 2.64444961985927 2.79961475975383 2.95694387689931 3.11622349837265 3.27728214445184
7.16037621529322 6.89174470814453 6.62369045603537 6.35801025515773 6.09629296527525 5.85923872320706 5.65924441813251 5.45493431671215 5.25116487755526 5.04781956066138 4.84441928239366 4.64061789468929 4.43610194571274 4.2305812477346 4.02386545422148 3.81625341490135 3.61153071222189 3.46184793701692 3.40547817471792 3.35379156684072 3.30104854845184 3.2469428182175 3.19180841461221 3.13629605873664 3.08110218693624 3.0269051333625 2.97423789142605 2.92300193662859 2.87247395052807 2.81106436462127 2.72783011739635 2.64170073137995 2.55503731729072 2.4691945266387 2.38484144855498 2.30221055783574 2.2214357560139 2.14259002756341 2.06553736389836 1.98932393996032 1.91227238933517 1.91347172785165 2.06393346690566 2.22122855438065 2.37838985947591 2.53685998256655 2.69722355898883 2.85945427447842 3.02340112977293 3.18885901961316
7.1450438300216 6.91611818629741 6.68759720303022 6.45965136053676 6.23113961641194 6.02460238991541 5.8569138931185 5.68129395927535 5.50446757875986 5.32789139126659 5.15134245931097 4.97466588532583 4.79766698091312 4.62028933913636 4.44257800128028 4.26519110854306 4.09236717283286 3.95353100057454 3.86795970969855 3.78863276645626 3.71036858333913 3.63179466697339 3.55286792967488 3.47380519243454 3.39487273928793 3.31629836805602 3.23817793306875 3.16022253663049 3.08231459322104 2.99555600828992 2.89167807303142 2.78728590870297 2.68198108327125 2.57664428090851 2.47172225516161 2.36745513631295 2.26401339827228 2.16125300696786 2.05891877590668 1.9562980958344 1.85233505632315 1.83744791752699 1.99342382203135 2.15927568473229 2.3237931582504 2.4883561031879 2.65346669482819 2.81927431521679 2.98585155236053 3.15296811799322
7.14638054350877 6.95287967397364 6.75946872573604 6.56465651980903 6.36589600189046 6.18901192728367 6.05311128706465 5.90818854725163 5.75934649975411 5.61044903432529 5.46156622851323 5.31269412598282 5.16378118357516 5.01485580380993 4.86595792312001 4.71802922348278 4.57454442795905 4.44442869074001 4.33234151827305 4.22603016092984 4.12198094863316 4.01793851092761 3.91389189801165 3.8098457818114 3.70580919002485 3.60177625960704 3.49773527649112 3.39394841555779 3.29113895713312 3.18013396529344 3.05269553883437 2.92607560739645 2.79989331094435 2.67368734624014 2.54743732031247 2.42120720178516 2.29507686465757 2.16894396654053 2.0427542042587 1.91655173176833 1.79004038669809 1.76129745973593 1.91948593301791 2.08968336725906 2.2594002498999 2.42906675072888 2.5986917705564 2.76833041139715 2.93806549506174 3.10776375983498
7.15383956306606 6.99333784752739 6.83276347033996 6.6695026200618 6.50029701874136 6.35362226421517 6.24896278921338 6.13468697665896 6.01442977867777 5.89371895712662 5.77300781093253 5.6522961306305 5.53158499082704 5.41087416927589 5.29020643552533 5.17100961313153 5.05592520481048 4.93405245163201 4.79636193127251 4.66368216675697 4.53397172359878 4.4044208754697 4.27486978996614 4.14531889649433 4.01576805428238 3.88621711227252 3.75667997880018 3.6276895863003 3.50034036964214 3.36523325355732 3.21408796169523 3.064427312802 2.91587625236725 2.76739671396423 2.61891689015443 2.47043737380673 2.32195787043118 2.17347798786518 2.02500251624837 1.87655964047191 1.72805057168648 1.68569666483521 1.84584406599124 2.01956407007883 2.19301889492173 2.36639457441943 2.53977020050605 2.71314576242361 2.88654457615638 3.05991174908932
7.16138804233491 7.03379531446295 6.90594142705931 6.77428075650811 6.63527485951101 6.51901976815056 6.44509727097731 6.360969320201 6.2695127921944 6.17698916039586 6.08446498056686 5.99194055576999 5.89941660350782 5.80689269661772 5.71449243623741 5.62376773822567 5.53633678019135 5.42255319730059 5.25981452513857 5.10138533796138 4.94596212639677 4.79090146011487 4.63584082515938 4.48077990536627 4.32571923908436 4.17065863972551 4.01565115500035 3.86152317592297 3.70968322204645 3.55051042321779 3.37566870481206 3.20289347482872 3.03185903953562 2.86108990081222 2.69032016925404 2.51955047759352 2.34878116082242 2.17801177181394 2.00726008525357 1.83665754255019 1.66631984832462 1.61043825955002 1.77244717210561 1.94950918253329 2.12663745580742 2.30370847874337 2.48077912891031 2.65796527862421 2.83514934001374 3.0120226870858
7.16893710526595 7.07425277595774 6.97915052955191 6.8794805450171 6.77139695881922 6.68569345317125 6.64209818562588 6.58748015482214 6.52459587481609 6.46025887923453 6.39592211887765 6.3315851923396 6.26724826156064 6.20291096715737 6.13873574099395 6.07618616201994 6.01594068947769 5.91017575146258 5.72268117692022 5.53894070890571 5.35795262842349 5.17738204261025 4.99681165645435 4.81624083117839 4.63567024536513 4.45509985920923 4.27461776981493 4.09530325836287 3.91888718615514 3.73564273514203 3.53716735042851 3.34135405345949 3.14784171074 2.95478270416444 2.76172323476944 2.56866382407054 2.37560491242126 2.18254563395091 1.989518067098 1.79678608341423 1.60469025142149 1.53530927421106 1.69916055825694 1.87950520677769 2.06025585813901 2.24102197470165 2.42199736417225 2.60302239046294 2.78347518432408 2.96408603154867
7.17648609915061 7.1147106625241 7.0525510824529 6.98556975623053 6.90915901582236 6.85413369263627 6.84041317113575 6.81448118458498 6.77967948604054 6.74352916983667 6.70737970814279 6.67122982466831 6.63507955598914 6.59892941141006 6.5629034106495 6.52826729638384 6.49494289148058 6.39715861158465 6.18508203373568 5.97633012476511 5.76994304735821 5.56386271794084 5.35778210798827 5.15170152936212 4.94562095712665 4.73954088122045 4.53353820537026 4.32885980267023 4.12766667268162 3.92031305863088 3.69831582500262 3.47967825379116 3.26382477088091 3.04847545249373 2.83312631152065 2.61777755087922 2.4024284935966 2.18707938822017 1.9717607695366 1.75685990940924 1.54298241386021 1.46010323853929 1.62582313683585 1.80948718973814 1.99387460110655 2.17858624359981 2.36341023032235 2.54753987275503 2.73171932260117 2.91618034832283
7.18403522352889 7.15516841429727 7.12613248621039 7.09268240465065 7.04904069972558 7.02486598434291 7.0403353575813 7.04197962078534 7.03476290735079 7.02679992328901 7.01883713673193 7.01087378056403 7.00291044047132 6.99494782863874 6.98703175419679 6.98014733106264 6.9735552985319 6.8837282474517 6.64720354893096 6.4136422427436 6.18193320518831 5.95034341915421 5.71875260698533 5.48716244758082 5.25557204649942 5.0239818040029 4.79241880803892 4.56211720076274 4.3357409740713 4.10419409595665 3.858880343 3.61779575635572 3.37980736389708 3.14216823154521 2.90452967367719 2.66689098104675 2.42925184869484 2.19161309667462 1.9539851768078 1.71681646897593 1.48101416810945 1.38461242806829 1.55228114462502 1.73940108235988 1.92774438306833 2.11629404842895 2.30414329300836 2.49196278385175 2.68011877492833 2.868274989203
7.19158425513064 7.19562629877538 7.19964590893417 7.20045766176451 7.1914552225754 7.19844653859745 7.24180095376009 7.26944850024652 7.28984647105053 7.31007057966525 7.33029446495401 7.35051836422972 7.3707422926792 7.39096609057351 7.41119497774425 7.4320392386573 7.45199368322032 7.37010949040686 7.10928317269671 6.8510387737856 6.59392396186741 6.33682375459061 6.07972351162625 5.8226235632427 5.56552339153318 5.30842308496893 5.05132327890758 4.79513249504981 4.54286669177627 4.28694162269434 4.01874268176762 3.75582205616106 3.49578968229809 3.23586109258161 2.9759328341189 2.71600432752377 2.45607558412473 2.19614673823678 1.93621813072197 1.67665622907226 1.41861611623211 1.30862254478681 1.47843011278407 1.66951240298478 1.86173655452706 2.05330135632952 2.24481515210847 2.43666680050538 2.6285183469854 2.82036986372292
7.20423606254763 7.23877481086238 7.27355108817279 7.30861785965012 7.33637412677436 7.37532521244593 7.44445868596957 7.49671116405114 7.54673132080802 7.59861442441929 7.6496806794193 7.69874281110169 7.74557487694728 7.79071129108738 7.83618507918886 7.88403529682376 7.93049874699132 7.85654859859248 7.57151448364117 7.28868778871891 7.00779010815268 6.72917287392496 6.44980641921394 6.16817615023195 5.88392090826255 5.59755550435396 5.3113647211347 5.02798626672601 4.74903124822329 4.46823014918061 4.17794888763958 3.89412468432332 3.61378751795075 3.33625784193818 3.05798366197453 2.77704996519109 2.49301113379638 2.2064409651515 1.9199264979955 1.63639155802763 1.35571013035907 1.23192457666465 1.40446891049532 1.59986861714875 1.796893551406 1.99656278492644 2.19567150692887 2.39213053343723 2.58581102023274 2.77747315751116
7.24158483477944 7.3054447516787 7.36579510917743 7.42435559394518 7.48237928852463 7.55491839844574 7.65026495617454 7.73994571293784 7.82998088732996 7.91812784697077 8.0019468378692 8.0804347895445 8.15331653091733 8.22086281759927 8.28458250153768 8.34706592244736 8.41052403834619 8.34337363415685 8.03855168436258 7.74396716268091 7.45148727790358 7.15717588242237 6.85812376673267 6.55297205919141 6.24124207701363 5.92307973993581 5.60007349423793 5.27511736504293 4.95677859225001 4.6481589921989 4.34204242922863 4.05262680114854 3.76683557358194 3.47885850686992 3.18525988725298 2.88440209866345 2.57577814083906 2.25960691720901 1.93772977387466 1.61345824592603 1.2952494799906 1.15471304078964 1.3354191176339 1.54984757611776 1.76711462779807 1.98121451720095 2.18889958923593 2.38927727396393 2.58271930590464 2.77022813949563
7.29550537888049 7.38829058521462 7.47393475784509 7.55232242940612 7.63013761296056 7.72935885103487 7.85735759371024 7.98725762878901 8.11277892208034 8.23150503514979 8.34325013528947 8.44796549636726 8.54548107525302 8.6354718862004 8.71756972148326 8.79222894808291 8.86260547323459 8.79747576164029 8.49194067258546 8.19897571363172 7.90193692564235 7.59744163821504 7.28507067857622 6.96460995773198 6.63571320899371 6.29785033891594 5.95041832331888 5.59364190410848 5.23590635866068 4.89837144621054 4.5946749087908 4.31155908031934 4.0239374708512 3.72716414885579 3.4208258216141 3.10480455897758 2.7788344902946 2.44243043138377 2.09500760274044 1.73682001603904 1.37654288019459 1.2100259702901 1.40727480065033 1.64431891133087 1.8746078089702 2.09329878468162 2.30112901219666 2.49916990983301 2.68833386249497 2.86934026493834
7.29078750618641 7.39638591898049 7.49669582773345 7.59424063825922 7.6906210493873 7.80136508919871 7.9390753283262 8.06863959525696 8.1991472751163 8.3257110147264 8.44655111620592 8.56117262122019 8.66935655989021 8.77105734695379 8.86690162471402 8.96026616842245 9.05223326173445 9.00627128182073 8.71963186391727 8.44067030192831 8.16333098237561 7.88196152784702 7.59420114767923 7.29930033024629 6.99685204432857 6.68664472519473 6.36919392975846 6.04822526357442 5.73115978365419 5.41963138289602 5.11618874896797 4.82859992688982 4.5431151324674 4.25293017835825 3.95504617098984 3.648636410253 3.33332161205682 3.00894756194717 2.67613981793836 2.33925663311531 2.00498965325582 1.84331855853809 2.01007809422929 2.20813970508869 2.40639768035237 2.59837238833037 2.78159080510917 2.95620437645932 3.12286896331164 3.28243586601895
7.26304203815337 7.37358869494994 7.48293222411989 7.59174224189027 7.69339796414363 7.80429874263397 7.94465395668898 8.06380512715886 8.18252394410838 8.30089625332491 8.41766873131264 8.53184763461766 8.64298272161583 8.7518075316167 8.85938451061888 8.96808886172728 9.07693373084632 9.05707273205217 8.81124382417242 8.56844077561918 8.32946175053359 8.09033979889724 7.84948137389788 7.60571814842825 7.35836275544308 7.10816874756432 6.85633970015683 6.60581575765096 6.36345289200862 6.10679416099021 5.81333865014703 5.5309034294667 5.25483157095349 4.9787585058213 4.70061467595287 4.41908399081594 4.1332958946252 3.84412818389457 3.55311286632585 3.26317992060723 2.97753336471688 2.83239210848394 2.95142742456281 3.09025296471646 3.23311557864327 3.375628318459 3.51567868078349 3.65236505692464 3.78523423220431 3.91542736922812
7.26526791220079 7.38010918893449 7.49516146597079 7.6057697065661 7.70023874371266 7.80933437423042 7.96070508772474 8.08544236920395 8.19964446244269 8.31390750882875 8.42840097337091 8.54268125545098 8.65650006697813 8.77032736571078 8.88445469199919 8.99873106509175 9.11031850567075 9.11085168734847 8.91798508092283 8.7258764137095 8.53402511499351 8.34230747387769 8.15085985707274 7.95921562595592 7.76701496468274 7.57478189600113 7.38290908639357 7.19231813943592 7.00805654741074 6.79747762563454 6.52850725554051 6.26808951966409 6.01204931883965 5.75624072547448 5.50074993580143 5.24507731309378 4.98873535622318 4.73234278929462 4.47644303583224 4.22029713597554 3.96259099059523 3.82254778305202 3.90902319083134 4.0082824826077 4.1057353786712 4.20318802598031 4.30092806466709 4.39851947076281 4.49550213433058 4.59227541763491
7.27867203167007 7.39515490339324 7.51140384994668 7.61962363129287 7.70699781976063 7.81563024348904 7.97609706414081 8.10877686907942 8.22486917985815 8.33992363816493 8.45497840073703 8.57003331430062 8.68508829051707 8.80014289121046 8.91520126724011 9.03044510742827 9.14354554533735 9.16446468577896 9.02491029971979 8.88602089848241 8.74752284312485 8.6090505211018 8.47057881621425 8.3321069171745 8.19363473329714 8.05516239519888 7.91672476705993 7.78068689126005 7.6526603044294 7.48736402775421 7.24386764734886 7.00854068587968 6.77947606508239 6.55097527801953 6.32247427731235 6.09397358947536 5.86538887689811 5.63683598452154 5.40850975572486 5.17914176783969 4.94645256007673 4.81101885294463 4.86557950022726 4.9286922265384 4.98829532550946 5.04729879184661 5.10630186652685 5.16530494120709 5.22415366489137 5.28292942384019
7.29228947986746 7.41020172277059 7.52732820136837 7.63351706899522 7.71600360381969 7.82467926509626 7.99243286043964 8.13140956741086 8.25009387778149 8.36606833842553 8.48204259403012 8.59801739121296 8.71399187564872 8.82996601253532 8.94594723205231 9.062109762699 9.17662059858502 9.21792283551791 9.13177445626013 9.04618817479568 8.96102100272129 8.87592945273255 8.79083816384841 8.70574653842547 8.62065449001921 8.53556299179606 8.45062950268547 8.36899471524056 8.29640843348728 8.17609568062686 7.95871657916447 7.74918377533076 7.54690300117771 7.34585506489775 7.1448068675132 6.94351864624856 6.74220910382194 6.54155044583235 6.34059781386518 6.13783279881606 5.92963716247423 5.7987970286989 5.82157218585076 5.84882977939855 5.87085495197495 5.89153510108757 5.91221544435238 5.93273198796622 5.95316194192357 5.97404818082602
7.30590714164475 7.42524886906663 7.54338309225998 7.64876910917899 7.72849140819492 7.8375393054676 8.01124481826022 8.15458580733308 8.27531842471336 8.39221263949449 8.50910697287053 8.62600149191699 8.74289544559355 8.85978958481741 8.97668504234741 9.09372247087009 9.20958271759673 9.27126189055881 9.23856452808111 9.20634194142053 9.17451901562583 9.14280809528482 9.11109681891289 9.07938559430655 9.04767460701313 9.01596382905871 8.98451985639067 8.95689370934029 8.93893967796657 8.86343832226478 8.67259488999584 8.4895479751455 8.31432965034435 8.14073447960838 7.96674695955739 7.79264885573358 7.61962642101233 7.44635472540307 7.27269610152695 7.09653687338027 6.91302214536663 6.78685461356917 6.77778331483884 6.76904372096273 6.75341418678359 6.73577141032858 6.71799073404867 6.70011278036755 6.68262268709839 6.66520052024108
7.31952460926984 7.44029606706385 7.55998049683618 7.66650549322741 7.74550916949718 7.85525704362431 8.03364006686216 8.17907309314538 8.3005429802501 8.41835707865048 8.53617092024583 8.6539849754855 8.77179891200719 8.88961296724687 9.00741746789689 9.1253017726236 9.24247136967997 9.32451761690355 9.34528852453429 9.36646806426416 9.388017337101 9.40968652849807 9.43135562066926 9.45302488750053 9.47469473919384 9.49636393059091 9.51826531374145 9.54404631008047 9.57999003121948 9.54915042925013 9.38522391207803 9.22941891598718 9.08175661232249 8.93516742735976 8.78836479628685 8.64280227071988 8.49718743591837 8.35104561653549 8.20484784571931 8.05567757785923 7.89747452713823 7.77615261384303 7.7350134536901 7.68971284431891 7.63597359960767 7.57992569026668 7.52379045468749 7.46789087404993 7.41211053800591 7.3561445630415
7.33314248469144 7.45534330822179 7.57706175954005 7.68693390564964 7.76806315712476 7.87897024158611 8.06027959893477 8.20491569218932 8.32576807736507 8.44450173575036 8.56323501431303 8.68196874813252 8.80070283798294 8.91943653952895 9.03815947157976 9.15689050954619 9.27532836564774 9.37772319976426 9.45196001437124 9.52656313187435 9.60151546872355 9.67656490994573 9.75161446988593 9.82666444179912 9.90171419829697 9.97676338030868 10.0518970650466 10.1304353146645 10.2193242522305 10.2329583266094 10.0964528509238 9.96879806539311 9.84875305914219 9.72937679698908 9.61120390540388 9.49311538461678 9.37442598658126 9.25573661233744 9.13703227231368 9.01547174540034 8.88382243655623 8.76767883664161 8.69400754982338 8.61110204556867 8.51850186834374 8.42412629053925 8.32984552788657 8.23566742848266 8.14137831222092 8.0470890178822
7.34676040757334 7.47039037686944 7.59395256900217 7.70899115536171 7.79699130369913 7.90990330379681 8.090942334711 8.23081217320387 8.35099300411954 8.47064591810132 8.59029951187144 8.70995273011855 8.82960637134899 8.94925976007969 9.06890996024 9.18850576338185 9.30820384321703 9.43091058412878 9.55858594921874 9.68661844624097 9.81501421077658 9.94344457313045 10.071874028759 10.2003051937957 10.3287342460561 10.4571649362208 10.5855978806316 10.716381130749 10.8567715698347 10.9145486555939 10.8063795770391 10.7076888144072 10.6155599267462 10.5247962463679 10.4341376298495 10.342898339969 10.2516628909943 10.1604268248842 10.0691912376995 9.97596997476874 9.87274750248289 9.76247911108438 9.65527178078301 9.53305381387928 9.40107787419178 9.26843874142167 9.13586933292412 9.00325783912523 8.87064589006952 8.73803358498291
