Spatial_Analysis/Maxent_Inputs/Inputs/RCP8_5_Future/PAR_future85.asc
NCOLS 638 
NROWS 314 
XLLCORNER -102.97071042 
YLLCORNER 3.973116569 
CELLSIZE 0.083 
NODATA_value -9999 
[rows 132 to 153 of 314, columns 350 to 399 of 638]
47.0829086303711 47.1844596862793 47.2860107421875 47.3871383666992 47.474910736084 47.5495300292969 47.6220703125 47.6923904418945 47.7604293823242 47.8281898498535 47.8959503173828 47.9637107849121 48.0314712524414 48.0992393493652 -9999 -9999 -9999 -9999 -9999 -9999 -9999 -9999 -9999 -9999 -9999 -9999 -9999 -9999 -9999 -9999 -9999 -9999 -9999 -9999 -9999 -9999 -9999 -9999 -9999 -9999 -9999 -9999 -9999 -9999 -9999 -9999 -9999 -9999 -9999 -9999
46.9788093566895 47.0725784301758 47.1663589477539 47.2598609924316 47.3420486450195 47.4130210876465 47.4822387695312 47.549560546875 47.7604293823242 47.6803398132324 47.7456512451172 47.8109588623047 47.8762702941895 47.9415817260742 48.0068893432617 -9999 -9999 -9999 -9999 -9999 -9999 -9999 -9999 -9999 -9999 -9999 -9999 -9999 -9999 -9999 -9999 -9999 -9999 -9999 -9999 -9999 -9999 -9999 -9999 -9999 -9999 -9999 -9999 -9999 -9999 -9999 -9999 -9999 -9999 -9999
46.874698638916 46.9607086181641 47.0467109680176 47.1326408386231 47.2093391418457 47.2766990661621 47.3425483703613 47.4067611694336 47.3242416381836 -9999 -9999 -9999 47.721061706543 47.7839202880859 47.8467788696289 47.9095497131348 -9999 -9999 -9999 -9999 -9999 -9999 -9999 -9999 -9999 -9999 -9999 -9999 -9999 -9999 -9999 -9999 -9999 -9999 -9999 -9999 -9999 -9999 -9999 -9999 -9999 -9999 -9999 -9999 -9999 -9999 -9999 -9999 -9999 -9999
46.7705993652344 46.8488311767578 46.9270706176758 47.005298614502 47.0765991210938 47.1403617858887 47.2028198242188 47.2638397216797 47.3242416381836 47.3846397399902 47.2955703735352 47.3539505004883 47.4118690490723 47.6262588500977 47.6866607666016 47.7470703125 47.5920486450195 47.5441703796387 -9999 -9999 -9999 -9999 -9999 -9999 -9999 -9999 -9999 -9999 -9999 -9999 -9999 -9999 -9999 -9999 -9999 -9999 -9999 -9999 -9999 -9999 -9999 -9999 -9999 -9999 -9999 -9999 -9999 -9999 -9999 -9999
46.6655807495117 46.7366485595703 46.8074188232422 46.8778800964355 46.9436492919922 47.0037994384766 47.062858581543 47.1208915710449 47.178840637207 47.2370300292969 47.2955703735352 47.3539505004883 47.4118690490723 47.3216285705566 47.5265502929688 47.5844993591309 47.5920486450195 47.5441703796387 47.4901084899902 -9999 -9999 -9999 -9999 -9999 -9999 -9999 -9999 -9999 -9999 -9999 -9999 -9999 -9999 -9999 -9999 -9999 -9999 -9999 -9999 -9999 -9999 -9999 -9999 -9999 -9999 -9999 -9999 -9999 -9999 -9999
46.5539093017578 46.6195602416992 46.6850891113281 46.7497901916504 46.8102798461914 46.8667907714844 46.9224510192871 46.9786682128906 47.0362701416016 47.0944595336914 47.1525917053223 47.2101707458496 47.2666816711426 47.3216285705566 47.3746299743652 47.4256591796875 47.4286994934082 47.384838104248 47.3346214294434 -9999 -9999 -9999 -9999 -9999 -9999 -9999 -9999 -9999 -9999 -9999 -9999 -9999 -9999 -9999 -9999 -9999 -9999 -9999 -9999 -9999 -9999 -9999 -9999 -9999 -9999 -9999 -9999 -9999 -9999 -9999
46.5539093017578 46.4969711303711 46.6850891113281 46.6184501647949 46.6757392883301 46.7289695739746 46.7843208312988 46.8413009643555 46.8993301391602 46.9577903747559 47.0161018371582 47.07373046875 47.1301116943359 47.1846504211426 47.2366790771484 47.4256591796875 47.4286994934082 47.384838104248 47.1922416687012 -9999 -9999 -9999 -9999 -9999 -9999 -9999 -9999 -9999 -9999 -9999 -9999 -9999 -9999 -9999 -9999 -9999 -9999 -9999 -9999 -9999 -9999 -9999 -9999 -9999 -9999 -9999 -9999 -9999 -9999 -9999
-9999 -9999 -9999 -9999 -9999 -9999 -9999 -9999 -9999 -9999 46.8856391906738 -9999 47.0015716552734 47.0574684143066 47.1114501953125 -9999 -9999 -9999 -9999 -9999 -9999 -9999 -9999 -9999 -9999 -9999 -9999 -9999 -9999 -9999 -9999 -9999 -9999 -9999 -9999 -9999 -9999 -9999 -9999 -9999 -9999 -9999 -9999 -9999 -9999 -9999 -9999 -9999 45.6190299987793 45.5570907592773
-9999 -9999 -9999 -9999 -9999 -9999 -9999 -9999 -9999 -9999 -9999 -9999 -9999 -9999 -9999 -9999 -9999 -9999 -9999 -9999 -9999 -9999 -9999 -9999 -9999 -9999 -9999 -9999 -9999 -9999 -9999 -9999 -9999 -9999 -9999 -9999 46.1135406494141 46.0681381225586 46.0227394104004 46.1222305297852 -9999 -9999 -9999 -9999 -9999 -9999 -9999 45.6738891601562 45.6155090332031 45.5570602416992
-9999 -9999 -9999 46.0469818115234 46.1007690429688 46.1588096618652 46.2170791625977 46.2756004333496 -9999 -9999 -9999 -9999 -9999 -9999 -9999 -9999 -9999 46.7230911254883 46.6876411437988 46.6516304016113 46.615119934082 46.5785598754883 -9999 -9999 -9999 -9999 -9999 -9999 -9999 -9999 -9999 -9999 -9999 46.1315460205078 46.2043418884277 46.0134887695312 46.1135406494141 46.0681381225586 46.0227394104004 45.9773406982422 -9999 -9999 45.7105712890625 45.6688385009766 45.6258392333984 45.5826301574707 45.635669708252 45.5848999023438 45.5341300964355 45.4833602905273
-9999 -9999 -9999 46.0469818115234 46.1007690429688 46.1588096618652 46.2170791625977 46.2756004333496 46.3343811035156 -9999 -9999 -9999 -9999 -9999 -9999 -9999 -9999 46.7230911254883 46.6876411437988 46.6516304016113 46.615119934082 46.5785598754883 46.5419883728027 -9999 -9999 -9999 -9999 -9999 -9999 -9999 -9999 -9999 -9999 46.1315460205078 46.0587501525879 46.0134887695312 45.9682312011719 45.9229698181152 45.8777084350586 45.8324508666992 45.7904205322266 -9999 45.7105712890625 45.6688385009766 45.6258392333984 45.5826301574707 45.539421081543 45.4962005615234 45.4529991149902 45.4097900390625
-9999 45.8045616149902 45.8520889282227 45.8996315002441 45.9524917602539 46.0107192993164 46.0691795349121 46.1279106140137 46.1869087219238 46.2459907531738 46.305061340332 46.3641395568848 46.423210144043 46.4822807312012 46.5413589477539 46.6003913879395 46.6123809814453 46.5773010253906 46.5417709350586 46.5057601928711 46.4692497253418 46.4326515197754 46.3960609436035 46.3594703674316 46.3228797912598 -9999 -9999 -9999 -9999 -9999 -9999 -9999 -9999 45.8403644561768 45.913158416748 45.8680381774902 45.8229217529297 45.7778015136719 45.7326889038086 45.6875381469726 45.6490516662598 45.6169815063477 45.5839004516602 45.5497703552246 45.514461517334 45.4788093566895 45.4431610107422 45.4075088500977 45.3718605041504 45.3362197875977
45.4750595092773 45.5183410644531 45.706859588623 45.7522811889648 45.8041801452637 45.8625793457031 45.9212493896484 45.9801902770996 46.0394401550293 46.0987892150879 46.1581192016602 46.2174606323242 46.276798248291 46.3361396789551 46.3954811096191 46.4547691345215 46.4668083190918 46.4315986633301 46.3959693908691 46.3599090576172 46.3233795166016 46.2867584228516 46.250129699707 46.2135009765625 46.1768798828125 46.140251159668 -9999 -9999 -9999 -9999 -9999 -9999 -9999 45.666820526123 45.7675704956055 45.7225914001465 45.6776084899902 45.6326293945312 45.5876502990723 45.5426292419434 45.5078315734863 45.4831008911133 45.4574203491211 45.4308013916016 45.4030799865723 45.3749885559082 45.3469085693359 45.3188209533691 45.2907295227051 45.2626495361328
45.4750595092773 45.5183410644531 45.5616188049316 45.6049194335938 45.6558303833008 45.7144012451172 45.7732696533203 45.8324508666992 45.8919792175293 45.9515800476074 46.0111885070801 46.0707893371582 46.1304016113281 46.189998626709 46.2495994567871 46.3091697692871 46.3213005065918 46.2859687805176 46.2502517700195 46.2140998840332 46.1775207519531 46.1408615112305 46.104190826416 46.0675315856934 46.0308799743652 45.9942092895508 45.9575500488281 45.7747802734375 -9999 -9999 -9999 -9999 45.5657806396484 45.666820526123 45.6219787597656 45.5771408081055 45.532299041748 45.4874610900879 45.4426193237305 45.3977699279785 45.3667488098145 45.3493804931641 45.3311080932617 45.3119316101074 45.2916984558105 45.2711791992188 45.2506484985352 45.2301216125488 45.2095985412598 45.189079284668
45.3340682983398 45.3752288818359 45.416389465332 45.4575500488281 45.5074195861816 45.5661582946777 45.6252288818359 45.6846809387207 45.7445106506348 45.8043785095215 45.8642501831055 45.9241218566895 45.9839897155762 46.0438613891602 46.1037292480469 46.1635818481445 46.1758499145508 46.1404190063477 46.1045799255371 46.0683212280273 46.0316505432129 45.9949607849121 45.9582595825195 45.9215698242188 45.8848686218262 45.8481788635254 45.8114814758301 45.7747802734375 -9999 -9999 -9999 -9999 45.5657806396484 45.5210914611816 45.476390838623 45.4316902160645 45.3869895935059 45.3422889709473 45.2975997924805 45.2528991699219 45.2257804870605 45.2158012390137 45.2049293518066 45.1931190490723 45.1803207397461 45.1673583984375 45.1543998718262 45.1414299011231 45.1284713745117 45.1155090332031
45.1930809020996 45.232120513916 45.2711486816406 45.3101806640625 45.3589706420898 45.4178199768066 45.4771308898926 45.5369110107422 45.5970497131348 45.6571807861328 45.7173118591309 45.7774505615234 45.8375816345215 45.8977088928223 45.9578514099121 46.0179786682129 46.0304298400879 45.9949111938477 45.9589500427246 45.9225196838379 45.8857917785645 45.8490600585938 45.8123283386231 45.7756004333496 45.7388687133789 45.7021408081055 45.6654090881348 45.6286811828613 45.7017307281494 -9999 -9999 45.4928512573242 45.419921875 45.375358581543 45.3307991027832 45.2862510681152 45.2416801452637 45.1971282958984 45.1525688171387 45.1080093383789 45.0848503112793 45.0823287963867 45.0788307189941 45.0743103027344 45.0689392089844 45.063549041748 45.0581398010254 45.0527381896973 45.0473289489746 45.0419311523438
45.0525512695312 45.0891914367676 45.125919342041 45.1628303527832 45.2104682922363 45.2693901062012 45.3289489746094 45.3891792297363 45.4495811462402 45.5100288391113 45.570629119873 45.6311187744141 45.6914710998535 45.7516899108887 45.8119697570801 45.872371673584 45.885009765625 45.8494415283203 45.8133392333984 45.7766914367676 45.7399215698242 45.7031784057617 45.6665000915527 45.6297798156738 45.5929985046387 45.5561714172363 45.5193481445313 45.4825782775879 45.4447593688965 -9999 -9999 45.3184700012207 45.2740516662598 45.2296295166016 45.1852493286133 45.1408386230469 45.0964202880859 45.0519790649414 45.0075416564941 44.9631195068359 44.9439010620117 44.948959350586 44.952808380127 44.9554100036621 44.9575691223145 44.9597206115723 44.9618797302246 44.9640197753906 44.9661712646484 44.9683494567871
44.9158096313477 44.9497795104981 44.9832801818848 45.0164985656738 45.062068939209 45.1208305358887 45.180778503418 45.2418098449707 45.3037185668945 45.3653793334961 45.4265785217285 45.4873580932617 45.5477600097656 45.6078491210938 45.6676902770996 45.7274017333984 45.7394905090332 45.7040100097656 45.6676483154297 45.630989074707 45.5947799682617 45.5584411621094 45.5218811035156 45.4851112365723 45.4481582641602 45.4110794067383 45.3739318847656 45.3367500305176 45.2986907958984 45.2591590881348 45.0708885192871 45.1724815368652 45.1283798217774 45.0842590332031 45.0400695800781 44.9958190917969 44.9514999389648 44.9071388244629 44.8627510070801 44.8183288574219 44.8027305603027 44.8156394958496 44.8267211914062 44.8364715576172 44.8461990356445 44.8558692932129 44.8655090332031 44.875129699707 44.8847808837891 44.8944702148438
44.7828788757324 44.8143997192383 44.8452911376953 44.8755493164062 44.9180908203125 44.9727783203125 45.0355186462402 45.0992393493652 45.1619911193848 45.2239685058594 45.2853088378906 45.346118927002 45.4064788818359 45.4664611816406 45.5261001586914 45.5854682922363 45.5964317321777 45.5590209960938 45.5230903625488 45.4876403808594 45.4516716003418 45.4152717590332 45.3785400390625 45.3415489196777 45.3043518066406 45.2669906616211 45.2295417785645 45.1920204162598 45.153450012207 45.113899230957 45.0708885192871 45.0271987915039 44.9833488464355 44.939380645752 44.8953094482422 44.8511505126953 44.8069305419922 44.7626495361328 44.718318939209 44.6739501953125 44.6618804931641 44.6820983886719 44.7003517150879 44.7176895141602 44.7348709106445 44.7519798278809 44.7690391540527 44.7860794067383 44.8031387329102 44.8202590942383
44.6534805297852 44.6827201843262 44.7114906311035 44.7399101257324 44.7827491760254 44.8412818908691 44.9011001586914 44.9621505737305 45.0240097045898 45.0855407714844 45.146598815918 45.2072105407715 45.2674293518066 45.327320098877 45.3869705200195 45.446460723877 45.4577789306641 45.4213409423828 45.3842697143555 45.347110748291 45.3103981018066 45.2735099792481 45.2363700866699 45.1990203857422 45.1614799499512 45.1238212585449 45.0860710144043 45.0483016967773 45.0095596313477 44.9695091247559 44.9269218444824 44.8828392028809 44.8389205932617 44.7949600219726 44.7509307861328 44.7068290710449 44.6626815795898 44.6184692382812 44.57421875 44.5299606323242 44.5215682983398 44.5488815307617 44.5745697021484 44.5990905761719 44.6236000061035 44.6480484008789 44.6724586486816 44.6968612670898 44.7212791442871 44.7457504272461
44.5942497253418 44.6216506958008 44.6490592956543 44.6767692565918 44.7180480957031 44.7734718322754 44.8295783996582 44.8863983154297 44.9433708190918 45.0004501342773 45.0576705932617 45.1147499084473 45.1716499328613 45.2284202575684 45.2851982116699 45.342170715332 45.3526191711426 45.316349029541 45.2798309326172 45.2430610656738 45.2062606811523 45.1694984436035 45.1328086853027 45.0960502624512 45.0592193603516 45.022331237793 44.9854393005371 44.9486198425293 44.9110794067383 44.8718185424805 44.8312797546387 44.7894401550293 44.7472496032715 44.7050704956055 44.6629104614258 44.6207389831543 44.578540802002 44.5363311767578 44.4941101074219 44.4519195556641 44.4466400146484 44.4775695800781 44.5075607299805 44.5365905761719 44.5652809143066 44.5939712524414 44.6226501464844 44.6513290405274 44.6800193786621 44.7087287902832
44.6053504943848 44.6308708190918 44.6564102172852 44.6819305419922 44.7190208435059 44.768009185791 44.8174896240234 44.867488861084 44.917839050293 44.9682006835937 45.0185508728027 45.0689010620117 45.1192588806152 45.1696090698242 45.2199592590332 45.2703094482422 45.2780990600586 45.2432403564453 45.2082901000977 45.1732292175293 45.1380996704102 45.102970123291 45.0678482055664 45.0327186584473 44.9976005554199 44.9624710083008 44.9273414611816 44.892219543457 44.8569183349609 44.8208503723145 44.7839698791504 44.7462692260742 44.7079391479492 44.6695899963379 44.6312484741211 44.5929107666016 44.5545616149902 44.5162200927734 44.4778709411621 44.4395294189453 44.4365501403809 44.4683685302734 44.4995307922363 44.5299911499024 44.5598793029785 44.5897483825684 44.6196212768555 44.6494903564453 44.6793518066406 44.7092208862305
