Spatial_Analysis/Maxent_Inputs/Inputs/RCP8_5_Future/PAR_future85.asc
NCOLS 638 
NROWS 314 
XLLCORNER -102.97071042 
YLLCORNER 3.973116569 
CELLSIZE 0.083 
NODATA_value -9999 
[rows 242 to 263 of 314, columns 0 to 49 of 638]
43.3699798583984 43.3756790161133 43.3813781738281 43.3870811462402 43.3927001953125 43.3980102539062 43.3926086425781 43.3765106201172 43.3601188659668 43.3435287475586 43.3269500732422 43.310359954834 43.2937812805176 43.2771911621094 43.2606086730957 43.2440299987793 43.2271995544434 43.2092094421387 43.1953010559082 43.185489654541 43.1745414733887 43.1627807617188 43.1510200500488 43.1392517089844 43.1274909973145 43.1157188415527 43.1039581298828 43.0921897888184 43.0805397033691 43.0694198608399 43.0679702758789 43.0761909484863 43.0849304199219 43.0940399169922 43.1031608581543 43.1122894287109 43.121410369873 43.1305313110352 43.1396408081055 43.1487693786621 43.1579895019531 43.1677017211914 43.1894989013672 43.2233695983887 43.2577285766602 43.2924003601074 43.327091217041 43.3617706298828 43.3964500427246 43.4311294555664
43.3013000488281 43.3071708679199 43.3130416870117 43.3189086914062 43.3247299194336 43.3301811218262 43.3257598876953 43.3114891052246 43.2967910766602 43.2819595336914 43.2671203613281 43.2522811889649 43.2374496459961 43.2226104736328 43.2077789306641 43.1929397583008 43.1780204772949 43.1619911193848 43.1474418640137 43.134449005127 43.1201515197754 43.1053199768066 43.0904884338379 43.0756607055664 43.0608291625977 43.0460014343262 43.0311698913574 43.0163383483887 43.0015487670899 42.9873008728027 42.9842109680176 42.9922714233398 43.0009498596191 43.0098991394043 43.0188598632813 43.0278091430664 43.0367584228516 43.045711517334 43.0546607971191 43.0636215209961 43.0726089477539 43.0820808410645 43.1043090820312 43.1393089294434 43.1748504638672 43.2106094360352 43.2463684082031 43.2821311950684 43.3178901672363 43.3536491394043
43.2325897216797 43.2386512756348 43.2446899414062 43.2507286071777 43.2567710876465 43.262451171875 43.2590293884277 43.246509552002 43.233470916748 43.2203788757324 43.2072906494141 43.1941986083984 43.1810989379883 43.1680297851562 43.1549491882324 43.1418609619141 43.1287689208984 43.1148986816406 43.0997695922852 43.0834693908691 43.0657615661621 43.0478591918945 43.0299606323242 43.0120697021484 42.9941596984863 42.9762802124024 42.958381652832 42.9404792785645 42.9225807189941 42.9050903320313 42.9003410339356 42.9082794189453 42.9169692993164 42.9257507324219 42.9345397949219 42.9433288574219 42.9520988464356 42.9608993530274 42.9696807861328 42.9784698486328 42.9872512817383 42.9963798522949 43.0190391540527 43.0551986694336 43.0919609069824 43.1288108825684 43.1656494140625 43.2024917602539 43.2393188476563 43.276180267334
43.160530090332 43.1671600341797 43.1743392944336 43.1818389892578 43.1887588500977 43.1948394775391 43.1924514770508 43.1814804077148 43.1699485778809 43.1573600769043 43.1448402404785 43.1327896118164 43.1213302612305 43.1104507446289 43.1000900268555 43.0900192260742 43.0794296264649 43.0679016113281 43.0522994995117 43.0323295593262 43.0112190246582 42.9891510009766 42.9671096801758 42.945499420166 42.9244003295898 42.9038391113281 42.883731842041 42.8639106750488 42.8436584472656 42.8227996826172 42.8163108825684 42.8243713378906 42.8329010009766 42.840461730957 42.8479499816895 42.8558006286621 42.8641586303711 42.8730888366699 42.882568359375 42.8924407958984 42.9019393920898 42.9106407165527 42.9336700439453 42.9711608886719 43.0089912414551 43.0457191467285 43.0823593139649 43.1194496154785 43.1571388244629 43.1954383850098
43.083438873291 43.0903282165527 43.0980682373047 43.1067314147949 43.1163597106934 43.126579284668 43.1259994506836 43.11376953125 43.1004981994629 43.0881309509277 43.0766983032227 43.0661506652832 43.0564308166504 43.0475311279297 43.0394401550293 43.0321807861328 43.0257606506348 43.0198287963867 43.0049591064453 42.9787712097168 42.951358795166 42.9247894287109 42.8990898132324 42.8741912841797 42.8500595092774 42.8266410827637 42.8039588928223 42.7820014953613 42.7607498168945 42.7399597167969 42.7321586608887 42.7387008666992 42.7438888549805 42.7496681213379 42.756160736084 42.7633895874024 42.7713584899902 42.7801094055176 42.7896995544434 42.800220489502 42.8117218017578 42.8240203857422 42.8482208251953 42.8850708007812 42.9202003479004 42.956169128418 42.9930992126465 43.0309104919434 43.0695991516113 43.1091384887695
43.0019416809082 43.0088310241699 43.0165596008301 43.0251617431641 43.0345993041992 43.0439910888672 43.0437889099121 43.034610748291 43.0235290527344 43.0131301879883 43.003589630127 42.9949111938477 42.9870414733887 42.9799690246582 42.9736785888672 42.968189239502 42.9634094238281 42.958610534668 42.9424896240234 42.9145202636719 42.8845291137695 42.8551406860352 42.8265495300293 42.7987403869629 42.7716789245605 42.7453193664551 42.719669342041 42.6946907043457 42.6703605651856 42.646068572998 42.6361694335938 42.6431007385254 42.6482200622559 42.6537094116211 42.6598587036133 42.6667098999024 42.6742782592774 42.6826210021973 42.691780090332 42.7018089294434 42.7127304077149 42.7239685058594 42.7477188110352 42.7866516113281 42.8233108520508 42.8605308532715 42.898609161377 42.9375610351562 42.9773597717285 43.0179901123047
42.9030685424805 42.9097290039062 42.9168281555176 42.9241104125977 42.9306602478027 42.9367408752441 42.936580657959 42.9301109313965 42.9231605529785 42.9154014587402 42.9074592590332 42.8998908996582 42.8928184509277 42.8862800598145 42.8801803588867 42.8742294311523 42.8675918579102 42.8603782653809 42.8441314697266 42.8186988830567 42.7921981811523 42.7650108337402 42.7375984191895 42.710521697998 42.6838989257813 42.6577491760254 42.6319999694824 42.6063919067383 42.5802116394043 42.5538291931152 42.5439491271973 42.5506591796875 42.5578308105469 42.5643882751465 42.5706405639649 42.5771598815918 42.5841102600098 42.5915794372559 42.5995216369629 42.6077003479004 42.6152801513672 42.6226081848145 42.6458396911621 42.6850700378418 42.725040435791 42.7643089294434 42.8032112121582 42.8424491882324 42.8821983337402 42.9225006103516
42.7861404418945 42.7922897338867 42.7984504699707 42.8046112060547 42.8107604980469 42.8164596557617 42.8160095214844 42.8094291687012 42.8022117614746 42.7949295043945 42.7876396179199 42.7803382873535 42.7730598449707 42.7657585144043 42.7584686279297 42.7511787414551 42.7438888549805 42.7358093261719 42.7210884094238 42.6997985839844 42.677230834961 42.6544494628906 42.6316604614258 42.6088790893555 42.5860900878906 42.5633010864258 42.5405197143555 42.5177307128906 42.4949417114258 42.4724311828613 42.4640007019043 42.4696197509766 42.4756698608399 42.4817886352539 42.4879188537598 42.4940414428711 42.5001602172852 42.506290435791 42.5124092102051 42.5185394287109 42.524658203125 42.5313491821289 42.553409576416 42.5907707214356 42.6291198730469 42.6676788330078 42.706241607666 42.744800567627 42.7833518981934 42.8219108581543
42.6666984558106 42.6727409362793 42.6787910461426 42.6848297119141 42.6907997131348 42.6962585449219 42.6955490112305 42.6886901855469 42.6812705993652 42.6736297607422 42.666000366211 42.6583595275879 42.6507301330566 42.6430892944336 42.6354598999024 42.6278190612793 42.6200904846191 42.6113700866699 42.598258972168 42.5808296203613 42.5622711181641 42.5432014465332 42.5241317749024 42.5050506591797 42.4859809875488 42.4668998718262 42.4478302001953 42.4287605285645 42.4097099304199 42.3908996582031 42.3838386535645 42.3885383605957 42.3935012817383 42.3985710144043 42.4036407470703 42.4086990356445 42.4137802124023 42.4188385009766 42.4239082336426 42.4289703369141 42.4341087341309 42.4401206970215 42.4609603881836 42.4965896606445 42.5332183837891 42.570369720459 42.6075210571289 42.6446685791016 42.6818199157715 42.7189712524414
42.5472602844238 42.5531883239746 42.5591201782227 42.5650482177734 42.5708389282227 42.5761604309082 42.5752105712891 42.5679893493652 42.5603218078613 42.5523414611816 42.544361114502 42.5363807678223 42.5284118652344 42.5204200744629 42.512451171875 42.5044708251953 42.4962692260742 42.4870796203613 42.4756317138672 42.4619407653809 42.4472999572754 42.4319496154785 42.4165916442871 42.4012298583984 42.385871887207 42.3705101013184 42.3551483154297 42.3397903442383 42.3244590759277 42.3092384338379 42.3035583496094 42.3073883056641 42.3113288879395 42.3153495788574 42.3193588256836 42.323371887207 42.3273811340332 42.3313903808594 42.3353996276856 42.3394203186035 42.3436317443848 42.3488388061524 42.3684501647949 42.4023895263672 42.4373397827148 42.4730606079102 42.5088005065918 42.5445404052734 42.5802803039551 42.6160316467285
42.4278297424316 42.4336395263672 42.4394607543945 42.4452705383301 42.4509201049805 42.4561386108398 42.454948425293 42.4473609924316 42.4393615722656 42.4310493469238 42.4227294921875 42.4143981933594 42.406078338623 42.3977584838867 42.3894386291504 42.3811111450195 42.372501373291 42.3629493713379 42.3531608581543 42.3431816101074 42.3323097229004 42.3207015991211 42.3090515136719 42.2974090576172 42.285758972168 42.2741088867188 42.2624588012695 42.2508087158203 42.2391815185547 42.2275314331055 42.223201751709 42.2261810302734 42.2291603088379 42.232120513916 42.2350807189941 42.2380294799805 42.2409896850586 42.2439498901367 42.2468986511231 42.2498588562012 42.2531089782715 42.2574691772461 42.275821685791 42.3081283569336 42.3414688110352 42.3757514953613 42.4100799560547 42.4444198608399 42.4787483215332 42.5130805969238
42.3083992004395 42.3140907287598 42.3197898864746 42.3254890441895 42.3310394287109 42.3361892700195 42.3347702026367 42.326789855957 42.3184204101563 42.3097496032715 42.3010902404785 42.2924194335938 42.283748626709 42.275089263916 42.2664184570313 42.2577590942383 42.2488098144531 42.2389488220215 42.2308502197266 42.2245292663574 42.2173500061035 42.2094497680664 42.2015113830566 42.1935806274414 42.1856498718262 42.1777114868164 42.1697807312012 42.1618385314941 42.153881072998 42.1457901000977 42.1428184509277 42.1449699401855 42.1469917297363 42.1488990783691 42.1507987976074 42.1526985168457 42.154598236084 42.1565017700195 42.1584014892578 42.1603012084961 42.1625213623047 42.1659507751465 42.1830291748047 42.2137298583984 42.2455711364746 42.2784309387207 42.3113594055176 42.3442916870117 42.3772201538086 42.4101409912109
42.1889610290527 42.1945381164551 42.2001190185547 42.2057113647461 42.2111892700195 42.2162895202637 42.2146415710449 42.206241607666 42.1974716186524 42.1884689331055 42.1794509887695 42.1704406738281 42.1614303588867 42.1524200439453 42.1434097290039 42.1343994140625 42.1251907348633 42.1150894165039 42.1086807250977 42.1059913635254 42.102409362793 42.098201751709 42.0939788818359 42.0897598266602 42.0855293273926 42.0813102722168 42.077091217041 42.072868347168 42.0686111450195 42.0640983581543 42.0624885559082 42.0637817382812 42.0648307800293 42.0656700134277 42.066520690918 42.0673599243164 42.0682106018066 42.0690498352051 42.0699005126953 42.0707397460938 42.0718193054199 42.0742301940918 42.090030670166 42.1191711425781 42.1496315002441 42.1811218261719 42.2126388549805 42.2441596984863 42.2756805419922 42.307201385498
42.0695190429688 42.0749893188477 42.0804595947266 42.0859298706055 42.0913505554199 42.0964393615723 42.0945587158203 42.0857391357422 42.076530456543 42.0671691894531 42.0578193664551 42.0484580993652 42.0391082763672 42.0297508239746 42.0204010009766 42.0110511779785 42.0016212463379 41.991340637207 41.986629486084 41.9875411987305 41.9874610900879 41.9869499206543 41.9864387512207 41.9859313964844 41.9854202270508 41.984920501709 41.9844093322754 41.9838981628418 41.9833717346191 41.9824905395508 41.982250213623 41.9826698303223 41.9826698303223 41.9824600219727 41.9822387695312 41.9820289611816 41.981819152832 41.9816093444824 41.9813919067383 41.9811782836914 41.9810485839844 41.9822807312012 41.9967613220215 42.0243988037109 42.0536994934082 42.0838088989258 42.1139183044434 42.1440391540527 42.1741409301758 42.2042617797852
41.950080871582 41.9554405212402 41.9607887268066 41.9661483764649 41.9715003967285 41.9766006469727 41.9745101928711 41.9652290344238 41.9555816650391 41.9458808898926 41.9361801147461 41.9264793395996 41.9167900085449 41.9070892333984 41.897388458252 41.8876914978027 41.8779907226563 41.8676910400391 41.8647193908691 41.869140625 41.872501373291 41.8757019042969 41.8788986206055 41.8821105957031 41.885311126709 41.8885192871094 41.8917198181152 41.8949203491211 41.8981285095215 41.9010200500488 41.9021797180176 41.9016609191895 41.9005012512207 41.8992309570313 41.8979606628418 41.8966903686523 41.8954200744629 41.8941612243652 41.8928909301758 41.8916206359863 41.8903503417969 41.8900604248047 41.9031410217285 41.9294509887695 41.9577903747559 41.986499786377 42.0152015686035 42.0439109802246 42.0726089477539 42.101318359375
41.8297004699707 41.8349990844727 41.8404693603516 41.8460693359375 41.8516082763672 41.8567695617676 41.8544807434082 41.844669342041 41.8346900939942 41.824390411377 41.8139991760254 41.8036994934082 41.7935485839844 41.7835693359375 41.773738861084 41.7640419006348 41.7542991638184 41.7440910339355 41.7429313659668 41.7506103515625 41.7575912475586 41.7642707824707 41.770809173584 41.7774314880371 41.7842102050781 41.7911682128906 41.7983093261719 41.8056106567383 41.8128700256348 41.8196983337402 41.8223495483398 41.8206596374512 41.8183784484863 41.8158798217774 41.813289642334 41.8108215332031 41.808479309082 41.8062210083008 41.8040199279785 41.8018493652344 41.7997398376465 41.7976493835449 41.8090896606445 41.8345909118652 41.8619499206543 41.889289855957 41.9164810180664 41.9436492919922 41.9708290100098 41.9980506896973
41.7078094482422 41.713020324707 41.7184715270996 41.7241706848145 41.7301406860352 41.7364616394043 41.7344398498535 41.7238807678223 41.7124099731445 41.7011489868164 41.6901512145996 41.6794013977051 41.6688919067383 41.6585998535156 41.6485404968262 41.6386985778809 41.6290893554688 41.6197814941406 41.6212196350098 41.6318206787109 41.6413803100586 41.6510810852051 41.6609992980957 41.6711502075195 41.6815414428711 41.6921806335449 41.7030792236328 41.7142791748047 41.7258110046387 41.7377090454102 41.7428092956543 41.7393989562988 41.7350196838379 41.7309684753418 41.7272796630859 41.7238616943359 41.7206497192383 41.7175712585449 41.7145500183106 41.7115211486816 41.7084312438965 41.7053298950195 41.7145500183106 41.7405090332031 41.7662086486816 41.7918205261231 41.8174095153809 41.8430099487305 41.8686599731445 41.8943786621094
41.5845985412598 41.5896911621094 41.5950202941895 41.6006011962891 41.6064300537109 41.6126289367676 41.6101989746094 41.5994300842285 41.5877113342285 41.5761489868164 41.5648498535156 41.5537910461426 41.54296875 41.5323715209961 41.5219993591309 41.5118293762207 41.5018997192383 41.4922790527344 41.4951896667481 41.5095405578613 41.5227890014648 41.5361289978027 41.5496788024902 41.5634689331055 41.5774917602539 41.5917510986328 41.6062889099121 41.6211090087891 41.6362495422363 41.6517486572266 41.6581497192383 41.6541900634766 41.6491813659668 41.6444511413574 41.6400718688965 41.6359596252441 41.6320495605469 41.6282691955566 41.6245498657227 41.6208305358887 41.6170501708984 41.6133117675781 41.6214218139649 41.6456909179688 41.6698799133301 41.6939506530762 41.7179985046387 41.7420616149902 41.7661590576172 41.7903289794922
41.4663505554199 41.4712905883789 41.4763908386231 41.4816207885742 41.4867286682129 41.491569519043 41.4890518188477 41.4791297912598 41.4691200256348 41.4588584899902 41.4484596252441 41.438159942627 41.4279899597168 41.4179801940918 41.4081192016602 41.3983688354492 41.3885307312012 41.3782806396484 41.381290435791 41.3973999023438 41.4127388000488 41.4278717041016 41.4428291320801 41.4578590393066 41.473030090332 41.4883689880371 41.5038795471191 41.5195388793945 41.5351181030274 41.5502891540527 41.5564384460449 41.5533981323242 41.5496597290039 41.545768737793 41.5417594909668 41.537841796875 41.5340385437012 41.5303382873535 41.5266799926758 41.5230598449707 41.5194511413574 41.5159606933594 41.5250091552734 41.5470314025879 41.5709915161133 41.5950012207031 41.6188507080078 41.642650604248 41.6664810180664 41.6903495788574
41.3528518676758 41.357608795166 41.3623695373535 41.3671417236328 41.3718986511231 41.3765602111816 41.3747215270996 41.3663711547852 41.3578681945801 41.3493385314941 41.3408203125 41.3322906494141 41.3237686157227 41.3152389526367 41.3067092895508 41.2981910705566 41.2896614074707 41.2805290222168 41.2834587097168 41.2985191345215 41.3125495910645 41.3263893127441 41.3402404785156 41.3540916442871 41.3679389953613 41.3817901611328 41.3956413269043 41.409481048584 41.42333984375 41.4367599487305 41.4424896240234 41.4405899047852 41.4378890991211 41.4350395202637 41.4321899414062 41.4293518066406 41.4265098571777 41.4236488342285 41.4208106994629 41.4179611206055 41.4151191711426 41.4132995605469 41.4236297607422 41.4459495544434 41.470329284668 41.4951400756836 41.5199508666992 41.5447502136231 41.5695495605469 41.5943603515625
41.2385101318359 41.2431488037109 41.2477912902832 41.2524299621582 41.2570610046387 41.2616195678711 41.2604598999024 41.2536201477051 41.2466697692871 41.239688873291 41.2327003479004 41.2257194519043 41.2187309265137 41.2117500305176 41.204761505127 41.1977691650391 41.1907196044922 41.1828193664551 41.1857490539551 41.1995506286621 41.2123908996582 41.224781036377 41.2371788024902 41.2495803833008 41.2619705200195 41.2743682861328 41.2867698669434 41.2991600036621 41.3115196228027 41.3233413696289 41.3287506103516 41.3277587890625 41.3261489868164 41.3242301940918 41.3223114013672 41.3203887939453 41.3184700012207 41.3165397644043 41.3146209716797 41.3126983642578 41.3108711242676 41.3104400634766 41.3218307495117 41.3449211120606 41.3697090148926 41.395378112793 41.4210586547852 41.4467391967773 41.4724082946777 41.4980888366699
41.1241607666016 41.1286811828613 41.1332015991211 41.1377182006836 41.1422309875488 41.1467094421387 41.1462593078613 41.1408882141113 41.1354713439941 41.1300315856934 41.1245803833008 41.119140625 41.1137008666992 41.1082496643066 41.1028099060059 41.0973587036133 41.0917282104492 41.0852088928223 41.0881690979004 41.1006317138672 41.1122207641602 41.1231803894043 41.1341209411621 41.1450691223145 41.1560096740723 41.1669502258301 41.1778907775879 41.1888389587402 41.1996803283691 41.2100410461426 41.2151489257813 41.2150192260742 41.2144012451172 41.2134094238281 41.2124214172363 41.2114295959473 41.2104187011719 41.2094306945801 41.208438873291 41.2074394226074 41.2066917419434 41.2073211669922 41.2196807861328 41.243709564209 41.2691116333008 41.2956199645996 41.3221702575684 41.3487205505371 41.3752593994141 41.4018096923828
