Spatial_Analysis/Maxent_Inputs/Inputs/RCP8_5_Future/PAR_future85.asc
NCOLS 638 
NROWS 314 
XLLCORNER -102.97071042 
YLLCORNER 3.973116569 
CELLSIZE 0.083 
NODATA_value -9999 
[rows 154 to 175 of 314, columns 500 to 549 of 638]
45.0553512573242 45.0665016174316 45.0775108337402 45.0884399414063 45.0993690490723 45.1102981567383 45.1212310791016 45.1321716308594 45.1431007385254 45.1540298461914 45.1627388000488 45.1696586608887 45.1770515441895 45.1849212646484 45.1933097839355 45.2019996643066 45.2106895446777 45.2193908691406 45.2280807495117 45.2367706298828 45.2454605102539 45.254150390625 45.2538909912109 45.2451286315918 45.2368698120117 45.2290687561035 45.221809387207 45.2148895263672 45.2079811096191 45.2010688781738 45.1941604614258 45.1872482299805 45.1803398132324 45.1734313964844 45.1679801940918 45.1637992858887 45.1594581604004 45.1549301147461 45.1501808166504 45.1453704833984 45.1405601501465 45.1357498168945 45.1309394836426 45.1261291503906 45.1213188171387 45.1165084838867 45.1156387329102 45.1186485290527 45.1215896606445 45.1244506835938
45.0689811706543 45.0814590454102 45.0938110351562 45.1060905456543 45.118350982666 45.1306304931641 45.1428985595703 45.1551704406738 45.1674385070801 45.1797103881836 45.1906585693359 45.2006607055664 45.2111396789551 45.2220916748047 45.2335586547851 45.2454299926758 45.2573089599609 45.2691917419434 45.2810707092285 45.2929496765137 45.3048286437988 45.3167114257812 45.3182983398438 45.3099708557129 45.3020896911621 45.2946090698242 45.2875900268555 45.2809791564941 45.2743797302246 45.2677803039551 45.2611808776855 45.254581451416 45.2479782104492 45.2413787841797 45.2356300354004 45.2306213378906 45.2254600524902 45.2201499938965 45.2146682739258 45.209098815918 45.2035408020019 45.1979713439941 45.1924095153809 45.1868515014648 45.1812782287598 45.1757202148438 45.1743011474609 45.1769599914551 45.179500579834 45.1819610595703
45.082649230957 45.0964317321777 45.1101188659668 45.1237297058105 45.1373405456543 45.1509590148926 45.1645698547363 45.1781692504883 45.191780090332 45.2053985595703 45.2185401916504 45.2316093444824 45.2451591491699 45.259220123291 45.273811340332 45.2888603210449 45.3039283752441 45.3190002441406 45.3340606689453 45.3491287231445 45.364200592041 45.3792686462402 45.3826713562012 45.3747482299805 45.3672294616699 45.3600883483887 45.3533706665039 45.3470497131348 45.3407707214355 45.3344802856445 45.3281898498535 45.3219108581543 45.3156204223633 45.3093299865723 45.3032989501953 45.2974700927734 45.2915000915527 45.285400390625 45.2791595458984 45.2728309631348 45.2665214538574 45.2602005004883 45.2538795471191 45.24755859375 45.2412414550781 45.234920501709 45.2329711914062 45.2352714538574 45.2374305725098 45.2394599914551
45.0963287353516 45.1114196777344 45.1264305114746 45.1413803100586 45.1563301086426 45.1712799072266 45.1862297058105 45.2011795043945 45.2161293029785 45.2310791015625 45.2463798522949 45.262451171875 45.2790908813477 45.2962684631348 45.3140411376953 45.3322906494141 45.3505401611328 45.3688011169434 45.3870582580566 45.4053192138672 45.4235687255859 45.4418296813965 45.4470100402832 45.4394493103027 45.4322891235351 45.4255104064941 45.4191398620605 45.4131393432617 45.4071617126465 45.401180267334 45.3952102661133 45.3892288208008 45.3832588195801 45.3772811889648 45.3709983825684 45.3643302917481 45.3575592041016 45.3506698608398 45.3436508178711 45.3365592956543 45.3294906616211 45.3224182128906 45.3153495788574 45.3082809448242 45.3012084960938 45.2941284179688 45.2916488647461 45.2936096191406 45.2953796386719 45.2969703674316
45.1100196838379 45.1263999938965 45.1427307128906 45.1590194702148 45.1753082275391 45.1916007995605 45.2078895568848 45.224178314209 45.2404708862305 45.2567596435547 45.2741508483887 45.2932090759277 45.3129081726074 45.3332405090332 45.3542709350586 45.3757209777832 45.397159576416 45.4186096191406 45.4400482177734 45.4614982604981 45.4829406738281 45.5043907165527 45.5113182067871 45.5041007995605 45.4972991943359 45.4908790588379 45.4848785400391 45.4792098999023 45.4735488891602 45.4678802490234 45.4622192382812 45.4565582275391 45.4509010314941 45.445240020752 45.4387016296387 45.4312210083008 45.423641204834 45.4159507751465 45.408130645752 45.4002990722656 45.3924713134766 45.3846397399902 45.3768196105957 45.3689918518066 45.3611717224121 45.3533401489258 45.3503494262695 45.3519897460938 45.3533706665039 45.3545303344727
45.1236991882324 45.1413917541504 45.1590385437012 45.1766700744629 45.1943016052246 45.2119293212891 45.2295608520508 45.2471809387207 45.264820098877 45.2824401855469 45.3018989562988 45.3238410949707 45.3465881347656 45.3701210021973 45.3945083618164 45.4191398620606 45.4437789916992 45.4684104919434 45.493049621582 45.5176811218262 45.542308807373 45.5669403076172 45.5756416320801 45.5687103271484 45.5622406005859 45.5561981201172 45.550651550293 45.5452995300293 45.5399398803711 45.5345916748047 45.529239654541 45.5238800048828 45.5185317993164 45.5131797790527 45.506420135498 45.498119354248 45.4897117614746 45.4812202453613 45.4726104736328 45.4640312194824 45.4554481506348 45.4468688964844 45.438289642334 45.4297103881836 45.4211196899414 45.4125518798828 45.4090690612793 45.4104309082031 45.4114418029785 45.4121284484863
45.1373710632324 45.156379699707 45.175350189209 45.1943206787109 45.213249206543 45.2321891784668 45.2511596679688 45.2701606750488 45.2891616821289 45.3081283569336 45.3297080993652 45.3543395996094 45.3801002502441 45.4069709777832 45.4347496032715 45.4625701904297 45.4903907775879 45.5182189941406 45.5460510253906 45.5738792419434 45.6016883850098 45.629508972168 45.6399993896484 45.6332893371582 45.6271286010742 45.621509552002 45.6164093017578 45.6113700866699 45.6063385009766 45.6013107299805 45.5962791442871 45.5912284851074 45.586181640625 45.5811309814453 45.5741195678711 45.5650100708008 45.5557899475098 45.546459197998 45.5371017456055 45.527759552002 45.5184211730957 45.5090789794922 45.4997406005859 45.490421295166 45.4810905456543 45.4717483520508 45.4677581787109 45.4689407348633 45.4696006774902 45.4697608947754
45.1510200500488 45.1713485717773 45.1913909912109 45.2114105224609 45.231559753418 45.2518310546875 45.2722091674805 45.2926597595215 45.313159942627 45.3336715698242 45.3575401306152 45.3847694396973 45.4134216308594 45.4439811706543 45.4749488830566 45.5059700012207 45.5370216369629 45.5680885314941 45.5991706848145 45.6302299499512 45.6612396240234 45.6922111511231 45.7044105529785 45.6979293823242 45.6919708251953 45.6869087219238 45.6822319030762 45.6776084899902 45.6729507446289 45.6682510375977 45.6635093688965 45.658748626709 45.6539611816406 45.6491813659668 45.6418304443359 45.6319198608398 45.6218414306641 45.6116714477539 45.6015396118164 45.5914306640625 45.5813102722168 45.5711898803711 45.5610694885254 45.550968170166 45.5409088134766 45.5308799743652 45.5264511108398 45.5274887084961 45.527889251709 45.5273513793945
45.1644096374512 45.1851196289063 45.2061805725098 45.2275314331055 45.2490997314453 45.2708282470703 45.2926902770996 45.314640045166 45.3366584777832 45.3586883544922 45.3849716186523 45.4154396057129 45.4467582702637 45.4808502197266 45.5150604248047 45.5493392944336 45.5836791992188 45.6180381774902 45.6523895263672 45.6867294311523 45.7210197448731 45.755241394043 45.7692604064941 45.7630310058594 45.7567405700684 45.7526893615723 45.7485084533691 45.7442283630371 45.739860534668 45.7354316711426 45.7309494018555 45.7264404296875 45.7219085693359 45.7173690795898 45.7097015380859 45.6989212036133 45.6876792907715 45.6768493652344 45.6659698486328 45.6550598144531 45.6441192626953 45.6331901550293 45.6222496032715 45.6113510131836 45.6004905700684 45.5896911621094 45.5847702026367 45.5857696533203 45.5861206054688 45.5844917297363
45.2144107818604 45.1968307495117 45.2197608947754 45.2427711486816 45.2659301757812 45.2892303466797 45.3126487731934 45.3361396789551 45.3596801757813 45.3832397460938 45.4118194580078 45.4453201293945 45.4803009033203 45.5175285339355 45.5550804138184 45.592700958252 45.6303596496582 45.668041229248 45.7057189941406 45.7433815002441 45.7809982299805 45.8185615539551 45.8345603942871 45.8290901184082 45.8238983154297 45.8194313049316 45.815299987793 45.8111991882324 45.8070411682129 45.8028297424316 45.7985687255859 45.7943000793457 45.7900009155273 45.785701751709 45.7776794433594 45.765941619873 45.7540512084961 45.7421913146973 45.7304191589355 45.7186508178711 45.7068710327148 45.6950912475586 45.6833114624023 45.671558380127 45.6598510742188 45.6481781005859 45.6425704956055 45.6429290771484 45.6425895690918 45.6410484313965
45.2144107818604 45.231990814209 45.2540016174316 45.2759819030762 45.297908782959 45.3198699951172 45.3418807983399 45.3639297485352 45.3859786987305 45.4080009460449 45.4365310668945 45.4720191955566 45.5088882446289 45.5471496582031 45.5864105224609 45.6256904602051 45.6649703979492 45.7042617797852 45.7435493469238 45.7828407287598 45.8221092224121 45.8613700866699 45.8786392211914 45.8738708496094 45.8693008422852 45.8649291992188 45.8608207702637 45.8567390441895 45.8526802062988 45.8486099243164 45.844539642334 45.8404502868652 45.8363494873047 45.8322486877441 45.8243217468262 45.8124694824219 45.8006095886231 45.7887496948242 45.776969909668 45.765209197998 45.7534408569336 45.7416801452637 45.7299308776855 45.718189239502 45.7064590454101 45.694709777832 45.688850402832 45.688720703125 45.6879081726074 45.6864318847656
-9999 45.231990814209 45.2540016174316 45.3273811340332 45.3450317382812 45.362678527832 45.3803405761719 45.3979797363281 45.4156303405762 45.4332809448242 45.4595909118652 45.4953804016113 45.5322303771973 45.5700988769531 45.6090507507324 45.6482582092285 45.6874809265137 45.7266998291016 45.7659111022949 45.8051300048828 45.8443489074707 45.8835601806641 45.9010810852051 45.8968887329102 45.8927688598633 45.8886795043945 45.884651184082 45.8806991577148 45.8767509460449 45.8727989196777 45.8688583374023 45.8649101257324 45.8609580993652 45.8570098876953 45.8495407104492 45.8384895324707 45.8274993896484 45.8165092468262 45.8055686950684 45.7947006225586 45.7838287353516 45.7729606628418 45.7620887756348 45.751220703125 45.7403602600098 45.7294883728027 45.7239990234375 45.723518371582 45.7225303649902 45.7210502624512
-9999 45.3521003723145 45.3654708862305 45.3787689208984 45.3920707702637 45.4053688049316 45.4186706542969 45.4319610595703 45.4452705383301 45.458568572998 45.4827613830566 45.5186386108398 45.5554084777832 45.5930595397949 45.6316909790039 45.670841217041 45.7099990844727 45.7491493225098 45.7882995605469 45.827449798584 45.8666000366211 45.9057502746582 45.923511505127 45.9198417663574 45.9161186218262 45.9123382568359 45.9084892272949 45.904670715332 45.9008598327637 45.8970413208008 45.8932304382324 45.8894081115723 45.8855895996094 45.881778717041 45.8747482299805 45.8645401000977 45.8543891906738 45.8442611694336 45.834171295166 45.8241806030273 45.8142013549805 45.8042106628418 45.7942314147949 45.7842407226562 45.7742614746094 45.7642707824707 45.7591018676758 45.7583808898926 45.7572288513184 45.7556800842285
45.4029693603516 45.4121398925781 45.421199798584 45.4301605224609 45.4391098022461 45.4480590820312 45.4570007324219 45.465950012207 45.4748992919922 45.4838485717774 45.5059204101562 45.5417709350586 45.5784492492676 45.6159515380859 45.6543388366699 45.6934204101562 45.7325096130371 45.7715911865234 45.8106803894043 45.8497695922852 45.888858795166 45.9279403686524 45.945930480957 45.9427490234375 45.9394187927246 45.9359588623047 45.9323310852051 45.9286308288574 45.9249496459961 45.9212684631348 45.9175910949707 45.9139099121094 45.9102210998535 45.9065399169922 45.8999786376953 45.8905982971191 45.881290435791 45.8720207214355 45.8627891540527 45.8536682128906 45.8445701599121 45.8354606628418 45.826358795166 45.8172607421875 45.8081588745117 45.7990493774414 45.7942008972168 45.7933006286621 45.7920112609863 45.7903518676758
45.4673194885254 45.4721908569336 45.4769401550293 45.4815406799316 45.486141204834 45.4907417297363 45.4953308105469 45.4999389648438 45.5045318603516 45.5091285705566 45.5289993286133 45.564769744873 45.6013488769531 45.638729095459 45.6769981384277 45.7159996032715 45.7550201416016 45.7940406799316 45.8330612182617 45.8720893859863 45.9111099243164 45.9501304626465 45.9683494567871 45.9656410217285 45.9627113342285 45.9595603942871 45.9561614990234 45.9525985717773 45.9490509033203 45.945499420166 45.941951751709 45.9384002685547 45.9348602294922 45.9313087463379 45.9252090454102 45.9166603088379 45.9081802368164 45.8997688293457 45.8914108276367 45.8831481933594 45.8749313354492 45.8667182922363 45.8584899902344 45.850269317627 45.8420600891113 45.8338317871094 45.8293495178223 45.8282814025879 45.8268508911133 45.8250694274902
45.5316886901855 45.5322608947754 45.4769401550293 45.5329284667969 45.5331802368164 45.5334205627441 45.5336685180664 45.5339202880859 45.5341682434082 45.5344085693359 45.5520095825195 45.5876388549805 45.6241111755371 45.6614112854004 45.6996307373047 45.7385711669922 45.777530670166 45.8164901733399 45.8554496765137 45.8944091796875 45.9333610534668 45.9723205566406 45.9907913208008 45.9885711669922 45.9860305786133 45.9831886291504 45.97998046875 45.9765586853027 45.9731483459473 45.9697303771973 45.9663200378418 45.9628982543945 45.9594917297363 45.9560699462891 45.9504508972168 45.9427108764648 45.9350700378418 45.9275016784668 45.9200096130371 45.9126396179199 45.9053001403809 45.8979682922363 45.8906288146973 45.8832893371582 45.8759498596191 45.8686103820801 45.8645095825195 45.8633193969727 45.8617706298828 45.8598518371582
45.5960884094238 45.5923614501953 45.5586242675781 45.5843200683594 45.5802116394043 45.5761108398437 45.5720100402832 45.5679016113281 45.5638008117676 45.559700012207 45.5749397277832 45.6103591918945 45.6467094421387 45.6839714050293 45.7222595214844 45.7611503601074 45.800048828125 45.838939666748 45.8778305053711 45.9167289733887 45.9556198120117 45.9945106506348 46.0132904052734 46.0115814208984 46.0094413757324 46.0068702697754 46.0038108825684 46.0005302429199 45.9972496032715 45.9939613342285 45.9906806945801 45.9874000549316 45.9841194152832 45.9808387756348 45.9756813049316 45.96875 45.9619293212891 45.9552116394043 45.9485893249512 45.9421310424805 45.9356689453125 45.9292182922363 45.9227600097656 45.9163093566895 45.9098510742187 45.9034004211426 45.8997001647949 45.8984184265137 45.8967399597168 45.8946685791016
45.6605415344238 45.6525001525879 45.6441497802734 45.6357002258301 45.6272506713867 45.6187896728516 45.6103401184082 45.6018905639648 45.5934295654297 45.5849800109863 45.5978393554687 45.6329193115234 45.6691398620606 45.7064208984375 45.7448997497559 45.7837295532227 45.8225593566895 45.8613891601562 45.900218963623 45.9390487670898 45.9778709411621 46.0167007446289 46.035831451416 46.0347213745117 46.0329895019531 46.0306396484375 46.0276412963867 46.0244903564453 46.0213508605957 46.0181999206543 46.0150489807129 46.0119018554688 46.0087509155273 46.0055999755859 46.000919342041 45.994758605957 45.9887619018555 45.9828910827637 45.977180480957 45.9716110229492 45.9660415649414 45.9604682922363 45.9548988342285 45.9493217468262 45.9437484741211 45.9381790161133 45.9349098205566 45.9335784912109 45.9317893981934 45.9295387268066
45.7250709533691 45.7126693725586 45.6998901367188 45.6870918273926 45.6741714477539 45.6611518859863 45.6483001708984 45.6356506347656 45.6230583190918 45.6102600097656 45.6208190917969 45.6553382873535 45.6913681030274 45.7288513183594 45.7675399780274 45.8063087463379 45.8450012207031 45.8836288452149 45.9223899841309 45.9612503051758 46.000129699707 46.0388908386231 46.0583381652832 46.0580215454102 46.0567207336426 46.0544700622559 46.0514717102051 46.0484580993652 46.0454406738281 46.0423889160156 46.0393600463867 46.0363502502441 46.0333786010742 46.0303688049316 46.0261688232422 46.0207595825195 46.0155487060547 46.0105400085449 46.0057907104492 46.0010986328125 45.9963989257813 45.9916687011719 45.9869689941406 45.9822998046875 45.9776496887207 45.9729614257813 45.9700698852539 45.9687881469726 45.9668998718262 45.9644317626953
45.7896995544434 45.7727813720703 45.754581451416 45.7357788085938 45.7173118591309 45.6993713378906 45.6820411682129 45.6653213500977 45.6492309570312 45.6336784362793 45.6436386108398 45.6777000427246 45.7134017944336 45.7514801025391 45.7893218994141 45.8267593383789 45.8647193908691 45.9032707214355 45.942268371582 45.9815788269043 46.0210494995117 46.0604782104492 46.0807189941406 46.081470489502 46.0806999206543 46.0781898498535 46.0752716064453 46.0721817016602 46.0690803527832 46.0660209655762 46.0630302429199 46.0601387023926 46.0573692321777 46.0547294616699 46.0513191223145 46.0467910766602 46.0422897338867 46.038200378418 46.0342407226562 46.0301284790039 46.0261001586914 46.0222015380859 46.0183982849121 46.0147018432617 46.0110702514648 46.0074806213379 46.0051689147949 46.0039901733399 46.0020904541016 45.9992294311523
45.7896995544434 45.7727813720703 45.8031311035156 45.7790184020996 45.7557106018066 45.7331390380859 45.7113304138184 45.6902809143066 45.6700401306152 45.6506996154785 45.6599388122559 45.6978797912598 45.7351913452149 45.7695617675781 45.8054389953613 45.8426818847656 45.8809700012207 45.9200592041016 45.9597206115723 45.9997711181641 46.0400009155273 46.0802688598633 46.1017112731934 46.1041297912598 46.1047401428223 46.101619720459 46.0984115600586 46.0952301025391 46.0920906066894 46.0890197753906 46.0860404968262 46.0831909179688 46.0804786682129 46.0779685974121 46.0751800537109 46.0721588134766 46.0688705444336 46.0650482177734 46.0614318847656 46.0580711364746 46.0549392700195 46.0519790649414 46.0491600036621 46.046459197998 46.0438385009766 46.0412902832031 46.0395698547363 46.0386581420899 46.0372886657715 46.0336494445801
-9999 -9999 45.8031311035156 45.8174209594727 45.7898216247559 45.7628593444824 45.7365493774414 45.7109413146973 45.6860313415527 45.6618003845215 45.6677207946777 45.7020988464355 45.7378692626953 45.7773818969727 45.8157997131348 45.8545608520508 45.8940811157227 45.934268951416 45.9749717712402 46.0160102844238 46.0572204589844 46.0984191894531 46.1211204528809 46.1250610351563 46.1262588500977 46.1238899230957 46.1208381652832 46.1176795959473 46.1145401000977 46.1114616394043 46.1084594726562 46.1055603027344 46.1027908325195 46.1001892089844 46.097541809082 46.0946006774902 46.0915489196777 46.0894393920899 46.0872383117676 46.0850410461426 46.0829887390137 46.0810890197754 46.0792999267578 46.0776290893555 46.0760192871094 46.0744705200195 46.0732002258301 46.0721015930176 46.0701789855957 46.066951751709
