Spatial_Analysis/Maxent_Inputs/Inputs/RCP8_5_Future/PAR_future85.asc
NCOLS 638 
NROWS 314 
XLLCORNER -102.97071042 
YLLCORNER 3.973116569 
CELLSIZE 0.083 
NODATA_value -9999 
[rows 242 to 263 of 314, columns 200 to 249 of 638]
46.9218215942383 46.8699989318848 46.8180999755859 46.7661895751953 46.7142906188965 46.6623802185059 46.6104698181152 46.5585708618164 46.5066604614258 -9999 -9999 -9999 -9999 -9999 -9999 46.3827590942383 46.3533096313476 46.1851806640625 46.1519393920898 46.118709564209 -9999 -9999 -9999 -9999 -9999 -9999 -9999 -9999 -9999 -9999 -9999 -9999 -9999 -9999 -9999 -9999 -9999 -9999 -9999 -9999 41.0989990234375 40.9015083312988 40.6066284179688 40.3117485046387 40.0168685913086 39.7226181030274 39.596118927002 39.6379089355469 39.6847801208496 39.7365188598633
46.793830871582 46.743579864502 46.6932792663574 46.6429710388184 46.5926704406738 46.5423583984375 46.4920501708984 46.4417495727539 46.3914489746094 46.3408508300781 46.2989616394043 46.2658386230469 -9999 -9999 -9999 -9999 -9999 -9999 46.0094718933106 45.9724617004395 45.9354400634766 -9999 -9999 -9999 -9999 -9999 -9999 -9999 -9999 -9999 -9999 -9999 -9999 -9999 -9999 -9999 -9999 -9999 -9999 -9999 -9999 40.9015083312988 40.6178588867188 40.279899597168 39.9419403076172 39.6041488647461 39.4519691467285 39.4866104125977 39.5268211364746 39.5725898742676
46.6658592224121 46.6171607971192 46.5684509277344 46.5197486877441 46.4710311889649 46.4223213195801 46.3736381530762 46.3249397277832 46.2762298583984 46.2274894714356 46.1856803894043 46.1500511169434 46.1116714477539 46.0709800720215 -9999 -9999 -9999 45.9077796936035 45.867000579834 45.8262100219727 45.7854118347168 -9999 -9999 -9999 -9999 -9999 -9999 -9999 -9999 -9999 -9999 -9999 -9999 -9999 -9999 -9999 -9999 -9999 -9999 -9999 -9999 40.6234741210938 40.6290893554688 40.2480506896973 39.867000579834 39.4859199523926 39.3069801330566 39.3342094421387 39.368278503418 39.4086799621582
46.5378494262695 46.4901390075684 46.4410705566406 46.3921813964844 46.3439788818359 46.2966995239258 46.2503890991211 46.205020904541 46.1601295471191 46.1139106750488 46.0732612609863 46.0351791381836 45.992000579834 45.9468498229981 -9999 -9999 45.8086814880371 45.7642402648926 45.7206001281738 45.6775207519531 -9999 -9999 -9999 -9999 -9999 -9999 -9999 -9999 -9999 -9999 -9999 -9999 -9999 -9999 -9999 -9999 -9999 -9999 -9999 -9999 -9999 -9999 -9999 40.2179298400879 39.7924118041992 39.3679504394531 39.1613502502442 39.1804618835449 39.2101402282715 39.2438888549805
46.4049682617188 46.3542404174805 46.3045387268067 46.255989074707 46.2086486816406 46.1625785827637 46.1178894042969 46.0747299194336 46.033260345459 45.9935989379883 45.9606704711914 45.9206390380859 45.8666191101074 45.8125610351563 45.7603988647461 45.7099800109863 45.661060333252 45.6134300231934 45.5668907165527 45.5213012695313 45.4765205383301 -9999 -9999 -9999 -9999 -9999 -9999 -9999 -9999 -9999 -9999 -9999 -9999 -9999 -9999 -9999 -9999 -9999 -9999 -9999 -9999 -9999 -9999 -9999 39.7924118041992 39.3679504394531 39.017749786377 39.0251502990723 39.0463600158691 39.0637512207031
46.2575798034668 46.2082710266113 46.1597518920899 46.1123199462891 46.0660514831543 46.0210304260254 45.9773483276367 45.9351501464844 45.8945503234863 45.8554801940918 45.8199882507324 45.7773513793945 45.7227897644043 45.6664009094238 45.6115989685059 45.5584182739258 45.5066986083984 45.4562301635742 45.4068298339844 45.3583488464356 45.3106307983399 45.2634201049805 45.2299194335937 45.2131385803223 45.2072982788086 -9999 -9999 -9999 -9999 -9999 -9999 -9999 -9999 -9999 -9999 -9999 -9999 -9999 -9999 -9999 -9999 -9999 -9999 -9999 -9999 -9999 39.017749786377 38.8537406921387 38.8619003295899 38.8660316467285
46.0581207275391 46.0115013122559 45.9636116027832 45.9156188964844 45.8682098388672 45.821590423584 45.7758483886719 45.7308692932129 45.6860504150391 45.6398315429688 45.5957794189453 45.5500793457031 45.4985389709473 45.4448699951172 45.3898582458496 45.3348808288574 45.2806091308594 45.2271385192871 45.1743698120117 45.1220817565918 45.0697898864746 45.0173301696777 44.9963798522949 45.013801574707 45.0370597839356 45.0624198913574 -9999 -9999 -9999 -9999 -9999 -9999 -9999 -9999 -9999 -9999 -9999 -9999 -9999 -9999 -9999 -9999 -9999 -9999 -9999 -9999 -9999 38.8537406921387 38.9454689025879 38.940860748291
45.8174514770508 45.7665786743164 45.7157096862793 45.6648292541504 45.6139488220215 45.5630683898926 45.5121917724609 45.4613189697266 45.4104385375977 45.3594207763672 45.3097496032715 45.2607192993164 45.2077903747559 45.1514511108399 45.0948715209961 45.0382881164551 44.9817085266113 44.9251289367676 44.8685607910156 44.8119812011719 44.7560005187988 44.6989402770996 44.6812705993652 44.7029304504395 44.7277603149414 44.7553596496582 44.7831382751465 44.810920715332 44.8386993408203 -9999 -9999 -9999 -9999 -9999 -9999 -9999 -9999 -9999 -9999 -9999 -9999 -9999 -9999 -9999 -9999 -9999 -9999 39.1298751831055 39.314281463623 39.293228149414
45.5767593383789 45.5215187072754 45.4662399291992 45.4109611511231 45.3556785583496 45.3003997802734 45.2451210021973 45.1898498535156 45.1345710754395 45.0785484313965 45.0242691040039 44.9719581604004 44.9166107177734 44.8579216003418 44.7983207702637 44.7387313842774 44.6791305541992 44.6195411682129 44.5599403381348 44.5005798339844 44.4407501220703 44.3816299438477 44.3650817871094 44.3909187316895 44.418628692627 44.4483795166016 44.4786491394043 44.5089111328125 44.5391807556152 44.569450378418 -9999 -9999 -9999 -9999 -9999 -9999 -9999 -9999 -9999 -9999 -9999 -9999 -9999 -9999 -9999 -9999 -9999 39.4990253448486 39.6837692260742 39.6454582214355
45.3360900878906 45.2764587402344 45.216781616211 45.1571006774902 45.0974197387695 45.0377388000488 44.9780616760254 44.9183807373047 44.858699798584 44.797779083252 44.7393302917481 44.6837615966797 44.6255798339844 44.5643882751465 44.5017814636231 44.4391593933106 44.3765487670899 44.3139305114746 44.2509918212891 44.1887092590332 44.1260986328125 44.0640296936035 44.0480918884277 44.0780906677246 44.1091384887696 44.1413917541504 44.1741485595703 44.2069091796875 44.2396697998047 44.2724189758301 44.3056488037109 44.3379402160645 -9999 -9999 -9999 -9999 -9999 -9999 -9999 -9999 -9999 -9999 -9999 -9999 -9999 -9999 -9999 -9999 39.6837692260742 39.9977111816406
45.0954513549805 45.0313987731934 44.9673194885254 44.9032287597656 44.8391609191895 44.7750701904297 44.7109909057617 44.6469116210938 44.582820892334 44.5172691345215 44.454891204834 44.3960609436035 44.334831237793 44.2708587646485 44.2052307128906 44.1395988464356 44.0739707946777 44.007209777832 43.9427108764649 43.8770790100098 43.811450958252 43.746150970459 43.7306098937988 43.7647781372071 43.7993507385254 43.834400177002 43.8696594238281 43.904899597168 43.9401588439942 43.9770317077637 44.0106506347656 44.0458984375 44.0811500549316 -9999 -9999 -9999 -9999 -9999 -9999 -9999 -9999 -9999 -9999 -9999 -9999 -9999 -9999 -9999 40.1738948822021 40.3500785827637
44.8548088073731 44.7863388061524 44.7178497314453 44.6493682861328 44.5808906555176 44.5124092102051 44.4439201354981 44.375431060791 44.3069496154785 44.237060546875 44.1708793640137 44.1087989807129 44.0443992614746 43.9773292541504 43.9086799621582 43.840030670166 43.7695808410645 43.7027397155762 43.634090423584 43.5654487609863 43.4967994689942 43.4281616210938 43.4129791259766 43.4512901306153 43.4894409179688 43.5274200439453 43.5651588439942 43.6029014587402 43.6432685852051 43.6783790588379 43.7161102294922 43.753849029541 43.7915916442871 43.9363708496094 -9999 -9999 -9999 -9999 -9999 -9999 -9999 -9999 -9999 -9999 -9999 -9999 -9999 -9999 -9999 40.3500785827637
44.6141815185547 44.5412788391113 44.468391418457 44.3955116271973 44.3226203918457 44.2497406005859 44.1768493652344 44.1039695739746 44.0310783386231 43.9571113586426 43.8872795104981 43.821949005127 43.7542381286621 43.6837997436524 43.6121292114258 43.538459777832 43.4688110351563 43.3971405029297 43.3254814147949 43.2538185119629 43.1821517944336 43.1102600097656 43.0954895019531 43.1379699707031 43.1796607971191 43.2204399108887 43.2606582641602 43.3038597106934 43.341121673584 43.3813514709473 43.4215812683106 43.4617996215821 43.5020294189453 43.6468105316162 -9999 -9999 -9999 -9999 -9999 -9999 -9999 -9999 -9999 -9999 -9999 -9999 -9999 -9999 -9999 -9999
44.373519897461 44.2962188720703 44.2189292907715 44.1416511535645 44.0643615722656 43.9870681762695 43.9097900390625 43.8325004577637 43.7552108764649 43.6773490905762 43.6040306091309 43.5354499816895 43.4642791748047 43.3902702331543 43.3136215209961 43.240909576416 43.1662292480469 43.0915489196777 43.0168609619141 42.9421806335449 42.8675003051758 42.7925910949707 42.778450012207 42.8251113891602 42.8701705932617 42.913459777832 42.9590911865235 42.9988899230957 43.0416107177735 43.0843200683594 43.1270408630371 43.1697502136231 43.2124710083008 43.357250213623 -9999 -9999 -9999 -9999 -9999 -9999 -9999 -9999 -9999 -9999 -9999 -9999 -9999 -9999 -9999 -9999
44.1328506469727 44.0511589050293 43.9694709777832 43.8877792358399 43.8060989379883 43.7244110107422 43.6427192687988 43.5610389709473 43.4793395996094 43.3975791931152 43.3211097717285 43.2492980957031 43.1743202209473 43.0948791503906 43.0190391540527 42.941349029541 42.8636512756348 42.7859497070313 42.7082595825196 42.6305503845215 42.5528602600098 42.4751396179199 42.4621696472168 42.5130615234375 42.5610694885254 42.6092491149902 42.6516799926758 42.6968803405762 42.7420883178711 42.7873001098633 42.8325004577637 42.8777084350586 42.9229202270508 43.0676956176758 -9999 -9999 -9999 -9999 -9999 -9999 -9999 -9999 -9999 -9999 -9999 -9999 -9999 -9999 -9999 -9999
43.8921813964844 43.8064002990723 43.7208099365234 43.6350402832031 43.5490493774414 43.4628295898438 43.3764190673828 43.2898788452149 43.2034111022949 43.1173896789551 43.0384483337402 42.9634017944336 42.8821792602539 42.8034782409668 42.7232208251953 42.6428108215332 42.5622100830078 42.4813995361328 42.4003982543945 42.3192481994629 42.2381401062012 42.1574897766113 42.1469116210938 42.2021598815918 42.2544288635254 42.2998809814453 42.3488998413086 42.398120880127 42.4470481872559 42.4953002929688 42.5425605773926 42.5886611938477 -9999 -9999 -9999 42.6854286193848 42.6809196472168 -9999 -9999 -9999 -9999 -9999 -9999 -9999 -9999 -9999 -9999 -9999 -9999 -9999
43.6534118652344 43.5641098022461 43.4743995666504 43.3843307495117 43.2939186096192 43.2032089233399 43.112190246582 43.0208892822266 42.9292984008789 42.8375015258789 42.7553405761719 42.6754989624024 42.5950698852539 42.5123710632324 42.429370880127 42.3460998535156 42.2625617980957 42.1787300109863 42.0946006774902 42.0101585388184 41.9253692626953 41.8402786254883 41.8315086364746 41.8946418762207 41.9449195861817 41.9983787536621 42.0522804260254 42.1061096191406 42.1594200134277 42.2117500305176 42.2626419067383 42.3115615844727 -9999 -9999 -9999 -9999 42.5517311096191 42.6193504333496 42.6861190795898 -9999 -9999 -9999 -9999 -9999 -9999 -9999 -9999 -9999 -9999 -9999
43.4180107116699 43.3241806030273 43.2299690246582 43.1353912353516 43.0404815673828 42.9452590942383 42.8497505187988 42.7539482116699 42.6578903198242 42.5616493225098 42.4755783081055 42.3940811157227 42.3088607788086 42.2231788635254 42.1372108459473 42.0509796142578 41.964469909668 41.8776702880859 41.7905883789063 41.7031898498535 41.6154708862305 41.5274696350098 41.5204200744629 41.586311340332 41.6439094543457 41.702320098877 41.7611694335938 41.8199691772461 41.8782386779785 41.9355583190918 41.991439819336 42.0453681945801 42.096851348877 -9999 -9999 -9999 -9999 42.5834693908691 42.7117004394531 -9999 -9999 -9999 -9999 -9999 -9999 -9999 -9999 -9999 -9999 -9999
43.2077102661133 43.1114006042481 43.0153312683106 42.9191017150879 42.8226699829102 42.7260093688965 42.6291809082031 42.5322303771973 42.4353790283203 42.3389205932617 42.2499694824219 42.1660385131836 42.0785102844238 41.9900703430176 41.9018592834473 41.8135108947754 41.7249908447266 41.6362609863281 41.5473594665527 41.458309173584 41.3693504333496 41.2807884216309 41.2713317871094 41.3362998962402 41.3948402404785 41.4512786865235 41.5086402893067 41.566219329834 41.6235389709473 41.6802101135254 41.7359199523926 41.7905807495117 41.8446998596192 41.9004516601562 41.9992218017578 42.1437492370606 -9999 42.443489074707 42.5976982116699 -9999 -9999 -9999 -9999 -9999 -9999 -9999 -9999 -9999 -9999 -9999
43.020809173584 42.92578125 42.8307685852051 42.7357597351074 42.640739440918 42.5457305908203 42.4507217407227 42.3557090759277 42.2606887817383 42.1655998229981 42.075611114502 41.9903106689453 41.9027214050293 41.8132095336914 41.7235908508301 41.6339797973633 41.5443687438965 41.454761505127 41.3651390075684 41.2755317687988 41.1859092712402 41.0962409973145 41.0810890197754 41.1394004821777 41.1938095092773 41.2446517944336 41.2952117919922 41.345760345459 41.3963088989258 41.4468688964844 41.497428894043 41.5479698181152 41.5985298156738 41.6491584777832 41.7472114562988 41.8932304382324 42.0422210693359 42.1937484741211 42.3454284667969 -9999 -9999 -9999 -9999 -9999 -9999 -9999 -9999 -9999 -9999 -9999
42.8339385986328 42.7403793334961 42.6468887329102 42.5533981323242 42.4598999023438 42.3664093017578 42.2729187011719 42.1794281005859 42.0859413146973 41.9920310974121 41.9016799926758 41.8150215148926 41.7266807556152 41.6365394592285 41.5459518432617 41.4553604125977 41.3647689819336 41.2741813659668 41.1835899353027 41.0929908752441 41.0023994445801 40.9113006591797 40.8915901184082 40.9434013366699 40.9924087524414 41.0382804870605 41.0832214355469 41.1281394958496 41.1730690002441 41.2179985046387 41.2629203796387 41.3078498840332 41.3527793884277 41.3982315063477 41.494800567627 41.6422996520996 41.7921104431152 41.9444999694824 42.0975303649902 42.2505683898926 42.4036102294922 -9999 42.7096900939941 42.8627204895019 43.0157508850098 43.1699600219727 43.1769599914551 43.0367202758789 42.9047508239746 42.7820816040039
42.6470794677734 42.5549812316895 42.4630088806152 42.3710403442383 42.2790718078613 42.1870994567871 42.0951194763184 42.0031509399414 41.9111785888672 41.8185691833496 41.7281494140625 41.6401100158692 41.5507507324219 41.4598693847656 41.3683013916016 41.2767295837402 41.1851692199707 41.0936012268066 41.0020294189453 40.9104614257813 40.8189010620117 40.7264595031738 40.7027587890625 40.7481117248535 40.7912712097168 40.8319206237793 40.8712196350098 40.9105186462402 40.9498291015625 40.989128112793 41.0284309387207 41.0677299499512 41.1070404052734 41.1472511291504 41.2419891357422 41.3909606933594 41.5419387817383 41.695240020752 41.8496398925781 42.0040397644043 42.1584510803223 42.5884704589844 42.4672508239746 42.6216506958008 42.776050567627 42.9327507019043 42.9531784057617 42.8364791870117 42.7266998291016 42.6247901916504
