Spatial_Analysis/Maxent_Inputs/Inputs/RCP8_5_Future/pH_future85.asc
NCOLS 638 
NROWS 314 
XLLCORNER -102.97071042 
YLLCORNER 3.973116569 
CELLSIZE 0.083 
NODATA_value -9999 
[rows 0 to 21 of 314, columns 400 to 449 of 638]
7.94021987915039 7.94009113311768 7.93983221054077 7.93944311141968 7.93905305862427 7.93866205215454 7.93827104568481 7.93788003921509 7.93748712539673 7.937096118927 7.93670511245728 7.93631410598755 7.93592119216919 7.93553018569946 7.93507385253906 7.93455410003662 7.93403291702271 7.93351316452026 7.93299007415772 7.9324688911438 7.93194818496704 7.93142604827881 7.93090391159058 7.93038320541382 7.9298620223999 7.92933988571167 7.92879295349121 7.92822217941284 7.92764902114868 7.92707777023315 7.92650699615479 7.92593383789062 7.92536211013794 7.92478895187378 7.92421722412109 7.92364501953125 7.92307376861572 7.92250108718872 7.9219388961792 7.92138910293579 7.92083692550659 7.92028713226318 7.9197359085083 7.91918611526489 7.91863584518433 7.9180850982666 7.91753387451172 7.91698312759399 7.91643285751343 7.91588401794434
7.9404730796814 7.94034194946289 7.94008111953735 7.93969202041626 7.93930101394653 7.93891000747681 7.93851900100708 7.93812799453735 7.93773603439331 7.93734502792359 7.93695402145386 7.93656206130981 7.93617105484009 7.93577909469604 7.9353232383728 7.93480396270752 7.93428611755371 7.93376588821411 7.93324613571167 7.93272590637207 7.93220615386963 7.93168592453003 7.93116617202759 7.93064594268799 7.93012714385986 7.92960596084595 7.92905902862549 7.92848205566406 7.92790603637695 7.92732906341553 7.92675304412842 7.92617607116699 7.92559909820557 7.92502212524414 7.92444515228272 7.92386817932129 7.92329216003418 7.92271518707276 7.92214822769165 7.92159080505371 7.92103290557861 7.92047595977783 7.91991996765137 7.9193639755249 7.91880702972412 7.91825008392334 7.91769313812256 7.91713809967041 7.91658020019531 7.91602420806885
7.94072389602661 7.94059181213379 7.94033098220825 7.93994092941284 7.93955087661743 7.93915987014771 7.93876695632935 7.93837594985962 7.93798398971558 7.93759298324585 7.93720197677612 7.93681001663208 7.93641901016235 7.93602800369263 7.9355731010437 7.93505477905273 7.93453788757324 7.93401908874512 7.93350076675415 7.93298196792603 7.93246603012085 7.93194723129273 7.93142795562744 7.93091011047363 7.93039178848267 7.92987394332886 7.92932415008545 7.9287428855896 7.92816209793091 7.92757987976074 7.92699909210205 7.92641687393189 7.92583608627319 7.92525386810303 7.92467403411865 7.9240927696228 7.92351007461548 7.92292881011963 7.92235612869263 7.92179298400879 7.92122793197632 7.92066621780396 7.92010307312012 7.9195408821106 7.91897678375244 7.91841602325439 7.91785192489624 7.91729116439819 7.91672801971436 7.9161639213562
7.9409761428833 7.94084310531616 7.94057989120484 7.94018983840942 7.93979978561401 7.93940782546997 7.93901586532593 7.93862390518189 7.93823385238648 7.93784189224243 7.93744993209839 7.93705892562866 7.93666696548462 7.93627595901489 7.93582201004028 7.93530607223511 7.93479013442993 7.93427276611328 7.93375587463379 7.93323993682861 7.93272399902344 7.93220806121826 7.93169021606445 7.93117380142212 7.93065690994263 7.93014097213745 7.92959022521973 7.92900419235229 7.92841815948486 7.92783212661743 7.92724514007568 7.92665910720825 7.92607307434082 7.92548704147339 7.92490100860596 7.92431497573853 7.92372798919678 7.92314195632935 7.92256498336792 7.92199420928955 7.92142486572266 7.92085599899292 7.92028713226318 7.91971921920776 7.91914987564087 7.91858100891113 7.9180121421814 7.9174427986145 7.91687488555908 7.91630601882935
7.94122886657715 7.94109201431275 7.94083023071289 7.94044017791748 7.94004821777344 7.93966007232666 7.9392728805542 7.93888521194458 7.93849515914917 7.93810415267945 7.93770885467529 7.9373140335083 7.9369158744812 7.93652391433716 7.93607091903686 7.93555688858032 7.93504190444946 7.93452978134155 7.93402099609375 7.93350982666016 7.93299913406372 7.93248414993286 7.93196582794189 7.93144512176514 7.9309229850769 7.93040800094604 7.92985486984253 7.92926406860352 7.92867279052734 7.92808485031128 7.92750120162964 7.92691707611084 7.92632913589478 7.9257378578186 7.92514514923096 7.92454814910889 7.9239501953125 7.92335700988769 7.92277193069458 7.92219591140747 7.92162084579468 7.92104816436768 7.92048215866089 7.91991376876831 7.91934299468994 7.91876697540283 7.91819000244141 7.91760683059692 7.91702318191528 7.91644716262817
7.94150114059448 7.94135093688965 7.94108009338379 7.94069004058838 7.94031286239624 7.93993282318115 7.93955183029175 7.9391679763794 7.93877983093262 7.93838882446289 7.9379940032959 7.93759489059448 7.93719100952149 7.93678522109985 7.93632078170776 7.93580818176269 7.93531084060669 7.93481492996216 7.93431377410889 7.93380880355835 7.93330097198486 7.93278789520264 7.93227005004883 7.93174886703491 7.93122100830078 7.93068981170654 7.93011999130249 7.92952489852905 7.92894887924194 7.92837285995483 7.92779302597046 7.92720699310303 7.92661714553833 7.92602205276489 7.92542219161987 7.92481708526611 7.9242057800293 7.92358922958374 7.92297983169556 7.92239809036255 7.92183780670166 7.92127990722656 7.92071485519409 7.92014694213867 7.91957187652588 7.91899108886719 7.91840600967407 7.91781282424927 7.91721487045288 7.91660976409912
7.94179916381836 7.94164991378784 7.94138097763062 7.94098997116089 7.94061183929443 7.94023513793945 7.93985414505005 7.93946981430054 7.93908309936524 7.93869209289551 7.93829917907715 7.93790006637573 7.9375 7.93709278106689 7.9366340637207 7.93612384796143 7.93562698364258 7.93513298034668 7.9346342086792 7.9341311454773 7.93362617492676 7.93311595916748 7.9326000213623 7.9320821762085 7.93155813217163 7.93102979660034 7.93046188354492 7.9298620223999 7.92927980422974 7.92869901657104 7.92811489105225 7.92752504348755 7.92693090438843 7.92633295059204 7.9257287979126 7.92511987686157 7.92450523376465 7.92388677597046 7.92327785491943 7.92268991470337 7.92212009429932 7.92155504226685 7.92098617553711 7.92041206359863 7.91983079910278 7.91924715042114 7.91865491867066 7.91805696487427 7.91745376586914 7.91684579849243
7.94212484359741 7.94198703765869 7.94172477722168 7.94133806228638 7.94094800949097 7.94056081771851 7.94017601013184 7.93979215621948 7.93940591812134 7.93901586532593 7.93862581253052 7.93823194503784 7.9378399848938 7.93744993209839 7.93700218200684 7.93649482727051 7.93598794937134 7.93548202514649 7.93498086929321 7.93447780609131 7.93397283554077 7.9334659576416 7.9329571723938 7.93244504928589 7.93193197250366 7.93142414093018 7.93086910247803 7.93026685714722 7.92966508865356 7.92906284332275 7.92846822738647 7.92787218093872 7.92727184295654 7.92667102813721 7.92606592178345 7.92545795440674 7.92484998703003 7.9242467880249 7.92364978790283 7.9230580329895 7.92246580123902 7.92187690734863 7.92129278182983 7.92070913314819 7.92012214660645 7.91953182220459 7.91893815994263 7.91834115982056 7.91774415969849 7.91715097427368
7.94252300262451 7.94238996505737 7.94213199615479 7.94175100326538 7.94136810302734 7.94098615646362 7.94060277938843 7.94021987915039 7.93983697891236 7.93945503234863 7.9390721321106 7.93869113922119 7.93830680847168 7.93792486190796 7.93748188018799 7.93698120117188 7.93647909164429 7.9359769821167 7.93547677993774 7.93497514724731 7.93447399139404 7.93397188186646 7.93347120285034 7.93297004699707 7.93246698379517 7.93196678161621 7.93141412734985 7.93080806732178 7.93020391464233 7.92959785461426 7.92899513244629 7.92839097976685 7.9277868270874 7.92718315124512 7.92657899856567 7.92597389221191 7.92537117004395 7.92476606369019 7.92416381835938 7.92356586456299 7.9229679107666 7.92237186431885 7.92177391052246 7.92117786407471 7.92058086395264 7.91998481750488 7.91938781738281 7.91879081726074 7.91819381713867 7.9175968170166
7.94297790527344 7.94285202026367 7.94260215759277 7.94223022460938 7.94185781478882 7.94148588180542 7.94111394882202 7.94074201583862 7.94037008285522 7.93999719619751 7.93962478637695 7.93925285339355 7.93887996673584 7.93850803375244 7.93807506561279 7.93758010864258 7.937087059021 7.9365930557251 7.93610000610352 7.93560600280762 7.93511199951172 7.93461894989014 7.93412494659424 7.93363094329834 7.93313789367676 7.93264389038086 7.93209409713745 7.93148708343506 7.93088102340698 7.93027400970459 7.92966890335083 7.92906284332275 7.92845678329468 7.92785310745239 7.92724704742432 7.92664098739624 7.92603397369385 7.92542886734009 7.92482280731201 7.92421579360962 7.9236102104187 7.92300605773926 7.9224009513855 7.92179489135742 7.92118978500366 7.92058515548706 7.91998100280762 7.91937589645386 7.9187707901001 7.91816806793213
7.94343280792236 7.94331312179566 7.94307088851929 7.94270992279053 7.94234800338745 7.94198608398438 7.9416241645813 7.94126176834106 7.94090080261231 7.94053792953491 7.94017601013184 7.93981504440308 7.939453125 7.93908977508545 7.93866682052612 7.9381799697876 7.93769407272339 7.93720722198486 7.93672180175781 7.9362359046936 7.93575000762939 7.93526601791382 7.93477916717529 7.93429279327393 7.93380689620972 7.93332195281982 7.93277502059937 7.93216705322266 7.93155813217163 7.93095111846924 7.93034219741821 7.92973613739014 7.92912912368774 7.92852115631104 7.92791414260864 7.92730617523193 7.92670011520386 7.92609214782715 7.92548084259033 7.92486619949341 7.92425203323364 7.92363882064819 7.9230260848999 7.92241287231445 7.92180109024048 7.92118692398071 7.92057418823242 7.91996192932129 7.919349193573 7.91873598098755
7.94389009475708 7.94377422332764 7.94354104995727 7.94319009780884 7.94283819198608 7.94248676300049 7.94213485717774 7.94178295135498 7.94143199920654 7.94108009338379 7.94072914123535 7.94037580490112 7.94002389907837 7.93967294692993 7.93925905227661 7.9387788772583 7.9383020401001 7.93782186508179 7.9373459815979 7.93686580657959 7.93638896942139 7.93591117858887 7.93543291091919 7.93495512008667 7.93447780609131 7.93400001525879 7.93345499038696 7.93284511566162 7.93223476409912 7.93162488937378 7.93101692199707 7.93040800094604 7.92979907989502 7.92919015884399 7.92858123779297 7.9279727935791 7.92736291885376 7.92675495147705 7.92613887786865 7.92551612854004 7.92489290237427 7.9242730140686 7.92365217208862 7.92302989959717 7.92240905761719 7.92178821563721 7.92116785049439 7.9205470085144 7.91992616653442 7.9193058013916
7.944344997406 7.94423580169678 7.94400978088379 7.94366979598999 7.94332790374756 7.94298601150513 7.94264507293701 7.9423041343689 7.94196319580078 7.94162082672119 7.94127988815308 7.94093894958496 7.94059705734253 7.94025611877442 7.93984985351563 7.939377784729 7.93890810012817 7.93843793869019 7.9379677772522 7.93749809265137 7.93702793121338 7.93655776977539 7.93608713150024 7.93561792373657 7.93514680862427 7.93467807769775 7.93413591384888 7.9335241317749 7.93291091918945 7.93230104446411 7.93169116973877 7.93107986450195 7.93046998977661 7.92986011505127 7.92924880981445 7.92863798141479 7.92802906036377 7.92741823196411 7.92679691314697 7.92616605758667 7.92553615570068 7.92490482330322 7.92427682876587 7.92364692687988 7.92301893234253 7.92238998413086 7.92176103591919 7.92113304138184 7.92050313949585 7.91987609863281
7.94479990005493 7.94469690322876 7.94447994232178 7.94414901733398 7.94381809234619 7.94348812103272 7.94315576553345 7.94282484054565 7.94249391555786 7.94216299057007 7.94183111190796 7.94150114059448 7.94117021560669 7.94083881378174 7.9404411315918 7.9399790763855 7.93951511383057 7.93905210494995 7.93859100341797 7.93812799453735 7.93766498565674 7.93720388412476 7.93674087524414 7.93627882003784 7.93581676483154 7.9353551864624 7.93481683731079 7.93420314788818 7.93358898162842 7.93297719955444 7.93236494064331 7.93175220489502 7.93113994598389 7.93052816390991 7.92991590499878 7.92930507659912 7.92869186401367 7.92808103561401 7.92745494842529 7.92681503295898 7.92617607116699 7.92553901672363 7.92490196228027 7.92426490783691 7.92362880706787 7.9229907989502 7.92235517501831 7.92171812057495 7.92108106613159 7.92044401168823
7.94525480270386 7.94515895843506 7.94495010375977 7.94463014602661 7.94430780410767 7.94398784637451 7.94366598129272 7.94334697723389 7.9430251121521 7.94270515441895 7.9423828125 7.94206285476685 7.94174098968506 7.94142198562622 7.94103384017944 7.9405779838562 7.94012212753296 7.93966817855835 7.93921422958374 7.93875885009766 7.93830394744873 7.9378490447998 7.93739604949951 7.9369421005249 7.9364857673645 7.93603181838989 7.93549680709839 7.93488216400146 7.93426609039307 7.9336519241333 7.93303918838501 7.93242502212525 7.93181085586548 7.93119812011719 7.93058395385742 7.92996978759766 7.92935705184936 7.9287428855896 7.92811298370361 7.92746496200562 7.92681789398193 7.92617177963257 7.92552804946899 7.92488288879395 7.92423677444458 7.92359304428101 7.92294788360596 7.92230319976807 7.92165803909302 7.92101383209228
7.94571018218994 7.94562005996704 7.94541883468628 7.94510889053345 7.9447979927063 7.94448804855347 7.94417810440064 7.94386720657349 7.9435567855835 7.94324588775635 7.9429349899292 7.94262599945068 7.94231414794922 7.94200420379639 7.94162607192993 7.94117593765259 7.94073009490967 7.94028282165527 7.93983602523804 7.9393892288208 7.93894195556641 7.93849611282349 7.93804883956909 7.93760299682617 7.93715620040894 7.93670988082886 7.93617677688599 7.93556022644043 7.93494319915771 7.93432807922363 7.93371295928955 7.93309688568115 7.93248081207275 7.93186712265015 7.93125200271606 7.93063592910767 7.93001985549927 7.92940616607666 7.92877006530762 7.92811298370361 7.92745876312256 7.92680597305298 7.9261531829834 7.92549991607666 7.92484712600708 7.92419385910034 7.92354202270508 7.92288780212402 7.92223596572876 7.92158317565918
7.9461669921875 7.94608116149902 7.94588899612427 7.94558906555176 7.94528913497925 7.94499015808106 7.94469594955444 7.94440221786499 7.94410514831543 7.94380283355713 7.94349908828735 7.9431939125061 7.94288682937622 7.94258689880371 7.94221591949463 7.94177579879761 7.94133710861206 7.94089984893799 7.94046783447266 7.94003391265869 7.93959903717041 7.9391598701477 7.93871688842773 7.93827199935913 7.93782711029053 7.93738698959351 7.93685579299927 7.93623685836792 7.93561983108521 7.9350061416626 7.93439483642578 7.93378400802612 7.93317222595215 7.93255281448364 7.93193292617798 7.93131017684937 7.93068599700928 7.93006801605225 7.9294261932373 7.92876195907593 7.92810106277466 7.92744207382202 7.92678689956665 7.92613315582275 7.92547512054443 7.92481279373169 7.92414903640747 7.92348194122314 7.9228138923645 7.92215299606323
7.94665002822876 7.94655323028564 7.94635820388794 7.94606876373291 7.94579601287842 7.94552612304688 7.94524908065796 7.9449667930603 7.94468116760254 7.94439077377319 7.94409704208374 7.94379711151123 7.94349098205566 7.94318199157715 7.9428071975708 7.94237518310547 7.94196319580078 7.94155120849609 7.94113397598267 7.94071292877197 7.94028615951538 7.93985605239868 7.93941783905029 7.93897676467896 7.93852996826172 7.93807888031006 7.93753719329834 7.9369158744812 7.9363169670105 7.93571805953979 7.93511486053467 7.93450689315796 7.93389320373535 7.93327379226685 7.93265008926392 7.93202114105225 7.93138599395752 7.93074798583984 7.93008422851562 7.92941093444824 7.92876100540161 7.9281120300293 7.92745780944824 7.92679977416992 7.92613506317139 7.92546606063843 7.92478990554809 7.92411088943482 7.92342710494995 7.92273712158203
7.94717216491699 7.94708204269409 7.94689607620239 7.94661808013916 7.94635677337646 7.94609498977661 7.94582891464233 7.94555807113647 7.94528388977051 7.94500398635864 7.94472122192383 7.9444317817688 7.94413805007935 7.94383907318115 7.94347190856934 7.94304800033569 7.94264507293701 7.94224214553833 7.94183301925659 7.94142007827759 7.94100189208985 7.94057893753052 7.94015121459961 7.93971681594849 7.93927907943726 7.93883514404297 7.93829488754272 7.93767309188843 7.93707180023193 7.93647289276123 7.93586921691894 7.93525695800781 7.93464279174805 7.93402194976807 7.93339681625366 7.93276596069336 7.93213081359863 7.93148994445801 7.93081998825073 7.93013906478882 7.92948198318482 7.92882490158081 7.92816305160522 7.9274959564209 7.92682313919067 7.92614507675171 7.92546319961548 7.92477512359619 7.92408180236816 7.92338514328003
7.94773292541504 7.94766807556152 7.94750308990478 7.94723510742187 7.94696712493897 7.94670104980469 7.94643878936768 7.94617795944214 7.94591188430786 7.94564390182495 7.94537305831909 7.94509792327881 7.94482517242432 7.94455623626709 7.9442138671875 7.94379711151123 7.94338178634644 7.94296979904175 7.9425630569458 7.94215488433838 7.94174385070801 7.94132900238037 7.94091176986694 7.94049119949341 7.94007015228271 7.9396538734436 7.93913507461548 7.93850898742676 7.93788719177246 7.93726778030396 7.93665504455566 7.93603897094726 7.93542098999023 7.93479919433594 7.93417501449585 7.93354606628418 7.93291807174683 7.93229484558105 7.93163919448852 7.93095016479492 7.93026399612427 7.92957878112793 7.92890119552612 7.92822122573853 7.92753791809082 7.92685317993164 7.92616319656372 7.92547178268433 7.92477893829346 7.92409181594849
7.94828701019287 7.94823598861694 7.94808483123779 7.94783115386963 7.94757699966431 7.94732522964478 7.94707298278809 7.94681882858276 7.94656705856323 7.94631385803223 7.9460620880127 7.94580698013306 7.94555521011353 7.94530200958252 7.94497203826904 7.94456386566162 7.94415807723999 7.94375276565552 7.94334697723389 7.94294214248657 7.94253492355347 7.94213008880615 7.94172382354736 7.94131898880005 7.94091415405273 7.94050788879395 7.93999195098877 7.93936586380005 7.93874216079712 7.93811893463135 7.93749618530273 7.93687200546265 7.93625020980835 7.93562698364258 7.93500423431396 7.93438100814819 7.9337592124939 7.93313598632812 7.93247699737549 7.93177890777588 7.93108415603638 7.93038988113403 7.92969608306885 7.9290018081665 7.92830801010132 7.92761421203613 7.92691898345947 7.92622709274292 7.92553281784058 7.92483806610108
7.94880294799805 7.9487738609314 7.94864082336426 7.94840621948242 7.94817209243774 7.94793701171875 7.94770383834839 7.94746923446655 7.94723606109619 7.9470009803772 7.94676685333252 7.946533203125 7.94629812240601 7.94606494903564 7.94574880599976 7.94534921646118 7.9449520111084 7.9445538520813 7.94415712356568 7.94376087188721 7.94336414337158 7.94296598434448 7.94257020950317 7.94217300415039 7.94177579879761 7.94138097763062 7.94086790084839 7.94023990631104 7.93961477279663 7.93899011611939 7.93836498260498 7.93774223327637 7.93711709976196 7.93649291992188 7.93586921691894 7.93524503707886 7.93462085723877 7.93399715423584 7.93333292007446 7.93262815475464 7.93192386627197 7.9312219619751 7.93052005767822 7.92981910705566 7.92911720275879 7.92841482162476 7.92771291732788 7.92701196670532 7.92631006240845 7.92560815811157
