Spatial_Analysis/Maxent_Inputs/Inputs/RCP8_5_Future/pH_future85.asc
NCOLS 638 
NROWS 314 
XLLCORNER -102.97071042 
YLLCORNER 3.973116569 
CELLSIZE 0.083 
NODATA_value -9999 
[rows 242 to 263 of 314, columns 500 to 549 of 638]
7.70604419708252 7.70707416534424 7.70810508728028 7.70913505554199 7.71016597747803 7.71119594573975 7.71222591400146 7.7132568359375 7.71428680419922 7.71531200408936 7.71734523773193 7.7203860282898 7.72340679168701 7.72640705108643 7.72939300537109 7.73237800598145 7.7353630065918 7.73834800720215 7.7413330078125 7.74431800842285 7.74730396270752 7.75028419494629 7.75364017486572 7.75737810134888 7.7610878944397 7.76476812362671 7.76842594146729 7.77208423614502 7.77574110031128 7.77939891815186 7.78305578231812 7.78671407699585 7.79037094116211 7.79403209686279 7.79768180847168 7.80132102966309 7.80497789382935 7.80865478515625 7.81234884262085 7.81604194641113 7.81973600387573 7.82343006134033 7.82712411880493 7.83081722259521 7.83450984954834 7.83820581436157 7.84166193008423 7.84487915039062 7.84811115264892 7.85135793685913
7.70233678817749 7.7032208442688 7.70410490036011 7.70498991012573 7.70587396621704 7.70675802230835 7.70764303207398 7.7085280418396 7.70941209793091 7.71029376983643 7.71227598190308 7.71535682678223 7.71841716766358 7.72145223617554 7.72448015213013 7.72750616073608 7.73053216934204 7.73355913162232 7.73658514022827 7.73961114883423 7.7426381111145 7.74566221237183 7.74909210205078 7.75292205810547 7.75672006607056 7.76047992706299 7.76422500610352 7.76796913146973 7.77171182632446 7.77545690536499 7.7792010307312 7.78294515609741 7.78668880462646 7.79043388366699 7.79415798187256 7.79786205291748 7.80158519744873 7.80533123016357 7.80908679962158 7.81284284591675 7.8165979385376 7.82035398483276 7.82411003112793 7.82786512374878 7.83162212371826 7.83537721633911 7.83888387680054 7.84214401245117 7.84542179107666 7.84872007369995
7.70233678817749 7.69936800003052 7.70010614395142 7.70084476470947 7.70158290863037 7.70232200622559 7.70306015014648 7.70379781723022 7.70453596115112 7.70527601242066 7.70721101760864 7.71033096313477 7.71342802047729 7.71649789810181 7.71956586837768 7.72263288497925 7.72570085525513 7.72876787185669 7.73183584213257 7.73490381240845 7.73797178268433 7.74103879928589 7.74454879760742 7.74847507476807 7.75235605239868 7.75619220733643 7.76002311706543 7.76385498046875 7.76768493652344 7.77151489257812 7.77534580230713 7.77917623519898 7.78300714492798 7.78683805465698 7.79063081741333 7.79440116882324 7.79819297790527 7.80200576782227 7.805823802948 7.80964183807373 7.81345891952515 7.8172779083252 7.82109594345093 7.82491302490234 7.82873201370239 7.83254909515381 7.83610200881958 7.83940410614014 7.84273099899292 7.8460841178894
7.69744110107422 7.69551420211792 7.69610595703125 7.69669723510742 7.69728899002075 7.69788122177124 7.69847297668457 7.69906616210937 7.69966077804565 7.70025396347046 7.70214700698853 7.70530891418457 7.70843410491944 7.71154308319092 7.71464920043945 7.71775388717651 7.720862865448 7.72396993637085 7.72708082199097 7.73019218444824 7.73330402374268 7.73641490936279 7.74000978469849 7.74403476715088 7.74798917770386 7.75190496444702 7.75582122802734 7.75973701477051 7.76365518569946 7.76757287979126 7.77149200439453 7.77540922164917 7.77932596206665 7.78324317932129 7.78710603713989 7.79093885421753 7.79480314254761 7.79868316650391 7.80256605148315 7.80644989013672 7.81033420562744 7.81421518325806 7.81809377670288 7.82197093963623 7.82584619522095 7.82972192764282 7.83331823348999 7.83665895462036 7.84004211425781 7.84344720840454
-9999 7.69551420211792 7.69610595703125 7.69669723510742 7.69728899002075 7.69343280792236 7.69388008117676 7.69432592391968 7.69477415084839 7.69522619247437 7.6970739364624 7.70028686523437 7.7034330368042 7.7065749168396 7.70971918106079 7.71286392211914 7.7160120010376 7.71916103363037 7.72231101989746 7.7254638671875 7.72862100601196 7.73177814483643 7.73545789718628 7.73960590362549 7.74360799789429 7.74760580062866 7.75160884857178 7.755615234375 7.7596230506897 7.76363182067871 7.76764106750488 7.77164697647095 7.7756519317627 7.77965497970581 7.78358888626099 7.78747701644897 7.79142189025879 7.79537391662598 7.79932594299316 7.80327606201172 7.80722379684448 7.81116914749146 7.81511306762695 7.81905078887939 7.82298517227173 7.82691478729248 7.83054494857788 7.833909034729 7.83736515045166 7.84083414077759
-9999 -9999 -9999 -9999 -9999 7.69343280792236 7.69388008117676 7.68957710266113 7.68987798690796 7.6901798248291 7.691969871521 7.69521808624268 7.69840812683106 7.70159101486206 7.7047758102417 7.7079610824585 7.71115016937256 7.71433877944946 7.71753120422363 7.72072410583496 7.72391986846924 7.72711801528931 7.73086500167847 7.73510217666626 7.73920392990112 7.7432951927185 7.74739122390747 7.75148820877075 7.75558805465698 7.75968885421753 7.76379013061523 7.76788902282715 7.77198791503906 7.7760820388794 7.78009986877441 7.78406381607056 7.7880711555481 7.7920880317688 7.79610395431519 7.80011796951294 7.80413007736206 7.80813980102539 7.81214809417725 7.81615114212036 7.82014989852905 7.8241457939148 7.82783508300781 7.83124923706055 7.83474206924438 7.83825397491455
-9999 -9999 -9999 -9999 -9999 -9999 -9999 7.68957710266113 7.68619394302368 7.68629503250122 7.6879768371582 7.69121789932251 7.6944317817688 7.69763088226318 7.70082807540893 7.70402383804321 7.70722103118897 7.71041917800903 7.71361780166626 7.71681880950928 7.72001886367798 7.72321891784668 7.72697496414185 7.73123502731323 7.7354211807251 7.7395658493042 7.74371004104614 7.74785423278809 7.75199890136719 7.75614404678345 7.76029014587402 7.76443481445312 7.76857900619507 7.77272415161133 7.77680587768555 7.78083992004395 7.78489208221436 7.78895092010498 7.79301404953003 7.7970781326294 7.80114078521729 7.80520296096802 7.80926322937012 7.81332111358643 7.8173770904541 7.82143592834473 7.82518577575684 7.82865381240845 7.83216094970703 7.83569288253784
-9999 -9999 -9999 -9999 -9999 -9999 -9999 7.68493938446045 7.68368482589722 7.68356513977051 7.68511581420899 7.68832778930664 7.69152307510376 7.69469976425171 7.69787502288818 7.70104789733887 7.70422315597534 7.70739698410034 7.71057176589966 7.71374702453613 7.71692085266113 7.72009420394898 7.72381782531738 7.72806882858276 7.73227119445801 7.73642301559448 7.74056720733643 7.74470901489258 7.74885320663452 7.75299692153931 7.75714015960693 7.76128387451172 7.76542806625366 7.76956987380982 7.77368307113648 7.77776718139648 7.78185796737671 7.78595685958862 7.79005813598633 7.79415893554688 7.79825782775879 7.80236005783081 7.80645990371704 7.81056213378906 7.81466197967529 7.81876182556152 7.82255601882935 7.82605600357056 7.82958078384399 7.83313083648682
-9999 -9999 -9999 -9999 -9999 -9999 -9999 7.6814398765564 7.68112277984619 7.68081617355347 7.68225812911987 7.6854419708252 7.68861198425293 7.69176912307739 7.6949200630188 7.69807004928589 7.70122003555298 7.70437002182007 7.70752000808716 7.71066999435425 7.71381998062134 7.71696710586548 7.72066497802734 7.72491121292114 7.7291169166565 7.73328113555908 7.73742294311523 7.74156522750855 7.7457070350647 7.74984979629517 7.75399208068848 7.75813293457031 7.76227617263794 7.76641798019409 7.77055501937866 7.77468776702881 7.77882289886475 7.78296184539795 7.78710317611694 7.7912449836731 7.79538488388062 7.79952621459961 7.80366611480713 7.80780696868896 7.81194686889648 7.81609010696411 7.81992292404175 7.82345294952393 7.8270001411438 7.83057022094727
-9999 -9999 -9999 -9999 -9999 7.68001985549927 7.68021154403687 7.67898321151733 7.67850399017334 7.67804622650146 7.67940378189087 7.6825590133667 7.68570518493652 7.68883800506592 7.6919641494751 7.69508981704712 7.69821691513062 7.70134305953979 7.7044677734375 7.70759391784668 7.71072101593018 7.71383905410767 7.71751689910889 7.72175884246826 7.72596788406372 7.73013687133789 7.7342791557312 7.73842000961304 7.74255990982056 7.74670219421387 7.75084400177002 7.75498294830322 7.75912523269653 7.76326608657837 7.76742601394653 7.77160692214966 7.77578687667847 7.77996778488159 7.78414916992188 7.78832912445068 7.79251098632812 7.79669189453125 7.80087184906006 7.80505323410034 7.80923414230347 7.81341791152954 7.81728792190552 7.82084512710571 7.82441806793213 7.82800817489624
-9999 -9999 -9999 -9999 -9999 7.68001985549927 7.67707920074463 7.67898321151733 7.67582702636719 7.67525815963745 7.67655086517334 7.67967891693115 7.68279790878296 7.68590593338013 7.68901014328003 7.69211101531983 7.69521284103394 7.69831514358521 7.70141696929932 7.7045202255249 7.7076210975647 7.71071100234986 7.71437501907349 7.71861600875854 7.72282218933105 7.72699499130249 7.73113489151001 7.735276222229 7.73941516876221 7.74355411529541 7.74769401550293 7.75183391571045 7.75597381591797 7.76011180877686 7.76429605484009 7.76852416992188 7.77274990081787 7.77697277069092 7.78119516372681 7.78541612625122 7.78963613510132 7.79385709762573 7.79807806015015 7.80229902267456 7.80651998519898 7.81074476242065 7.81465101242066 7.81823396682739 7.82183313369751 7.82544898986816
-9999 -9999 -9999 -9999 -9999 -9999 -9999 7.67445850372315 7.6730899810791 7.67245101928711 7.67369985580444 7.67679977416992 7.67989206314087 7.68297719955444 7.68605422973633 7.68913316726685 7.69221019744873 7.69528818130493 7.69836521148682 7.70144414901733 7.70452213287354 7.7075891494751 7.71123886108399 7.71547603607178 7.71968221664429 7.72385215759277 7.72799301147461 7.73213005065918 7.73626899719238 7.74040699005127 7.74454498291016 7.74868297576904 7.75282192230225 7.75695991516113 7.76116514205933 7.76544094085693 7.76971197128296 7.77398014068603 7.77824020385742 7.78250122070312 7.78676319122314 7.79102420806885 7.79528379440308 7.7995457649231 7.8038067817688 7.80807209014893 7.81200981140137 7.81561994552612 7.8192458152771 7.82288694381714
-9999 -9999 -9999 -9999 7.6736102104187 -9999 -9999 7.67102479934692 7.67029094696045 7.66962289810181 7.67084884643555 7.67392301559448 7.67698812484741 7.68004512786865 7.68309879302979 7.68615293502808 7.68920707702637 7.69226121902466 7.69531393051148 7.69836711883545 7.70142078399658 7.7044677734375 7.70810699462891 7.7123441696167 7.71654605865479 7.72071123123169 7.7248477935791 7.72898483276367 7.73312282562256 7.73725891113281 7.7413969039917 7.74553394317627 7.74967098236084 7.75380706787109 7.7580361366272 7.7623610496521 7.76667594909668 7.77098417282105 7.77528476715088 7.77958679199219 7.78388786315918 7.78818893432617 7.79249000549316 7.79679203033447 7.80109310150146 7.80539703369141 7.8093671798706 7.81300497055054 7.8166561126709 7.8203239440918
-9999 -9999 -9999 7.67220401763916 7.67079782485962 -9999 7.66957640647888 7.66812801361084 7.6674280166626 7.66677618026733 7.66800022125244 7.67104482650757 7.67408323287964 7.6771149635315 7.6801438331604 7.68317413330078 7.686203956604 7.68923282623291 7.69226312637329 7.6952919960022 7.69832181930542 7.70134782791138 7.70498180389404 7.70921611785889 7.71341276168823 7.71756887435913 7.72170495986938 7.72584104537964 7.72997617721558 7.73411178588867 7.73824882507324 7.7423849105835 7.74652004241943 7.75065612792969 7.75490999221802 7.75928211212158 7.76364183425903 7.76798915863037 7.77233123779297 7.77667284011841 7.78101396560669 7.78535509109497 7.78969621658325 7.79403781890869 7.79837894439697 7.80272197723389 7.80672216415405 7.81038522720337 7.81406497955322 7.81776285171509
-9999 -9999 -9999 -9999 -9999 -9999 7.66577386856079 7.66506814956665 7.66447114944458 7.66390705108643 7.66514921188354 7.66816711425781 7.67117786407471 7.67418384552002 7.67718887329102 7.68019485473633 7.68319988250733 7.68620586395264 7.68921089172363 7.69221591949463 7.69522094726562 7.69822788238525 7.70185995101929 7.70609521865845 7.71028423309326 7.71442604064941 7.71856021881104 7.72269487380981 7.72683000564575 7.73096609115601 7.73509979248047 7.73923397064209 7.74336910247803 7.74750423431397 7.75178718566895 7.75620794296265 7.76061105728149 7.76499605178833 7.7693772315979 7.77375793457031 7.77814102172852 7.78252077102661 7.78690195083618 7.79128313064575 7.79566478729248 7.80004596710205 7.80407476425171 7.80776500701904 7.81147289276123 7.81520080566406
-9999 -9999 -9999 -9999 -9999 -9999 7.66577386856079 7.66506814956665 7.66139888763428 7.66099119186401 7.66229677200317 7.66528797149658 7.66827201843262 7.6712532043457 7.67423391342163 7.67721605300903 7.68019676208496 7.68317794799805 7.68616008758545 7.68913984298706 7.69212198257446 7.69510316848755 7.6987419128418 7.70298099517822 7.70714998245239 7.71128416061401 7.71541595458984 7.71954822540283 7.72368001937866 7.72781181335449 7.7319450378418 7.73608016967774 7.7402172088623 7.74434995651245 7.74866676330566 7.75313901901245 7.75757884979248 7.76200103759766 7.76641988754272 7.77083683013916 7.7752571105957 7.77967882156372 7.78410291671753 7.78852701187134 7.79295110702515 7.79737377166748 7.80143022537231 7.80514192581177 7.80888223648071 7.81264019012451
-9999 -9999 -9999 -9999 -9999 -9999 7.65877723693848 -9999 7.66139888763428 7.66099119186401 7.65942096710205 7.66240692138672 7.66536521911621 7.6712532043457 7.67423391342163 7.67721605300903 7.68019676208496 7.68013477325439 7.68309307098389 7.68605422973633 7.68901586532593 7.69197988510132 7.69561100006104 7.69987201690674 7.70400810241699 7.70813798904419 7.71226501464844 7.716392993927 7.72051906585693 7.7246470451355 7.72877597808838 7.73290920257568 7.73704385757446 7.74118423461914 7.74554109573364 7.75007915496826 7.75453901290894 7.75898694992065 7.76344299316406 7.76789999008179 7.77236223220825 7.77682590484619 7.78129196166992 7.78575897216797 7.79022693634033 7.79469394683838 7.79878807067871 7.80251693725586 7.80629396438599 7.81007719039917
-9999 -9999 -9999 -9999 7.65514993667603 7.65494394302368 -9999 -9999 -9999 -9999 7.65942096710205 7.66240692138672 -9999 -9999 -9999 -9999 -9999 7.68013477325439 7.67995500564575 7.68288612365723 7.68582105636597 7.68875789642334 7.69238090515137 7.6966609954834 7.70085716247559 7.70498418807983 7.70910596847534 7.71322679519653 7.7173490524292 7.72147083282471 7.72559595108032 7.72972202301025 7.73385190963745 7.73798799514771 7.74236392974854 7.74694919586182 7.75145387649536 7.75594902038574 7.76044702529907 7.76494884490967 7.76945400238037 7.77396106719971 7.77847099304199 7.78298187255859 7.78749322891235 7.79200410842896 7.79613494873047 7.79989576339722 7.80370283126831 7.80751419067383
-9999 -9999 -9999 -9999 7.65514993667603 -9999 -9999 -9999 -9999 -9999 -9999 -9999 -9999 -9999 -9999 -9999 -9999 -9999 7.67995500564575 7.68126201629639 7.6841778755188 7.68709421157837 7.69075107574463 7.69510889053345 7.69940710067749 7.70364189147949 7.70780277252197 7.71188879013062 7.71594476699829 7.71997022628784 7.72396802902222 7.72793817520142 7.73188018798828 7.73579216003418 7.74002313613892 7.74456596374512 7.74907112121582 7.75355291366577 7.75803184509278 7.76250982284546 7.76699113845825 7.77147197723389 7.77595520019531 7.78043794631958 7.78492212295532 7.78940486907959 7.79353284835815 7.79732608795166 7.80114316940308 7.80497407913208
-9999 -9999 -9999 -9999 -9999 -9999 -9999 -9999 -9999 -9999 -9999 -9999 -9999 -9999 -9999 -9999 -9999 -9999 -9999 7.68126201629639 7.6841778755188 7.68709421157837 7.69081115722656 7.69537019729614 7.69980812072754 7.70412397384644 7.70832014083862 7.71238899230957 7.71632099151611 7.72014617919922 7.72388505935669 7.72754001617432 7.73111391067505 7.734610080719 7.73855781555176 7.74300098419189 7.74741792678833 7.75181102752686 7.75619697570801 7.76058292388916 7.76496887207031 7.76935577392578 7.77374315261841 7.77813005447388 7.78251600265503 7.78690195083618 7.79099416732788 7.7947998046875 7.79862213134766 7.80245780944824
-9999 -9999 -9999 -9999 -9999 -9999 -9999 -9999 -9999 -9999 -9999 -9999 -9999 -9999 -9999 -9999 -9999 -9999 -9999 -9999 -9999 -9999 7.69081115722656 7.69537019729614 7.70028114318848 7.70466423034668 7.70885515213013 7.71286010742188 7.71668386459351 7.72032022476196 7.72378492355347 7.72711992263794 7.73032808303833 7.73341798782349 7.73709392547608 7.74143981933594 7.74576616287232 7.75006818771362 7.75435876846313 7.75864982604981 7.76294183731079 7.76723384857178 7.77152490615845 7.77581596374512 7.78010702133179 7.78439998626709 7.78845310211182 7.79227209091187 7.79610013961792 7.79994201660156
-9999 -9999 -9999 -9999 -9999 -9999 -9999 -9999 -9999 -9999 -9999 -9999 -9999 -9999 -9999 -9999 -9999 -9999 -9999 -9999 -9999 -9999 -9999 -9999 7.70028114318848 7.70466423034668 7.70944976806641 7.71335697174072 7.7170238494873 7.72046184539795 7.72367477416992 7.72667980194092 7.7295241355896 7.73221588134766 7.73563480377197 7.7398829460144 7.74411296844482 7.74832582473755 7.75252199172974 7.75671815872192 7.76091480255127 7.76511001586914 7.76930713653565 7.77350378036499 7.77769899368286 7.78189706802368 7.78591203689575 7.78974008560181 7.79357814788818 7.7974271774292
