Spatial_Analysis/Maxent_Inputs/Inputs/RCP8_5_Future/pH_future85.asc
NCOLS 638 
NROWS 314 
XLLCORNER -102.97071042 
YLLCORNER 3.973116569 
CELLSIZE 0.083 
NODATA_value -9999 
[rows 132 to 153 of 314, columns 450 to 499 of 638]
7.92240285873413 7.92188119888306 7.92136907577515 7.92086982727051 7.9203782081604 7.91988706588745 7.91939401626587 7.9189019203186 7.91840982437134 7.91791915893555 7.91742706298828 7.91693878173828 7.91648817062378 7.91607284545898 7.91566610336304 7.91526508331299 7.91486692428589 7.91447019577026 7.91407299041748 7.91367483139038 7.91327810287476 7.91288089752197 7.91248416900635 7.91208600997925 7.9117488861084 7.91146993637085 7.91119289398193 7.91091585159302 7.91063976287842 7.91036510467529 7.91008901596069 7.90981292724609 7.90953779220581 7.90925979614258 7.90898513793945 7.90870904922485 7.90850019454956 7.90835905075073 7.90821599960327 7.90807485580444 7.90793514251709 7.90779399871826 7.90765380859375 7.9075140953064 7.90737199783325 7.90723085403442 7.90709018707275 7.90694999694824 7.90691423416138 7.90698099136352
7.92216777801514 7.92166185379028 7.92116498947144 7.92068004608154 7.92019891738892 7.91972017288208 7.91924095153809 7.91876220703125 7.91828298568726 7.91780376434326 7.91732406616211 7.91684818267822 7.91640615463257 7.91599702835083 7.91559314727783 7.91519594192505 7.91480112075806 7.9144082069397 7.91401290893555 7.91361999511719 7.91322517395019 7.91283082962036 7.91243696212769 7.91204404830933 7.91170597076416 7.91142606735229 7.91114521026611 7.91086721420288 7.91058921813965 7.91031122207642 7.91003179550171 7.90975284576416 7.90947580337524 7.90919589996338 7.90891885757446 7.90863990783691 7.90842819213867 7.90828323364258 7.90813684463501 7.90799188613892 7.90784788131714 7.90770292282104 7.90755796432495 7.90741300582886 7.90726900100708 7.9071249961853 7.90698003768921 7.90683603286743 7.90679407119751 7.90685606002808
7.92193222045898 7.92144203186035 7.92095899581909 7.9204888343811 7.92002201080322 7.91955614089966 7.91908884048462 7.91862297058105 7.91815519332886 7.91768884658813 7.91722202301025 7.91675710678101 7.91632318496704 7.91591787338257 7.91552114486694 7.91512680053711 7.91473579406738 7.91434621810913 7.9139552116394 7.91356420516968 7.91317415237427 7.91278219223022 7.9123911857605 7.9120020866394 7.91166400909424 7.91138076782227 7.91109800338745 7.91081714630127 7.91053676605225 7.91025495529175 7.90997505187988 7.9096941947937 7.90941381454468 7.90913200378418 7.90885210037231 7.90857219696045 7.90835618972778 7.90820598602295 7.90805816650391 7.90790891647339 7.90776109695435 7.90761184692383 7.90746307373047 7.90731477737427 7.90716600418091 7.90701818466187 7.90686988830566 7.90672016143799 7.90667486190796 7.90673208236694
7.92169523239136 7.92121982574463 7.92075395584106 7.92029905319214 7.91984510421753 7.9193902015686 7.91893577575684 7.91848182678223 7.9180269241333 7.91757488250732 7.9171199798584 7.91666603088379 7.91624021530151 7.9158411026001 7.91544723510742 7.91505908966064 7.91467094421387 7.91428422927856 7.9138970375061 7.91350793838501 7.91312122344971 7.91273403167725 7.91234588623047 7.91195821762085 7.91162204742432 7.91133499145508 7.91105079650879 7.91076707839966 7.910484790802 7.91020107269287 7.9099178314209 7.90963506698608 7.90935277938843 7.9090690612793 7.90878582000732 7.90850400924683 7.90828514099121 7.90813112258911 7.90797710418701 7.90782499313354 7.90767288208008 7.90751981735229 7.9073691368103 7.90721607208252 7.90706396102905 7.90690994262695 7.9067587852478 7.90660619735718 7.90655708312988 7.90660810470581
7.92145776748657 7.92099809646606 7.92055082321167 7.92010879516602 7.91966676712036 7.9192271232605 7.91878604888916 7.91834402084351 7.91790199279785 7.91745901107788 7.91701698303223 7.91657495498657 7.91615581512451 7.91576290130615 7.91537618637085 7.91499090194702 7.91460609436035 7.91422176361084 7.91383790969849 7.91345405578613 7.91306877136231 7.91268396377563 7.91230010986328 7.91191577911377 7.91157913208008 7.91129016876221 7.91100311279297 7.91071796417236 7.91043281555176 7.91014814376831 7.90986204147339 7.90957689285278 7.90929079055786 7.9090051651001 7.90872001647949 7.90843391418457 7.90821313858032 7.90805387496948 7.90789699554443 7.90774202346802 7.90758514404297 7.90743017196655 7.90727376937866 7.90711784362793 7.90696001052856 7.90680503845215 7.90664911270142 7.90649223327637 7.9064359664917 7.90648412704468
7.92122220993042 7.92077779769897 7.92034912109375 7.91992378234863 7.91949987411499 7.91907405853271 7.91864585876465 7.91821479797363 7.9177827835083 7.91735219955444 7.9169192314148 7.91648578643799 7.9160737991333 7.91568517684937 7.91530418395996 7.91492509841919 7.91454696655273 7.91416597366333 7.91378688812256 7.91340494155884 7.91302299499512 7.91264009475708 7.91225719451904 7.91187286376953 7.91153478622437 7.91124391555786 7.91095590591431 7.91066980361938 7.91038608551025 7.91009902954102 7.90981197357178 7.90952396392822 7.90923595428467 7.90894508361816 7.90865612030029 7.90836620330811 7.90814113616943 7.90797805786133 7.90781784057617 7.90766000747681 7.90750217437744 7.9073429107666 7.90718412399292 7.90702390670776 7.90686321258545 7.90670204162598 7.90653991699219 7.9063777923584 7.90631818771362 7.90635919570923
7.92099905014038 7.920569896698 7.920166015625 7.9197587966919 7.91934680938721 7.91893196105957 7.9185152053833 7.91809701919556 7.91767597198486 7.91725492477417 7.91683101654053 7.9164080619812 7.91599798202515 7.91561317443848 7.9152398109436 7.91486787796021 7.91449308395386 7.91411685943603 7.91374111175537 7.9133620262146 7.91298389434814 7.91260290145874 7.91222190856934 7.91183996200561 7.91149711608887 7.91120195388794 7.91091680526733 7.91063117980957 7.91034507751465 7.91005611419678 7.90976619720459 7.90947580337524 7.90918397903442 7.90889310836792 7.90859985351563 7.90830612182617 7.90807199478149 7.90790414810181 7.90774488449097 7.90758609771729 7.9074239730835 7.90726280212402 7.90710020065308 7.90693521499634 7.90677118301392 7.9066047668457 7.90643882751465 7.90627193450928 7.90620279312134 7.90623521804809
7.92083978652954 7.92042112350464 7.92001295089722 7.91961002349854 7.91920709609985 7.91880178451538 7.91839599609375 7.91798686981201 7.91757678985596 7.91716623306275 7.91675519943237 7.91634321212769 7.91594696044922 7.91543483734131 7.91506290435791 7.91481876373291 7.91444683074951 7.91407299041748 7.91369915008545 7.91332483291626 7.9129490852356 7.91257190704346 7.91219520568848 7.91181802749634 7.91147994995117 7.91118288040161 7.91089105606079 7.91060018539429 7.91030883789062 7.91001796722412 7.9097261428833 7.909432888031 7.90913915634155 7.90884399414063 7.90854978561401 7.90825510025024 7.90802192687988 7.90785217285156 7.90768384933472 7.90751791000366 7.90735197067261 7.90718603134155 7.90701818466187 7.90685081481934 7.90668201446533 7.90651178359985 7.90634298324585 7.90617322921753 7.90610313415527 7.90613317489624
7.92057800292969 7.92016887664795 7.91976881027222 7.91937208175659 7.91897392272949 7.9185791015625 7.91818284988403 7.91778516769409 7.91738700866699 7.91698980331421 7.91659212112427 7.91619491577148 7.9158091545105 7.91543483734131 7.91506290435791 7.91469478607178 7.91432619094849 7.91395711898804 7.91358804702759 7.91321897506714 7.91284990310669 7.91247987747192 7.91211080551147 7.91174221038818 7.91140794754028 7.91111087799072 7.91081619262695 7.91052198410034 7.91022777557373 7.90993499755859 7.90964078903198 7.90934801101685 7.90905380249024 7.90876007080078 7.90846586227417 7.90817403793335 7.90793895721436 7.90776491165161 7.9075927734375 7.90742111206055 7.90724992752075 7.90707921981812 7.90690898895264 7.90673685073853 7.90656614303589 7.90639400482178 7.90622186660767 7.90605115890503 7.90597677230835 7.90600299835205
7.92019987106323 7.91980504989624 7.91941499710083 7.91903018951416 7.91864490509033 7.91826009750366 7.91787576675415 7.91749095916748 7.91710710525513 7.9167218208313 7.91633796691895 7.91595315933228 7.91557788848877 7.91521310806274 7.91484785079956 7.91448783874512 7.91412687301636 7.91376686096191 7.91340494155884 7.91304588317871 7.91268491744995 7.91232395172119 7.91196298599243 7.91160202026367 7.91127395629883 7.9109787940979 7.91068506240845 7.91039180755615 7.91009998321533 7.9098072052002 7.90951490402222 7.9092230796814 7.90893077850342 7.90863800048828 7.90834712982178 7.9080548286438 7.90782022476196 7.90764284133911 7.90746688842773 7.90729188919067 7.90711784362793 7.90694379806518 7.90676784515381 7.90659379959106 7.90642023086548 7.90624523162842 7.90607118606568 7.90589618682861 7.9058198928833 7.90584421157837
7.91982078552246 7.91943883895874 7.91906118392944 7.91868782043457 7.91831398010254 7.91794300079346 7.91757106781006 7.91720008850098 7.91682577133179 7.91645479202271 7.91608190536499 7.91571092605591 7.9153470993042 7.91498994827271 7.914635181427 7.91428184509277 7.9139289855957 7.91357707977295 7.91322517395019 7.91287183761597 7.91251993179321 7.91216802597046 7.91181516647339 7.91146421432495 7.91113996505737 7.91084718704224 7.91055297851562 7.91026210784912 7.90997123718262 7.90967988967896 7.90951490402222 7.90909910202026 7.90880823135376 7.90851593017578 7.90822601318359 7.90793609619141 7.9077000617981 7.90752077102661 7.90734100341797 7.90716314315796 7.90698623657227 7.9068078994751 7.90663099288941 7.90645408630371 7.90627479553223 7.90609693527222 7.90592002868652 7.90574216842651 7.90566301345825 7.90568399429321
7.91944217681885 7.91870594024658 7.91835308074951 7.91800308227539 7.9179859161377 7.91762590408325 7.91726684570312 7.91690587997437 7.91654682159424 7.9161868095398 7.91582822799683 7.9154691696167 7.91511487960815 7.91476678848267 7.91442012786865 7.91407489776611 7.91373109817505 7.91338682174683 7.91304397583008 7.9126992225647 7.91235589981079 7.91201210021973 7.9116678237915 7.91132497787476 7.91100788116455 7.91071319580078 7.9104208946228 7.91013097763062 7.90984296798706 7.90955305099487 7.90926313400269 7.90897512435913 7.90868377685547 7.90839385986328 7.90810585021973 7.90781593322754 7.90757989883423 7.90739822387695 7.9072151184082 7.90703296661377 7.90685176849365 7.90667200088501 7.90649080276489 7.90631103515625 7.90612983703613 7.90595006942749 7.90576887130737 7.90558815002441 7.90550804138184 7.90552377700806
7.91906213760376 7.91870594024658 7.91835308074951 7.91800308227539 7.91765689849854 7.91730880737305 7.91696214675903 7.91661500930786 7.91626691818237 7.9159197807312 7.91557312011719 7.91522598266601 7.91488313674927 7.91454410552979 7.9142050743103 7.91386890411377 7.9135332107544 7.91319704055786 7.91286182403564 7.91252708435059 7.91219091415405 7.91185712814331 7.91152095794678 7.91118621826172 7.91087293624878 7.91058111190796 7.91029119491577 7.9100022315979 7.90971422195435 7.90942478179932 7.90913820266724 7.90884876251221 7.90856122970581 7.90827322006226 7.9079852104187 7.90769720077515 7.90746021270752 7.90727376937866 7.90708780288696 7.90690422058105 7.90672016143799 7.90653800964355 7.90635395050049 7.90616893768311 7.90598487854004 7.90580177307129 7.90561819076538 7.90543413162232 7.90535020828247 7.90536594390869
7.91868114471436 7.91833877563477 7.91799783706665 7.91766214370728 7.91732597351074 7.9169921875 7.91665697097778 7.91632318496704 7.91598701477051 7.91565179824829 7.91531705856323 7.91498422622681 7.91465091705322 7.91431903839111 7.91399002075195 7.91366100311279 7.91333484649658 7.91300821304321 7.912682056427 7.91235399246216 7.91202688217163 7.9116997718811 7.91137409210205 7.91104698181152 7.91073894500732 7.91044902801514 7.91015911102295 7.90987110137939 7.90958499908447 7.90929794311524 7.90901184082031 7.90872478485108 7.90843820571899 7.90815114974976 7.90786600112915 7.9075779914856 7.90734100341797 7.907151222229 7.9069619178772 7.90677499771118 7.90658903121948 7.90640115737915 7.90621423721313 7.90602684020996 7.90583992004395 7.90565395355225 7.90546607971191 7.90528011322022 7.90519380569458 7.90520715713501
7.91830015182495 7.91797018051147 7.91764402389526 7.91731977462769 7.91699695587158 7.9166750907898 7.91635179519653 7.91602897644043 7.91570711135864 7.9153847694397 7.91506195068359 7.91474103927612 7.91441822052002 7.91409492492676 7.91377401351929 7.91345500946045 7.91313600540161 7.91281795501709 7.91249990463257 7.91218090057373 7.91186285018921 7.91154384613037 7.91122579574585 7.91090822219849 7.91060495376587 7.91031503677368 7.91002798080444 7.90974092483521 7.90945720672607 7.90917110443115 7.90888500213623 7.90859985351563 7.90831422805786 7.90803003311157 7.90774393081665 7.90745878219604 7.9072208404541 7.90702819824219 7.90683698654175 7.90664386749268 7.90645599365234 7.90626621246338 7.90607500076294 7.90588617324829 7.90569591522217 7.9055061340332 7.90531587600708 7.90512609481812 7.90503597259522 7.90504693984985
7.91791915893555 7.91760206222534 7.91728782653809 7.91697692871094 7.91666698455811 7.91635799407959 7.91604804992676 7.91573810577393 7.91542720794678 7.91511821746826 7.91480779647827 7.91449689865112 7.91418600082397 7.9138708114624 7.91355800628662 7.91324901580811 7.91293907165527 7.91262817382812 7.91231822967529 7.91200876235962 7.91169881820679 7.91138887405395 7.91107797622681 7.91076898574829 7.9104700088501 7.91018199920654 7.9098949432373 7.90961122512817 7.9093279838562 7.9090428352356 7.90875911712646 7.90847587585449 7.90819120407104 7.90790796279907 7.90762519836426 7.90734100341797 7.90710020065308 7.90690517425537 7.90670919418335 7.90651607513428 7.90632295608521 7.90612888336182 7.90593719482422 7.90574407577515 7.90555095672607 7.905357837677 7.90516519546509 7.90497303009033 7.90487909317017 7.90488815307617
7.91753721237183 7.91723299026489 7.9169340133667 7.91663599014282 7.91633796691895 7.91603994369507 7.91574382781982 7.91544723510742 7.91514778137207 7.91511821746826 7.91480779647827 7.9142541885376 7.91395282745361 7.91364622116089 7.91334390640259 7.91304302215576 7.9127402305603 7.91243886947632 7.91213893890381 7.91183614730835 7.91153383255005 7.91123294830322 7.91093111038208 7.91062879562378 7.91033506393433 7.91004800796509 7.9097638130188 7.9094820022583 7.9092001914978 7.90891695022583 7.90863418579101 7.90835094451904 7.90807008743286 7.90778684616089 7.90750408172607 7.9072208404541 7.90698003768921 7.90677976608276 7.90658187866211 7.9063868522644 7.90618991851807 7.90599489212036 7.90579891204834 7.905601978302 7.90540599822998 7.905357837677 7.90501403808594 7.9048171043396 7.90472221374512 7.90472888946533
7.91715478897095 7.91686296463013 7.91657876968384 7.91629600524902 7.91601514816284 7.91573190689087 7.91544723510742 7.91516304016113 7.91487598419189 7.91458892822266 7.91429996490479 7.91401195526123 7.91371917724609 7.91342210769653 7.91312885284424 7.91283893585205 7.91254901885986 7.91225719451904 7.91196393966675 7.91167116165161 7.911376953125 7.91108322143555 7.9107871055603 7.91049098968506 7.91020011901856 7.90991401672363 7.90963220596313 7.90935277938843 7.9090747833252 7.90879487991333 7.90851497650146 7.90823411941528 7.90795087814331 7.90766906738281 7.90738582611084 7.90710306167603 7.90685796737671 7.90665578842163 7.90645599365234 7.906259059906 7.90606307983398 7.90586614608765 7.9056658744812 7.90546798706055 7.90526676177979 7.90493106842041 7.90472602844238 7.90466403961182 7.90456485748291 7.90457010269165
7.9167799949646 7.91650199890137 7.91623687744141 7.91597080230713 7.9157018661499 7.91543197631836 7.9151611328125 7.91488599777222 7.91461181640625 7.91433715820312 7.91406011581421 7.91378211975098 7.91349220275879 7.91320085525513 7.9129228591919 7.91264390945435 7.91236305236816 7.91208076477051 7.91179704666138 7.91151189804077 7.91122579574585 7.91093921661377 7.91065120697021 7.91036176681519 7.91006898880005 7.90978193283081 7.90951108932495 7.90923500061035 7.90895891189575 7.90868091583252 7.90840196609497 7.90812301635742 7.90784120559692 7.90755987167359 7.90727710723877 7.90699291229248 7.90674209594727 7.90653514862061 7.90633678436279 7.90614080429077 7.90594100952148 7.90574216842651 7.90554094314575 7.90533876419067 7.90513610839844 7.90493106842041 7.90472602844238 7.9043869972229 7.90441417694092 7.90441179275513
7.91644096374512 7.91617393493652 7.91591310501099 7.91565608978271 7.91539907455444 7.91513919830322 7.91487884521484 7.91461801528931 7.91435623168945 7.91409301757812 7.91382789611816 7.91356420516968 7.91329002380371 7.91301012039185 7.91273307800293 7.91245889663696 7.91218709945679 7.91191101074219 7.91163587570191 7.9113597869873 7.91108179092407 7.91080379486084 7.91052389144898 7.91024494171143 7.90996313095093 7.90967988967896 7.90939998626709 7.90912485122681 7.90884876251221 7.90857315063477 7.90829515457153 7.90801620483398 7.90773582458496 7.90745496749878 7.90717506408691 7.90689420700073 7.9066481590271 7.90643882751465 7.90623378753662 7.90603017807007 7.90582704544067 7.90562391281128 7.90541982650757 7.90521478652954 7.90500783920288 7.90480184555054 7.90459394454956 7.9043869972229 7.9042820930481 7.90428113937378
7.91595506668091 7.91569900512695 7.91544723510742 7.91519689559937 7.91494798660278 7.9146990776062 7.9144492149353 7.91419792175293 7.91394901275635 7.91369581222534 7.91344594955444 7.91319704055786 7.91293478012085 7.91266298294067 7.91239213943481 7.9121241569519 7.91185522079468 7.91158723831177 7.91132020950317 7.91105079650879 7.91078281402588 7.91051292419434 7.91024494171143 7.9099760055542 7.90970182418823 7.90942096710205 7.90914583206177 7.90887022018433 7.90859603881836 7.90832090377808 7.90804719924927 7.9077730178833 7.9074969291687 -9999 -9999 7.90667200088501 7.90643119812012 7.90622186660767 7.90601682662964 7.90581083297729 7.90560722351074 7.90540409088135 7.90520095825195 7.90499687194824 7.90479183197021 7.90458679199219 7.90438318252563 7.90417909622192 7.90407705307007 7.90407609939575
7.91531276702881 7.91506814956665 7.91482591629028 7.91458606719971 7.91434717178345 7.91410779953003 7.91386795043945 7.91362905502319 7.91338777542114 7.91314888000488 7.91290998458862 7.91267108917236 7.91241788864136 7.91215419769287 7.91189098358154 7.91163110733032 7.91136884689331 7.91110897064209 7.91084909439087 7.91058921813965 7.91032695770264 7.91006803512573 7.9098072052002 7.90954685211182 7.90927982330322 7.90900707244873 7.90873622894287 7.90846586227417 7.90819692611694 7.90792894363403 7.90766096115112 7.90739297866821 7.90712404251099 7.90685510635376 7.90622615814209 7.90596389770508 7.90608310699463 7.90587902069092 7.90567922592163 7.90547895431519 7.90528011322022 7.90508079528809 7.90488195419311 7.90468406677246 7.90448522567749 7.90428590774536 7.90408706665039 7.90388822555542 7.90378999710083 7.9037938117981
