Spatial_Analysis/Maxent_Inputs/Inputs/RCP8_5_Future/pH_future85.asc
NCOLS 638 
NROWS 314 
XLLCORNER -102.97071042 
YLLCORNER 3.973116569 
CELLSIZE 0.083 
NODATA_value -9999 
[rows 220 to 241 of 314, columns 100 to 149 of 638]
7.94689989089966 7.94655609130859 7.94615888595581 7.94571304321289 7.94526481628418 7.94481801986694 7.94437217712402 7.94392395019531 7.94347715377808 7.943030834198 7.94258499145508 7.94213819503784 7.94168996810913 7.94123888015747 7.94073915481567 7.94018793106079 7.93963623046875 7.93908405303955 7.93853092193604 7.937979221344 7.93742799758911 7.9368748664856 7.93632316589356 7.93577098846435 7.93521785736084 7.93465995788574 7.93403482437134 7.93334484100342 7.93265199661255 7.93195915222168 7.93126583099365 7.93057298660278 7.92988014221191 7.9291877746582 7.92849493026733 7.92780303955078 7.92710781097412 7.92640495300293 7.92563199996948 7.92478799819946 7.92393684387207 7.92308807373047 7.92223787307739 7.92138814926147 7.9205379486084 7.91969013214111 7.91883993148804 7.91799020767212 7.91714000701904 7.91627883911133
7.94683980941772 7.94649696350098 7.94610214233398 7.94565582275391 7.9452018737793 7.94474697113037 7.94429397583008 7.94384622573852 7.94339895248413 7.94295883178711 7.94252014160156 7.94208288192749 7.94163799285889 7.94118785858154 7.94068813323975 7.94013595581055 7.9395751953125 7.93901300430298 7.93845415115357 7.93789911270142 7.93734788894653 7.93680191040039 7.93626022338867 7.93571805953979 7.93516778945923 7.93461179733276 7.93398714065552 7.93329477310181 7.93259286880493 7.93188905715942 7.93118810653687 7.93049097061157 7.92979907989502 7.92911195755005 7.92843008041382 7.9277491569519 7.9270601272583 7.92636203765869 7.92558479309082 7.92473697662354 7.92387676239014 7.92301416397095 7.92215394973755 7.92129993438721 7.92045116424561 7.91960716247559 7.91876697540283 7.9179310798645 7.91708421707153 7.91622686386108
7.94676494598389 7.94643783569336 7.94603586196899 7.94556617736816 7.94510221481323 7.94464206695557 7.94418716430664 7.94373607635498 7.94329023361206 7.94285106658936 7.94241619110108 7.94198799133301 7.941565990448 7.94113922119141 7.94062519073486 7.94004487991333 7.93947076797485 7.93890190124512 7.93834018707275 7.93778276443481 7.93723201751709 7.93668699264526 7.93614912033081 7.93561887741089 7.93509483337402 7.93456602096558 7.93392705917358 7.93320322036743 7.93248414993286 7.93177080154419 7.93106603622437 7.93036794662476 7.9296760559082 7.92899179458618 7.9283127784729 7.92764377593994 7.92698192596436 7.92631816864014 7.92552709579468 7.92464113235474 7.92376089096069 7.92289018630981 7.92202615737915 7.9211688041687 7.92031908035278 7.91947603225708 7.91864109039307 7.91781520843506 7.91699600219727 7.91617584228516
7.94662618637085 7.94628715515137 7.94589376449585 7.94543123245239 7.9449667930603 7.94450712203979 7.94405078887939 7.94359922409058 7.9431529045105 7.94271087646484 7.94227504730225 7.94184398651123 7.94141578674316 7.94097089767456 7.94046688079834 7.93989610671997 7.93932390213013 7.93875503540039 7.93819284439087 7.93763494491577 7.93708181381226 7.93653678894043 7.93599700927734 7.93546295166016 7.93493223190308 7.93438291549683 7.93375396728516 7.93304204940796 7.9323239326477 7.93161296844483 7.930908203125 7.93020915985108 7.92951583862305 7.92883014678955 7.92815017700195 7.92747688293457 7.92680788040161 7.92611980438232 7.92534017562866 7.92446804046631 7.92359113693237 7.92271995544434 7.92185592651367 7.92099809646606 7.92014694213867 7.91930389404297 7.91846704483032 7.91763687133789 7.91681098937988 7.91596603393555
7.94643878936768 7.94609785079956 7.94570207595825 7.94525289535522 7.94480323791504 7.94434690475464 7.94389390945435 7.94344282150269 7.94299602508545 7.94255018234253 7.94210577011108 7.94165992736816 7.9412112236023 7.940758228302 7.9402551651001 7.93970108032226 7.93914413452149 7.93858289718628 7.93802404403686 7.93746519088745 7.93691205978394 7.93636083602905 7.93581199645996 7.93525981903076 7.93470621109009 7.93414497375488 7.93351793289185 7.93282413482666 7.93212699890137 7.93142509460449 7.93072319030762 7.93002510070801 7.92932987213135 7.92863893508911 7.92795181274414 7.92725992202759 7.92656517028809 7.92586183547974 7.92508506774902 7.924232006073 7.92337799072266 7.92251682281494 7.92165803909302 7.92080116271973 7.9199481010437 7.91909885406494 7.91825294494629 7.91740417480469 7.91655111312866 7.91568899154663
7.94625806808472 7.94591283798218 7.94551610946655 7.94506502151489 7.94461393356323 7.94416522979736 7.9437141418457 7.94326400756836 7.94281387329102 7.94236278533936 7.94191408157349 7.94146299362183 7.94101095199585 7.94055795669556 7.94005298614502 7.93949794769287 7.93894100189209 7.93838405609131 7.93782711029053 7.93727016448975 7.93671321868896 7.93615484237671 7.93559789657593 7.93504095077515 7.93448400497437 7.93392086029053 7.93329286575317 7.93259906768799 7.93190193176269 7.9312047958374 7.93050813674927 7.92981100082398 7.92911386489868 7.92841815948486 7.92772102355957 7.92702293395996 7.92632484436035 7.92562007904053 7.92484092712402 7.92399120330811 7.92313480377197 7.92228078842163 7.92142486572266 7.920569896698 7.91971397399902 7.91885995864868 7.91800403594971 7.91715002059937 7.91629314422607 7.91542720794678
7.9460768699646 7.94572877883911 7.94532918930054 7.94487619400025 7.94442510604858 7.94397401809692 7.94352293014526 7.9430718421936 7.9426212310791 7.94216918945312 7.94171810150147 7.94126605987549 7.9408130645752 7.94035911560059 7.93985319137573 7.93929576873779 7.93873596191406 7.93817710876465 7.93761777877808 7.93705892562866 7.93650007247925 7.93594121932983 7.93538093566894 7.93482303619385 7.93426084518433 7.93369579315185 7.93306589126587 7.93237209320068 7.93167400360107 7.93097591400146 7.93027782440186 7.92958021163941 7.9288821220398 7.92818403244019 7.92748498916626 7.92678689956665 7.92608594894409 7.92537784576416 7.92459917068481 7.92374801635742 7.92289304733276 7.92203617095947 7.92117881774902 7.92032194137573 7.91946411132812 7.91860818862915 7.9177508354187 7.91689395904541 7.91603422164917 7.91516494750976
7.94589519500732 7.94554376602173 7.94514179229736 7.94468879699707 7.94423580169678 7.94378423690796 7.94333219528198 7.94287919998169 7.94242715835571 7.94197511672974 7.94152212142944 7.94106912612915 7.94061517715454 7.94015884399414 7.93965101242066 7.93909311294556 7.93853187561035 7.9379711151123 7.9374098777771 7.93684911727905 7.93628692626953 7.9357271194458 7.93516492843628 7.93460416793823 7.93404006958008 7.93347311019897 7.9328408241272 7.93214607238769 7.93144702911377 7.93074798583984 7.9300479888916 7.92934799194336 7.92864894866943 7.92794895172119 7.92724990844727 7.92654991149902 7.92584705352783 7.92513799667358 7.92435789108276 7.92350578308106 7.92264890670776 7.92179012298584 7.92093181610108 7.92007398605347 7.91921520233154 7.91835594177246 7.91749811172485 7.91663885116577 7.91577577590942 7.91490602493286
7.94571304321289 7.94536018371582 7.94495487213135 7.94450092315674 7.94404792785645 7.94359397888184 7.94314002990723 7.94268703460693 7.94223403930664 7.94178009033203 7.94132614135742 7.94087314605713 7.94041681289673 7.93996000289917 7.93945121765137 7.93888998031616 7.93832778930664 7.93776416778564 7.93720102310181 7.93663692474365 7.93607521057129 7.93551206588745 7.9349479675293 7.93438386917114 7.93381881713867 7.93324995040894 7.93261814117432 7.93192100524902 7.93122100830078 7.93052005767822 7.92981910705566 7.92911815643311 7.92841720581055 7.92771577835083 7.92701482772827 7.92631387710571 7.92560911178589 7.92489910125732 7.92411804199219 7.92326307296753 7.92240476608276 7.92154502868652 7.92068481445313 7.9198260307312 7.91896390914917 7.91810512542725 7.91724395751953 7.91638517379761 7.91551780700684 7.91464710235596
7.94553184509277 7.94517517089844 7.94476795196533 7.94431400299072 7.9438591003418 7.94340419769287 7.94294881820679 7.94249391555786 7.94203996658325 7.94158601760864 7.94113111495972 7.94067478179932 7.94021987915039 7.9397611618042 7.93924999237061 7.93868684768677 7.93812322616577 7.9375581741333 7.93699312210083 7.93642711639404 7.93586206436157 7.9352970123291 7.93473196029663 7.93416690826416 7.93359899520874 7.9330267906189 7.93239307403564 7.93169498443603 7.93099308013916 7.93029117584229 7.92958879470825 7.92888689041138 7.9281849861145 7.92748308181763 7.92678117752075 7.92607688903809 7.92537212371826 7.92466020584106 7.92387676239014 7.92302179336548 7.92216205596924 7.92129993438721 7.92043876647949 7.91957712173462 7.91871500015259 7.91785192489624 7.91699123382568 7.91612911224365 7.91526222229004 7.91438913345337
7.9453501701355 7.94499015808106 7.94458198547363 7.94412517547608 7.94366979598999 7.94321298599243 7.94275808334351 7.94230222702026 7.94184589385986 7.94139099121094 7.94093608856201 7.9404788017273 7.94002199172974 7.93956279754639 7.93905115127563 7.93848514556885 7.93791913986206 7.93735122680664 7.93678379058838 7.93621683120728 7.93564891815186 7.93508291244507 7.93451499938965 7.93394804000854 7.93337821960449 7.93280601501465 7.93216991424561 7.93146991729736 7.93076705932617 7.93006277084351 7.929358959198 7.92865610122681 7.92795276641846 7.92724895477295 7.92654609680176 7.92584180831909 7.92513513565064 7.92442321777344 7.92363786697388 7.92278099060059 7.92191886901855 7.92105484008789 7.92019081115723 7.91932821273804 7.91846513748169 7.91760110855103 7.91673803329468 7.91587400436401 7.9150071144104 7.91413307189941
7.94516801834106 7.94480514526367 7.9443941116333 7.94393682479858 7.94348001480103 7.94302415847778 7.94256687164307 7.94211006164551 7.94165277481079 7.94119596481323 7.94073915481567 7.94028186798096 7.9398250579834 7.93936491012573 7.93885087966919 7.93828296661377 7.93771409988403 7.9371452331543 7.93657493591309 7.93600606918335 7.93543720245361 7.9348669052124 7.93429803848267 7.93372917175293 7.9331579208374 7.93258380889893 7.93194580078125 7.93124389648438 7.93054008483887 7.92983484268188 7.92913103103638 7.92842483520508 7.92772006988525 7.92701482772827 7.92631101608276 7.92560577392578 7.92489910125732 7.92418622970581 7.92339992523193 7.92253923416138 7.92167520523071 7.92080879211426 7.91994476318359 7.9190788269043 7.91821479797363 7.91734981536865 7.91648387908936 7.91561889648438 7.91475200653076 7.91387701034546
7.94498586654663 7.94462013244629 7.9442081451416 7.94374990463257 7.94329214096069 7.94283390045166 7.94237518310547 7.94191789627075 7.94146013259888 7.94100189208984 7.94054412841797 7.94008588790894 7.93962717056274 7.93916702270508 7.93865203857422 7.93808078765869 7.93750905990601 7.93693780899048 7.93636703491211 7.93579578399658 7.9352240562439 7.93465280532837 7.93408203125 7.93350982666016 7.93293905258179 7.93236398696899 7.93172407150269 7.9310188293457 7.93031215667725 7.92960596084595 7.92889976501465 7.92819404602051 7.92748785018921 7.92678213119507 7.92607498168945 7.92536878585816 7.92466306686401 7.92395114898682 7.92316198348999 7.92229795455933 7.92143201828003 7.92056512832642 7.91969680786133 7.91882991790771 7.91796398162842 7.9170970916748 7.91623115539551 7.91536378860474 7.91449594497681 7.91362190246582
7.94480609893799 7.94443511962891 7.94402122497559 7.94356203079224 7.94310092926025 7.94264078140259 7.94218015670777 7.9417200088501 7.94126081466675 7.94080305099487 7.94034719467163 7.9398889541626 7.93943023681641 7.93896913528442 7.93845176696777 7.93787813186646 7.93730306625366 7.93672704696655 7.93615198135376 7.93557691574097 7.93500280380249 7.93443202972412 7.93386077880859 7.93329000473022 7.93271780014038 7.93214178085327 7.93149995803833 7.93079280853271 7.93008279800415 7.92937183380127 7.92865991592407 7.92795181274414 7.92724514007568 7.92653894424439 7.92583513259888 7.92513179779053 7.92442607879639 7.92371511459351 7.92292404174805 7.92205619812012 7.92118501663208 7.92031097412109 7.91943788528442 7.91856813430786 7.91769981384277 7.91683387756348 7.91596984863281 7.91510677337647 7.91423988342285 7.91336822509766
7.94462203979492 7.94425010681152 7.9438328742981 7.94336795806885 7.94290399551392 7.9424409866333 7.94197797775268 7.9415168762207 7.94105577468872 7.94059801101685 7.9401388168335 7.93968296051025 7.93922805786133 7.93877220153809 7.93824911117554 7.93766593933106 7.93708419799805 7.93650484085083 7.93592500686645 7.93534803390503 7.93477201461792 7.93419790267944 7.93362712860107 7.93305683135986 7.93248987197876 7.93192100524902 7.93127393722534 7.93055486679077 7.9298357963562 7.92912006378174 7.92840576171875 7.92769384384155 7.9269847869873 7.92627906799316 7.92557621002197 7.92487478256226 7.92417812347412 7.9234790802002 7.92268085479736 7.92179679870606 7.92091512680054 7.92003393173218 7.91915798187256 7.91828393936157 7.91741418838501 7.91654682159424 7.91568422317505 7.91482591629028 7.91396999359131 7.91311407089233
7.94442796707153 7.94405078887939 7.94363212585449 7.94316720962525 7.94270086288452 7.94223594665528 7.94177198410034 7.94130802154541 7.9408450126648 7.94038391113281 7.93992280960083 7.93946504592896 7.93900680541992 7.9385461807251 7.93802309036255 7.93743801116944 7.93685483932495 7.93627214431763 7.93568897247314 7.93510913848877 7.93453121185303 7.93395376205444 7.93337917327881 7.93280601501465 7.93223476409912 7.9316577911377 7.9310097694397 7.9302921295166 7.92957210540771 7.92885303497314 7.92813682556152 7.92742300033569 7.9267110824585 7.92600297927857 7.92529582977295 7.92459201812744 7.9238920211792 7.92318296432495 7.92238807678223 7.92150497436524 7.92061996459961 7.91973781585693 7.91885900497437 7.91798305511475 7.91710996627808 7.91624021530151 7.91537380218506 7.91451215744018 7.91365194320679 7.91278409957886
7.94425106048584 7.94387102127075 7.94344615936279 7.94297981262207 7.94251298904419 7.94204521179199 7.94157695770264 7.94110918045044 7.94064283370972 7.94017696380615 7.93971204757691 7.93924617767334 7.9387788772583 7.9383111000061 7.93778514862061 7.93720293045044 7.93662118911743 7.93603706359863 7.93545293807983 7.93486881256103 7.93428802490234 7.93370723724365 7.93312692642212 7.93254613876343 7.93196296691894 7.93137979507446 7.93073081970215 7.930016040802 7.92929983139038 7.9285831451416 7.92786598205566 7.92714977264404 7.9264349937439 7.9257230758667 7.9250111579895 7.92429780960083 7.92358303070068 7.92286491394043 7.92206811904907 7.92119312286377 7.92031621932983 7.91943597793579 7.91855812072754 7.91767978668213 7.91680383682251 7.91592979431152 7.91505813598633 7.91418600082397 7.91330909729004 7.912428855896
7.94409894943237 7.94371509552002 7.94328498840332 7.94281196594238 7.94234085083008 7.94186782836914 7.9413948059082 7.94092321395874 7.9404501914978 7.93997812271118 7.93950605392456 7.93903303146362 7.93856000900269 7.93808603286743 7.93755483627319 7.93697023391724 7.93638610839844 7.93580007553101 7.93521404266358 7.93462800979614 7.93404197692871 7.9334568977356 7.93287181854248 7.93228721618652 7.93170118331909 7.93111181259155 7.93045902252197 7.92974281311035 7.92902612686157 7.92830801010132 7.92758989334106 7.92687177658081 7.92615413665771 7.92543697357178 7.92471885681152 7.92400121688843 7.92328214645386 7.92256021499634 7.9217619895935 7.92088508605957 7.92000722885132 7.91912794113159 7.91825008392334 7.91737222671509 7.91649389266968 7.91561508178711 7.91473722457886 7.91385793685913 7.91297912597656 7.91209602355957
7.94394683837891 7.94355916976929 7.94312477111816 7.94264602661133 7.94216823577881 7.94168996810913 7.9412112236023 7.94073295593262 7.9402551651001 7.9397759437561 7.93929815292358 7.93881988525391 7.93834018707275 7.93786001205444 7.93732500076294 7.93673801422119 7.93615007400513 7.93556022644043 7.93497085571289 7.93438291549683 7.93379306793213 7.93320417404175 7.93261480331421 7.93202686309814 7.93143701553345 7.93084478378296 7.93019008636475 7.92947101593017 7.92875003814697 7.92802906036377 7.92730808258057 7.92658710479736 7.92586612701416 7.92514610290527 7.92442417144775 7.92370414733887 7.92298078536987 7.92225599288941 7.92145490646362 7.92057704925537 7.91969680786133 7.91881608963013 7.91793489456177 7.91705513000488 7.91617393493652 7.91529321670532 7.91441202163696 7.91353178024292 7.91264915466309 7.91176414489746
7.94379377365112 7.9434027671814 7.94296407699585 7.94248008728027 7.9419960975647 7.94151210784912 7.94102716445923 7.94054317474365 7.94005918502808 7.9395751953125 7.93908977508545 7.93860578536987 7.93812084197998 7.93763494491577 7.937096118927 7.93650484085083 7.93591403961182 7.93532085418701 7.93472814559936 7.93413496017456 7.93354415893555 7.93295097351074 7.93235921859741 7.93176603317261 7.9311728477478 7.93057823181152 7.9299201965332 7.92919778823853 7.92847394943237 7.92775011062622 7.92702722549439 7.92630195617676 7.92557907104492 7.92485380172729 7.92412996292114 7.92340707778931 7.92268085479736 7.92195320129395 7.92114877700806 7.92026901245117 7.9193868637085 7.91850423812866 7.91762113571167 7.91673803329468 7.91585397720337 7.91497182846069 7.91408920288086 7.91320514678955 7.91232013702393 7.91143321990967
7.94364213943481 7.94324588775635 7.94280290603638 7.9423131942749 7.94182300567627 7.94133281707764 7.94084310531616 7.94035291671753 7.93986320495606 7.93937301635742 7.93888378143311 7.93839406967163 7.93790292739868 7.9374098777771 7.93686723709107 7.93627309799194 7.9356780052185 7.93508195877075 7.93448495864868 7.93388986587524 7.93329381942749 7.93269920349121 7.93210315704346 7.9315071105957 7.93091011047363 7.93031215667725 7.92965078353882 7.92892503738403 7.92819786071777 7.92747116088867 7.92674398422241 7.92601823806763 7.92529106140137 7.92456293106079 7.923837184906 7.92311000823975 7.92237997055054 7.92164993286133 7.92084407806397 7.91996097564697 7.91907596588135 7.91819000244141 7.91730499267578 7.91641998291016 7.91553401947021 7.91464900970459 7.91376399993896 7.91287803649902 7.91199111938476 7.91110181808472
7.94349002838135 7.94308996200562 7.94264221191406 7.94214582443237 7.94164991378784 7.94115400314331 7.9406590461731 7.94016408920288 7.93966722488403 7.93917179107666 7.93867588043213 7.9381799697876 7.93768405914307 7.93718576431274 7.93663787841797 7.93603992462158 7.93544101715088 7.93484210968018 7.93424320220947 7.93364381790161 7.93304395675659 7.93244600296021 7.9318470954895 7.93124723434448 7.9306468963623 7.93004608154297 7.92937994003296 7.9286527633667 7.92792177200317 7.92719316482544 7.92646217346191 7.92573308944702 7.92500305175781 7.9242730140686 7.9235429763794 7.92281198501587 7.92208099365234 7.92134809494019 7.9205379486084 7.91965293884277 7.91876602172852 7.91787815093994 7.91699123382568 7.91610193252564 7.91521501541138 7.9143271446228 7.91343879699707 7.9125509262085 7.91166210174561 7.91077184677124
