Spatial_Analysis/Maxent_Inputs/Inputs/RCP8_5_Future/salinity_future85.asc
NCOLS 638 
NROWS 314 
XLLCORNER -102.97071042 
YLLCORNER 3.973116569 
CELLSIZE 0.083 
NODATA_value -9999 
[rows 176 to 197 of 314, columns 550 to 599 of 638]
35.0115311060571 35.0191989756643 35.0268512918987 35.0344880304319 35.0421054960158 35.0497099643132 35.0573056104602 35.0649097836356 35.0725217416042 35.0801151232093 35.0875843552088 35.094915824571 35.1022445423756 35.1095548069193 35.1168543695604 35.1241525759092 35.1314661964688 35.1387978460733 35.1461536095139 35.1535306491268 35.1609260017549 35.1693285316844 35.1829936555938 35.2030933902181 35.223374515431 35.2436536906217 35.2639297926973 35.2842299392017 35.3045771292294 35.3249832508471 35.3454328275509 35.3659146349404 35.3863954074115 35.4073111759052 35.4311778723398 35.4590322844535 35.486950652184 35.5148526813788 35.5427627959813 35.5707196629308 35.5987368309003 35.6268268678683 35.6549757670721 35.6831568620037 35.7113352411826 35.7394244659002 35.7667320567706 35.7928918098756 35.8191086658117 35.8453087250459
34.9809149605225 34.9886761761324 34.9964386260019 35.0041971497938 35.0119504418718 35.0197041237922 35.0274504334982 35.0352076182419 35.042961818068 35.0506556459117 35.0581340513775 35.065376687674 35.072609355105 35.0798370003992 35.0870562644877 35.0942762191478 35.1014996771236 35.1087328624602 35.1159669975178 35.1231982848434 35.1304746230851 35.1388808808051 35.1526493553116 35.1729055113514 35.1934705606638 35.2141091919965 35.2347305091611 35.255352429284 35.2759901524064 35.2966428330275 35.3173046886613 35.3379614532893 35.35863238324 35.3798161315769 35.4038832572535 35.4317631567473 35.4598315483755 35.487935389666 35.516025670246 35.5441221991306 35.5722324937956 35.6003640717401 35.6285109190571 35.6566472295081 35.6847889367944 35.7129495941328 35.7403998606914 35.7667001820099 35.7931761079807 35.8196938711724
34.9503571835386 34.9582359125745 34.966117351142 34.9740011463788 34.9818827231697 34.9897638260732 34.9976423991951 35.0055260648227 35.0133969163904 35.0211767503343 35.0286646300415 35.0358283413449 35.0429600152415 35.0500797782432 35.0571993164918 35.0643171293724 35.071434518014 35.0785573626531 35.0856735782748 35.0927943244552 35.1000146350101 35.108443772799 35.1222909059595 35.1427200969127 35.163476280546 35.1843855128721 35.2052959359317 35.226207351792 35.2471172053052 35.2680275767471 35.2889364465891 35.309848897246 35.3308205974754 35.3523300227259 35.3765857923969 35.4044745211482 35.4325726066514 35.4607625360717 35.488956418905 35.5171494815806 35.5453451246939 35.5735419848684 35.6017378957913 35.6299335389046 35.6581754950283 35.6864772966349 35.7140640382331 35.7404887090803 35.7670986638387 35.7938027761041
34.9197992339119 34.927799497641 34.9358067867987 34.9438166396653 34.9518243090206 34.9598314427567 34.9678410106153 34.9758447969268 34.9838245660759 34.9916897333151 34.9991843341601 35.006273633808 35.0133119177524 35.0203234881636 35.0273357577074 35.034345887289 35.0413531853291 35.0483648853266 35.0553745400361 35.0623941175017 35.0695559611857 35.0779776330475 35.0919020671155 35.1125305386817 35.1334894495804 35.1546556203549 35.1758368353027 35.1970152024954 35.2181944748985 35.2393771144622 35.2605544711637 35.2817411051517 35.3030067329881 35.3248245993991 35.3492693826326 35.3771822343653 35.4053124742167 35.4335747441464 35.4618500043244 35.490121337417 35.5183940338632 35.5466700534286 35.5749434753581 35.6032185016306 35.6315637193601 35.6599978274391 35.6877150453302 35.7142733429697 35.7410266488511 35.7679058473713
34.8892474116104 34.8973701081361 34.9055011159906 34.9136363962162 34.9217693466154 34.9299014935627 34.9380388626251 34.9461650822483 34.9542544428216 34.9622021983673 34.9697034687552 34.9767157930158 34.9836649077153 34.9905701758946 34.9974728120183 35.0043732382802 35.0112736908927 35.0181729603481 35.025077658981 35.0319979414373 35.0390799943831 35.0474660794128 35.0614715338959 35.0823172103314 35.1035024803914 35.1249262457664 35.1463770096826 35.1678259353733 35.1892737214559 35.2107229321545 35.2321717019082 35.2536323465844 35.2751857580196 35.2972960641204 35.3219260796309 35.3498785541007 35.3780560962244 35.4063861756353 35.434739455596 35.4630918470753 35.4914419937808 35.5197955243529 35.5481466208024 35.5765036542208 35.6049463950423 35.6335029536086 35.6613483422944 35.6880479735968 35.7149531317714 35.7420107659934
34.8586909807588 34.8669395795154 34.8751948239954 34.883455531557 34.8917172496328 34.8999739182364 34.9082330725805 34.9164844350242 34.9246900069325 34.932719582813 34.9402281955259 34.9471650728419 34.9540161890391 34.9608125396368 34.9676083039822 34.9743991914984 34.9811914600816 34.9879847553926 34.994778776164 35.0015918066214 35.0085776198448 35.0169027436031 35.0309826578075 35.0520656124834 35.0735065862629 35.0951998490115 35.1169164849299 35.1386354947159 35.1603516390563 35.1820671358819 35.2037867491415 35.2255193764164 35.2473526063919 35.2697415686424 35.2945543818151 35.3225566883389 35.3507956012828 35.3791996524121 35.4076312027899 35.4360600780556 35.4644873560624 35.4929185611545 35.5213501115323 35.5497880474004 35.5783167482655 35.6069729536726 35.6349484116336 35.6618003366893 35.6888714932039 35.7161084181974
34.8281268425671 34.8365044935159 34.8448875999698 34.8532720257358 34.8616616832387 34.8700431149576 34.8784276966606 34.8868066699745 34.8951369710939 34.9032571540254 34.9107690959407 34.917623976225 34.9243726484365 34.9310597969372 34.9377466437011 34.9444283296126 34.9511091169055 34.9577967402782 34.9644798503133 34.9711746170638 34.9780393699276 34.9862816182803 35.0004329531328 35.0217730604266 35.0434992475502 35.0654710955872 35.0874583340448 35.1094410495201 35.1314283735227 35.1534156119803 35.1754017963748 35.1974006075029 35.2194955150551 35.2421464672486 35.2671402302132 35.2952058748995 35.3235252665924 35.3520132674122 35.3805216038056 35.4090287059394 35.4375345565925 35.4660419432419 35.4945509271502 35.5230650445756 35.5516696257536 35.5804099337122 35.6085087200354 35.635522931477 35.6627830701973 35.6902078307043
34.7975614873141 34.8060674573952 34.8145782263371 34.8230906523004 34.8316027334704 34.8401120266708 34.8486211300072 34.8571278604835 34.8655933244144 34.8738194511545 34.8813389176824 34.8880997012595 34.8947319996072 34.9013052939346 34.9078822910867 34.9144563281187 34.9210293374382 34.9276069041366 34.9341827621958 34.9407588526375 34.9474712261802 34.9555961443037 34.969818259866 34.9914437652696 35.0134904411878 35.0357417209987 35.0579985084248 35.0802512128516 35.1025061615369 35.1247601007157 35.1470168436081 35.1692807511372 35.1916218289341 35.2145051758781 35.239672767524 35.267818966367 35.296249424779 35.3248280392187 35.3534097261433 35.3819960823425 35.4105832931189 35.4391692524146 35.467752709241 35.4963380205065 35.5250009197098 35.5538032358204 35.58202013599 35.6092161548635 35.6366903743273 35.6643120851056
34.7670036835101 34.7756386890774 34.7842854991982 34.7929460346723 34.801581533863 34.8101958443338 34.8188151845409 34.8274501901082 34.8360564085109 34.8444064134531 34.8519380151433 34.8585859140271 34.8650887440125 34.871552551235 34.8780272578006 34.8845117530125 34.8909785568198 34.8974286680467 34.9038833098324 34.9103442692999 34.9168913837214 34.9248330666686 34.9391192873212 34.9610800396174 34.9834838618856 35.0060118284815 35.028545620666 35.0510799312714 35.0736033941515 35.096115938422 35.1186361632124 35.1411649332372 35.163739757061 35.1868129741081 35.2121508622311 35.2404101330938 35.2689787534629 35.2976406614181 35.3263040709731 35.3549694913965 35.3836350505355 35.4122957677572 35.4409558546852 35.4696191862718 35.4983249235036 35.5271458346143 35.555475555631 35.582886392362 35.6106003804126 35.638412067136
34.7366235399718 34.7456068964128 34.7545445832358 34.7634054625614 34.7721651679957 34.7808248806805 34.7894072209208 34.7979556069002 34.8065556115593 34.8150296652552 34.8225727768895 34.8290937336173 34.8355852877335 34.84214109408 34.8486505569659 34.8550943446182 34.8614519762016 34.867720479959 34.8739280957524 34.8801019826291 34.8863449876331 34.8940223269295 34.9083506594795 34.9307389390003 34.9535832897572 34.9765171495202 34.9994110087945 35.0222501008613 35.0450280893333 35.0677563054451 35.0904524157575 35.1131397651131 35.1358723152294 35.1590876258034 35.1845751760176 35.2130052937754 35.2417444830236 35.2705243009077 35.2992888184533 35.3280272289463 35.3567469800317 35.3854601020998 35.4141773406019 35.4429039687784 35.4716511882317 35.5004654627786 35.5288761939744 35.556546703582 35.5844972018391 35.6124573954074
34.7072740055848 34.7166714390581 34.7258971269259 34.7349482803258 34.7438224134946 34.7525231421588 34.7610575348037 34.7694446810675 34.7777546081926 34.7859118097669 34.7934165091592 34.800223596309 34.8070003243377 34.8136988705874 34.8202433905168 34.826622843083 34.8328481716934 34.8389282223344 34.844871599957 34.8506919407325 34.8564455213516 34.8634598176367 34.8776588090691 34.900922050916 34.9243647399393 34.9477223838371 34.9709451594612 34.9940404967891 35.0170285375615 35.0399324914577 35.0627613583098 35.0855470884337 35.1083316343312 35.1314802550394 35.1569996882479 35.1858050688658 35.2147434137237 35.2436299089068 35.2724557926114 35.3012280538472 35.3299682169518 35.3586972716056 35.387430839597 35.4161844890513 35.4449754653663 35.4737721346285 35.5022244648914 35.5301763154953 35.5582595730926 35.586330047573
34.6798062330302 34.6891480627493 34.6982961697262 34.7072605581619 34.7160421945294 34.7246440992034 34.733071735758 34.7413311616647 34.7494861728079 34.7575784531905 34.765194256043 34.772200595143 34.7792851118295 34.7862464456909 34.7930381463338 34.7996551207141 34.8061091581864 34.8124142230024 34.8185772120121 34.8245990385175 34.8305333513405 34.8377441759913 34.8520433130807 34.8751899455362 34.89860070353 34.9218982303201 34.9450423389935 34.9680500237987 34.990943972918 35.0137530059198 35.0364862872102 35.0591687846802 35.0818423365057 35.104894790395 35.1303165151973 35.1589858563031 35.1878254416344 35.2166000040688 35.2453045117789 35.273955257835 35.3025759606925 35.3311805572679 35.3597920405562 35.3884251159906 35.4170988069169 35.4457832726612 35.4742068087434 35.5022815619892 35.5304854046505 35.5586742026233
34.6543013940026 34.6630269903484 34.671721311527 34.6803108838518 34.6887763563363 34.6971227344112 34.7053734641854 34.7135888969271 34.7218264470255 34.7300136894964 34.7378185351293 34.7451567124347 34.7524557007453 34.7597571135654 34.7670266036574 34.7742069909665 34.7812816457049 34.7882464827819 34.7951339441075 34.8019901736632 34.8088932348411 34.8171132589913 34.8316588671245 34.8538393816694 34.8764881476157 34.8991578273738 34.9217957028454 34.9443663385199 34.9668558014433 34.9892880343318 35.0116770692913 35.0340605247824 35.0564864487961 35.0793774271358 35.1045288482496 35.1325847354653 35.1609903153844 35.189405639432 35.2178056273292 35.2461744324657 35.2745199773128 35.3028583059054 35.331200431974 35.3595525774954 35.3879331421134 35.4164225519465 35.4447708471756 35.4727634164347 35.5010797218974 35.529410182113
34.6300246141845 34.6381521151086 34.6463055037094 34.6544363494282 34.6625301954736 34.6705866084544 34.6786298060105 34.6866920061526 34.6947400464939 34.7026613552269 34.7106295023495 34.7187000377305 34.7265153270366 34.7343023991024 34.7421086174625 34.7498959263879 34.7576570407781 34.7653871187916 34.7730959631282 34.7808220497938 34.7886487765266 34.7977290133929 34.812408884021 34.8338239133628 34.8557047933817 34.8776997656618 34.8997184573592 34.9217231432713 34.9437015987056 34.9656654601329 34.9876162873166 35.0095799563951 35.0316138355758 35.0541796335704 35.0789251919827 35.1064264780752 35.1343397210667 35.1623567179316 35.1903799817993 35.2183963326494 35.246404975667 35.2744121945609 35.3024201900636 35.3304305417205 35.3584950499217 35.386790194832 35.4150232247795 35.4428943480885 35.4712069353835 35.4996412737308
34.6060801340979 34.6138045392609 34.6215239126654 34.6292429058722 34.6369643073663 34.6446851044021 34.6524066613177 34.6601230837087 34.6677462664682 34.6752917478005 34.6834374861751 34.6922954884246 34.7008631687101 34.7093057313438 34.7177452047636 34.7261793006467 34.7346193942459 34.7430635541385 34.7515006536905 34.7599436208272 34.7685254855144 34.7783257807298 34.7931058935668 34.8138900267403 34.8351275518945 34.8565694457424 34.8780192200886 34.8994654647683 34.9209102068636 34.9423582725705 34.9638036621807 34.9852526335903 35.0068141292342 35.0289908483132 35.053301654747 35.0803162675237 35.1077597418357 35.1354055309164 35.163057396197 35.190709831024 35.218362740723 35.2460146060036 35.2736670408306 35.3013199505297 35.3290840635978 35.3571858851154 35.3852667690952 35.4130504935994 35.4413026314914 35.4697953896225
34.582147158358 34.589491328054 34.5968343146159 34.6041792437224 34.6115233693771 34.618871940538 34.6262177753472 34.6335491912611 34.6407455192692 34.6479406777717 34.656262585267 34.6658861327045 34.6752020854212 34.6843345822855 34.6934564460633 34.7025763156786 34.7116988436772 34.7208210699391 34.7299404651748 34.739077316902 34.7483947508947 34.7588520128403 34.7737243628935 34.7939289937084 34.8145643612645 34.8354584919008 34.8563679253904 34.8772789900661 34.8981894507759 34.9191004374831 34.9400127971885 34.9609329908132 34.9820189564815 35.003764237556 35.0276288443512 35.0541956030975 35.081192580187 35.1084578558539 35.1357511395916 35.1630436467204 35.190333176508 35.2176221878747 35.2449146950036 35.2722127674878 35.2996764970901 35.3275483852004 35.3554646650841 35.3832018726006 35.4114133722649 35.4399410908966
34.5582101269084 34.5651750179885 34.572146788205 34.5791164872753 34.5860854092445 34.5930554707988 34.6000250574812 34.6069725968813 34.6137590710011 34.6206259073607 34.6291244851993 34.6394956621525 34.6495394995936 34.6593650644131 34.6691676529434 34.6789702414737 34.688772830004 34.6985748489879 34.7083787229262 34.7182110053544 34.7282364020844 34.7393075528257 34.7542702481837 34.7739279810395 34.7939973391854 34.8143431365943 34.8347153356625 34.8550953636112 34.875469471297 34.8958419037553 34.916218609077 34.9366149103601 34.9572075442757 34.9784836352542 35.001898467226 35.0280462309755 35.0546301222094 35.0815144531625 35.1084441063774 35.1353760382932 35.1623042334802 35.1892284236135 35.2161568597672 35.2431067230464 35.2702562385322 35.2978573245944 35.3256064620161 35.3533195040329 35.3815230088115 35.4100860930382
34.5342683219109 34.5408598126191 34.5474587094459 34.5540534893463 34.5606474490889 34.5672432126605 34.5738374230144 34.5804061075452 34.5868031474183 34.5933610808992 34.6020386178963 34.6131368584086 34.6238862011668 34.6343949597732 34.6448773410255 34.6553626996191 34.6658485766337 34.6763325111037 34.6868200967575 34.6973315506977 34.7080380786826 34.7196960255193 34.7347462341481 34.7538801885734 34.7734164383996 34.7932270122784 34.8130673635914 34.8329109777458 34.852751614582 34.8725876768181 34.8924275102024 34.9122955105949 34.9323645467757 34.9531382873951 34.9760997100427 35.0018479653988 35.0280500654563 35.054571335479 35.0811372802256 35.1077072563537 35.1342718210179 35.160833727299 35.1873991971736 35.2139917562031 35.2407993456774 35.2681007853483 35.295673277185 35.3233805255409 35.3516162368467 35.3802357988737
34.5103269740719 34.516546221707 34.5227667815701 34.528987108043 34.5352092039254 34.5414305403973 34.5476499611676 34.5538489901471 34.5598808984588 34.5661535695712 34.5750119044675 34.5868188362535 34.5982381856021 34.6094211695299 34.6205874088129 34.6317545365774 34.6429248927869 34.6540914945539 34.6652560251748 34.67643976396 34.6878037245033 34.7000220050287 34.7151579474049 34.7337909933771 34.7528245754782 34.7721130806032 34.7914179071187 34.8107250214646 34.8300282947625 34.8493331820482 34.8686385264924 34.8879621571616 34.9074781396691 34.9277251300548 34.9502273340261 34.9755936938867 35.0014494837807 35.0276247048349 35.0538302470114 35.0800385088336 35.106238459327 35.1324364672756 35.1586404562345 35.1848611954222 35.2112916907835 35.2382547315486 35.2656462168773 35.2933787313615 35.3216875765602 35.3503832087872
34.4863849275926 34.4922279615203 34.4980740507577 34.5039222283396 34.5097716234751 34.5156159524326 34.5214591934226 34.5272976370749 34.5329894926042 34.5390132455224 34.5480607691684 34.5605460411704 34.5725988954912 34.584454533832 34.5963029224836 34.6081475131438 34.6199957458584 34.6318458947899 34.6436941275275 34.6555478314455 34.6675394764707 34.6802878991259 34.6955101610094 34.7136694134889 34.7322329454774 34.7509990451241 34.7697699350475 34.78853892696 34.8073067352459 34.8260796193318 34.8448476615002 34.8636221149942 34.8825571791024 34.9022275157549 34.9242672103047 34.9492926496843 34.9748482885404 35.0006828553611 35.0265239392806 35.0523670077407 35.0782095162991 35.1040458094496 35.1298864017912 35.1557289604445 35.1817476796083 35.2083107395244 35.2355146571359 35.2633097448273 35.2917444412004 35.3205296350524
34.4624429155328 34.4679129976328 34.4733892338784 34.4788658670274 34.484338695101 34.4898031247478 34.4952714465679 34.500741193004 34.5061148688373 34.5119545388001 34.5211920409488 34.5343046992183 34.5469565156281 34.5594884337305 34.5720211456629 34.5845546170059 34.5970861210065 34.6096114804605 34.6221339481183 34.6346608344621 34.6472724349304 34.6605025978386 34.675805273627 34.6935259518936 34.7116514311268 34.7298866666665 34.7481295396925 34.7663767894086 34.7846124142754 34.8028365175513 34.8210577457597 34.8392887089284 34.8576207400391 34.8766425365543 34.8982068494065 34.9229486980991 34.9482571056918 34.9737394526467 34.9992258289606 35.0247204741151 35.0502041601411 35.0756682800722 35.10113169981 35.1266075903903 35.1521890880626 35.1782650143143 35.2052574604125 35.2331864655662 35.2618135964638 35.2906761129353
34.4385535534476 34.4437103637064 34.4488554984828 34.4539767269389 34.4590727986018 34.4641401043365 34.4691855586607 34.4742178065449 34.4792465597291 34.484965579967 34.4944039889324 34.5080719181229 34.5213703822456 34.5346837575934 34.5479954354539 34.5612763202584 34.5745177746588 34.587696849186 34.6008164938229 34.6138980005018 34.6270312265107 34.6406932551526 34.6560653750742 34.6734177866007 34.691190092234 34.709087688185 34.7269644706051 34.7447806095731 34.7625095571604 34.7801395568859 34.797682493271 34.8151633494055 34.8327194560083 34.8510021899093 34.8720573708675 34.8966249364418 34.9218115735069 34.9471620067846 34.9724716908455 34.997698076615 35.0228229006732 35.0478428738278 35.0727823488822 35.0976884751947 35.1226717358183 35.1481580459993 35.1748786434372 35.2030573805607 35.2319878100958 35.261069453506
