Spatial_Analysis/Maxent_Inputs/Inputs/RCP8_5_Future/salinity_future85.asc
NCOLS 638 
NROWS 314 
XLLCORNER -102.97071042 
YLLCORNER 3.973116569 
CELLSIZE 0.083 
NODATA_value -9999 
[rows 0 to 21 of 314, columns 200 to 249 of 638]
35.0585349399177 35.1087444687681 35.1589489769818 35.2091383271803 35.2593293971397 35.3095124468776 35.359697881605 35.4098641198515 35.4600344578032 35.5102037953778 35.5616633262546 35.6199016828158 -9999 -9999 -9999 -9999 -9999 -9999 -9999 -9999 -9999 -9999 36.2286627030963 36.2457213975511 36.2480963619161 36.2566389898225 36.2651748423963 36.2736966810701 36.2821928162325 36.2906719945731 36.2991204811927 36.3104430279495 -9999 -9999 -9999 -9999 -9999 -9999 -9999 -9999 -9999 -9999 -9999 -9999 -9999 -9999 -9999 -9999 -9999 -9999
35.0664903809537 35.1166536859003 35.1668079281993 35.2169600300437 35.2671055474042 35.3172423732383 35.367377542051 35.4175065319434 35.4676272788307 35.5177456791857 35.5691544966111 35.6247301511165 35.6628112792969 -9999 -9999 -9999 -9999 -9999 -9999 -9999 -9999 -9999 36.2286627030963 36.2480650537362 36.2547081344413 36.2631654928527 36.2716082227687 36.2800297569267 36.2884211015711 36.29678359422 36.3051131539194 36.3142618625412 36.3211898803711 -9999 -9999 -9999 -9999 -9999 -9999 -9999 -9999 -9999 -9999 -9999 -9999 -9999 -9999 -9999 -9999 -9999
35.0744038789792 35.1245229005214 35.174634386851 35.224742119723 35.2748397546583 35.3249299672615 35.3750157779075 35.4250984562829 35.4751715546503 35.5252355220235 35.5765942735124 35.6295244404492 -9999 -9999 -9999 -9999 -9999 -9999 -9999 -9999 36.1343696763445 36.1888876033208 36.2324646651116 36.2528084976169 36.2612001617117 36.2695618944806 36.2778998505616 36.2862060644037 36.2944739758286 36.3027060620154 36.3108967570635 36.3190730413401 36.3281657897535 36.3350982666016 -9999 -9999 -9999 -9999 -9999 -9999 -9999 -9999 -9999 -9999 -9999 -9999 -9999 -9999 -9999 -9999
35.0822556776507 35.1323236834894 35.1823908008466 35.2324489426541 35.2824962099163 35.3325373230329 35.3825730171093 35.432598077607 35.4826202903725 35.5326328284557 35.5839368108066 35.61848148303 -9999 -9999 -9999 35.8635631950709 35.9190755682989 35.9745715603509 36.0300507236903 36.0845192150238 36.1381559750449 36.193604198475 36.2389232409886 36.2591641814333 36.2674426823957 36.2756865660518 36.2838964459895 36.2920633810783 36.300182796226 36.3082851528026 36.3164344634664 36.3246874460065 36.3331062274696 36.3426703365129 36.3500785827637 -9999 -9999 -9999 -9999 -9999 -9999 -9999 -9999 -9999 -9999 -9999 -9999 -9999 -9999 -9999
35.0900409005852 35.1400538522779 35.1900671061997 35.2400733271164 35.2900661613966 35.3400548787505 35.3900360451707 35.4400051194918 35.4899690157393 35.5399234620573 35.5911674536703 35.6465210517985 35.7039721951165 35.7594540507664 35.8138996746916 35.867490469742 35.9229508019999 35.9783938473792 36.0338150150662 36.0892101785127 36.1445796323712 36.1999191376827 36.2451183981607 36.2652317277123 36.2733761978718 36.2814687202745 36.2895170463477 36.2975425829586 36.3056097401614 36.3137754939559 36.322103767126 36.3306199851675 36.339351766801 36.348314534352 36.3535367052632 36.3522911071777 -9999 -9999 -9999 -9999 -9999 -9999 -9999 -9999 -9999 -9999 -9999 -9999 -9999 -9999
35.09774539369 35.147702773308 35.1976609730838 35.2476100687083 35.2975434473776 35.3474714145831 35.3973932544862 35.4473026666264 35.4972011606722 35.5470909297797 35.5982671549451 35.6524916361274 35.7079421894068 35.7633769239725 35.8187885971964 35.8741804987861 35.929546093906 35.9848893364617 36.0402025970584 36.0954818706426 36.1507267952225 36.2059347119225 36.2509869007393 36.2709400828365 36.2789143865583 36.2868493196636 36.2948320958527 36.3029142720855 36.3111551433748 36.3195910968597 36.3282462392851 36.3371377517564 36.3462976979852 36.3557477657997 36.3603849097127 36.3571943637224 -9999 -9999 -9999 -9999 -9999 -9999 -9999 -9999 -9999 -9999 -9999 -9999 -9999 -9999
35.129163468551 35.1782484165815 35.2273271937377 35.2763963746723 35.3254485269161 35.3744931444398 35.4235300986418 35.4725545987531 35.5215670163872 35.5705635109885 35.6208417584691 35.6741631861666 35.7287108682259 35.7832337296711 35.837726737759 35.8921937076792 35.946630661221 36.001032712918 36.0553970241678 36.1097145925775 36.1639848141812 36.2182043319324 36.2624398095366 36.2820561753711 36.2900053438223 36.2980466960627 36.3062544238795 36.3146657791263 36.3232985746792 36.3321789606014 36.3413347014135 36.3507941134688 36.360588698509 36.3707554107736 36.3761763495026 36.3718065243218 36.363142694056 36.353759765625 -9999 -9999 -9999 -9999 -9999 -9999 -9999 -9999 -9999 -9999 -9999 -9999
35.2041605988046 35.2508636021349 35.2975549102697 35.3442374939585 35.3909016683818 35.4375570474747 35.4842054715309 35.5308345198488 35.5774461091375 35.6240371056495 35.6719062134787 35.7228118988352 35.7749369523329 35.8270272158814 35.8790854086343 35.9311069220642 35.9830856804865 36.035015840622 36.0868957454494 36.1387164720972 36.1904669201836 36.2421850240897 36.2845493170723 36.3037387307838 36.312012609668 36.3204959415708 36.3292056331501 36.3381729259375 36.3474276915722 36.3569957935106 36.3669218614737 36.3772384315073 36.3879884145559 36.3991631286898 36.4054230391553 36.3981973394634 36.3835810294986 36.3741913576144 36.3742599487305 -9999 -9999 -9999 -9999 -9999 -9999 -9999 -9999 -9999 -9999 -9999
35.2982680457432 35.3419212849311 35.3855626562806 35.429191592783 35.4727975707098 35.5163962301084 35.559980563733 35.6035400590529 35.6470745165822 35.6905866650961 35.7353661966741 35.7831746252594 35.8321912360819 35.881166688171 35.9300980558033 35.9789814124087 36.0278053402234 36.0765597149598 36.1252444070319 36.1738914902675 36.2225805374041 36.2713775971807 36.3116335227621 36.3305134226822 36.3393511124364 36.3484576672712 36.3578596853017 36.3675940878552 36.3776978139196 36.3882154552737 36.3991986244799 36.4106205857428 36.4223911559519 36.4344597911693 36.4412903257982 36.4340089710738 36.4189052062612 36.4036193887595 36.3929224717761 36.3916397094727 -9999 -9999 -9999 -9999 -9999 -9999 -9999 -9999 -9999 -9999
35.3922540699071 35.4328485693798 35.4734290438308 35.5139928971239 35.5545334035749 35.595059756895 35.6355606851426 35.6760315878825 35.7164738543263 35.7568812118413 35.7985439894152 35.8432297098292 35.8891078271786 35.9349285610251 35.980685454994 36.0263760845845 36.0719877719378 36.1175566693737 36.1631823764056 36.2089149220728 36.2548294549676 36.3009760956745 36.3393389058194 36.3580727897884 36.3676336860789 36.3775427086452 36.3878454779405 36.3985881849722 36.4098126613314 36.4215013299989 36.4335554899654 36.4458812428796 36.4582779185304 36.4706191249339 36.4773378932481 36.4694231269339 36.4533225117661 36.4369327678132 36.4202226864103 36.4084403887623 -9999 -9999 -9999 -9999 -9999 -9999 -9999 -9999 -9999 -9999
35.4860936698787 35.5236165442227 35.5611219590451 35.5986064454268 35.6360649883153 35.6734979334885 35.7108983334864 35.7482576354982 35.7855739485969 35.8228456517567 35.8613586304814 35.9028735020652 35.945564579765 35.9881753002332 36.0306970994842 36.0731898832515 36.1157450004894 36.1584160164725 36.2012899071127 36.2443984085265 36.2877680059259 36.3314380471312 36.3680806183014 36.3868670288428 36.3973876480535 36.4083752774724 36.4198777499294 36.431855661323 36.4441967093456 36.4567603707458 36.4693168619635 36.4817909243811 36.4940837815569 36.506106944388 36.5122263823129 36.5033210667709 36.4859905034029 36.4682962269056 36.4501999774258 36.4355882241574 36.4235229223513 36.4034636777506 36.3904495239258 -9999 -9999 -9999 -9999 -9999 -9999 -9999
35.579752374713 35.614189677367 35.6486042816787 35.6829927966971 35.7173446323927 35.7516569749374 35.7859245779339 35.8201330108198 35.8542802009717 35.8883665387015 35.9236713083463 35.9619459506876 36.0013863802278 36.0408029389689 36.0802808541243 36.1198936635426 36.1597262816346 36.1998042893635 36.2401622336665 36.2808362602927 36.3218596206341 36.3632809833697 36.3984654985263 36.4176108412815 36.4294223534348 36.441722157026 36.4543440153726 36.4670987622672 36.4798063106787 36.4923760673319 36.5047001599239 36.5167380914272 36.5284690893382 36.5398643442027 36.5451639677452 36.5350452648504 36.5162355494175 36.4969592450082 36.4772448203625 36.4572379724581 36.4370248216186 36.4166735230262 36.3996390010771 36.3925590515137 -9999 -9999 -9999 -9999 -9999 -9999
35.6731954040595 35.7045298825646 35.7358305907413 35.7670871025655 35.7982941792392 35.8294437428237 35.8605253505889 35.8915293617797 35.9224466373099 35.9532646283915 35.985294832943 36.0203777021772 36.0567931384198 36.0933575643164 36.1301470619898 36.1672071501118 36.2045698564445 36.2422642228474 36.2803311468132 36.3188280665156 36.3578037154346 36.3973270705104 36.431419880482 36.4511221125928 36.4639913824108 36.4769138784495 36.4897404759916 36.5023554348044 36.5146852774624 36.5267069512608 36.5383988984271 36.5497305664712 36.5606711193495 36.5711819959645 36.5753711053854 36.5637550587826 36.5433477575709 36.5227191371017 36.5019099774483 36.481049501146 36.4602062853945 36.4394107571976 36.4187123897164 36.40475847124 -9999 -9999 -9999 -9999 -9999 -9999
35.7663586770513 35.7945597890086 35.8227072374858 35.8507875498091 35.8787909737971 35.9067081278671 35.9345295099796 35.9622394304918 35.9898619607237 36.0174996461495 36.0465365207809 36.0788088386658 36.1125804167324 36.1466400893257 36.1810113111457 36.2157449688019 36.2508887958896 36.2864976668738 36.3226238449011 36.359348992862 36.396663458353 36.4343544547275 36.4668654568388 36.4862124358475 36.4991064371072 36.5117194214248 36.5240267838857 36.5359984037924 36.5476089851665 36.5588284513747 36.5696193804124 36.5799457313421 36.5897777707937 36.5991892123482 36.6023767890662 36.5897134553435 36.568339730839 36.5469738331925 36.5256407024902 36.5043791251438 36.4832124632699 36.4621607152855 36.4412015011438 36.4235309763381 36.4159698486328 -9999 -9999 -9999 -9999 -9999
35.8591572623719 35.884164742104 35.9090888168713 35.9339182081408 35.9586296211806 35.9832150463986 36.0077298381726 36.0322919102065 36.0569609045128 36.0818339865917 36.1082842239755 36.1381087928473 36.1695235782915 36.2013324304305 36.2335810370793 36.2663361379806 36.2996695983253 36.3336518191541 36.3681700372689 36.4029209086811 36.4377780519299 36.4725450020921 36.5023985227539 36.5204556692837 36.5326990307996 36.5445753211319 36.5560566987993 36.5671081323938 36.5776896635143 36.5877566892831 36.5973646699065 36.606688842474 36.6157812515998 36.6247178190994 36.6275527117435 36.6144490206504 36.5926270376446 36.5708920997274 36.5492622445578 36.5277269412753 36.5062345780956 36.4847680938778 36.463286054019 36.4417575543285 36.4272569858113 -9999 -9999 -9999 -9999 -9999
35.9514209610948 35.9731420311836 35.9947334202478 36.0161982412842 36.0376146164894 36.0590982947613 36.080714137628 36.1025754279178 36.1247324320146 36.1472223891661 36.1713938613786 36.1990589534915 36.2284641730248 36.2584309577085 36.2890397159224 36.3202880059863 36.3519234366836 36.3837144037392 36.415544065511 36.4471494207629 36.4784401958067 36.5093848458441 36.5359961575492 36.552396148604 36.5636850011081 36.5744903063141 36.5847699465921 36.594565093854 36.6040310783024 36.6132502293694 36.6222875452908 36.631276075776 36.6402726913071 36.6493153293025 36.6522282889539 36.6389596497912 36.6168348286894 36.5947604389076 36.5727160531589 36.550668841223 36.5285871420823 36.5064619969391 36.4842857586852 36.4620675916808 36.4471543317145 -9999 -9999 -9999 -9999 -9999
36.0428460958613 36.0611757065038 36.0795094332896 36.0979305183301 36.1165236503745 36.1353947248536 36.1545880945262 36.1741458668849 36.1941221544465 36.2145777676372 36.2368820140941 36.2628865870728 36.2908142355634 36.3192577971787 36.3479493665008 36.3767568508606 36.405451506531 36.4338255057933 36.4618527588622 36.4895018424338 36.5167365864766 36.5435191285337 36.5665287392834 36.5808698625603 36.5908206833034 36.600407661088 36.6097406261941 36.6188621883134 36.6279077154664 36.6369572537724 36.6460457561718 36.655198252455 36.6644272377011 36.6737412272464 36.6767693229677 36.6632423437351 36.6406074780867 36.6179451678376 36.5952474555975 36.5725038541559 36.5497210952273 36.5268981976785 36.504015180252 36.4810539222656 36.4656647525025 -9999 -9999 -9999 -9999 -9999
36.1334424237152 36.1488129788339 36.1644133313589 36.1803250776889 36.1965992335503 36.2132780790787 36.2304207317063 36.2481033639298 36.2664098282507 36.2853836405849 36.3062437824562 36.3305681186342 36.3563005585244 36.3820126400534 36.4074659804903 36.4325590858235 36.4572556128863 36.4815239044924 36.5053315541822 36.5286301368042 36.55136681612 36.5735596095556 36.5927672112304 36.6052688312499 36.6144689087218 36.6235620251544 36.6326556144366 36.6417815135276 36.6509659950157 36.6602179048644 36.6695378414467 36.6788969045112 36.6882741792242 36.6976648277217 36.7005771718804 36.6865608870073 36.6632249194991 36.639855785159 36.6164465972283 36.5929880181655 36.5694546067147 36.545809743709 36.5220498428118 36.4981797510546 36.4822456560121 -9999 -9999 -9999 -9999 -9999
36.214395063593 36.2279069689699 36.2418231240766 36.2561963545219 36.2711034883632 36.2866308816017 36.3028130138865 36.3195859797552 36.3368480624343 36.3543770126518 36.3731959840054 36.3948385281288 36.4173296409276 36.4394082078894 36.4610441716246 36.482186904204 36.5027976035634 36.5228220452905 36.5422831630987 36.5613624944714 36.5801664959591 36.5987207232654 36.6151434411272 36.6265647688025 36.6356364888688 36.6447534654661 36.6539269098183 36.6631538652662 36.672408113285 36.6816780882195 36.6909514504053 36.7001987662786 36.7094150290005 36.7185956133147 36.7213139713178 36.7071747566195 36.6837456174345 36.6602527188322 36.6366595880368 36.6129603953918 36.589165121469 36.565232070954 36.5411238238256 36.5167711002226 36.500332752646 -9999 -9999 -9999 -9999 -9999
36.2765424935703 36.2897679233238 36.303619939263 36.3181091081477 36.3331512648192 36.3487407550716 36.3647356563232 36.3807775794158 36.3967136611433 36.4123477423873 36.4286934190958 36.4472841060991 36.4664556164939 36.4850595093744 36.5030474653851 36.5204525886228 36.5374857044954 36.5542334011763 36.5707209488762 36.5870982807641 36.6034808499659 36.619891120472 36.6347170545526 36.6455452055502 36.6544782877776 36.6634237738473 36.6723774359221 36.6813228928417 36.6902422346329 36.6991278992859 36.707978343205 36.7167906391437 36.7255699853813 36.7342999571927 36.736866896974 36.7233751491368 36.7010209777561 36.6785877528036 36.6560357816885 36.6333336325301 36.6104245231066 36.5872260983339 36.5638037928539 36.5403264943921 36.5243755282564 -9999 -9999 -9999 -9999 -9999
36.3327230932679 36.3465597118749 36.3609681874565 36.3758716104821 36.3908888865324 36.4058235399721 36.4205341627253 36.4347936652687 36.4485426765978 36.46172855996 36.4752952480199 36.4905552109535 36.50619768413 36.5214959946365 36.5364837363109 36.5512089951402 36.5658477231783 36.5804920241712 36.5951708195147 36.6098944056465 36.6246550007418 36.6394316757297 36.652876226561 36.66299732568 36.6715215012796 36.6800111284349 36.6884647319198 36.6968740262178 36.7052416433384 36.7135726246621 36.7218540685386 36.7300604638353 36.7381768255963 36.7462152622029 36.7485462241439 36.7360338490265 36.7152871708621 36.6943634809797 36.6731731735981 36.6517753165516 36.6303282575775 36.608852553362 36.5874324001222 36.5605976126061 -9999 -9999 -9999 -9999 -9999 -9999
36.3932370184006 36.4072122405197 36.4210966466095 36.4348124480952 36.4481157261194 36.4608570425821 36.4729707775897 36.484405331209 36.4951352099771 36.5053162005832 36.5160121146241 36.5283723037136 36.5412959269356 36.5541627707974 36.5670497822511 36.5799732123942 36.5929330642335 36.6059051980661 36.6188845308701 36.6318752580099 36.6448670233769 36.6578409672307 36.6697330342319 36.6789789096281 36.6869458888615 36.6948709762787 36.7027458954397 36.7105551126618 36.7182776716535 36.7259200783849 36.7334934241542 36.7409778598971 36.7483443600205 36.7555718253714 36.757456397661 36.7455913834598 36.7261134060517 36.7066110649977 36.687112434529 36.6676898106429 36.6485279138664 36.6297275270339 36.6113320982851 36.5988772677474 -9999 -9999 -9999 -9999 -9999 -9999
