Spatial_Analysis/Maxent_Inputs/Inputs/RCP8_5_Future/salinity_future85.asc
NCOLS 638 
NROWS 314 
XLLCORNER -102.97071042 
YLLCORNER 3.973116569 
CELLSIZE 0.083 
NODATA_value -9999 
[rows 176 to 197 of 314, columns 350 to 399 of 638]
36.5564913975642 36.5572536696269 36.5582038981497 36.5591807325906 36.5599208655969 36.5602704736318 36.5604638794211 36.5604608462709 36.5604171028334 36.5604896995352 36.5608199024003 36.5614542069858 36.562345570852 36.563392302809 36.5644580336206 36.5653775850372 36.5649929271271 36.5601599449466 36.54958723869 36.5362949009485 36.5226736471314 36.5090950295432 36.4956045897228 36.4822266431221 36.4689419162997 36.4557289993739 36.4425262116962 36.429295416387 36.4163093394949 36.4037900977365 36.3916859124146 36.3803077298372 36.3689453836219 36.357566751851 36.3462077690745 36.3349277031306 36.3237544228129 36.3126966819024 36.3017216972254 36.2907778130341 36.2798040283482 36.2679936411357 36.2547443030306 36.2413959631066 36.2280228018739 36.2147072871161 36.2014725885182 36.1883441950676 36.1752919431018 36.1622799461662
36.5550500810104 36.5550532929729 36.5550305497904 36.5549707762236 36.5551530769852 36.5558090502887 36.5569114046828 36.5585208625697 36.5603190732369 36.5620424659761 36.5637946716994 36.5656350243234 36.5675472479461 36.5694893632915 36.5713963728145 36.572932006144 36.572534027415 36.5678619691512 36.5584969881224 36.5459705057547 36.532383706171 36.5187682162045 36.5051588171056 36.4915842174859 36.4780366072391 36.4645019268938 36.4509570903952 36.4374540283505 36.4244202239053 36.4117069607357 36.3987703981508 36.3866320643376 36.3747555330062 36.3628565524596 36.3509534874366 36.3390721628515 36.3272215982723 36.3153976782726 36.3035702827319 36.2917378580714 36.2800669078942 36.2680024503873 36.254860106463 36.2419474783778 36.2291788183154 36.2163937335969 36.2036084565296 36.1908489689722 36.1781101176717 36.1653840500034
36.55211357205 36.5515100196025 36.5509072700915 36.550476308019 36.5506916908454 36.5517035777102 36.5533854399715 36.5559316764881 36.5590173147169 36.5621340254785 36.5652498548199 36.5683720286631 36.5714904217362 36.5746088927778 36.5777200285622 36.5801088352829 36.5798717400243 36.5756068664893 36.5671169084184 36.5553155944404 36.5416592369992 36.5279048220876 36.5141505798189 36.5003984430929 36.4866501387778 36.4728995213652 36.4591463235149 36.4455386385201 36.4324814912155 36.4194569430433 36.4058071227743 36.3928470380507 36.3802829448104 36.3677339980172 36.3551901270238 36.3426443134858 36.33010199571 36.3175555615001 36.3050076591253 36.2925527366571 36.2804602324358 36.2681901052967 36.2550478651238 36.242331801476 36.2299523411938 36.2176068188899 36.2052593540414 36.1929126926448 36.1805608091331 36.168211428583
36.5489691062167 36.5478726032446 36.5467883802133 36.5460701049329 36.5464155181012 36.5477756136491 36.5499929429545 36.5533999751134 36.5576731510369 36.5620686743793 36.5664610032039 36.5708574585767 36.5752514965328 36.579650281732 36.5840013222048 36.5872499150101 36.5873773254568 36.5836262211519 36.5757880937189 36.5645437545375 36.5509195454733 36.5369869181358 36.5230574848237 36.5091239517835 36.4951911781308 36.481260130831 36.4673356153594 36.4536050956262 36.4404245084252 36.4270455654735 36.4127709454343 36.3990778167556 36.3857969198604 36.3725689569539 36.3593435845993 36.3461141975691 36.3328922941336 36.3196652298456 36.3064388201567 36.2933987504697 36.280932381135 36.2684583360066 36.2553124634174 36.2427583312485 36.2307176494559 36.2187738610756 36.2068344736677 36.1948978059057 36.1829543800323 36.1710114457369
36.5458211618423 36.544234237658 36.5426812685679 36.5416954926471 36.542148531315 36.5438487140811 36.5466057716497 36.5508813772678 36.5563220226985 36.5619960902967 36.5676727039131 36.5733467203858 36.5790164639953 36.5846916706863 36.5902683766878 36.5944732481047 36.5952341563143 36.5920511443248 36.5847010094945 36.5737902365924 36.5601779114257 36.5460690749541 36.531957960274 36.517846517037 36.5037359719262 36.4896217239909 36.4755266416785 36.4616377707205 36.4482500137319 36.434503796171 36.4196470346106 36.4052844977462 36.391309806966 36.3774048995847 36.3634969642292 36.3495838918112 36.3356799949212 36.3217726194902 36.307875064072 36.2942498922223 36.2813965738135 36.2687180836906 36.2555777354389 36.2431891434373 36.2314795915421 36.2199435955945 36.208411871995 36.1968795449219 36.1853432644358 36.173809357325
36.542672786145 36.5405936885373 36.5385604888076 36.5372420742239 36.5377176030132 36.5397433452 36.543081191099 36.5483084896107 36.5549735092173 36.5619251202018 36.5688820140487 36.5758330995282 36.5827830018735 36.5897350021852 36.5965731478144 36.6019321144602 36.6035800542841 36.6010119483181 36.5940069642657 36.5831808935719 36.5694399285619 36.5551512833902 36.540861447508 36.5265706011115 36.5122824743608 36.4979883661076 36.483713466511 36.4696277191732 36.4559870221523 36.4418655618936 36.4264547924083 36.4114698498931 36.3968259655502 36.382239288975 36.3676517072125 36.353057478719 36.3384696630511 36.3238836167926 36.3093083569738 36.2950691656494 36.2817762674674 36.2688757077392 36.2557552511026 36.2435800366604 36.2322422925465 36.2211183790703 36.2099935598915 36.1988648824664 36.187736550327 36.1766097886036
36.5395285445952 36.5369558317499 36.5344121652717 36.5326264747093 36.5329547341246 36.5352715145706 36.5392864245041 36.5456290581872 36.55362632467 36.5618557301447 36.5700871297817 36.5783158710356 36.5865468297278 36.594779368973 36.6029414996164 36.6096987152399 36.6125372526537 36.6106457121372 36.6038161134488 36.5927561647173 36.5786990979431 36.5642289607752 36.5497638730794 36.5352958855184 36.5208261285481 36.5063555777707 36.4918934658931 36.4775850110932 36.463666638009 36.4491628134495 36.433215589697 36.4176370165199 36.4023405617873 36.3870736783883 36.3718039472343 36.3565310828251 36.3412614802727 36.3259951669125 36.3107313722121 36.2958146820106 36.2819777875603 36.2688346915139 36.255779087294 36.2439097686568 36.2330051494648 36.2222885540188 36.211571812773 36.2008488049938 36.1901290767849 36.1794116875318
36.5363833021531 36.5333164217219 36.5302577488458 36.5278462358198 36.5277036886504 36.5302520395327 36.5351275255364 36.5428637017472 36.5522796489219 36.5617896024596 36.5712939885965 36.5808019995895 36.590312573799 36.5998233211437 36.6093165239302 36.6176990936654 36.6222130762693 36.62109181377 36.6141567348225 36.6024519730248 36.5879617362665 36.5733117387807 36.5586672479254 36.5440205396317 36.5293705421459 36.5147227894338 36.5000721707608 36.4855274512877 36.4713099623627 36.4564236175884 36.4399565080711 36.4238082216811 36.4078556759531 36.391906152077 36.3759551772572 36.3600075691057 36.3440544978497 36.3281019870106 36.3121546633747 36.2964859695259 36.2819366225321 36.268499917679 36.2555887652133 36.2441755256216 36.2337688002132 36.2234570031298 36.2131449387292 36.2028311651971 36.1925191003041 36.1822113593999
36.5332556316663 36.5296812840879 36.5261178115702 36.5229289376965 36.5218596929303 36.5244900028976 36.5305997181587 36.5401582082643 36.5509345015937 36.5617195820858 36.5724986390794 36.5832751743371 36.5940688066553 36.6048657545164 36.6156513529371 36.6258395425705 36.6326485429358 36.6324980934012 36.6249359968016 36.6120329470759 36.5972241675045 36.5823674397519 36.567468909145 36.5526216656516 36.5378467461453 36.5230778314988 36.5082552502504 36.4934775219074 36.4789437927916 36.4636765928928 36.4467070389032 36.4299981742864 36.4133679423638 36.3967380293992 36.3801098686228 36.3634806811186 36.3468472992348 36.330212984313 36.313584176514 36.2970942661864 36.2816134240537 36.2677677570465 36.2551788613151 36.2444552202317 36.2345332103491 36.2246401738806 36.2147684116768 36.2048876000226 36.1949601836598 36.1850225624807
36.5305626885374 36.5264428544467 36.5222332479534 36.5180993529926 36.5156361976509 36.5178853198706 36.5258679309885 36.5375806282441 36.5497259540613 36.561764091011 36.5737031939628 36.5855924075602 36.5975217410268 36.6095485511299 36.6217220828244 36.6338199649173 36.6434227640966 36.6448801946009 36.6358273975158 36.6210425533496 36.6052449592756 36.5895970579839 36.5742277872212 36.5592194374644 36.5445563604891 36.5301283300013 36.5157891198846 36.5013034582869 36.4866035328326 36.4709624723271 36.453508837649 36.4361960590079 36.4188813478904 36.4015698550807 36.3842635332606 36.3669503753607 36.3496384689416 36.3323267351654 36.3150146216839 36.297731555069 36.2811426830805 36.2665716561944 36.254620843008 36.2449272130798 36.2357778685046 36.2266446955949 36.217424300838 36.2080464663896 36.1984700457379 36.1887176323753
36.5286869012532 36.5241451492183 36.5193729919182 36.5143696743795 36.5097369369237 36.5108147010308 36.5220915147602 36.5357664248727 36.5491596743305 36.5622424643541 36.5751053100118 36.5878644429293 36.600664038448 36.6136333533077 36.6269198753556 36.6405753428961 36.6536765248737 36.6572780383664 36.6440556898051 36.6272425024013 36.6105538817045 36.5943618338177 36.5787275873925 36.563622274128 36.5490061179039 36.5348130938931 36.5209555001015 36.5072258199029 36.4934537179866 36.4782523268572 36.4603113035446 36.4423120204447 36.4244216972206 36.4065972512079 36.3888006578442 36.3709960133847 36.3531528457539 36.3352296336426 36.3171892587593 36.2989820195823 36.2808775848985 36.2653725804685 36.254885789026 36.2463257358655 36.2377743767574 36.2290983483484 36.2202406314572 36.2111860155279 36.2019444158088 36.1925329025403
36.5329581412564 36.5284014858328 36.5235995795957 36.5185146917676 36.5138455142871 36.5152820573412 36.5273964083661 36.5420945481428 36.5564844660164 36.5705236409575 36.5843183401412 36.5980046741079 36.611728215926 36.6256321263623 36.6398906472082 36.6544956736277 36.6680775245408 36.6715869470874 36.6582841131367 36.6412784285875 36.6245559711121 36.6083788961594 36.59271972943 36.5774617117848 36.5625146303711 36.5478634791022 36.5334459743324 36.5193329123747 36.5058013705396 36.4914299535251 36.4745800290268 36.4572967841281 36.4396929905258 36.4220458153686 36.4043345465226 36.3865190848716 36.3685614232122 36.350446837415 36.3322056685907 36.3138592026754 36.2957919307293 36.2796289704785 36.2669855627005 36.2566923628243 36.2474559706416 36.2382175539272 36.2288727718566 36.2194519840257 36.2099977677602 36.2004981564547
36.5436853832119 36.5395327215155 36.5352810525112 36.5310438225167 36.5285075349454 36.5317545581205 36.5423568441488 36.5570968843872 36.572164895484 36.5870936924966 36.6018920508887 36.6166280817177 36.631411495811 36.6462626287219 36.6609036048047 36.6749229080543 36.6860783554659 36.6880528071705 36.6782670288538 36.6630037261392 36.6469751771491 36.6308191462023 36.6147611777237 36.5988635461342 36.5830757589872 36.5674890459427 36.5524775543333 36.5383629302152 36.5251694210282 36.5114297249671 36.4955976644654 36.4796345934627 36.4632544151249 36.4466287478079 36.4298403211427 36.4129409747495 36.3958822520643 36.3786352418061 36.3612797851711 36.3438896064697 36.3268339030714 36.3103237694937 36.2943193632167 36.2801936197243 36.2678260314523 36.2565763896208 36.2459620229321 36.2353861476319 36.2248429643145 36.2143383750458
36.5565650515343 36.5530190149169 36.5494731211222 36.5463715279241 36.5459492563262 36.550624010236 36.5603028476278 36.5745865714991 36.5902502436457 36.6059136495056 36.6215526828722 36.6371655814273 36.6526116123204 36.6675477115873 36.6817821551432 36.6947520552191 36.7039225991345 36.7049926297178 36.696967167035 36.6830331156891 36.6670696679571 36.6507422965561 36.6342432471716 36.6176989791455 36.6014835314246 36.5862395066689 36.5721348232075 36.5591219009513 36.5469398203809 36.5338087204482 36.5182674026944 36.5030861454307 36.4878752209866 36.4724284218656 36.4567647100044 36.4409414433194 36.4250259733408 36.409043182182 36.3929986103459 36.3768770590613 36.3607807809954 36.3442674908328 36.3267924007623 36.3100204059117 36.2943908614211 36.2801566112675 36.267254923966 36.2551678268334 36.2433202015699 36.2315625814303
36.5699362379659 36.5669962369522 36.5640648145846 36.5620322822424 36.5633554083648 36.5689685042697 36.5784260233685 36.5923360254982 36.6085631795678 36.6248937250955 36.6411927491134 36.6572284793522 36.6726047885127 36.6872253619854 36.70122265577 36.7135425793023 36.7211509509902 36.7214328426813 36.7137842565436 36.7004325259731 36.6840683174712 36.6674216039749 36.6507036754434 36.634394188804 36.6192809510114 36.6055210623071 36.5928083234008 36.5809399092092 36.5698659263342 36.5576048194536 36.5425148056103 36.5277823661111 36.5131746654739 36.4984380266473 36.4835141584262 36.468408981074 36.4532323289119 36.4380586104732 36.4228801488522 36.4076510947979 36.3924138509943 36.3762901606914 36.3584238128985 36.340596207937 36.3231321408588 36.3064089029936 36.2908479788218 36.2766101115784 36.2633241964612 36.2504151255915
36.5833932070452 36.581023443279 36.5787023476554 36.5776451441772 36.5802576433965 36.5865985994667 36.596260738957 36.6101936998073 36.626876305331 36.64383114745 36.6604896179954 36.6764313747038 36.6916058525041 36.7061014784225 36.7197676124777 36.7311911500104 36.7375390689086 36.7372002354218 36.7295457184698 36.7165636130408 36.7001307281862 36.6832987759925 36.6669856099802 36.6520374491343 36.6385318023534 36.6261367049217 36.6147358535317 36.6041606303698 36.5942762801833 36.5828807644616 36.5681302295544 36.5536065831678 36.5392229399474 36.5247757606704 36.5102379243093 36.4956202877718 36.4809281181144 36.4661760508017 36.451396271548 36.4365989183854 36.4218231903114 36.40600169197 36.3881034765304 36.3699945121129 36.3518231077038 36.3337581766147 36.3161333491582 36.2994946535368 36.2841597404321 36.2698596499543
36.5968476392128 36.5950471543359 36.5933489939753 36.593090943884 36.5965520424098 36.6035254361591 36.6136683709131 36.6279986054271 36.6451626294919 36.6625061402333 36.6791073318689 36.6948619798537 36.709786186143 36.723775846571 36.736819492612 36.747546017977 36.7533715268125 36.7528249611117 36.7450578526501 36.7321625042499 36.7158104209969 36.6994531280486 36.6846033449502 36.6713731624881 36.6594368836782 36.6486489588025 36.6387540403296 36.629468188088 36.6205949643048 36.609837713339 36.5952697233525 36.5808062903633 36.5664211661173 36.5519754916783 36.5374658376384 36.52290622292 36.5082733194253 36.4935652924904 36.4788463768741 36.4641771278678 36.4495639770025 36.4337510839249 36.4155895447707 36.3972576347255 36.378871717575 36.3603646809785 36.3417872271549 36.3234625220491 36.3059663870267 36.2897913371437
36.6103011904984 36.6090721771515 36.607946229956 36.6082493618854 36.6122310925512 36.6197669254199 36.6305800724595 36.6456291967723 36.6632598534387 36.6806072186993 36.6969634492095 36.7122569355216 36.7264815162758 36.7398556352179 36.7525607087953 36.7632133612102 36.7691760965268 36.7687651957653 36.7609442661467 36.7480502781021 36.7322469004524 36.7174357848344 36.7045191783147 36.6931871070282 36.6831449590351 36.6740120772738 36.6654249590544 36.6571643260234 36.6491152103266 36.638842030383 36.6243082535223 36.6097515670584 36.5952006357288 36.5805779070856 36.5658798600765 36.5510981499148 36.5362220655685 36.5212519604223 36.5062166240867 36.4911811311152 36.4762002593678 36.4599223111716 36.4411552572684 36.4223784844409 36.4036327593414 36.3848435553658 36.3659470164846 36.3469259070265 36.3280149342256 36.3098516540364
36.623758582809 36.6230988655497 36.6224950737273 36.6231272470671 36.6273266747981 36.635355370443 36.6470293289785 36.6629873651314 36.6808961844985 36.6979039130556 36.7135502662725 36.7279896703531 36.7415974564241 36.7547458191415 36.7676070562444 36.7788951351748 36.7857709941671 36.7859263217385 36.7780925543732 36.7653037225822 36.7507461242465 36.7380889558257 36.7274021556205 36.7181565782538 36.7098098055526 36.7019267457512 36.6942699662806 36.6867136778751 36.6792118531257 36.6692181289665 36.6545818786083 36.6398560883998 36.6251057904359 36.6102896685921 36.5953882605244 36.5803870157288 36.5652705361852 36.5500313489283 36.5346557737069 36.5191674291878 36.5036352917037 36.4865750658755 36.4666574902383 36.4466780224183 36.426855673604 36.4073171589541 36.3880174142008 36.3686575102351 36.3491542365929 36.3296734504588
36.6372179085347 36.6371269775792 36.637049793706 36.6378520919955 36.6418962455833 36.6503315299823 36.6630815973496 36.6800017080108 36.6976587548331 36.7136779313386 36.7283289126099 36.7422353695571 36.7558835470852 36.7694309016595 36.7829409943809 36.7954013535007 36.8038779841663 36.8048469952747 36.796854172766 36.7843554436281 36.7718506505113 36.7617709329504 36.753344385086 36.7457556157363 36.7384969935502 36.7313721121833 36.7242803089192 36.7171729623046 36.7100471041507 36.700227958967 36.6854472518278 36.6705579394437 36.6556336498071 36.6406382376841 36.6255526969505 36.6103685102225 36.5950682174862 36.5796413755195 36.564073399891 36.5483509024413 36.5324961840483 36.5148306918998 36.4938250881702 36.4725361588335 36.4512731534535 36.4301828953495 36.4093406987302 36.3888472695639 36.3688171362738 36.3487722904696
36.6506725477647 36.6511520003719 36.6516319278511 36.6525451597653 36.656066967377 36.6647533494742 36.6787783735736 36.6962153721597 36.7126381183526 36.7275727439187 36.7419759002497 36.7562461448553 36.7705312656134 36.7848440586866 36.7991543416681 36.8129185160358 36.8234360500479 36.8254358020955 36.8173797521843 36.8061529659493 36.7968014414787 36.7893016381931 36.782456876462 36.7757625755289 36.7690409400989 36.7622484068509 36.7553867781066 36.7484734688999 36.7415125647906 36.731597525288 36.7162859042322 36.7008611352361 36.6854427173725 36.6700343337989 36.6546501381844 36.6392883631881 36.6239237300297 36.608528622011 36.5930603716689 36.5774693185385 36.5617193446829 36.5439085038065 36.5223016688383 36.5001984531107 36.4779063487294 36.4554628308769 36.4329284657674 36.4105295893866 36.388474282478 36.3669087280149
36.6641271870177 36.6651732256885 36.6662221126067 36.6673706701457 36.6702077358672 36.6787235928496 36.6937942622682 36.7104908453533 36.7259038418155 36.7409165297413 36.7561667695096 36.7721577127016 36.7886986712289 36.8052594566891 36.8216777935132 36.8377757507244 36.8515191139653 36.8558519981787 36.8486265699199 36.8403796801305 36.833847306338 36.8277153136882 36.8210710538386 36.8130243242572 36.803849517143 36.7944371388024 36.7850403475011 36.775740435623 36.7665884259944 36.7545877408568 36.7371903157975 36.7199736653969 36.703075326295 36.6865348599662 36.670391372772 36.6546702113168 36.6394032986888 36.6245641214385 36.6099858599665 36.5954889407191 36.580995983806 36.564388276059 36.543742295559 36.5225933726338 36.501178969063 36.479427267604 36.4572314059468 36.43449646858 36.4111622827304 36.387515154003
