Spatial_Analysis/Maxent_Inputs/Inputs/RCP8_5_Future/salinity_future85.asc
NCOLS 638 
NROWS 314 
XLLCORNER -102.97071042 
YLLCORNER 3.973116569 
CELLSIZE 0.083 
NODATA_value -9999 
[rows 220 to 241 of 314, columns 400 to 449 of 638]
36.4245258440642 36.4506108510515 36.476746149743 36.4905717139822 36.4801863504364 36.4668834936482 36.4535922616863 36.4403210084441 36.4270724368385 36.4138392875582 36.4006118358032 36.3873745610512 36.3741428780054 36.3609216381818 36.3477101677151 36.3349134228615 36.3229479071425 36.3111765287436 36.2995041841203 36.2880163436778 36.2767833948196 36.2656312766929 36.2543719066133 36.2429795522104 36.2314131879059 36.2197651424204 36.2082417848226 36.1972631897878 36.1871371869174 36.177247912483 36.167284624934 36.1569388097927 36.1459827800104 36.1347415062234 36.1236267375797 36.1126637969008 36.1018392499861 36.0910209373308 36.0799908968756 36.0713941728913 36.0684847671629 36.0670905011401 36.0655144402849 36.0637895889462 36.0619200479058 36.0598980131568 36.0577481321092 36.0555082256706 36.0532146258328 36.0509093748409
36.4156689550256 36.4408083170028 36.4724638729036 36.4904014910297 36.4813979804756 36.4691607254154 36.4569453915964 36.4447563029847 36.4326022361821 36.4204861700829 36.4083930878494 36.3963118122146 36.3842416956408 36.3721834033564 36.3601337843926 36.3482271139858 36.3366063527504 36.325078382432 36.31362647973 36.3023079314646 36.291200087515 36.2802303826938 36.2691938612608 36.2580540428109 36.2467704667814 36.2353304436374 36.2238408267611 36.2128146429619 36.2026405056166 36.1927283486517 36.1828085709059 36.172670688233 36.1620394598983 36.1509952514459 36.1400014145602 36.1291361812993 36.1184074569594 36.1077948943449 36.0971502216296 36.0891371680883 36.0871157595513 36.0866803231363 36.0859972852301 36.0850981450137 36.0840359807455 36.0828315943558 36.0814858297695 36.0800202295073 36.0784611410574 36.0768510712546
36.3912098650323 36.435280678848 36.4679619091397 36.4900651232073 36.4825037495582 36.4707838913586 36.4591932751106 36.4492574433334 36.4382564833823 36.4273096212644 36.4163885051993 36.4054777720787 36.3945760145078 36.3836849244199 36.3728032847538 36.3617942230215 36.3505293753308 36.3392651800789 36.3280631843962 36.3169467249416 36.3059726217252 36.2951418123607 36.284308314323 36.2734021138072 36.2623922360767 36.251241734022 36.2399465382649 36.2289579760939 36.2187864966854 36.2088727865029 36.1989653307009 36.188932878439 36.1785575151541 36.1677790921738 36.1569393458091 36.1462033556351 36.1355862412329 36.1251018134778 36.1147017201497 36.1072282509959 36.1060715120519 36.1065764002282 36.1068115576637 36.1067957976416 36.1065745851017 36.1062003689704 36.1056955034111 36.1050692221382 36.1043376481399 36.1035102571352
-9999 -9999 36.4660310980206 36.489913087491 36.4829742413891 -9999 -9999 36.4511834459052 36.4406791122455 36.430232673895 36.4202378487346 36.4111443189038 36.4022905976596 36.3934974621044 36.3847610706979 36.3754335024674 36.3648349233041 36.3540392765245 36.3432785659404 36.3325710094989 36.3219608364033 36.3114835326819 36.3010603501438 36.2905843151999 36.2800303997041 36.269367758014 36.2585593918943 36.2478511176145 36.2376323242414 36.2276061433138 36.2175997654166 36.2075180484094 36.1972135445558 36.1865780188008 36.175798568749 36.1651052518759 36.1545061015409 36.1440210903641 36.1336503474623 36.126399352912 36.1257050543368 36.1267022209415 36.1274398757671 36.1279274332628 36.1281890336384 36.1282558317808 36.1281785846604 36.1279881815376 36.1276957652599 36.1273025701096
-9999 -9999 -9999 -9999 -9999 -9999 -9999 -9999 -9999 -9999 -9999 36.4124257454672 36.4059213599091 36.4012618405996 36.3958400088304 36.3891092721572 36.3795431508458 36.3694797686967 36.3594344490273 36.3494282422652 36.3394928288714 36.329679432104 36.3199473448565 36.3101746426095 36.3003467146042 36.2904325435928 36.2803884597356 36.2701921959938 36.2598995667002 36.2496159373796 36.2393717713434 36.2290801071632 36.2186358880343 36.2079326938221 36.19706698442 36.1862688176511 36.1755497485182 36.164924459157 36.154391776032 36.1469676223716 36.1461380085031 36.1470535370989 36.1477106747265 36.1481311102978 36.1483254859298 36.1483073330741 36.1481087310946 36.1477782432902 36.147352370856 36.1468304834752
-9999 -9999 -9999 -9999 -9999 -9999 -9999 -9999 -9999 -9999 -9999 -9999 -9999 36.4043190808326 36.4031987123312 36.4029764017027 36.3945104212705 36.3852741125894 36.3760476410965 36.3668553287437 36.3577198632211 36.3486921989466 36.3397509007253 36.330783892939 36.321768900969 36.3126715763263 36.3034518634437 36.2938359050161 36.2835350849483 36.2730051164534 36.2624837700088 36.2519492577186 36.2413043749103 36.2304489887034 36.2194439914414 36.2085037827934 36.1976375549702 36.1868445926028 36.1761166187816 36.1683990818 36.1671701452798 36.1677763531954 36.1681635788782 36.168316131556 36.168246204617 36.1679708363737 36.1674956184864 36.1668548984134 36.1660989683443 36.1652456427539
-9999 -9999 -9999 -9999 -9999 -9999 -9999 -9999 -9999 -9999 -9999 -9999 -9999 -9999 -9999 36.4119336948924 36.4096752960731 36.4012727318734 36.3928760433802 36.3845077836053 36.3761896302627 36.3679678948467 36.3598290970607 36.3516743616042 36.3434615956451 36.3351681960537 36.3267707729543 36.3177448021756 36.3074960184391 36.2968301071157 36.28608600576 36.2753348733687 36.2645099809202 36.2535127841789 36.2423757154105 36.2312940247391 36.2203039233128 36.209369515948 36.198478555101 36.1905034691359 36.188851612609 36.1890711898242 36.1891830247135 36.1890617980478 36.1887357943217 36.1882062219363 36.1874800450807 36.1865710295584 36.1855043756197 36.1843223122218
-9999 -9999 -9999 -9999 -9999 -9999 -9999 -9999 -9999 -9999 -9999 -9999 -9999 -9999 -9999 -9999 36.4193833572593 36.4174766795814 36.4099237383394 36.402395333173 36.3949164988198 36.3875325296908 36.3802262755844 36.3728996757509 36.3655002852878 36.3580299789314 36.3504667225599 36.3420298853223 36.3318525541357 36.3211278286557 36.3102449873567 36.2992987596714 36.2883124566895 36.2771903307818 36.265931738465 36.2547045865976 36.2435911466492 36.2325284034461 36.2214997343306 36.2133006368195 36.2112481130772 36.2110313684439 36.2108122600954 36.2104317206442 36.2098424592348 36.2090593904771 36.2080838169544 36.2069243006069 36.2055891517558 36.2041083948555
-9999 -9999 -9999 -9999 -9999 -9999 -9999 -9999 -9999 -9999 -9999 -9999 -9999 -9999 -9999 -9999 -9999 36.4278667053593 36.4272662834679 36.4206092680865 36.4140016696266 36.4074724093693 36.4010079007294 36.3945188772729 36.3879543015681 36.381317644011 36.3745977891128 36.3667532789723 36.3566400478572 36.3458707711401 36.3349150840938 36.323820360246 36.3126782480126 36.3014405051369 36.2900751899176 36.2787069033809 36.2674547005624 36.25627155216 36.2451274665701 36.2367298965035 36.2342976334481 36.2336477392099 36.2330443058039 36.2323817282369 36.2315275527141 36.2304830812275 36.2292597422466 36.2278533489223 36.2262722217132 36.2245245154957
-9999 -9999 -9999 -9999 -9999 -9999 -9999 -9999 -9999 -9999 -9999 -9999 -9999 -9999 -9999 -9999 -9999 36.4461457282618 36.4449780675311 36.439207373651 36.4334799703748 36.4278037199718 36.4221742751255 36.4165362648461 36.4108208918977 36.4050209040303 36.3991441746809 36.3918941492904 36.3818448461421 36.371024967354 36.3600287518609 36.348849807066 36.3375680597406 36.3262155291612 36.3147465194601 36.3032510974635 36.2918641014475 36.2805639656166 36.2693156220979 36.2607420621187 36.2579511871844 36.2568857931963 36.2558744185577 36.2548724042353 36.2537569920576 36.2524421944785 36.2509617251167 36.2493113638104 36.2474876836133 36.2454962342126
-9999 -9999 -9999 -9999 -9999 -9999 -9999 -9999 -9999 -9999 -9999 -9999 -9999 -9999 -9999 -9999 -9999 -9999 36.4563693098101 36.4581752810591 36.4533227045593 36.4484990923971 36.4437100534769 36.4389276916761 36.4340695989076 36.4291173891806 36.4240861061 36.4174335782808 36.4074445346713 36.3965741150747 36.3855403899867 36.3743189944746 36.3629400172556 36.3514726123899 36.3399047663609 36.3282949647088 36.3167845861523 36.3053717256421 36.2940271768434 36.2852842549384 36.2821532629128 36.2806949212251 36.2792770223863 36.2778980820638 36.2764875630843 36.2749134273766 36.2731649617486 36.271259412606 36.2691907539126 36.2669605586219
-9999 -9999 -9999 -9999 -9999 -9999 -9999 -9999 -9999 -9999 -9999 -9999 -9999 -9999 -9999 -9999 -9999 -9999 36.4864814819791 36.4774833191951 36.4734976459169 36.4695366646512 36.4656027654563 36.4616727290377 36.4576758425267 36.4535851853506 36.449408566608 36.4433546673083 36.4334245021936 36.4225002191615 36.4114247728778 36.4001765534827 36.3887427676832 36.377173728383 36.3655142693647 36.3538039227456 36.342180069744 36.3306620015609 36.3192288773691 36.3103217108649 36.3068600435855 36.3050228475208 36.3032181282848 36.3014509424108 36.2997033692036 36.297866019854 36.2958490501683 36.2936749868309 36.2913534185099 36.2888774858276
-9999 -9999 -9999 -9999 -9999 -9999 -9999 -9999 -9999 -9999 -9999 -9999 -9999 -9999 -9999 -9999 -9999 36.5004086224012 36.5002312514229 36.4971090732403 36.4939927368368 36.490896328474 36.4878250601527 36.4847562907618 36.4816231737249 36.4784026816501 36.4750898425186 36.4696321973783 36.4597628709935 36.448780296241 36.4376656145249 36.4263950324513 36.4149347356504 36.4032931245189 36.3915367691339 36.3797419301438 36.3680231238582 36.3564063914749 36.3448814370943 36.3358214356631 36.3320386903592 36.3298310545579 36.3276521669254 36.3255058507959 36.3233934614012 36.3212590718574 36.3189823063695 36.3165383143584 36.3139513650978 36.3112248526142
-9999 -9999 -9999 -9999 -9999 -9999 -9999 -9999 -9999 -9999 -9999 -9999 -9999 -9999 -9999 -9999 -9999 36.5191313955568 36.5192765158542 36.5170325457769 36.514798052472 36.512570445857 36.5103642420394 36.508161236285 36.5058957813877 36.5035461793824 36.5011023323322 36.496250391796 36.486446590637 36.4754060694498 36.464248856002 36.4529473761297 36.4414685662594 36.4297885788488 36.4179491101904 36.4060782622859 36.388909891441 36.3673777470977 36.3558122527479 36.346689596712 36.3479746194689 36.3499494779084 36.3380743056387 36.3407526213812 36.3475417252961 36.3450786196966 36.3425349205439 36.3398240121122 36.3369671341778 36.3339769493939
-9999 -9999 -9999 -9999 -9999 -9999 -9999 -9999 -9999 -9999 -9999 -9999 -9999 -9999 -9999 -9999 -9999 -9999 36.5314637872146 36.5372479117774 36.535895753126 36.5345442586954 36.5332066667616 36.5318713231469 36.5304756192262 36.5289980980238 36.5274321573651 36.517666635191 36.4977981762355 36.4867335402505 36.4755564843529 36.4642389595069 36.4527517942893 36.4410615550434 36.4291924654719 36.4172903826895 -9999 -9999 -9999 -9999 -9999 -9999 -9999 36.3718858463436 36.372128913236 36.3693150944394 36.3664785667163 36.3635072848441 36.3603763698708 36.3571162564132
-9999 -9999 -9999 -9999 -9999 -9999 -9999 -9999 -9999 -9999 -9999 -9999 -9999 -9999 -9999 -9999 -9999 -9999 -9999 36.5458538367003 36.544873459503 36.5438930823057 36.54292347435 36.5419561147134 36.5409283947708 36.5398205661856 36.5386285904924 -9999 -9999 -9999 -9999 -9999 -9999 -9999 -9999 -9999 -9999 -9999 -9999 -9999 -9999 -9999 -9999 -9999 36.3824651195735 36.3792116357167 36.37618685151 36.3730757266223 36.3697998670742 36.3663938774806
-9999 -9999 -9999 -9999 -9999 -9999 -9999 -9999 -9999 -9999 -9999 -9999 -9999 -9999 -9999 -9999 -9999 -9999 -9999 -9999 -9999 -9999 -9999 -9999 -9999 -9999 -9999 -9999 -9999 -9999 -9999 -9999 -9999 -9999 -9999 -9999 -9999 -9999 -9999 -9999 -9999 -9999 -9999 -9999 -9999 36.3748256645182 36.3643058953754 36.3612233152864 36.3580003083436 36.3546302276943
-9999 -9999 -9999 -9999 -9999 -9999 -9999 -9999 -9999 -9999 -9999 -9999 -9999 -9999 -9999 -9999 -9999 -9999 -9999 -9999 -9999 -9999 -9999 -9999 -9999 -9999 -9999 -9999 -9999 -9999 -9999 -9999 -9999 -9999 -9999 -9999 -9999 -9999 -9999 -9999 -9999 -9999 -9999 -9999 -9999 -9999 36.3519801640715 36.3418516415559 36.3387487557893 36.3354861681054
-9999 -9999 -9999 -9999 -9999 -9999 -9999 -9999 -9999 -9999 -9999 -9999 -9999 -9999 -9999 -9999 -9999 -9999 -9999 -9999 -9999 -9999 -9999 -9999 -9999 -9999 -9999 -9999 -9999 -9999 -9999 -9999 -9999 -9999 -9999 -9999 -9999 -9999 -9999 -9999 -9999 -9999 -9999 -9999 -9999 -9999 -9999 36.333813999097 36.3307600071468 36.3238778543697
-9999 -9999 -9999 -9999 -9999 -9999 -9999 -9999 -9999 -9999 -9999 -9999 -9999 -9999 -9999 -9999 -9999 -9999 -9999 -9999 -9999 -9999 -9999 -9999 -9999 -9999 -9999 -9999 -9999 -9999 -9999 -9999 -9999 -9999 -9999 -9999 -9999 -9999 -9999 -9999 -9999 -9999 -9999 -9999 -9999 -9999 -9999 -9999 -9999 -9999
-9999 -9999 -9999 -9999 -9999 -9999 -9999 -9999 -9999 -9999 -9999 -9999 -9999 -9999 -9999 -9999 -9999 -9999 -9999 -9999 -9999 -9999 -9999 -9999 -9999 -9999 -9999 -9999 -9999 -9999 -9999 -9999 -9999 -9999 -9999 -9999 -9999 -9999 -9999 -9999 -9999 -9999 -9999 -9999 -9999 -9999 -9999 -9999 -9999 -9999
-9999 -9999 -9999 -9999 -9999 -9999 -9999 -9999 -9999 -9999 -9999 -9999 -9999 -9999 -9999 -9999 -9999 -9999 -9999 -9999 -9999 -9999 -9999 -9999 -9999 -9999 -9999 -9999 -9999 -9999 -9999 -9999 -9999 -9999 -9999 -9999 -9999 -9999 -9999 -9999 -9999 -9999 -9999 -9999 -9999 -9999 -9999 -9999 -9999 -9999
