Spatial_Analysis/Maxent_Inputs/Inputs/RCP8_5_Future/SST_future85.asc
NCOLS 638 
NROWS 314 
XLLCORNER -102.97071042 
YLLCORNER 3.973116569 
CELLSIZE 0.083 
NODATA_value -9999 
[rows 154 to 175 of 314, columns 200 to 249 of 638]
31.1979775459077 31.1871006604096 31.1765030167754 31.166178876007 31.1561398983778 31.1463600703723 31.1366500031641 31.1268549524914 31.1169331624697 31.1068337822089 31.0972695409378 31.0892524964643 31.0819129010154 31.0746553575037 31.067455816386 31.0602918215782 31.0531048978321 31.0457987744145 31.0383195808529 31.0306527411724 31.0228039961209 31.0147745311057 31.006754815469 30.9990025941467 30.9912443307208 30.9832313097777 30.9750082495525 30.9666589366689 30.958308513876 30.950021817864 30.9416279292295 30.9327751151772 30.9231748580372 30.9124401901272 30.8998581879589 30.8859520645769 30.8730324385255 30.8607635795647 30.8488205193318 30.8371641039275 30.8257323252028 30.8145850363908 30.8040968388892 30.7949056518411 30.7881365274662 30.7880391969032 30.7991435865467 30.8179229692189 30.8420283637398 30.8723051598782
31.2114449719583 31.1998862205994 31.1885598768972 31.1774896932469 31.1667256964536 31.1562018423095 31.1456888937607 31.1350743484387 31.1243160178672 31.1133738393801 31.1031818569095 31.0950333965001 31.0877496060085 31.0805528506068 31.0734265347375 31.0663095989153 31.0590861569521 31.0516808533636 31.0440869506049 31.0363098730081 31.0283540612801 31.0202197093342 31.0121756421729 31.0046120319549 30.9971365621798 30.9893656302706 30.9813177391367 30.9730379302669 30.9646264514334 30.9562796253037 30.9481405970945 30.939947364075 30.9311704651191 30.9214122327889 30.9095301636941 30.8954042612993 30.8818663819743 30.8690932488268 30.8566847157095 30.8446374838463 30.8328942705386 30.8213391065234 30.8099751455679 30.7993346281209 30.7911852371816 30.7902397578149 30.8006755328759 30.8190715505612 30.8424748688849 30.8722427765856
31.2247710585812 31.2125440302494 31.2005199017384 31.1887733875588 31.1773405774232 31.1660988997754 31.1548151019322 31.1434151398484 31.1318525465851 31.1200947142275 31.1092839541779 31.101010149187 31.0937945524316 31.0866744911975 31.0796038218168 31.0724510330174 31.0651248885736 31.0576120049711 31.0499155926571 31.0420418308589 31.0339939999004 31.0257706237559 31.0177293038545 31.0103862859574 31.0032197211123 30.9957303063026 30.9879109289939 30.9797833666087 30.9714032332134 30.9628980383205 30.954552287353 30.9465748608785 30.9385499497747 30.9296870751856 30.9184838500072 30.9042513627673 30.8901185003374 30.8767875528405 30.8638530997535 30.8513234571898 30.8391868631761 30.8273595042832 30.8156412474606 30.8040306725678 30.7944445743349 30.7922555643758 30.8015103484466 30.8193150696659 30.842497676572 30.8722096970861
31.2380071237355 31.2251293870145 31.2124698882328 31.2001063902348 31.1880218141611 31.1760696512935 31.1640425231487 31.1518793983587 31.1395342833798 31.1269789904602 31.115563404484 31.1071663870513 31.1000204552123 31.0929616311272 31.0858788905374 31.078632289766 31.0711969855053 31.0635842031588 31.0557948648889 31.0478404284552 31.0397167566719 31.0314203304871 31.0234033522719 31.0163023772845 31.0094751443685 31.0022958652293 30.9947503189242 30.986844491524 30.9785929712023 30.9700582405206 30.9614195885903 30.9531066276091 30.9453413817722 30.9373251466774 30.9267934198257 30.9125322898195 30.8978171737268 30.8838937698112 30.870382425335 30.8573049362571 30.8446728777933 30.8324517096175 30.8205042434586 30.8085343794773 30.7977807648373 30.7937712755322 30.8014415214857 30.8185163485537 30.8419267956854 30.8721281849107
31.2512171996328 31.2377351838 31.2244953248363 31.2115289297541 31.198794387476 31.1861387724202 31.1733833274432 31.1604712322971 31.1473582035924 31.1340126476669 31.1219961990107 31.1134711740257 31.1063933936577 31.0993474202849 31.0921767456371 31.0848272080218 31.077295327644 31.0695936497005 31.0617274818776 31.0537028008554 31.0455188525613 31.0371703665467 31.0291925870659 31.0223515461434 31.0158820412008 31.0090417099669 31.0018064935035 30.9941688924946 30.9861254446279 30.9776892390413 30.9689256320343 30.9601274367617 30.951944907927 30.9443695194229 30.9345159675485 30.9202719890304 30.904994386655 30.8904463484251 30.8763143210288 30.8626352100953 30.8494257418135 30.8366907414143 30.8243789272374 30.8122558914139 30.8007760158534 30.794634779513 30.8002609254401 30.8165526842891 30.8407035653077 30.8719988327282
31.2644853491363 31.2504600316458 31.2366578658076 31.2230793267286 31.2096877958556 31.1963374500193 31.1828586637748 31.1692013443541 31.1553257310772 31.1411905913033 31.1285571794919 31.1198969266428 31.1128558670842 31.1057538132265 31.0984800638185 31.0910335177289 31.0834174937965 31.0756384030743 31.0677074499563 31.0596243045938 31.0513952697389 31.0430095768854 31.0350907295655 31.0285265222669 31.0224257613737 31.0159441678774 31.0090481797739 31.0017240322746 30.9939488115872 30.9857033492819 30.9769863189318 30.9678970361677 30.9589487944281 30.9509728471796 30.9416947946399 30.9274891367746 30.9116658474204 30.8964661348394 30.8816826102882 30.8673538573773 30.8535073687831 30.8401688070139 30.8273403634608 30.8149202088445 30.8029276751788 30.7947905465875 30.7977710914438 30.813325580964 30.8388987810134 30.8718952486993
31.2779073819292 31.2633631772736 31.2489958955442 31.2347995638375 31.2207432595685 31.2066930694021 31.1924879561843 31.1780796213313 31.1634321292474 31.148493777715 31.1352303024496 31.1264013933519 31.1193423206041 31.1121463489896 31.1047811420254 31.0972469343522 31.0895586334347 31.0817143858304 31.0737297107927 31.0656029941255 31.0573359793534 31.0489302584816 31.0410896109421 31.0348215697295 31.0291019902591 31.0229895161875 31.0164547728555 31.009474212128 31.0020165406058 30.9940391667985 30.9854961302739 30.9763650652537 30.9668178976754 30.9578589261665 30.9483477400117 30.9342031750758 30.9178382090998 30.9019711968602 30.8865346310519 30.8715949067531 30.857131911046 30.8431093803643 30.8295653922856 30.8165742849932 30.8040888891642 30.7941046597825 30.793839209711 30.8088561791227 30.8368010858362 30.8718152542059
31.2915747575601 31.2765140358188 31.2615714974776 31.2467442295073 31.2320047433039 31.2172344919247 31.2022854279107 31.1871111043632 31.1716695059293 31.1559052612859 31.1419857375203 31.1329389494236 31.1258180982651 31.1185293480096 31.1110804237567 31.1034722307319 31.0957177191153 31.0878249590613 31.0797960041875 31.071636482381 31.0633478337326 31.0549366490141 31.047190819117 31.0412308469903 31.0358930614963 31.0301594802785 31.0240056330888 31.017396383696 31.010297816722 31.0026484697103 30.994378829859 30.9853997357412 30.9756545383516 30.965567025798 30.9547309236221 30.940470088198 30.9236938482048 30.9076673794268 30.8921058305847 30.8768614882637 30.8618788231315 30.8471251213075 30.8326353489181 30.8185149626096 30.8048436522961 30.7926037195963 30.7885537723268 30.8035401009366 30.8354092777836 30.8718653588118
31.3055767510965 31.2899899332234 31.2744546617852 31.2589708904675 31.2435161768389 31.2279977678622 31.212276021824 31.1963048953126 31.1800311901096 31.1634035191935 31.1487821837128 31.1394805892216 31.1323006867169 31.1249642340861 31.1174741063738 31.109826048665 31.102026407492 31.0940878065123 31.0860104434507 31.0778034231967 31.0694783323693 31.0610456392461 31.0533917835205 31.0477312471431 31.0427472637752 31.0373543435554 31.0315505898107 31.0253074260038 31.0185884636728 31.0113274078425 31.00344031136 30.9948028545697 30.9852443025023 30.9746286857151 30.9622497252536 30.9472646186214 30.9312233295315 30.9155013667145 30.8999186145218 30.8843681958549 30.8688526669692 30.8533915797995 30.8380044009623 30.8227127197581 30.8075656396142 30.7928242731884 30.784634520211 30.7991307521628 30.8354423382627 30.8725675412155
31.314643757792 31.304319289217 31.2880765583252 31.2718071644446 31.255504135352 31.239095973947 31.2224600348559 31.2055384153897 31.1882876421989 31.1706795095915 31.1553509807705 31.1459682074355 31.1389590245622 31.1317881622841 31.1244513912718 31.1169467221853 31.1092762729661 31.1014507414824 31.0934760008946 31.0853625407396 31.0771150285146 31.0687135279954 31.061049279151 31.0553890288198 31.0504521063866 31.0451743410436 31.0395360403252 31.033502888885 31.0270353308094 31.0200651511032 31.0125043846765 31.0042254232048 30.9950482142752 30.984808335908 30.973180233618 30.9588427241127 30.9420126592339 30.9256497263637 30.9093736402008 30.8931048534982 30.8768488776171 30.8606189470107 30.8444329968226 30.8283080658968 30.8122933788423 30.7966718123557 30.7870464759391 30.7998371393686 30.8359654280075 30.8730496566243
31.3410733543884 31.3195754189021 31.3025074243739 31.2853277821616 31.2680304950301 31.2505689452329 31.2328570181125 31.2148667330299 31.1965846047306 31.1779481654935 31.1619350419933 31.1526566362929 31.145999973003 31.1391563335764 31.1321285488044 31.1249171583522 31.1175254797781 31.1099642843426 31.1022331029958 31.094290816695 31.0860949783369 31.0776840013574 31.0699179881492 31.0640139239496 31.0588336092992 31.0533998015881 31.0477218075537 31.041769844556 31.035448821715 31.0286802263552 31.0213844434539 31.0134547784482 31.0048016877852 30.9957362944028 30.986711187001 30.9742411249822 30.9559515102136 30.9380973926524 30.920509095382 30.903149538027 30.8859536010481 30.8689061795286 30.8520375411899 30.835464892773 30.8193068168956 30.8046507992623 30.7962781244628 30.8057188601099 30.8370950312246 30.873442104786
31.3532949177942 31.3355510966856 31.3175969157907 31.2994327479769 31.2810451673773 31.2624427718871 31.2436378730192 31.2246050523068 31.2052686256665 31.1855668099249 31.1688871319999 31.1597534341791 31.1534831319237 31.1469902512623 31.140295481207 31.1334003529547 31.1263158139622 31.1190080409972 31.1113810996408 31.1034085712683 31.0951435247842 31.0866791099426 31.0788119002097 31.0726720776407 31.0672297250024 31.0615601024856 31.0557065642185 31.0496967448897 31.0434791381894 31.0369456768204 31.0299710036559 31.0225025151529 31.014638488906 31.0074069996714 31.0009098638284 30.9893952437828 30.970798968421 30.9520488700356 30.9335445249624 30.9152795386323 30.8972002517043 30.8793648610871 30.8618686850539 30.8447702614785 30.8281041518758 30.8140056157162 30.8068527204885 30.8132370784117 30.8395992648989 30.8743066896987
31.3709276299346 31.3523578478526 31.3334523742995 31.3142120939534 31.2946805354212 31.2749551485968 31.2550491152227 31.2348803984527 31.2143301407288 31.1934894093588 31.1762097318315 31.1672342069958 31.1613811696418 31.1552390441922 31.1488751088729 31.1423009338695 31.1354385390764 31.1281296551845 31.1203724065306 31.112274418961 31.1039674918986 31.0954898444144 31.0875318266359 31.0812048743615 31.0755542777671 31.0696979880226 31.0636657706411 31.0575056892554 31.0512557582029 31.0448976488824 31.0383209109667 31.0314652449818 31.0247168576747 31.0196023694665 31.0149676252561 31.0034360818094 30.9847678801452 30.9656050044018 30.9466667452453 30.9279010000353 30.9092616985392 30.8907483768226 30.872453295897 30.8544268801374 30.83685574897 30.8224355787932 30.8152963142505 30.8201499135101 30.8428021852279 30.8753204699478
31.3896294416656 31.370216205014 31.3502699718324 31.3299033183677 31.3092611780765 31.2883646884847 31.2671558222866 31.2455656664423 31.2236209479581 31.2016852470135 31.1838548033837 31.1750495163117 31.1696377409701 31.1638651817695 31.1578290398284 31.1514465754476 31.1444813179112 31.1369469439624 31.1290256464557 31.1208781823365 31.1125818919407 31.1040924418839 31.0960564073606 31.089590509789 31.0837794949773 31.0777950089259 31.0716596034158 31.065401702097 31.0590778675302 31.0527697137388 31.0465396566013 31.0404684780282 31.035147775282 31.0319934512913 31.0283757468853 31.0165456123538 30.9976701491494 30.9780632583049 30.9586928505938 30.9395175080951 30.9204734413179 30.9014558377307 30.8823864812169 30.8632371466168 30.8445442210627 30.8293139216162 30.8216106434943 30.8256185425509 30.8457710659308 30.8763610665344
31.4096270311329 31.3893814718979 31.3683604146816 31.3468922461321 31.321924963624 31.2969842418381 31.2798327540805 31.2564626468116 31.2330624470681 31.2101567318379 31.1917742743899 31.183145103053 31.1781881203759 31.172816164162 31.1669774556957 31.1604134910596 31.1531257750417 31.1453819844367 31.1373882865085 31.1292553836148 31.1209692217822 31.1124453518103 31.1043659568707 31.0977945696449 31.0918718685384 31.085813912288 31.0796406633653 31.0733781936075 31.0670797206931 31.0608477075983 31.0548931281151 31.049659954792 31.0459792369663 31.0443866818284 31.040985168155 31.0287772127657 31.0095449582141 30.9894605057163 30.969611263604 30.9499570307218 30.930441154657 30.9109444434637 30.8912523195079 30.8710042967467 30.850607221737 30.8340084426127 30.8260327178769 30.8294695402775 30.8481516719801 30.8774331332154
31.4311931184007 31.4101594788571 31.38817480361 31.3655109035413 31.3445842183885 31.319554653483 31.2852852493521 31.2610954778924 31.238938112815 31.2188688333971 31.1999247762779 31.1914758555887 31.1869763657242 31.181897982211 31.1759031153494 31.1672669513682 31.1567015666792 31.148886947971 31.1425219227668 31.1373955089376 31.1290642715248 31.1205164168339 31.112434989028 31.1057970656452 31.0998052565398 31.0937250219443 31.0875761071539 31.0813943804631 31.0752368778013 31.0692312391595 31.063674229076 31.05926466323 31.0569812068215 31.0564001083841 31.0528044165056 31.0401427161604 31.0204051800622 30.9998149401977 30.9794479362995 30.9592576842455 30.939181214422 30.919090644599 30.8987174750049 30.8773397739124 30.854983939172 30.8368044850515 30.8286171235598 30.8317159733496 30.8498331406705 30.8784505705375
31.4547337686463 31.4282097421171 31.3969049075625 31.3736989159145 31.349602648855 -9999 -9999 -9999 -9999 31.2225948341871 31.2034114617401 31.1950395267399 31.1907330957698 31.1857420722056 31.1796008161678 -9999 -9999 -9999 -9999 31.1407947585265 31.1339771532611 31.1282760562258 31.118666012768 31.1107011558931 31.1075471393458 31.1014995461656 31.0954408716858 31.0894240301132 31.0835241365706 31.0779217720955 31.0729892760291 31.0694568302892 31.0679926561888 31.0676474385857 31.0638268543321 31.0506422043061 31.0302541887036 31.009133711976 30.9882079652584 30.9674232752142 30.9467006034463 30.925875057022 30.9045598374532 30.88182143916 30.8577800579849 30.8382362262585 30.8294181330001 30.8324106104051 30.850836537983 30.8794179233477
31.4650841430126 -9999 -9999 -9999 -9999 -9999 -9999 -9999 -9999 -9999 -9999 -9999 -9999 -9999 -9999 -9999 -9999 -9999 -9999 -9999 -9999 31.1315016107481 -9999 -9999 31.1107850841274 31.1047621264543 31.1003579482764 31.0974455007864 31.09193688697 31.0869254823146 31.0828212959497 31.0801198867911 31.0788082206748 31.0780372096873 31.074025577221 31.0602491162646 31.0390772700521 31.0173986975128 30.9958754276713 30.9744339583437 30.9529658151538 30.9312039406129 30.9086126492212 30.8844995131153 30.8594134566511 30.8386178366305 30.8284837939508 30.8316239822806 30.8512990164751 30.880413093918
-9999 -9999 -9999 -9999 -9999 -9999 -9999 -9999 -9999 -9999 -9999 -9999 -9999 -9999 -9999 -9999 -9999 -9999 -9999 -9999 -9999 -9999 -9999 -9999 -9999 -9999 -9999 31.1025360963846 31.1004947186613 31.0962500331684 31.0930575096695 31.0909248200551 31.0892429889423 31.087769150348 31.083330928798 31.0689089003288 31.0468503619045 31.0245811015711 31.0024177897654 30.9802570907497 30.9578822662695 30.9349261679073 30.9108970936714 30.8857790620296 30.8604886721927 30.8383594356736 30.8259396835077 30.8295776336713 30.8515400207015 30.8814314267351
-9999 -9999 -9999 -9999 -9999 -9999 -9999 -9999 -9999 -9999 -9999 -9999 -9999 -9999 -9999 -9999 -9999 -9999 -9999 -9999 -9999 -9999 -9999 -9999 -9999 -9999 -9999 -9999 31.1060596654514 31.1058749333186 31.1034122848948 31.101370611251 31.0992314706856 31.096990068622 31.0916678634829 31.076448492733 31.0535818193676 31.0308357853729 31.0080947684236 30.9851157474072 30.9616340074233 30.9372912547941 30.9120066705235 30.8864465175054 30.8612901032919 30.8377875571506 30.8223486589976 30.8271334619291 30.8524193360471 30.8822491107758
-9999 -9999 -9999 -9999 -9999 -9999 -9999 -9999 -9999 -9999 -9999 -9999 -9999 -9999 -9999 -9999 -9999 -9999 -9999 -9999 -9999 -9999 -9999 -9999 -9999 -9999 -9999 31.1251435747046 31.1186531186184 31.1119849364728 31.1133786339784 31.111154415179 31.108694846227 31.1058576236508 31.0993450308529 31.0829818082989 31.0598895866036 31.0366887290969 31.0131920092689 30.9891751639697 30.9643959024597 30.9387904827144 30.9128439697915 30.88715799271 30.8619998783367 30.837719166055 30.8202454928101 30.8255723666502 30.8532683687255 30.8822237385751
-9999 -9999 -9999 -9999 -9999 -9999 -9999 -9999 -9999 -9999 -9999 -9999 -9999 -9999 -9999 -9999 -9999 -9999 -9999 -9999 -9999 -9999 -9999 -9999 -9999 -9999 31.1317476042764 31.1311380973916 31.1296626495207 31.1282467380045 31.122714805441 31.1197866295994 31.1165090222529 31.112733183177 31.1052502520373 31.0879951812774 31.0639936341991 31.0398677144466 31.0152875896561 30.9900388394642 30.9640906552777 30.937828805124 30.9117125466783 30.8859622546434 30.8607358552013 30.8362666364376 30.8184531350772 30.8236535136308 30.85120599672 30.8796913068752
