Spatial_Analysis/Maxent_Inputs/Inputs/RCP8_5_Future/SST_future85.asc
NCOLS 638 
NROWS 314 
XLLCORNER -102.97071042 
YLLCORNER 3.973116569 
CELLSIZE 0.083 
NODATA_value -9999 
[rows 176 to 197 of 314, columns 500 to 549 of 638]
30.2242258257169 -9999 30.2030987092024 30.2005388743829 30.1933348571733 30.1861964177317 30.1791610137776 30.1722471631453 30.1654451136179 30.1587073506853 30.1520430046372 30.146847681839 30.1459253016679 30.148487254284 30.1515908944054 30.1547629951485 30.1580235681629 30.161407448384 30.1648878259381 30.1684139663839 30.1719300078621 30.175396363621 30.1786906841772 30.1804660997957 30.1781895857283 30.1723978631215 30.1659246028738 30.159419352845 30.1528947861098 30.1463657574086 30.1398422723033 30.1333416627136 30.1268682133785 30.1204241444708 30.1140155438412 30.1078828088153 30.1025067185645 30.0978598295557 30.0934418778678 30.0890366232862 30.0846392351741 30.0802754105319 30.0759559565773 30.07167351934 30.067420613433 30.0631742775034 30.058914733346 30.0546926305494 30.0506731821594 30.0468824006417
30.2216472530424 30.2170696258545 30.2024516678945 30.1997688398259 30.1923099978833 30.1848625339396 30.1774490665536 30.1700683923201 30.1627007358326 30.1553125212878 30.1482571684403 30.1433304495704 30.1427606322783 30.1457888260001 30.1500096628955 30.1543946134872 30.1587626615164 30.1631589924103 30.1675829125706 30.1720204527081 30.1764536313955 30.180863740434 30.1848926809453 30.1869627906101 30.1851175569835 30.1798146459767 30.1732893321138 30.1665770647352 30.1598620574743 30.15314159092 30.1464255253154 30.1397174006985 30.1330093236536 30.1263016133962 30.119709567221 30.1135859927198 30.1081821768518 30.1034665813501 30.0992134541148 30.0950322468708 30.0908395117938 30.0866540304556 30.08248098621 30.0783186228346 30.0741600576852 30.0699935743301 30.0658352211045 30.061756454339 30.0577819464092 30.0539015671459
30.2215448090846 30.2140668182857 30.2062513214533 30.1985944524533 30.1907608957461 30.1829261908431 30.1750935357926 30.1672614419357 30.1594283985808 30.151650499003 30.1445481901478 30.1399747612021 30.1397284524697 30.1431381289663 30.1480760366156 30.153538185272 30.1589944863307 30.1644521203806 30.1699114595393 30.1753684724021 30.1808290022714 30.1862305919102 30.1909360463831 30.1933208733025 30.1919136494805 30.1870603417894 30.1806547179486 30.1737209214622 30.1667900818113 30.1598539167719 30.1529181787635 30.1459833904992 30.1390469017024 30.1321281845403 30.1254363824486 30.1193383063845 30.1138948287684 30.1091036317002 30.1048706377427 30.1008472303708 30.096826049294 30.0928067244404 30.0887829287641 30.0847611391566 30.0807416158513 30.0767197227126 30.0727331713491 30.0688120343503 30.0648693000242 30.0609011285831
30.2214228598184 30.2137205963787 30.2056388343699 30.1973883532738 30.189137312007 30.1808836589061 30.1726352712231 30.164382848605 30.1561302920822 30.1480312347368 30.1409149163287 30.1365883394174 30.1366819462645 30.1405345152717 30.1461517717012 30.1526490056423 30.1591572004845 30.1656678122396 30.1721782943705 30.1786879095482 30.1851965787587 30.1915547924525 30.1969153967359 30.1997269552691 30.1987348659509 30.1942625578253 30.1880077564968 30.1808663924231 30.173712259066 30.1665557520988 30.1593967814004 30.1522361919149 30.1450794475117 30.1379694601099 30.1311869525277 30.1250752594327 30.1195927212922 30.1147483250288 30.1105316191388 30.1066526128463 30.1027860996516 30.0989191558725 30.0950473737294 30.0911813351606 30.0873169586438 30.0834525768237 30.0796282318542 30.075845589589 30.0719347749507 30.067888779375
30.2213495531609 30.2132977702761 30.2048468500585 30.1961816025335 30.1875145005581 30.1788410366248 30.1701735498755 30.1615045486582 30.1528322719049 30.1444027724057 30.1372089221444 30.133037685295 30.1334840458213 30.1378669046334 30.1442419299582 30.1517615776819 30.1593228537605 30.1668830897012 30.1744441283438 30.1820044981893 30.1895668698232 30.1968894078634 30.2029713039027 30.2063060117215 30.2057184208317 30.2015303759245 30.1953480379753 30.1880116261828 30.1806325983298 30.1732522754471 30.1658737652501 30.1584943916305 30.1511153637775 30.1438073705413 30.1369089591567 30.1307468155632 30.1252293968565 30.120365333294 30.1161995742963 30.1124630830281 30.1087489509079 30.105034020662 30.1013179895576 30.0976043796466 30.0938911580399 30.0901816255787 30.0865115168841 30.0828591132559 30.0789801750026 30.0748654204709
30.2213385685826 30.2129103099915 30.2040618949983 30.194977596767 30.1858904933185 30.176801875402 30.1677130625643 30.1586266673894 30.1495361069282 30.1407254313318 30.1333076320484 30.1291977992834 30.130007182512 30.1350382389898 30.1423084565046 30.1508738219182 30.1594881789604 30.1680991698646 30.1767099665976 30.1853226142506 30.1939358278964 30.202272720775 30.2092242196777 30.2131768078506 30.212981844493 30.2089632500367 30.2027090983637 30.1951576193529 30.1875556815448 30.1799547365373 30.1723518927688 30.1647512279582 30.1571505206329 30.1496286871653 30.1425657696192 30.1363164848211 30.1307667383814 30.1259223044577 30.1218554203567 30.1182717883538 30.1147116123115 30.1111481607333 30.1075872764174 30.1040278124369 30.1004643608587 30.0969064536264 30.0933895459178 30.0898619696974 30.0860116755959 30.0818317087152
30.2213986700291 30.2125633862603 30.2032777906813 30.1940734913201 30.1848162975565 30.1747596672225 30.1652540859329 30.1557481775899 30.146239510617 30.1369680200712 30.1291206947417 30.1249468140829 30.1261349025545 30.1319796890091 30.1403413165425 30.1499844524358 30.1596502719271 30.169314343795 30.1789775522402 30.1886411064521 30.198301656995 30.2077356120376 30.2157612595619 30.2204588064271 30.2206427301513 30.2166263838614 30.2101047790769 30.2023028531126 30.1944792826654 30.1866594676833 30.1788329591368 30.1710074861519 30.1631828765896 30.1554244787312 30.1481289683491 30.1417458837975 30.1361627492357 30.1313965769045 30.1274997820953 30.1240797948045 30.120671291563 30.1172633492803 30.1138548503574 30.1104468693251 30.1070373738249 30.103628718965 30.1002570767811 30.0968483938147 30.093029306574 30.0887903541664
30.2215405429582 30.2122560156424 30.2027054537738 -9999 -9999 30.1734241651131 30.1627954026853 30.1528721039383 30.1429452881849 30.1331351970503 30.1246159641044 30.120151842537 30.1217472464408 30.1286693289589 30.1383878513663 30.1490984448109 30.1598103324972 30.170526578876 30.1812423506289 30.1919564610798 30.2026696217867 30.2132721806012 30.2226092620116 30.2282749138884 30.2288113412547 30.2245394285137 30.2174899137063 30.2094452859736 30.2013996219293 30.1933579325536 30.1853125973353 30.1772621865518 30.1692154223989 30.1612002589615 30.1535948164019 30.1469969039966 30.1413859656738 30.1367804194896 30.1331450500668 30.129887788326 30.1266316266939 30.123378115092 30.1201226184306 30.1168667805559 30.1136118061038 30.1103556834558 30.1071236670492 30.1038242929872 30.1000336549772 30.0957413567901
30.2217734201145 30.2119768350299 30.2015427986288 30.19455909729 -9999 -9999 30.1611955619507 30.1499878138553 30.1396517342543 30.1293306420635 30.1199343116759 30.114685829457 30.1167523326246 30.1251484276159 30.1364499534883 30.1482094600794 30.1599525518171 30.171696486688 30.1834704514163 30.1952590456856 30.2070398093201 30.2187827988157 30.2296242708268 30.2367416644864 30.237573646266 30.2326596440022 30.2248609049034 30.2165914689964 30.208314550752 30.2000387098191 30.1917747324403 30.1835127434399 30.1752513386648 30.1669866525122 30.1590088325329 30.1520281596359 30.1464031344515 30.1420894406406 30.1387975292586 30.1356963169859 30.132588976119 30.1294873745192 30.1263871542707 30.1232859409753 30.1201864327885 30.1170828896668 30.1139907845606 30.1107936851407 30.1070307359625 30.1026906976309
30.2220741004087 30.2116720672101 30.2009180774761 30.1898687609352 30.1823997497559 -9999 -9999 30.1479908405007 30.1360369938061 30.1254525630068 30.1151935518736 30.1085605298666 30.1112369089157 30.1217144267983 30.1342117112357 30.1467534732345 30.1593894078283 30.1721429758384 30.1850266578259 30.1980065746016 30.211045477565 30.2240871628161 30.2366810742902 30.2458506992547 30.2468481832379 30.2406009791956 30.2321051928077 30.2235025272926 30.2149500895775 30.206453796129 30.1980074742576 30.1895918552981 30.1811875875631 30.1727632543327 30.1644075447908 30.1568506339901 30.1512362953079 30.1474388196473 30.1444344970037 30.1414707175755 30.1385068890603 30.1355549281374 30.1326060959164 30.1296641929461 30.1267331004896 30.1238001698075 30.1208613105131 30.1177658782272 30.114026495863 30.1096394785357
30.2224443538596 30.2115261873987 30.2002749552956 30.1888306199932 30.1814046277582 -9999 -9999 30.1355450387009 30.1314130395359 30.1205164541521 30.1099423012403 30.1024308432773 30.1051316877305 30.1174253014119 30.130547344665 30.1438682387911 30.1574642867045 30.171307064864 30.1853648269582 30.1996001244088 30.2139808907234 30.2284548954642 30.2428851683841 30.2545561124666 30.2561430423626 30.2477294689092 30.2387029810223 30.2297989594385 30.2210335610551 30.2123864846526 30.2038229271063 30.195316276164 30.1868364508738 30.1783446699351 30.1698087101607 30.161734935879 30.1559484357317 30.152833753648 30.1499975800214 30.1471676810465 30.1443455096827 30.1415385330647 30.1387411357277 30.1359585440822 30.1331902791839 30.1304366858226 30.1276924353483 30.1247394103619 30.1209967813076 30.1165187490763
30.2227218894398 30.210979612883 30.1989778640117 30.1867501064874 30.1737887235318 30.1601747858806 30.1474693701259 30.1371373538089 30.1277485143063 30.1137522671633 30.1024103607576 30.0941928507746 30.0971653850672 30.11069640631 30.1248326044292 30.1392419118233 30.1539456615884 30.1689082999184 30.1840933317785 30.1994699593936 30.215000791379 30.2306415455795 30.2462800665404 30.2590505238715 30.2611582456438 30.2526771868631 30.2435895599244 30.2346674253809 30.2258975916473 30.2172495454489 30.2086906287529 30.2001889428763 30.1917165030953 30.183236816655 30.1746952614745 30.1665976684263 30.1608859041061 30.1579695593183 30.1552925148322 30.1526243380461 30.1499689816459 30.1473263815655 30.1446949405461 30.142078689204 30.1394776708421 30.1368922175478 30.134315836981 30.1315096939044 30.1278548954463 30.1234042753809
30.222729726907 30.2100658168712 30.1969884911352 30.1838242147884 30.1705878694069 30.1573257071493 30.1440934762061 30.1298343455013 30.1158907956731 30.1050541913894 30.092599072255 30.0845158418181 30.0878665213702 30.1011957755983 30.1170120754109 30.1328870895202 30.1488421579648 30.1649551767233 30.1812176995967 30.1976103708862 30.2140714539838 30.2305294914859 30.2465533661133 30.2587978138728 30.2614393262941 30.2553120903898 30.2466981338636 30.238080491254 30.2295155687345 30.221021422308 30.2125872123869 30.2041914574782 30.1958059148935 30.1873984956012 30.1790440763534 30.1715019082114 30.1660974549759 30.162799619176 30.1603095502849 30.1578356636371 30.1553722680297 30.1529131447704 30.1504601488134 30.1480192442055 30.1455868027946 30.1431532182221 30.1407153574753 30.1380675681959 30.1345866690735 30.1302830128197
30.2225774997682 30.2091059110166 30.1949386481183 30.1806735533249 30.1663952010233 30.1521121620143 30.137835236632 30.1235880779742 30.109363759086 30.0951405942361 30.0822827234813 30.0754193499627 30.0786440255092 30.0908487305918 30.1076003803192 30.1249280832887 30.1422315289981 30.1595727079596 30.1769591774327 30.1943817203557 30.2118121589333 30.2292002536586 30.2454225657105 30.2568594320571 30.2603852130475 30.2566107667072 30.2489040897707 30.2406493664343 30.2323859457643 30.2241389105314 30.2159093831226 30.2076916847796 30.1994728870781 30.1912427954226 30.1833131073203 30.1765358494871 30.1713422845606 30.1676649638988 30.1652044183736 30.1629279125471 30.1606575780759 30.1583849137782 30.1561120155752 30.1538453322648 30.1515776561538 30.1493085134158 30.1470399255453 30.1445797811768 30.1412700672709 30.1371102083917
30.2224124264765 30.2080756470585 30.1929153433462 30.1774832658096 30.1620520461461 30.1466237187712 30.1311906869373 30.1157604603206 30.1003283827839 30.085098227834 30.0723190609724 30.0664648759562 30.0695181218489 30.0808738115844 30.0976842934608 30.116247369969 30.1348124490156 30.1533743348133 30.1719351414889 30.1904993571129 30.2090623911063 30.2274692945921 30.2439289248936 30.2550071181798 30.2594234410509 30.2573994600092 30.2508872339347 30.2429119937014 30.2349286785526 30.2269486862769 30.2189689314372 30.2109885508571 30.2030080839556 30.1950621331149 30.1876378039103 30.1814941538588 30.1764781585726 30.1726240318851 30.1700713273551 30.1679805729818 30.1658908108672 30.1638029004227 30.1617139536665 30.1596248137618 30.1575319183921 30.1554442927207 30.1533625989497 30.1510882017157 30.1479455854738 30.1439255462704
30.2223044051155 30.2070397426603 30.190884115277 30.1742861473139 30.1576824436143 30.1410808765925 30.1260001417041 30.1106690586127 30.0912752121384 30.075201539269 30.0624845229219 30.0570717731804 30.0600477342838 30.0709407955313 30.0877927548992 30.1075129771021 30.1272676205084 30.1470191739244 30.1667726255974 30.1865275064398 30.2062788224197 30.2256372891251 30.242410619164 30.2536703458004 30.2588959500595 30.2582209248308 30.2528371068638 30.2451485182927 30.2374265486561 30.2297045364817 30.2219809055201 30.2142605500945 30.2065399572329 30.1989109841893 30.191950739107 30.1862602212175 30.1814386517041 30.1775451517213 30.1749510582604 30.1730288704283 30.1711200604103 30.1692135376808 30.167307623482 30.1654001990957 30.1634894475557 30.1615793645171 30.1596805693986 30.1575840436233 30.1546091067329 30.1507402621969
30.2223012641586 30.2060466543123 30.1888427715576 30.1710876568198 30.1533125175598 30.1368207936745 30.1189997025097 30.0979438591904 30.0822168244351 30.065246234434 30.052303456722 30.0469519495162 30.0498993314763 30.0607238297413 30.0779446018539 30.0987768239323 30.1197218857683 30.1406657604242 30.1616122461262 30.1825553664402 30.2034956807869 30.2238576265408 30.2412069961903 30.2529856470604 30.258986629473 30.2593117092834 30.2547509996681 30.2473880245438 30.2399259339927 30.2324587253616 30.2249925948299 30.2175323118959 30.2100704111974 30.2027389308583 30.1961615843373 30.1908180567337 30.1862017647415 30.1823752802367 30.1798369612366 30.1780739356417 30.1763479379548 30.1746217028318 30.1728957051449 30.1711714115439 30.1694475503001 30.1677167626092 30.1659942201622 30.1640740080749 30.1612641268335 30.1575477109553
30.2224359545565 30.2051327385533 30.1868138690685 30.1678908230973 30.1499879760528 -9999 30.099162520305 30.0921053479889 30.0731602274082 30.0551096183404 30.0414533485639 30.0358528867472 30.0388154841465 30.049980130666 30.0680392040506 30.0900424310654 30.1121791023143 30.1343138320412 30.1564465546764 30.1785810899974 30.2007151502002 30.2222183774718 30.2405257408588 30.2530738248583 30.2598210372746 30.2608293137072 30.256718619917 30.2496277256931 30.242421857998 30.2352159948792 30.2280078444487 30.2208017438709 30.2135971104469 30.206530496929 30.200231256902 30.1951613860133 30.1907535865775 30.1870811774153 30.1847051100156 30.1831196220423 30.181577472271 30.1800310501287 30.1784846279865 30.1769419595366 30.1754024208113 30.1738549631075 30.172311431235 30.1705619274732 30.1679136881331 30.1643487646016
30.2227444741903 30.2043251572103 30.1848031444658 30.1646923326031 30.1517823793847 -9999 30.091692337619 30.0842224738109 30.064107578972 30.0447381295431 30.0297460558156 30.0235256299163 30.0265509355752 30.0385486893304 30.0580336916499 30.0813073782619 30.1046338467532 30.1279585676211 30.1512825285975 30.174608863184 30.1979353316754 30.2207490803707 30.2404640452905 30.2540588221518 30.2615194928838 30.2628583096591 30.258764669458 30.2518623087624 30.2449156501364 30.2379723196869 30.2310225331089 30.2240721207905 30.21712333079 30.2102836930007 30.2041592908089 30.1992869808806 30.1950930252067 30.191657449072 30.1895494704774 30.1881682475648 30.1868053498155 30.1854408720285 30.1840776892713 30.1827153084279 30.1813559709878 30.179989836452 30.1786269809828 30.1770481382324 30.174557786351 30.1711459600017
30.2232628660199 30.2036198748018 30.1827862919959 30.1614947868188 30.1478279666261 -9999 30.0842222584642 30.0763395047124 30.0550527515777 30.034154093273 30.0171387356941 30.0096874800505 30.0128636792443 30.0264248818807 30.0480589727764 30.0725726920112 30.0970894495805 30.1216059697139 30.1461226237521 30.1706389540329 30.1951557116023 30.2194168721291 30.2410017085958 30.2560715617934 30.2641943081541 30.2653623834948 30.2607871704304 30.2540996790857 30.247411000561 30.2407238975207 30.2340345071918 30.2273441200279 30.220653495428 30.2140131240674 30.2079656761721 30.2031879201916 30.1992157042116 30.1961252291683 30.1943971103357 30.193216156707 30.1920337837655 30.190851319434 30.1896717473912 30.1884891795285 30.187309417633 30.1861251411311 30.1849436698464 30.1835362905136 30.1812060660653 30.1779458219148
30.2240128444392 30.2029976355619 30.1807571960663 30.1583000454638 30.1351115823794 30.1111215909443 30.0892590758368 30.0684712990598 30.0459980535351 30.0236226849818 30.0040372777378 29.9940674598561 29.9975866662838 30.0137634840002 30.0381301265449 30.0638368322252 30.0895456133322 30.115253747947 30.1409590722761 30.1666689499611 30.1923754657888 30.2180284832386 30.2418139055072 30.2592336548427 30.2679076151 30.2682103085878 30.2627715025244 30.2563388580258 30.2499030415224 30.2434697750716 30.2370419241306 30.2306154935249 30.2241851788527 30.2177623591584 30.2117291110501 30.2068600412208 30.2031225211928 30.2005208925778 30.1992573308214 30.1982613254516 30.1972658377377 30.1962706780999 30.1952711174895 30.1942666109382 30.1932629678094 30.1922604027801 30.1912603199605 30.1900246372006 30.1878551051557 30.1847487135519
30.2249561328974 30.2024228655604 30.1792118263729 30.156045392102 30.1326884764749 30.1091126233582 30.0853270144988 30.0614005094456 30.0374203250765 30.0134740772815 29.9908512090142 29.9767175028986 29.9810276948107 30.0015716969605 30.0282491324235 30.0551835730751 30.0820673700373 30.1089139269181 30.1357466546682 30.1626040610172 30.1894999779039 30.2164468156654 30.2426355438068 30.2634418416733 30.2724172441547 30.2707094001698 30.264660733376 30.258409424026 30.2522094471378 30.2460586429855 30.2399386280665 30.2338303959563 30.2277040403534 30.2215471777596 30.2155089422598 30.2103516153232 30.2068822412125 30.2050009601229 30.2041606136248 30.2034078151881 30.202650939809 30.2018754194551 30.2010686360186 30.2002269208366 30.199353705113 30.1984600767746 30.1975875900086 30.1965192018264 30.1945093658802 30.1915598631125
