Spatial_Analysis/Maxent_Inputs/Inputs/RCP8_5_Future/SST_future85.asc
NCOLS 638 
NROWS 314 
XLLCORNER -102.97071042 
YLLCORNER 3.973116569 
CELLSIZE 0.083 
NODATA_value -9999 
[rows 198 to 219 of 314, columns 400 to 449 of 638]
30.6604807992372 30.6706716389845 30.6787618232262 30.6792850520198 30.669533707333 30.6587032812357 30.6477342526896 30.6367786956824 30.6259762119982 30.6154098495522 30.6051573016123 30.5952830074723 30.5858667937821 30.5772049532985 30.570683009657 30.5675649865499 30.5647208188249 30.5594062002007 30.5541782820945 30.5492892942859 30.5447881409256 30.5406343248138 30.5367803875182 30.5331755674851 30.5297717157793 30.5264753445412 30.523147225499 30.5190396919242 30.5130770586401 30.506056201455 30.4990018963755 30.4920648165982 30.4853389568028 30.4788522211567 30.4726244903366 30.4666772752818 30.4610243600405 30.4556208082865 30.4502835132283 30.4440956853907 30.4353964373512 30.4246523893625 30.4139559668395 30.403503517227 30.3933450668242 30.3834398412991 30.3737465755343 30.3642095463669 30.3547776778236 30.3453887240782
30.6394706659423 30.6524135621151 30.6653022784928 30.6734504638548 30.6705590300983 30.6619081867262 30.6519357249541 30.6418103475626 30.6318157434606 30.6220703805469 30.6126590504065 30.6036502933069 30.5951020164332 30.5870231618442 30.5790428942332 30.570469215862 30.5621314348731 30.5556623834852 30.5502909818242 30.5453973917207 30.5409366362903 30.5368428286524 30.5330616396023 30.5295443706296 30.526248076874 30.5231144526886 30.5199547822928 30.5158816573617 30.5099176143842 30.5028612865632 30.4957077467268 30.4887493544491 30.4820331305858 30.47557147736 30.4693802734943 30.4634885311785 30.4579171196134 30.4526722037697 30.4475578654884 30.44155790293 30.4331019466337 30.4226044579294 30.4121322357497 30.4020122111774 30.3922185633591 30.3826944417074 30.3733929948285 30.3642612240013 30.355242752457 30.3462905422022
30.5999444973613 30.6155583157719 30.6312265325851 30.6439379137856 30.6488410059128 30.6472325295436 30.6413954164529 30.6336478419336 30.6256166239625 30.617394215232 30.609156869452 30.6011389487142 30.5932892808399 30.5854431568353 30.5771530975698 30.5665476649751 30.5538848827822 30.5441972296163 30.5381464518501 30.5338144413522 30.5296836079542 30.5258190814929 30.5221915283696 30.5187403976529 30.5153700122933 30.5119662552246 30.5084228099762 30.5040570595675 30.4981953723208 30.4916529331468 30.4848833328037 30.4781013170814 30.4713957051096 30.4648512121689 30.4585018258135 30.4523536811905 30.4463555184987 30.4404133694568 30.4342106876008 30.4273538469326 30.4195921278114 30.4105271237754 30.401044823378 30.3916197850435 30.3823119238496 30.373173964838 30.364198004812 30.3553359590912 30.3465274754915 30.3376981853301
30.5546772656038 30.5728905464048 30.5912047174648 30.6063992847183 30.6148785487082 30.6198676751536 30.6206900132594 30.6175772541131 30.6121346249332 30.6062624577358 30.5999920781219 30.5933624277029 30.5863176795575 30.5789471545914 30.5710348535323 30.5608116861867 30.5472639051788 30.5341002381653 30.5243176993898 30.5185117364018 30.5149281041824 30.5114275906473 30.5080057014261 30.5046335013286 30.5012607367 30.4978254157479 30.4943127451778 30.4899824099825 30.4840248564026 30.4775372471705 30.4709034390467 30.4642083936459 30.457500764887 30.4508335275322 30.4442263898537 30.4376798684997 30.4311483076445 30.4245566829854 30.4175586078464 30.4101756781439 30.4029276518033 30.394919413936 30.3863087889833 30.3776241531437 30.3689296958375 30.3602832243915 30.351691715336 30.3431304111462 30.3345743735672 30.3259414517927
30.5095735786317 30.529596489003 30.5502026679712 30.5675360082286 30.5776658504924 30.5858043504306 30.5918380860513 30.594747652968 30.5937633063545 30.5903529076126 30.5864903108091 30.5821099090121 30.5771210003167 30.5714570066133 30.5646810419778 30.5551493009836 30.5418515743333 30.5276665469745 30.5144915527917 30.5045856128843 30.4989402938946 30.4957421217215 30.4926282578754 30.4895134442853 30.4864007195321 30.4832820666818 30.4800975319306 30.4759146243512 30.4698119214183 30.4631342906156 30.4563069115559 30.4494467346562 30.4425849389693 30.4357230534305 30.4288581244883 30.4219981804714 30.4151344820121 30.4082062981815 30.4008356118916 30.3932622602552 30.386344240383 30.378973368455 30.3709492916394 30.3628142748006 30.3546767977841 30.3465415906002 30.3384083859317 30.3302738437187 30.322137924473 30.3137920563513
30.4668571772098 30.4879975215913 30.5098949128201 30.5283984440567 30.5393563112757 30.5491733676284 30.5579760102101 30.5653021138512 30.5699762096563 30.5707969628933 30.5691941927391 30.5671660661791 30.5647373001893 30.5615790340515 30.5570380485427 30.549200287839 30.5366012080883 30.5224207033379 30.5082141548998 30.495300686166 30.4854445273979 30.4799243969355 30.4769989353851 30.4742502598326 30.4714999654929 30.4687304247847 30.4658690209486 30.4618603665915 30.4556082829605 30.4487268237728 30.4416919218942 30.4345899952008 30.4274833210182 30.4203797755375 30.4132766616641 30.4061745400495 30.3990723285829 30.3918668631119 30.3842192119222 30.3765935967716 30.3699236909134 30.3630363323689 30.3555707575212 30.3479208545037 30.3402696174723 30.3326206249685 30.3249700999989 30.3173226607126 30.3096727576951 30.3015926697013
30.4269381247889 30.449429131285 30.4723997649702 30.4913173449252 30.5018031170717 30.5117979645872 30.5219884587501 30.5317619793817 30.5404693175028 30.5466921676459 30.5491024871452 30.5491064391006 30.5488046279054 30.5480082838132 30.5460768247734 30.5407562228576 30.5300331447332 30.5170660914094 30.5030377012001 30.4891280866737 30.4765136051796 30.4668425210097 30.4615615420438 30.4589835150707 30.4566006353197 30.4541821963628 30.4516472883489 30.4478232443496 30.4414225963637 30.4343273794628 30.4270753790149 30.4197302781464 30.412383795692 30.4050403558909 30.3976945429605 30.3903494843722 30.383007231751 30.3755593474626 30.367726711388 30.360107086413 30.3536492789705 30.3471575444575 30.3401911835378 30.3330264849438 30.3258605991698 30.318698126871 30.3115363236153 30.3043730488874 30.2972083502934 30.2894484754149
30.3888577012908 30.4132643787028 30.4378936308729 30.4575730761731 30.4673197206036 30.4764165928574 30.4862232047538 30.4966119573756 30.5073515508026 30.5174462624014 30.5250661860003 30.5288394801859 30.5302831407587 30.5313702724398 30.531602820912 30.5285305184852 30.5199357467043 30.5091070598794 30.4968392813066 30.4837518485066 30.4704520974762 30.4581069467431 30.4487295864493 30.4438542407802 30.4417029239338 30.4396337730197 30.4374365163584 30.4337995902317 30.4272543558553 30.4199445588333 30.4124599623222 30.4048717346273 30.3972844085893 30.3896982697312 30.3821118496535 30.3745287959864 30.3669426571284 30.3592772535899 30.3513210583367 30.3437347073097 30.3374742981758 30.3313253742957 30.3248101856883 30.3181295043378 30.3114523832964 30.3047743562947 30.2980979037547 30.291422725258 30.2847413318456 30.277404595011
30.3516035948181 30.3784122047539 30.405259077257 30.4263161680725 30.4359949727569 30.4445557800544 30.4535073330421 30.4630658894369 30.4735107213293 30.4848662110609 30.4962545272635 30.5051541617083 30.5100805313375 30.5126718277119 30.5146377197245 30.5132819486004 30.5061719804872 30.4970759807504 30.4869490512019 30.4760744373443 30.4644127548818 30.452097185651 30.4401028789174 30.4311345159772 30.4268418081559 30.4250935473717 30.4232466730777 30.4197996219387 30.4131125160217 30.4055751605171 30.3978392809768 30.3900128587287 30.3821877315105 30.3743593677405 30.3665323888523 30.3587071583375 30.3508780825057 30.3430082590347 30.3349575997958 30.3274149664199 30.3213478313114 30.3155156720818 30.3094282811135 30.303236084041 30.2970455912891 30.2908546203807 30.284660049429 30.2784705929888 30.272277873707 30.2654914207624
30.3145900993962 30.3440556035473 30.3734970464835 30.3964084851226 30.4065570529466 30.4152440766326 30.424089763975 30.4331308187968 30.4425661437763 30.4529779823876 30.4646948557893 30.4768616592541 30.4868775967943 30.4926717824628 30.4960831874356 30.4960366441463 30.4898730864696 30.4818217322824 30.4730880016559 30.4641358629091 30.4548558337899 30.4447886738369 30.4337012298152 30.4225387444769 30.4141460175785 30.4105699765245 30.4090946578461 30.4058338213849 30.3990083014553 30.391226606362 30.3832197341938 30.3751533788757 30.3670875849972 30.3590190937513 30.3509506888267 30.3428821975808 30.3348135078831 30.3267361841146 30.3185845062414 30.3110866473225 30.3052182883282 30.2997050076756 30.2940466182933 30.288341714481 30.2826364694554 30.2769318030791 30.2712246119782 30.2655183701175 30.2598134663052 30.2537092121213
30.2776204196605 30.3098313179632 30.3420139052538 30.367028744299 30.3780174218682 30.3872845586457 30.3965547376502 30.4058508275982 30.4152137083404 30.4248533532403 30.4352497562998 30.4468915056263 30.4593951794069 30.4701422062255 30.4764536278034 30.4775406900996 30.4719116851609 30.4643996903745 30.4565655994373 30.4487900095624 30.4410214297875 30.4331151104206 30.4246594374446 30.4152099397672 30.4053047358625 30.3978098385352 30.3949886776732 30.3919191213525 30.3849487127986 30.3768948657056 30.3686054565939 30.3602969241934 30.3519888190816 30.3436781467074 30.3353657692245 30.3270574266767 30.3187493215648 30.3104439561005 30.3021470822083 30.2946856727382 30.2890317825011 30.2838745949098 30.2786679502702 30.273449006246 30.2682279688088 30.2630083127228 30.2577872752855 30.2525673344263 30.2473464478574 30.2419914391856
30.2405858540715 30.2755856451723 30.3105600380288 30.3377614867039 30.3497433953054 30.3598392152978 30.3698680330792 30.379826331021 30.389743960189 30.3996963696113 30.4097984731814 30.4202858283045 30.4317883288721 30.4442586374354 30.4548484036006 30.4581324610777 30.4528123644742 30.4455434214173 30.4383086690623 30.431285240394 30.4244249645133 30.4176722305315 30.4109496981733 30.4040203709542 30.3962998457488 30.3880035205492 30.3820644046046 30.3780831000397 30.3709365646363 30.3625398084854 30.3539913774458 30.3454403791439 30.3368879605065 30.3283381056009 30.3197848845573 30.3112331779817 30.3026850317154 30.2941376362374 30.2856327527288 30.2781450388881 30.2727499691869 30.2680224009184 30.2632893731218 30.2585547705909 30.2538181349132 30.2490833984775 30.2443474748617 30.2396127384259 30.2348794294097 30.2301403748116
30.2034715580416 30.2412812015048 30.2790678365473 30.3084809933329 30.3214846565862 30.3324710567717 30.3433937697402 30.3542245634788 30.3649599766176 30.3756451166508 30.386356263917 30.3971194312628 30.4080056222948 30.4195334796214 30.4313810962502 30.4371799361877 30.4325551953916 30.4255589953666 30.4187731941045 30.4122506363161 30.4059853995042 30.3999339982424 30.3940567661954 30.3883261148088 30.3826643919605 30.3765726702243 30.3704691869193 30.3647751669694 30.3569185337735 30.3481651447514 30.3393747310353 30.3305809898928 30.3217874429215 30.3129954104182 30.3042055143581 30.295412489596 30.2866204570927 30.277829370299 30.2690561411801 30.2614661684851 30.2564087170791 30.2521560563648 30.2477911756811 30.243191878134 30.2385889006862 30.2341531140551 30.2299474965832 30.2259820191814 30.222153026814 30.2181660555076
30.1647296019329 30.2032380300542 30.2417275150634 30.2719491600468 30.2859705038903 30.2979633485552 30.30978119714 30.3213856216527 30.3327414496733 30.3438361923918 30.3547367094086 30.3655078400508 30.3761738088579 30.3867621085179 30.3973801494107 30.4037326468748 30.399795394217 30.3917814455677 30.3839401829025 30.3765507072684 30.3697016414964 30.3634408593487 30.3576425238849 30.3521538299363 30.3469463129779 30.3419988519624 30.3371322728299 30.3305221027375 30.3217071329366 30.314409495249 30.307289384024 30.3000058912048 30.2923779465906 30.2843344951505 30.275884640233 30.2671387727412 30.2583319643091 30.249583342897 30.2408455616901 30.2330884065127 30.2275359384347 30.2225896502866 30.2175104376553 30.2123527183326 30.2073997919992 30.2028630182194 30.1989345317274 30.195709178328 30.1928945395858 30.1900087073017
30.1233177166504 30.1593281027068 30.1951545299363 30.2235486902671 30.2375568030677 30.2496601731503 30.2615122969457 30.2844933472717 30.3052989920901 30.2953983549584 30.3061823979637 30.3169001698116 30.3276308636613 30.3383911428966 30.3491809424253 30.3562174710667 30.3543104419776 30.3478880665527 30.3400015189448 30.3322893150153 30.3250372355231 30.3183196742765 30.3120748859878 30.3061827138381 30.3006142145638 30.2953382501115 30.2903202531013 30.2829806085525 30.2718397964655 30.2630426557834 30.2562076423396 30.2496253654211 30.2428943366024 30.2359199132542 30.2286761449997 30.2212277264076 30.2137113443648 30.2061581405441 30.198430421456 30.1912361401197 30.1855344389317 30.1800148615313 30.1743161349234 30.1686746888795 30.1631986181273 30.1579537669401 30.1530530364823 30.1485869658915 30.1442950038342 30.1397368154667
30.0764647108256 30.108422956884 30.1401169994031 30.1655937250359 30.1791337954243 30.1910937531349 30.2029998348124 30.2123411723709 30.2373065590838 30.2386108968661 30.2504924761436 30.2624959709802 30.2746413231731 30.2869114487992 30.2992926427979 30.3078737653014 30.3169163966127 30.3211831427748 30.2994548818919 30.2926348878675 30.2857983654232 30.2792111777455 30.2729042993246 30.2668779817991 30.261148792944 30.2557082437994 30.2505658511298 30.242742904248 30.2294100575443 30.2169114232517 30.2074134157016 30.1995351718911 30.1921155176349 30.1848673297258 30.1777262589648 30.1706585980704 30.1636050784737 30.1565230662506 30.1493290219773 30.1427511927491 30.1377056385413 30.1329368150077 30.1279898603401 30.1228143336433 30.1173169889171 30.1114656823855 30.1053203812232 30.0990010727581 30.0923738716021 30.0852580935513
30.0235243809191 30.0515062424988 30.0794634073633 30.1027563266746 30.1168752999025 30.1299454607457 30.143158085353 30.1482013483171 30.1657532737272 30.2038482874764 30.1974591958489 30.21129426752 30.225198066912 30.2391518559679 30.2531419946823 30.2630390388626 30.2580910706734 30.2599550158301 30.2753587671996 30.2552792757577 30.249249955868 30.2431874961073 30.2373569030889 30.2317851293315 30.2264937960666 30.2214918441402 30.2167876031286 30.2090415081872 30.1947550581573 30.1800815693913 30.1676576284526 30.1575257276515 30.148773588548 30.140470183452 30.1323554128254 30.1243813658388 30.1165038811436 30.1087087451227 30.1009684190198 30.0940373871076 30.0888228947948 30.0840837001084 30.0792551073523 30.0742150646736 30.0688719643894 30.0631732796654 30.0570550885074 30.0504224088785 30.0431041579104 30.0350691165204
29.9679374362657 29.9929967810693 30.0182317147078 30.0402540064825 30.0557666166695 30.0706529711946 30.0857014518491 30.1008846330068 30.1084055698812 30.1275526624725 30.1756917072972 30.180590112885 30.1777710129355 30.1932182463065 30.2086557064751 30.2197408845725 30.221925416716 30.2233558475415 30.2214108032003 30.2181306331995 30.2138180087905 30.2087063454663 30.203614788395 30.1987467709883 30.1941201236013 30.1897570474605 30.1856690838662 30.1781860244345 30.1633648340399 30.1475084001138 30.1330957896626 30.1205913575963 30.1099186117887 30.1004185039089 30.0913233971192 30.0824110087937 30.0736463594146 30.0649949442871 30.0564211325752 30.0486441062913 30.0425266086756 30.0368754434787 30.0311894418143 30.0254512722551 30.0196310731128 30.0136379119635 30.0073557883741 30.0006588968794 29.9934349894479 29.9856435351632
29.9131863737854 29.9359507560557 29.9589190831255 29.9799322488565 29.9969006073704 30.0134933329589 30.0301956990011 30.0469758460901 30.0638025646223 30.0732782816242 30.076845893625 30.10132674257 30.1313901041919 30.1483092854371 30.1651950593417 30.177464716661 30.1803858440841 30.1754851570423 30.1785669187435 30.1949425364689 30.1785101777092 30.175029417459 30.1708933327915 30.1667896637787 30.1628849361386 30.1592079112039 30.1557880403676 30.1486599516578 30.1334800380643 30.1168694938533 30.101238972612 30.0870214686939 30.0743319192363 30.0632009512993 30.0530487799971 30.0432225456775 30.0335616662094 30.0240216597514 30.0145631014994 30.0058800764655 29.9988064531975 29.9922082701026 29.9856018240351 29.9789633089595 29.9722405259773 29.9653608420187 29.9582876730425 29.9510042090378 29.943475638035 29.935676305629
29.8602764708469 29.8807063567604 29.9012992762443 29.921152669432 29.9394031601226 29.9575382653922 29.9757488419186 29.9940147927949 30.0123226544618 30.030657388099 30.0490131843163 30.0673868296284 30.0857648981569 30.1041435714129 30.1225062055136 30.1360279643026 30.1397376502713 30.1415599888948 30.1372773612758 30.1330602588016 30.1428667822957 30.1412629907037 30.1385646898665 30.1353479800298 30.1322022870438 30.129259804271 30.1265452598669 30.1198034060964 30.1043346131285 30.0871704562227 30.0706896868155 30.0552700382021 30.0410648637366 30.028174530458 30.0166138140212 30.0058438077602 29.9953083838153 29.9848814035417 29.9745486607443 29.9649760640733 29.9569604131163 29.9494304371626 29.9419142280774 29.9343666164779 29.9267256675667 29.9189689090772 29.9110916170905 29.9030737379875 29.8948985886552 29.8865424746926
29.8086692856701 29.8266243441601 29.8447006069597 29.8632753645933 29.8827147607097 29.9023284590616 29.9220089333403 29.9417372945976 29.9615040453206 29.9812915409576 30.0010930426225 30.0209203070426 30.0407705745995 30.0606469072016 30.0805301186674 30.0953505907953 30.0998688315624 30.102439668185 30.1046780399349 30.1062809661386 30.1070572382411 30.1070263575318 30.1060304326624 30.1041124037498 30.1018091940683 30.0996228597178 30.0976377267162 30.0912857330253 30.0755372771719 30.0578958998569 30.0407686998718 30.024444612143 30.0091176559279 29.9947993970942 29.9816504464014 29.9696291354648 29.9582287206098 29.9469853676624 29.935832654382 29.9254123780789 29.9164961746244 29.9080487025155 29.8996216482672 29.8911748018869 29.8826699205312 29.8740832214358 29.8654095265004 29.8566401148591 29.8477655355485 29.8387782331158
29.7578769467082 29.7732652292638 29.7887579631313 29.8060140676431 29.8266230709195 29.8477002109184 29.8688403291104 29.890024731457 29.9112396478282 29.9324780606525 29.9537529004615 29.9750782383525 29.9964437333459 30.0178462855638 30.0392539788935 30.0553516698427 30.0606620159201 30.0639446983125 30.0669634014099 30.0695091454419 30.0713808797482 30.0725970152417 30.0730965120995 30.072725928903 30.0715838600675 30.0701854189997 30.0689354581386 30.0629847989777 30.0469578720295 30.0288472416325 30.0111686060418 29.9941125251097 29.9778636564373 29.9624324023081 29.9478950117468 29.9343996387448 29.921870842369 29.90983441505 29.8979089494301 29.8866826663952 29.8769018872572 29.8675703285872 29.8582551528658 29.8489306732839 29.8395892916052 29.8302116055517 29.8207861750925 29.8112972941252 29.8017275486927 29.7920795888254
