Spatial_Analysis/Maxent_Inputs/Inputs/RCP8_5_Future/SST_future85.asc
NCOLS 638 
NROWS 314 
XLLCORNER -102.97071042 
YLLCORNER 3.973116569 
CELLSIZE 0.083 
NODATA_value -9999 
[rows 154 to 175 of 314, columns 550 to 599 of 638]
29.8695317754057 29.864315813911 29.8591003693222 29.8538875798322 29.8486691968864 29.8434529979557 29.8382354609766 29.833018549984 29.8278146297287 29.8226025740899 29.8171849044713 29.8115293865307 29.8059319015925 29.8003633354617 29.7947957188288 29.7892274764555 29.7836591477608 29.7780898698259 29.7725192538425 29.7669487461898 29.7612886457939 29.7552527447483 29.7483247954202 29.7403750684327 29.7321475487448 29.723783790109 29.7154190857635 29.7070579852647 29.6986969275269 29.6903366904506 29.6819700835674 29.6736047061444 29.6652299453843 29.6567998142775 29.6482561957954 29.6395898249677 29.6308682093914 29.6221180197515 29.6133718650466 29.6046239027246 29.5958722892187 29.5871211936414 29.5783712887747 29.5696253715058 29.5608991759963 29.5522147632176 29.5433681409923 29.5342357569271 29.5251790759787 29.5161707553921
29.8776098122526 29.8725314729971 29.8674515157194 29.8623709066083 29.8572920451436 29.8522129938262 29.8471336577356 29.8420540842091 29.8369925329092 29.8319220926338 29.8266206611704 29.8210522691942 29.8155379345291 29.8100597258459 29.8045839808939 29.7991095699559 29.7936333027947 29.7881591766299 29.7826831469047 29.7771989202725 29.771590877441 29.7655895696851 29.7587277804311 29.750870205079 29.7427313025143 29.7344199834479 29.726098376077 29.7177749567703 29.7094510575345 29.7011302490392 29.692805836451 29.6844842680643 29.6761435383351 29.6677367530857 29.6591774928282 29.6504346680724 29.6416412508638 29.6328136069531 29.6239816519219 29.6151506418353 29.6063194376154 29.5974877154669 29.5886568995514 29.5798272097996 29.5710273172193 29.5622771276023 29.5533559031187 29.5441466426442 29.5350142540258 29.5259369838575
29.8856872279124 29.8807450870071 29.8758016219788 29.8708557866248 29.8659152645068 29.8609722776348 29.8560312333076 29.8510901879576 29.8461721454789 29.8412379645701 29.8360507651929 29.8305669481059 29.8251401224063 29.8197540228401 29.814372907449 29.8089929792379 29.8036103106292 29.7982275341708 29.7928464187798 29.7874484728953 29.7819065878727 29.7759655505937 29.7691730425279 29.7613890817055 29.7533161953996 29.7450556591309 29.7367752932613 29.7284912587518 29.7202090326245 29.7119263748901 29.7036448218404 29.695361456855 29.6870567465351 29.6786803890118 29.6701055259631 29.6612838220249 29.6524150474662 29.6435081585702 29.6345918615326 29.6256771868127 29.6167660680835 29.6078547552211 29.5989412676812 29.590028961772 29.5811528005629 29.5723306197338 29.5633338391756 29.5540516805288 29.5448493457514 29.5357043081359
29.8937655885168 29.8889578077363 29.884151015684 29.8793429974675 29.8745371159288 29.8697317512961 29.8649290417622 29.8601243889337 29.8553455441556 29.8505462896222 29.8454718501053 29.8400783902311 29.8347436736485 29.8294525919475 29.82416444505 29.8188759743951 29.8135866884048 29.8082961289131 29.8030079820156 29.7977005874772 29.7922491029553 29.7863893185032 29.7796628262153 29.7719353871885 29.7639113421585 29.7556899109479 29.7474492110951 29.7392063310156 29.7309679999734 29.7227258281674 29.7144838978318 29.7062415364309 29.6979768804323 29.6896334581499 29.6810429059886 29.672140441847 29.6631895092741 29.6541994734008 29.645203693461 29.6362076760852 29.6272132164802 29.6182193355246 29.6092233181488 29.6002308000658 29.5912738227056 29.5823725254927 29.5733029502935 29.5639509318091 29.5546806397318 29.5454715334363
29.9018389692416 29.8971694756711 29.8925002195366 29.8878307259661 29.8831617546048 29.8784942071095 29.8738279503254 29.8691605926828 29.864511214729 29.8598394206783 29.8548790353015 29.8495824269649 29.8443462885566 29.8391484601225 29.8339528106463 29.8287581542169 29.8235617926789 29.8183675245539 29.8131699335558 29.8079604296701 29.8026200414529 29.7968610586899 29.7902029135442 29.7825137391849 29.7745159833803 29.7663241627649 29.7581255622866 29.7499244416369 29.7417238386203 29.7335248498376 29.7253230171261 29.7171190487214 29.7088967768704 29.7005902774268 29.6919861285433 29.683004359211 29.6739651187968 29.6648916038245 29.6558156117109 29.6467392958399 29.6376614657356 29.6285813911036 29.6195050752326 29.6104325520382 29.6013899606737 29.5923999232624 29.5832591542116 29.5738429761726 29.564510034728 29.5552370500975
29.9099119313114 29.9053793481529 29.9008496132418 29.8963183251132 29.8917857419547 29.8872560070436 29.8827250036881 29.8781929427389 29.8736754009353 29.8691269160329 29.8642773912631 29.8590796883889 29.8539449161247 29.8488427571166 29.8437420219745 29.8386421892393 29.8335389903661 29.8284358820949 29.8233337230868 29.8182264900515 29.8130126664984 29.8073838563448 29.8007991515972 29.793124273103 29.7851194854865 29.7769584145819 29.7688011887597 29.7606408349855 29.7524775413393 29.7443207428057 29.7361618083443 29.7279983213149 29.7198197539464 29.7115549283612 29.7029388924173 29.693870607401 29.684739153316 29.6755834408643 29.6664255021174 29.6572653188429 29.6481074704633 29.6389488621923 29.629790297705 29.6206317367482 29.611498983092 29.6024139270655 29.5931964182906 29.5837244732787 29.5743388515673 29.5650018546969
29.9179898646271 29.9135928758645 29.9091956461123 29.9047949464183 29.9003991871158 29.8960097890211 29.8916192518336 29.8872258233802 29.8828370330432 29.8784059106868 29.8736670561905 29.8685750330888 29.8635498049343 29.8585420382859 29.8535316180536 29.8485195790342 29.8435096764579 29.8385009165279 29.8334967101886 29.8284871959167 29.8234155674119 29.8179621387303 29.8114521499275 29.8037559374359 29.7957162940282 29.7875926663989 29.7794752101248 29.7713543884627 29.7632314339109 29.7551152119079 29.7469977556337 29.7388788754936 29.7307492296655 29.7225312129824 29.7139036144856 29.7047413218605 29.6955149526914 29.6862751829836 29.6770372259614 29.6677965675259 29.6585566639132 29.6493185129925 29.640074769366 29.6308322547072 29.6216057792381 29.6124167890173 29.6031194935847 29.5935983225231 29.5841708100376 29.5747687906709
29.9260337919088 29.9217427306725 29.9174593456721 29.9131892035583 29.9089354851582 29.9046966157374 29.9004648669349 29.8962336357883 29.8919982801275 29.8876870377724 29.8830499366788 29.8780682552973 29.8731357693029 29.868199333907 29.8632680730542 29.8583395080653 29.8534230045671 29.848514423601 29.8436147106041 29.8387196580479 29.8338047667954 29.828567918493 29.8221495929094 29.8143688952359 29.8063000062826 29.7982073708343 29.7901264085723 29.7820475827535 29.7739721258761 29.765905408639 29.7578322790572 29.7497548771043 29.7416746274195 29.7335098101972 29.7248738004005 29.7156127956961 29.7062999946611 29.6969866709361 29.6876757208211 29.6783619275274 29.6690414452225 29.6597159751889 29.6503833843023 29.6410511862733 29.6317217281266 29.6224187501003 29.6130331650177 29.6034749332011 29.5940125892593 29.5845572201016
29.9339202233784 29.9297334130144 29.9255765929852 29.9214499632461 29.9173439260375 29.9132578728289 29.9091906989584 29.9051356298813 29.9010828868274 29.8969335785721 29.892402784052 29.8875056466545 29.8826288617563 29.8777620437279 29.8729102219936 29.8680671381268 29.8632410819282 29.8584322053003 29.8536346775859 29.8488550835001 29.8440893856343 29.8391195136955 29.8328662243021 29.8248845300687 29.8168136307705 29.8087599055166 29.8007242181873 29.7927009161062 29.7846862483614 29.7766775198391 29.7686609113224 29.7606392280285 29.7526077715551 29.7444919188689 29.7358583085322 29.7265063183713 29.717126979891 29.7077440385639 29.6983579252319 29.6889707117914 29.6795748683331 29.6701652547449 29.6607486238349 29.6513249647192 29.6418866975907 29.6324429341877 29.6229517031589 29.6134123708038 29.6039123947568 29.5944016053926
29.9419025542101 29.937805070243 29.9337398089396 29.9297019800234 29.9256860776518 29.9216883030569 29.9177119373506 29.9137453463043 29.9097811767242 29.9057180211621 29.901271267358 29.8964554640103 29.8916553262726 29.8868606513244 29.882080911654 29.8773146183561 29.8725642090839 29.8678317951985 29.8631099148914 29.8584049797342 29.853715711395 29.848807154121 29.8426250866404 29.8347588404311 29.8267764883516 29.8188111261905 29.8108615619797 29.8029286163808 29.7950035897606 29.787079426563 29.7791533643812 29.7712216069851 29.7632767910134 29.7552439517641 29.7466306210874 29.7372220608318 29.7277899987819 29.7183491072397 29.7089058894248 29.6994609675238 29.6900071738505 29.6805409476148 29.6710679242836 29.6615859869113 29.6520911836197 29.6425988359949 29.6330560886208 29.6234601936721 29.6139129095308 29.6043547035297
29.9499448258936 29.9459346152631 29.9419281633361 29.9379337551519 29.9339543042546 29.9299882346676 29.926032139215 29.9220739073193 29.9181151539644 29.9140767468746 29.9096911758258 29.9049404840191 29.9002326500124 29.8955255711357 29.8908203044063 29.8861220547297 29.8814296997189 29.876748348336 29.8720767331706 29.8674073012474 29.8627218425093 29.8577136907008 29.8515420888544 29.8440328204832 29.8362271031259 29.8284009341695 29.8205805477486 29.8127667683016 29.804956161094 29.7971469342149 29.7893405603941 29.7815294352808 29.7737132786932 29.765782629268 29.7572061793925 29.7477850982834 29.7383070054782 29.7288198882596 29.7193363313501 29.7098494090527 29.700354891534 29.6908543975814 29.6813493890223 29.6718465123531 29.6623451064063 29.6528680836212 29.6433202406567 29.6336239648538 29.6240124644255 29.6144083174982
29.9578767136986 29.9539343795386 29.9499856791252 29.9460422003229 29.9421001891703 29.9381588510724 29.9342209654338 29.930281763779 29.9263435969208 29.9223509381358 29.9180265457549 29.9133252979704 29.9086776397009 29.9040468293956 29.8994147893954 29.894779426522 29.8901438262126 29.8855139256708 29.8808897658998 29.8762587227116 29.8715631425344 29.8664790784678 29.8603763762241 29.853144220766 29.8455525631575 29.8378732734445 29.8301942211674 29.8225145431499 29.814834778811 29.8071569129639 29.7994807565061 29.7918034128682 29.784113510335 29.7762755934674 29.7677526858307 29.7583375401408 29.7488348639687 29.7393086416919 29.7297854187655 29.7202610957306 29.7107353911098 29.7012102697145 29.6916807245875 29.6821545023107 29.6726394337766 29.663162216343 29.6535981086053 29.6438401334484 29.6341709184683 29.6245288055987
29.965774576353 29.9618725762189 29.9579711415969 29.9540703754761 29.9501698432609 29.9462645200189 29.942363188928 29.9384608004895 29.9345643490199 29.9306174881075 29.9263482397246 29.9217058403007 29.9171069696668 29.9125331553021 29.90796020436 29.9033849661293 29.8988074626192 29.8942303727185 29.8896579439856 29.885078822711 29.8803850569804 29.8752633917483 29.8692508264881 29.8622369645711 29.8548621602075 29.8473226291538 29.8397811565782 29.8322381687465 29.8246988275455 29.8171573549698 29.809614263607 29.8020731793357 29.794503721759 29.7867630931047 29.7782976785508 29.7688835251197 29.7593740283196 29.7498165766606 29.7402590860172 29.7307021565673 29.7211458050168 29.711591249177 29.7020339959696 29.6924769326149 29.6829401132288 29.6734551727375 29.6638636338436 29.6540610912969 29.6443449378285 29.6346708447652
29.9736770778969 29.9698118135295 29.9659501051527 29.9620882026426 29.958225782204 29.954363879694 29.9505017440286 29.946640467259 29.9427833107002 29.9388784456309 29.9346631928156 29.9300836376802 29.9255363905074 29.9210169182269 29.9164995393595 29.9119807791408 29.9074639179293 29.9029441654518 29.8984247794928 29.8938939823532 29.8892136566461 29.884102408105 29.8781824688793 29.8713461346276 29.8641636398041 29.8567715661851 29.8493686182555 29.8419608838524 29.8345563216889 29.8271514312146 29.8197476844094 29.8123395194218 29.8048944976723 29.7972605177895 29.7888500723438 29.7794285178398 29.7699095288303 29.7603260304158 29.7507387342562 29.7411516755326 29.7315620495466 29.721970718452 29.7123834222924 29.7027985898639 29.6932396070161 29.683730325336 29.6741075605903 29.6642740871136 29.6545173996526 29.6448104627383
29.9815796875251 29.9777505243122 29.9739288745753 29.9701072205197 29.966285372331 29.9624630062137 29.958641158025 29.9548171351589 29.9509979440845 29.9471322273762 29.9429658520255 29.9384534988483 29.9339662426825 29.9295018202675 29.9250391072417 29.9205775368622 29.9161205200734 29.9116578070476 29.9071936220685 29.9027109452941 29.8980647405273 29.8929961976377 29.8871708236688 29.8804839820061 29.8734640357747 29.8662191702251 29.8589520968883 29.8516828871312 29.8444158563322 29.8371496892284 29.8298819939394 29.8226112750176 29.8152904476134 29.8077638153771 29.7994122013318 29.7899789701109 29.780442521826 29.7708356740237 29.7612164409732 29.7515955891355 29.7419765889677 29.732354222662 29.7227333708243 29.7131194446837 29.7035329436082 29.6939924325458 29.6843401893371 29.6744817527539 29.664690517356 29.6549495025544
29.9894764973852 29.9856863048447 29.9819056981573 29.9781224839545 29.9743444445294 29.970562650662 29.9667803388659 29.9629951796105 29.9592098289645 29.9553788976291 29.951260212586 29.9468180430038 29.9423949514612 29.9379855831923 29.9335804872943 29.9291767117311 29.9247740370265 29.9203689411285 29.9159634569261 29.9115363952564 29.9069481308675 29.9019453648392 29.8962128520412 29.8896595121149 29.8827745820878 29.8756672055996 29.8685372322928 29.8614062279776 29.8542753524986 29.847147088581 29.8400164503034 29.8328828794758 29.8256930900962 29.8182803560861 29.8099898435199 29.8005435592995 29.7909825319089 29.7813447394745 29.7716939532843 29.7620406848843 29.7523909342556 29.7427381409738 29.7330881091255 29.7234424359467 29.7138202002351 29.7042441919726 29.6945616245691 29.6846814953467 29.6748622671182 29.6650907772763
29.9973722190432 29.9936243081419 29.9898820506671 29.986140311121 29.9823997622854 29.9786613888773 29.9749193255737 29.9711740264684 29.9674257918096 29.9636268019184 29.9595553801289 29.9551811678466 29.950818779596 29.9464669249236 29.9421217638157 29.9377763179345 29.9334286930954 29.9290799716782 29.9247325842751 29.920368015036 29.9158596168195 29.9109410373989 29.9053051410021 29.8988706920417 29.8920998399218 29.8851199877133 29.8781249832966 29.8711304575516 29.8641369246072 29.857141596433 29.8501489218426 29.8431546300031 29.8361088281163 29.8288214379391 29.8205858519435 29.8111201669257 29.8015285796769 29.7918540983092 29.782173079314 29.7724898155451 29.7628085117767 29.7531227842766 29.7434415703602 29.7337644779465 29.7241057482228 29.7144900739434 29.7047728500032 29.6948683780885 29.685027741994 29.6752316292627
30.0052637592049 30.0015632173764 29.9978615321515 29.9941593289981 29.9904576437732 29.9867568644857 29.9830563664409 29.9793515522414 29.9756465016286 29.9718792587756 29.9678556611985 29.9635476585926 29.9592457832891 29.9549523491734 29.9506608140419 29.9463716087368 29.9420829221103 29.9377887759328 29.9334981467617 29.9292037165839 29.9247938291845 29.9199896226503 29.914453818146 29.9081109251883 29.9014228800254 29.8945725326257 29.8877132519563 29.8808548339595 29.8739985526406 29.8671394228396 29.8602822391138 29.8534259577949 29.8465302486713 29.8393830687622 29.8312066343938 29.8217106750561 29.8120743340611 29.8023616105425 29.7926468374175 29.782932732313 29.7732219078015 29.7635070908928 29.7537950792013 29.7440819673783 29.7343857943793 29.7247280207256 29.7149747325697 29.7050537455972 29.695194981726 29.6853712472358
30.0131588123615 30.0094964306466 30.0058307225279 30.0021612589442 29.998501051634 29.9948472523879 29.9911925479314 29.9875305932704 29.9838634612858 29.9801331394988 29.9761581391894 29.9719128722722 29.9676709317587 29.9634361120982 29.9591964988802 29.9549530914476 29.950719264046 29.9464913655294 29.9422648529173 29.9380322559984 29.9337315858686 29.9290885618728 29.9236561749295 29.9173692460965 29.9107367069086 29.9040163865039 29.8972947890671 29.8905693938852 29.8838487922609 29.8771356350122 29.8704198241798 29.8637008413427 29.856958417235 29.8499676556233 29.8418588411477 29.8323155332231 29.8226168215199 29.8128698302843 29.8031225542756 29.7933784062188 29.7836375863384 29.7738920189688 29.7641476387793 29.7544003627705 29.7446641364729 29.7349567671785 29.7251709571564 29.7152402435882 29.7053668689466 29.6955149477273
30.0209873780436 30.0172856030558 30.0135999237402 30.0099366775226 30.0063113446873 30.0027223071971 29.999166060725 29.9956302694055 29.9920701660467 29.9883971827286 29.9844633621541 29.9802618237509 29.9760250316211 29.9717614651269 29.9675169660701 29.9633044852489 29.9591286010057 29.9549906268489 29.950876753157 29.9467782160337 29.942645193001 29.9382077450065 29.932893240147 29.9266034675131 29.9200039068462 29.9133642647999 29.9067469750796 29.9001525128531 29.893578400687 29.8870266418468 29.880484718225 29.8739384622615 29.8673746189364 29.8605704163065 29.8525415204341 29.8429203359232 29.833152521505 29.8233678920729 29.8135903832592 29.8038185696599 29.7940534460943 29.7842818274161 29.7745085909734 29.7647291406378 29.7549509192469 29.7451883664549 29.7353642471744 29.7254285881805 29.715547101177 29.7056765342754
30.0284667764594 30.0247019749759 30.0209834407068 30.0173229372095 30.0137240862673 30.0101867354969 30.0067228428577 30.0033264721653 29.9999691025967 29.9965443918356 29.9926895659209 29.9883240753743 29.9839787869044 29.979667166177 29.9754232198145 29.9712538724488 29.9671450377954 29.9630982262729 29.959109265549 29.9551704132958 29.9512615453511 29.9471899087441 29.9420928195595 29.9355890589296 29.928996017605 29.9224423199659 29.9159471231712 29.9095079313236 29.903104474112 29.8967341842742 29.8903836037887 29.8840361472057 29.8776862274299 29.8711347476451 29.8632338121428 29.8534657310114 29.8436386741289 29.8338261366842 29.8240321558428 29.8142452561202 29.804464657339 29.7946821168012 29.7848928880023 29.775091658729 29.7652759087871 29.7554426013225 29.7455704193378 29.7356667119939 29.725781338416 29.7158877068767
30.0358604775991 30.032075363347 30.0283406466265 30.0246660545256 30.021053874356 30.0175051887703 30.0140282614911 30.0106263257741 30.0072701150094 30.0038280161541 30.0000104263429 29.9957800448261 29.9915196697299 29.9873049881068 29.9831648267046 29.979098690661 29.9750961960087 29.9711592030319 29.9672808685287 29.9634543516348 29.9596588577754 29.9556808354503 29.9506871212682 29.9443401721844 29.9378727448279 29.9314521591631 29.925093645216 29.9187872475387 29.9125232350318 29.9062893482451 29.9000746475789 29.8938695317696 29.8876600587714 29.8812343496376 29.8734200809854 29.8637099192546 29.8539233284756 29.8441514570322 29.8343975202171 29.8246535998395 29.8149136705903 29.8051763488565 29.7954268367958 29.7856643570343 29.7758898335301 29.7660960292504 29.7562482205868 29.7463363075726 29.736437729585 29.7265304742653
