Spatial_Analysis/Maxent_Outputs/Output2_NearFuture_RCP4.5/coral.asc
ncols         638
nrows         314
xllcorner     -102.97071042
yllcorner     3.973116569
cellsize      0.083
NODATA_value  -9999
[rows 54 to 80 of 314, columns 60 to 119 of 638]
-9999 -9999 -9999 -9999 -9999 -9999 -9999 -9999 1.28099E-1 1.3156E-1 1.39786E-1 1.48454E-1 1.57577E-1 1.67167E-1 1.77237E-1 1.87796E-1 1.98854E-1 2.10222E-1 2.20601E-1 2.29464E-1 2.38594E-1 2.47991E-1 2.57656E-1 2.67585E-1 2.77777E-1 2.88231E-1 2.98947E-1 3.09915E-1 3.21108E-1 3.31958E-1 3.38282E-1 3.37812E-1 3.37258E-1 3.36709E-1 3.36162E-1 3.35607E-1 3.35045E-1 3.34466E-1 3.33868E-1 3.33245E-1 3.32591E-1 3.31946E-1 3.31585E-1 3.31511E-1 3.3151E-1 3.31482E-1 3.31424E-1 3.31342E-1 3.31241E-1 3.31124E-1 3.30994E-1 3.30856E-1 3.30714E-1 3.30611E-1 3.31238E-1 3.33033E-1 3.34862E-1 3.36696E-1 3.38529E-1 3.40361E-1
-9999 -9999 -9999 -9999 -9999 -9999 -9999 -9999 1.31865E-1 1.38396E-1 1.4702E-1 1.561E-1 1.65649E-1 1.75679E-1 1.86201E-1 1.97223E-1 2.08752E-1 2.20554E-1 2.31064E-1 2.39651E-1 2.48472E-1 2.5753E-1 2.6682E-1 2.7634E-1 2.86088E-1 2.96062E-1 3.06265E-1 3.16688E-1 3.27324E-1 3.37558E-1 3.43454E-1 3.42937E-1 3.42359E-1 3.41792E-1 3.41228E-1 3.4066E-1 3.40084E-1 3.39495E-1 3.38891E-1 3.3827E-1 3.37642E-1 3.37064E-1 3.36703E-1 3.36595E-1 3.36568E-1 3.36538E-1 3.36492E-1 3.36429E-1 3.36348E-1 3.36253E-1 3.36149E-1 3.36041E-1 3.35939E-1 3.35872E-1 3.36477E-1 3.38167E-1 3.39888E-1 3.4162E-1 3.43358E-1 3.45094E-1
-9999 -9999 -9999 -9999 -9999 -9999 -9999 1.32734E-1 1.3623E-1 1.44906E-1 1.54054E-1 1.63685E-1 1.73813E-1 1.8445E-1 1.95603E-1 2.07282E-1 2.1949E-1 2.3193E-1 2.42661E-1 2.50903E-1 2.59347E-1 2.67994E-1 2.76838E-1 2.85877E-1 2.95111E-1 3.04537E-1 3.14153E-1 3.23958E-1 3.33867E-1 3.43399E-1 3.48901E-1 3.48419E-1 3.47832E-1 3.47245E-1 3.4666E-1 3.46076E-1 3.4549E-1 3.449E-1 3.44305E-1 3.43707E-1 3.43124E-1 3.42618E-1 3.42288E-1 3.42128E-1 3.4206E-1 3.42011E-1 3.41961E-1 3.41906E-1 3.41845E-1 3.41779E-1 3.41711E-1 3.41641E-1 3.41576E-1 3.41542E-1 3.42123E-1 3.43688E-1 3.45276E-1 3.46877E-1 3.48487E-1 3.501E-1
-9999 -9999 -9999 -9999 -9999 -9999 -9999 1.355E-1 1.42546E-1 1.51737E-1 1.61426E-1 1.71626E-1 1.82351E-1 1.9361E-1 2.0541E-1 2.17759E-1 2.30658E-1 2.43742E-1 2.54676E-1 2.62526E-1 2.70546E-1 2.78735E-1 2.87089E-1 2.95609E-1 3.04291E-1 3.13133E-1 3.22103E-1 3.31177E-1 3.40365E-1 3.49234E-1 3.54362E-1 3.53919E-1 3.53351E-1 3.52767E-1 3.52185E-1 3.51605E-1 3.51025E-1 3.50446E-1 3.49869E-1 3.49293E-1 3.48743E-1 3.48269E-1 3.47952E-1 3.47784E-1 3.47701E-1 3.47647E-1 3.47594E-1 3.47541E-1 3.47488E-1 3.47435E-1 3.47382E-1 3.4733E-1 3.47279E-1 3.47259E-1 3.47807E-1 3.49257E-1 3.5073E-1 3.52217E-1 3.53711E-1 3.5521E-1
-9999 -9999 -9999 -9999 -9999 -9999 1.36354E-1 1.39917E-1 1.4913E-1 1.58854E-1 1.69105E-1 1.79895E-1 1.91235E-1 2.03136E-1 2.15602E-1 2.2864E-1 2.42248E-1 2.55987E-1 2.67108E-1 2.74518E-1 2.82069E-1 2.89758E-1 2.97584E-1 3.05545E-1 3.13637E-1 3.21816E-1 3.30081E-1 3.38449E-1 3.46943E-1 3.55136E-1 3.59878E-1 3.59462E-1 3.58913E-1 3.58343E-1 3.57773E-1 3.57203E-1 3.56634E-1 3.56067E-1 3.55501E-1 3.54937E-1 3.54409E-1 3.53953E-1 3.53645E-1 3.53483E-1 3.53398E-1 3.53349E-1 3.53303E-1 3.53257E-1 3.53211E-1 3.53165E-1 3.5312E-1 3.53074E-1 3.53033E-1 3.53027E-1 3.53541E-1 3.54873E-1 3.56232E-1 3.5761E-1 3.58993E-1 3.6038E-1
-9999 -9999 -9999 -9999 -9999 -9999 1.38691E-1 1.46243E-1 1.55981E-1 1.66259E-1 1.77092E-1 1.88492E-1 2.00469E-1 2.13031E-1 2.26182E-1 2.39925E-1 2.54256E-1 2.68659E-1 2.79948E-1 2.8687E-1 2.93906E-1 3.01052E-1 3.08308E-1 3.15659E-1 3.23082E-1 3.30579E-1 3.38163E-1 3.45834E-1 3.53608E-1 3.61108E-1 3.65448E-1 3.65051E-1 3.64517E-1 3.63962E-1 3.63402E-1 3.62844E-1 3.62288E-1 3.61732E-1 3.61178E-1 3.60626E-1 3.60115E-1 3.59668E-1 3.59368E-1 3.59222E-1 3.59143E-1 3.591E-1 3.59061E-1 3.59022E-1 3.58983E-1 3.58945E-1 3.58907E-1 3.58868E-1 3.58837E-1 3.58845E-1 3.59323E-1 3.60535E-1 3.61776E-1 3.63041E-1 3.64313E-1 3.65589E-1
-9999 -9999 -9999 -9999 -9999 -9999 1.43091E-1 1.5282E-1 1.63103E-1 1.73955E-1 1.85391E-1 1.97421E-1 2.10055E-1 2.23297E-1 2.3715E-1 2.51613E-1 2.66679E-1 2.81749E-1 2.93184E-1 2.9957E-1 3.06043E-1 3.126E-1 3.19221E-1 3.25907E-1 3.32659E-1 3.39484E-1 3.46376E-1 3.5333E-1 3.60361E-1 3.67145E-1 3.71069E-1 3.70685E-1 3.70164E-1 3.69621E-1 3.69074E-1 3.68529E-1 3.67986E-1 3.67442E-1 3.66899E-1 3.6636E-1 3.65859E-1 3.65416E-1 3.65124E-1 3.65E-1 3.64933E-1 3.64898E-1 3.64865E-1 3.64834E-1 3.64802E-1 3.64771E-1 3.64739E-1 3.64709E-1 3.64688E-1 3.64709E-1 3.6515E-1 3.66241E-1 3.67363E-1 3.68513E-1 3.69672E-1 3.70832E-1
-9999 -9999 -9999 -9999 -9999 1.45575E-1 1.49388E-1 1.59653E-1 1.70501E-1 1.81948E-1 1.94007E-1 2.06687E-1 2.19995E-1 2.33934E-1 2.48503E-1 2.63699E-1 2.79509E-1 2.95244E-1 3.06799E-1 3.12598E-1 3.18454E-1 3.24357E-1 3.30314E-1 3.36334E-1 3.4241E-1 3.48537E-1 3.54711E-1 3.60928E-1 3.67197E-1 3.73247E-1 3.76739E-1 3.76361E-1 3.75851E-1 3.7532E-1 3.74787E-1 3.74256E-1 3.73723E-1 3.73192E-1 3.72662E-1 3.72134E-1 3.7164E-1 3.71197E-1 3.70914E-1 3.70816E-1 3.70767E-1 3.7074E-1 3.70715E-1 3.70691E-1 3.70667E-1 3.70643E-1 3.70618E-1 3.70596E-1 3.70584E-1 3.70615E-1 3.71017E-1 3.71985E-1 3.72989E-1 3.74023E-1 3.75066E-1 3.7611E-1
-9999 -9999 -9999 -9999 -9999 1.52362E-1 1.55926E-1 1.66747E-1 1.78181E-1 1.90243E-1 2.02944E-1 2.16291E-1 2.3029E-1 2.44941E-1 2.60239E-1 2.76174E-1 2.92728E-1 3.09125E-1 3.20769E-1 3.25919E-1 3.31107E-1 3.36342E-1 3.41628E-1 3.46959E-1 3.52328E-1 3.5773E-1 3.63164E-1 3.68626E-1 3.74118E-1 3.79409E-1 3.82455E-1 3.82078E-1 3.81577E-1 3.81059E-1 3.80539E-1 3.80021E-1 3.79503E-1 3.78985E-1 3.78468E-1 3.77952E-1 3.7746E-1 3.77017E-1 3.76743E-1 3.76675E-1 3.76646E-1 3.76627E-1 3.7661E-1 3.76593E-1 3.76576E-1 3.7656E-1 3.76544E-1 3.76529E-1 3.76522E-1 3.76559E-1 3.76922E-1 3.77765E-1 3.78652E-1 3.79571E-1 3.80496E-1 3.81421E-1
-9999 -9999 -9999 -9999 -9999 1.57066E-1 1.62711E-1 1.74107E-1 1.86146E-1 1.98841E-1 2.12202E-1 2.26235E-1 2.40941E-1 2.56315E-1 2.72348E-1 2.89026E-1 3.06321E-1 3.23359E-1 3.35056E-1 3.39524E-1 3.44031E-1 3.48578E-1 3.5316E-1 3.5777E-1 3.62403E-1 3.67058E-1 3.71731E-1 3.76419E-1 3.81124E-1 3.85633E-1 3.88215E-1 3.87833E-1 3.8734E-1 3.86836E-1 3.8633E-1 3.85824E-1 3.85321E-1 3.84817E-1 3.84313E-1 3.83811E-1 3.83321E-1 3.82878E-1 3.82616E-1 3.8258E-1 3.82567E-1 3.82557E-1 3.82548E-1 3.82539E-1 3.82529E-1 3.82521E-1 3.82512E-1 3.82503E-1 3.82502E-1 3.82539E-1 3.8286E-1 3.8358E-1 3.84354E-1 3.85156E-1 3.8596E-1 3.86765E-1
-9999 -9999 -9999 -9999 -9999 1.63803E-1 1.69745E-1 1.81736E-1 1.94398E-1 2.07745E-1 2.21783E-1 2.36515E-1 2.5194E-1 2.68045E-1 2.84816E-1 3.02229E-1 3.20252E-1 3.37928E-1 3.49671E-1 3.53436E-1 3.57231E-1 3.61054E-1 3.64897E-1 3.68755E-1 3.72628E-1 3.76512E-1 3.80402E-1 3.84304E-1 3.88207E-1 3.91912E-1 3.94016E-1 3.93624E-1 3.93139E-1 3.92651E-1 3.92162E-1 3.91673E-1 3.91182E-1 3.90691E-1 3.90199E-1 3.8971E-1 3.89223E-1 3.88779E-1 3.88533E-1 3.88532E-1 3.88531E-1 3.8853E-1 3.88532E-1 3.88532E-1 3.88532E-1 3.8853E-1 3.88526E-1 3.88522E-1 3.88523E-1 3.88554E-1 3.88827E-1 3.89429E-1 3.90094E-1 3.90777E-1 3.91463E-1 3.92148E-1
-9999 -9999 -9999 -9999 1.69427E-1 1.70784E-1 1.77033E-1 1.89637E-1 2.02941E-1 2.16956E-1 2.31686E-1 2.4713E-1 2.63278E-1 2.80116E-1 2.9762E-1 3.15767E-1 3.34528E-1 3.52844E-1 3.64617E-1 3.67643E-1 3.7069E-1 3.73752E-1 3.76824E-1 3.79905E-1 3.82994E-1 3.86086E-1 3.89176E-1 3.92274E-1 3.9536E-1 3.98239E-1 3.99855E-1 3.99454E-1 3.98993E-1 3.98526E-1 3.98056E-1 3.97581E-1 3.97101E-1 3.96618E-1 3.96135E-1 3.95652E-1 3.95173E-1 3.9472E-1 3.94511E-1 3.94531E-1 3.94542E-1 3.94555E-1 3.94571E-1 3.94586E-1 3.94599E-1 3.94609E-1 3.94612E-1 3.94609E-1 3.94602E-1 3.94613E-1 3.94822E-1 3.95322E-1 3.95891E-1 3.96463E-1 3.9703E-1 3.97592E-1
-9999 -9999 -9999 -9999 1.78648E-1 1.77924E-1 1.84453E-1 1.9761E-1 2.11488E-1 2.26094E-1 2.41427E-1 2.57482E-1 2.74244E-1 2.91698E-1 3.0982E-1 3.28583E-1 3.47947E-1 3.66769E-1 3.78505E-1 3.80824E-1 3.83155E-1 3.85493E-1 3.87837E-1 3.90188E-1 3.92541E-1 3.94892E-1 3.9724E-1 3.99588E-1 4.01911E-1 4.04037E-1 4.05219E-1 4.04833E-1 4.04407E-1 4.03972E-1 4.03526E-1 4.03074E-1 4.02616E-1 4.02155E-1 4.01694E-1 4.01233E-1 4.00776E-1 4.00337E-1 4.00166E-1 4.00194E-1 4.00216E-1 4.00242E-1 4.00272E-1 4.00301E-1 4.00328E-1 4.0035E-1 4.00363E-1 4.00365E-1 4.00353E-1 4.00341E-1 4.00483E-1 4.00909E-1 4.01391E-1 4.0186E-1 4.02316E-1 4.02762E-1
-9999 -9999 -9999 -9999 1.8362E-1 1.84939E-1 1.91606E-1 2.05013E-1 2.19129E-1 2.33955E-1 2.49491E-1 2.65728E-1 2.82654E-1 3.00252E-1 3.18493E-1 3.37346E-1 3.56771E-1 3.75593E-1 3.87112E-1 3.88974E-1 3.90842E-1 3.92716E-1 3.94598E-1 3.96483E-1 3.98367E-1 4.0025E-1 4.02132E-1 4.04008E-1 4.05846E-1 4.07541E-1 4.08493E-1 4.08187E-1 4.07827E-1 4.07465E-1 4.07096E-1 4.06723E-1 4.06345E-1 4.05964E-1 4.05582E-1 4.05203E-1 4.04829E-1 4.04491E-1 4.04331E-1 4.04362E-1 4.04378E-1 4.044E-1 4.04425E-1 4.04449E-1 4.04471E-1 4.04489E-1 4.04499E-1 4.045E-1 4.04494E-1 4.04495E-1 4.04638E-1 4.04995E-1 4.05408E-1 4.05821E-1 4.06225E-1 4.06621E-1
-9999 -9999 -9999 -9999 1.90687E-1 1.92026E-1 1.98732E-1 2.12177E-1 2.26299E-1 2.41098E-1 2.56572E-1 2.72714E-1 2.89509E-1 3.06934E-1 3.24965E-1 3.43566E-1 3.62699E-1 3.81196E-1 3.92384E-1 3.93947E-1 3.95518E-1 3.97096E-1 3.9868E-1 4.00266E-1 4.01852E-1 4.03439E-1 4.05029E-1 4.06604E-1 4.08132E-1 4.09566E-1 4.10424E-1 4.10248E-1 4.09985E-1 4.09722E-1 4.09456E-1 4.0919E-1 4.08923E-1 4.08654E-1 4.08385E-1 4.08118E-1 4.07857E-1 4.07626E-1 4.07509E-1 4.07533E-1 4.07544E-1 4.07553E-1 4.07562E-1 4.07572E-1 4.07582E-1 4.07589E-1 4.07594E-1 4.07597E-1 4.076E-1 4.07627E-1 4.07794E-1 4.08116E-1 4.08499E-1 4.08896E-1 4.09294E-1 4.09689E-1
-9999 -9999 -9999 -9999 1.98045E-1 1.99401E-1 2.06132E-1 2.1959E-1 2.33694E-1 2.48442E-1 2.63829E-1 2.79846E-1 2.96477E-1 3.13698E-1 3.31484E-1 3.498E-1 3.68606E-1 3.86745E-1 3.97585E-1 3.98849E-1 4.00123E-1 4.01403E-1 4.02689E-1 4.03976E-1 4.05268E-1 4.06564E-1 4.07862E-1 4.09136E-1 4.1036E-1 4.1153E-1 4.12295E-1 4.12248E-1 4.12092E-1 4.1193E-1 4.11766E-1 4.11604E-1 4.11441E-1 4.11277E-1 4.11114E-1 4.10952E-1 4.10804E-1 4.1067E-1 4.10607E-1 4.10621E-1 4.10633E-1 4.10634E-1 4.10635E-1 4.10638E-1 4.10641E-1 4.10643E-1 4.10645E-1 4.10648E-1 4.10654E-1 4.1069E-1 4.10867E-1 4.11196E-1 4.11573E-1 4.11975E-1 4.12376E-1 4.12777E-1
-9999 -9999 -9999 2.05139E-1 2.05616E-1 2.06991E-1 2.13743E-1 2.27199E-1 2.4127E-1 2.55951E-1 2.71233E-1 2.87109E-1 3.03558E-1 3.20559E-1 3.38083E-1 3.56098E-1 3.74565E-1 3.92333E-1 4.02818E-1 4.03781E-1 4.04754E-1 4.05733E-1 4.06718E-1 4.07707E-1 4.08703E-1 4.09708E-1 4.10709E-1 4.11683E-1 4.12608E-1 4.13513E-1 4.14177E-1 4.14252E-1 4.14204E-1 4.14146E-1 4.14087E-1 4.14028E-1 4.13969E-1 4.1391E-1 4.13851E-1 4.13794E-1 4.13753E-1 4.13719E-1 4.13713E-1 4.13719E-1 4.13727E-1 4.13725E-1 4.13724E-1 4.13721E-1 4.13719E-1 4.13716E-1 4.13714E-1 4.13712E-1 4.13717E-1 4.13752E-1 4.13934E-1 4.14278E-1 4.1466E-1 4.15068E-1 4.15478E-1 4.15889E-1
-9999 -9999 -9999 2.12917E-1 2.13412E-1 2.14807E-1 2.21571E-1 2.35009E-1 2.49028E-1 2.63623E-1 2.78784E-1 2.94499E-1 3.1075E-1 3.27513E-1 3.4476E-1 3.62459E-1 3.80572E-1 3.97959E-1 4.08082E-1 4.08742E-1 4.0941E-1 4.10085E-1 4.10768E-1 4.11458E-1 4.12159E-1 4.12868E-1 4.13569E-1 4.14244E-1 4.14881E-1 4.15519E-1 4.16071E-1 4.1626E-1 4.16319E-1 4.16365E-1 4.16411E-1 4.16457E-1 4.16503E-1 4.16549E-1 4.16595E-1 4.16643E-1 4.16708E-1 4.16774E-1 4.16825E-1 4.16825E-1 4.1683E-1 4.16825E-1 4.16818E-1 4.16811E-1 4.16805E-1 4.16797E-1 4.16791E-1 4.16784E-1 4.16785E-1 4.16813E-1 4.16997E-1 4.17361E-1 4.17754E-1 4.18169E-1 4.18589E-1 4.19009E-1
-9999 -9999 -9999 2.20923E-1 2.21436E-1 2.2285E-1 2.29618E-1 2.43019E-1 2.56967E-1 2.71457E-1 2.86478E-1 3.02014E-1 3.18047E-1 3.34555E-1 3.51509E-1 3.68878E-1 3.86625E-1 4.03621E-1 4.13377E-1 4.13728E-1 4.14088E-1 4.14458E-1 4.14837E-1 4.15229E-1 4.15632E-1 4.16042E-1 4.16441E-1 4.16819E-1 4.17182E-1 4.1755E-1 4.17976E-1 4.18273E-1 4.18438E-1 4.1859E-1 4.1874E-1 4.18891E-1 4.19042E-1 4.19192E-1 4.19344E-1 4.19496E-1 4.19666E-1 4.19835E-1 4.19946E-1 4.19939E-1 4.1994E-1 4.19931E-1 4.19919E-1 4.19908E-1 4.19896E-1 4.19885E-1 4.19874E-1 4.19864E-1 4.19859E-1 4.19875E-1 4.20061E-1 4.20447E-1 4.20853E-1 4.21278E-1 4.21707E-1 4.22136E-1
-9999 -9999 -9999 2.29159E-1 2.2969E-1 2.31122E-1 2.37884E-1 2.51228E-1 2.65087E-1 2.79451E-1 2.9431E-1 3.09648E-1 3.25447E-1 3.41683E-1 3.58329E-1 3.75352E-1 3.92721E-1 4.09317E-1 4.18698E-1 4.18737E-1 4.18788E-1 4.18851E-1 4.18927E-1 4.19018E-1 4.19121E-1 4.19227E-1 4.19323E-1 4.19409E-1 4.19499E-1 4.19595E-1 4.19893E-1 4.20293E-1 4.20562E-1 4.20818E-1 4.21072E-1 4.21329E-1 4.21585E-1 4.21841E-1 4.22097E-1 4.22354E-1 4.22629E-1 4.229E-1 4.23073E-1 4.23061E-1 4.23057E-1 4.23044E-1 4.23028E-1 4.23012E-1 4.22996E-1 4.2298E-1 4.22965E-1 4.2295E-1 4.22938E-1 4.22941E-1 4.23127E-1 4.23536E-1 4.23959E-1 4.24394E-1 4.24832E-1 4.25271E-1
-9999 -9999 -9999 2.37624E-1 2.38173E-1 2.39622E-1 2.46368E-1 2.59635E-1 2.73382E-1 2.87601E-1 3.02279E-1 3.174E-1 3.32946E-1 3.48893E-1 3.65215E-1 3.8188E-1 3.98859E-1 4.15045E-1 4.24044E-1 4.2377E-1 4.2351E-1 4.23264E-1 4.23036E-1 4.22823E-1 4.22622E-1 4.22423E-1 4.22217E-1 4.22014E-1 4.21828E-1 4.21654E-1 4.21822E-1 4.22319E-1 4.2269E-1 4.2305E-1 4.2341E-1 4.23771E-1 4.24132E-1 4.24494E-1 4.24856E-1 4.25217E-1 4.25595E-1 4.25969E-1 4.26205E-1 4.2619E-1 4.26183E-1 4.26164E-1 4.26142E-1 4.26123E-1 4.26102E-1 4.26083E-1 4.26063E-1 4.26042E-1 4.26024E-1 4.26013E-1 4.262E-1 4.26632E-1 4.27071E-1 4.27516E-1 4.27964E-1 4.28413E-1
-9999 -9999 -9999 2.48819E-1 2.46885E-1 2.48349E-1 2.55069E-1 2.68235E-1 2.8185E-1 2.95902E-1 3.1038E-1 3.25266E-1 3.4054E-1 3.56181E-1 3.72164E-1 3.88458E-1 4.05036E-1 4.208E-1 4.29413E-1 4.28824E-1 4.28251E-1 4.27696E-1 4.27161E-1 4.26642E-1 4.26133E-1 4.25626E-1 4.25122E-1 4.24634E-1 4.24166E-1 4.23722E-1 4.23761E-1 4.24347E-1 4.2482E-1 4.25286E-1 4.25752E-1 4.26217E-1 4.26683E-1 4.27151E-1 4.27619E-1 4.28087E-1 4.28563E-1 4.29042E-1 4.29341E-1 4.29329E-1 4.29314E-1 4.29289E-1 4.29265E-1 4.2924E-1 4.29214E-1 4.2919E-1 4.29166E-1 4.29141E-1 4.29117E-1 4.29094E-1 4.29283E-1 4.29735E-1 4.30191E-1 4.30646E-1 4.31102E-1 4.3156E-1
-9999 -9999 2.54673E-1 2.5532E-1 2.55823E-1 2.57299E-1 2.6398E-1 2.77026E-1 2.90488E-1 3.04353E-1 3.1861E-1 3.33241E-1 3.48226E-1 3.63545E-1 3.79173E-1 3.95083E-1 4.11247E-1 4.26582E-1 4.34804E-1 4.33899E-1 4.33011E-1 4.32145E-1 4.31302E-1 4.30472E-1 4.29652E-1 4.28838E-1 4.28037E-1 4.27261E-1 4.26508E-1 4.258E-1 4.25713E-1 4.26381E-1 4.26955E-1 4.27525E-1 4.28095E-1 4.28666E-1 4.29239E-1 4.29813E-1 4.30387E-1 4.30962E-1 4.31538E-1 4.32117E-1 4.32485E-1 4.32475E-1 4.3245E-1 4.32421E-1 4.32391E-1 4.32361E-1 4.32331E-1 4.32302E-1 4.32275E-1 4.32247E-1 4.32218E-1 4.32188E-1 4.32378E-1 4.32851E-1 4.33317E-1 4.33783E-1 4.34248E-1 4.34716E-1
-9999 -9999 2.63794E-1 2.64459E-1 2.64984E-1 2.66471E-1 2.73101E-1 2.86005E-1 2.99292E-1 3.1295E-1 3.26964E-1 3.4132E-1 3.56E-1 3.7098E-1 3.86239E-1 4.01752E-1 4.17492E-1 4.3239E-1 4.40216E-1 4.38992E-1 4.3779E-1 4.36611E-1 4.35455E-1 4.34311E-1 4.33178E-1 4.3206E-1 4.30962E-1 4.29896E-1 4.28851E-1 4.2788E-1 4.27674E-1 4.28415E-1 4.2909E-1 4.29765E-1 4.30441E-1 4.31117E-1 4.31795E-1 4.32474E-1 4.33155E-1 4.33838E-1 4.34522E-1 4.3519E-1 4.35643E-1 4.35624E-1 4.35588E-1 4.3555E-1 4.35513E-1 4.35477E-1 4.35442E-1 4.35409E-1 4.3538E-1 4.35349E-1 4.35321E-1 4.35291E-1 4.35488E-1 4.35975E-1 4.36448E-1 4.36925E-1 4.37404E-1 4.37886E-1
-9999 -9999 2.72307E-1 2.72911E-1 2.73456E-1 2.74952E-1 2.8153E-1 2.94287E-1 3.07398E-1 3.2085E-1 3.3463E-1 3.48724E-1 3.63113E-1 3.77776E-1 3.92691E-1 4.07837E-1 4.23188E-1 4.37687E-1 4.45166E-1 4.4368E-1 4.42219E-1 4.40782E-1 4.39364E-1 4.37962E-1 4.36575E-1 4.35207E-1 4.33868E-1 4.32563E-1 4.31272E-1 4.30085E-1 4.29784E-1 4.30587E-1 4.31349E-1 4.32112E-1 4.32875E-1 4.33637E-1 4.34401E-1 4.35166E-1 4.35934E-1 4.36705E-1 4.3748E-1 4.38227E-1 4.3875E-1 4.38718E-1 4.38675E-1 4.38633E-1 4.38591E-1 4.38554E-1 4.38518E-1 4.38484E-1 4.38453E-1 4.38425E-1 4.38399E-1 4.38377E-1 4.38591E-1 4.39086E-1 4.39569E-1 4.40061E-1 4.40558E-1 4.41057E-1
-9999 -9999 2.76582E-1 2.76865E-1 2.77423E-1 2.78929E-1 2.85487E-1 2.98178E-1 3.1121E-1 3.24572E-1 3.38249E-1 3.52226E-1 3.66486E-1 3.8101E-1 3.95775E-1 4.10761E-1 4.25943E-1 4.40279E-1 4.47677E-1 4.46223E-1 4.44794E-1 4.43385E-1 4.41995E-1 4.40621E-1 4.39265E-1 4.37933E-1 4.36635E-1 4.35365E-1 4.34104E-1 4.32929E-1 4.3265E-1 4.3347E-1 4.34227E-1 4.34985E-1 4.35742E-1 4.36499E-1 4.37257E-1 4.38018E-1 4.3878E-1 4.39546E-1 4.40313E-1 4.41079E-1 4.41575E-1 4.41563E-1 4.41539E-1 4.41515E-1 4.41491E-1 4.41469E-1 4.41449E-1 4.41431E-1 4.41416E-1 4.41403E-1 4.41392E-1 4.41379E-1 4.4161E-1 4.42134E-1 4.42641E-1 4.43152E-1 4.43667E-1 4.44185E-1
-9999 -9999 2.77601E-1 2.779E-1 2.78468E-1 2.79983E-1 2.86546E-1 2.99238E-1 3.1227E-1 3.25628E-1 3.39298E-1 3.53267E-1 3.67516E-1 3.82026E-1 3.96776E-1 4.11746E-1 4.2691E-1 4.41245E-1 4.48741E-1 4.47512E-1 4.46303E-1 4.45113E-1 4.4394E-1 4.42784E-1 4.41648E-1 4.40541E-1 4.39466E-1 4.38414E-1 4.37363E-1 4.36367E-1 4.36183E-1 4.36977E-1 4.37671E-1 4.38361E-1 4.39051E-1 4.39742E-1 4.40434E-1 4.41128E-1 4.41822E-1 4.42518E-1 4.43222E-1 4.43927E-1 4.44384E-1 4.44403E-1 4.44421E-1 4.44436E-1 4.44451E-1 4.44466E-1 4.44482E-1 4.44501E-1 4.44519E-1 4.44538E-1 4.44557E-1 4.44565E-1 4.44806E-1 4.45347E-1 4.45859E-1 4.46366E-1 4.46875E-1 4.47386E-1
