Spatial_Analysis/Maxent_Outputs/Output2_NearFuture_RCP4.5/coral.asc
ncols         638
nrows         314
xllcorner     -102.97071042
yllcorner     3.973116569
cellsize      0.083
NODATA_value  -9999
[rows 108 to 134 of 314, columns 480 to 539 of 638]
3.67165E-1 3.66686E-1 3.66207E-1 3.65729E-1 3.65251E-1 3.64766E-1 3.64321E-1 3.63828E-1 3.63107E-1 3.62237E-1 3.61322E-1 3.60386E-1 3.59451E-1 3.58518E-1 3.57584E-1 3.56653E-1 3.55723E-1 3.54798E-1 3.53851E-1 3.52891E-1 3.51951E-1 3.51034E-1 3.50155E-1 3.49299E-1 3.48445E-1 3.47591E-1 3.46739E-1 3.45887E-1 3.45037E-1 3.44187E-1 3.43322E-1 3.4252E-1 3.41971E-1 3.41603E-1 3.41231E-1 3.40853E-1 3.40476E-1 3.40099E-1 3.39723E-1 3.39346E-1 3.3897E-1 3.38591E-1 3.38201E-1 3.37775E-1 3.37271E-1 3.367E-1 3.36119E-1 3.35532E-1 3.34945E-1 3.34359E-1 3.33773E-1 3.33188E-1 3.32603E-1 3.3202E-1 3.31411E-1 3.30806E-1 3.30307E-1 3.29904E-1 3.29511E-1 3.29121E-1
3.67254E-1 3.6674E-1 3.66227E-1 3.65713E-1 3.652E-1 3.64679E-1 3.64205E-1 3.63699E-1 3.6298E-1 3.62116E-1 3.61201E-1 3.60258E-1 3.59318E-1 3.5838E-1 3.57441E-1 3.56505E-1 3.5557E-1 3.5464E-1 3.53683E-1 3.52725E-1 3.51829E-1 3.50988E-1 3.50189E-1 3.49417E-1 3.48646E-1 3.47875E-1 3.47104E-1 3.46335E-1 3.45567E-1 3.44798E-1 3.44012E-1 3.43274E-1 3.42744E-1 3.42366E-1 3.41984E-1 3.41598E-1 3.41211E-1 3.40825E-1 3.4044E-1 3.40054E-1 3.39669E-1 3.39281E-1 3.3888E-1 3.3845E-1 3.37971E-1 3.37449E-1 3.36915E-1 3.36374E-1 3.35834E-1 3.35294E-1 3.34753E-1 3.34214E-1 3.33674E-1 3.33137E-1 3.32567E-1 3.31985E-1 3.31476E-1 3.31034E-1 3.30602E-1 3.30174E-1
3.67341E-1 3.66792E-1 3.66243E-1 3.65694E-1 3.65146E-1 3.64591E-1 3.64097E-1 3.63579E-1 3.62861E-1 3.61999E-1 3.61076E-1 3.60129E-1 3.59184E-1 3.5824E-1 3.57296E-1 3.56355E-1 3.55414E-1 3.54479E-1 3.53507E-1 3.52548E-1 3.51697E-1 3.50935E-1 3.50223E-1 3.49533E-1 3.48845E-1 3.48156E-1 3.47468E-1 3.46781E-1 3.46095E-1 3.45409E-1 3.44702E-1 3.44026E-1 3.43517E-1 3.43129E-1 3.42737E-1 3.42341E-1 3.41946E-1 3.41552E-1 3.41157E-1 3.40762E-1 3.40367E-1 3.39971E-1 3.39561E-1 3.39127E-1 3.38673E-1 3.382E-1 3.37711E-1 3.37216E-1 3.36722E-1 3.36227E-1 3.35734E-1 3.3524E-1 3.34747E-1 3.34254E-1 3.33723E-1 3.33163E-1 3.32644E-1 3.32164E-1 3.31695E-1 3.31229E-1
3.67427E-1 3.66842E-1 3.66257E-1 3.65674E-1 3.6509E-1 3.64503E-1 3.63995E-1 3.63473E-1 3.62754E-1 3.61886E-1 3.60949E-1 3.59998E-1 3.59047E-1 3.58097E-1 3.57149E-1 3.56202E-1 3.55257E-1 3.54316E-1 3.53325E-1 3.52359E-1 3.51554E-1 3.50877E-1 3.50254E-1 3.49647E-1 3.49042E-1 3.48436E-1 3.47831E-1 3.47227E-1 3.46622E-1 3.46018E-1 3.45391E-1 3.4478E-1 3.44291E-1 3.43892E-1 3.43489E-1 3.43084E-1 3.42681E-1 3.42277E-1 3.41873E-1 3.41469E-1 3.41065E-1 3.40661E-1 3.40243E-1 3.39807E-1 3.39379E-1 3.38951E-1 3.38507E-1 3.38059E-1 3.3761E-1 3.37162E-1 3.36714E-1 3.36266E-1 3.3582E-1 3.35373E-1 3.34879E-1 3.34341E-1 3.33812E-1 3.33295E-1 3.32789E-1 3.32285E-1
3.67512E-1 3.66892E-1 3.66271E-1 3.65652E-1 3.65031E-1 3.64412E-1 3.63896E-1 3.63386E-1 3.62661E-1 3.61772E-1 3.6082E-1 3.59866E-1 3.58913E-1 3.57961E-1 3.57008E-1 3.56053E-1 3.551E-1 3.54151E-1 3.53138E-1 3.52154E-1 3.51397E-1 3.50814E-1 3.50284E-1 3.49765E-1 3.49248E-1 3.48729E-1 3.48205E-1 3.47679E-1 3.47152E-1 3.46627E-1 3.4608E-1 3.45533E-1 3.45065E-1 3.44655E-1 3.44241E-1 3.4383E-1 3.43424E-1 3.43014E-1 3.426E-1 3.42182E-1 3.41765E-1 3.41349E-1 3.40925E-1 3.40492E-1 3.40087E-1 3.39703E-1 3.39303E-1 3.38903E-1 3.38508E-1 3.3811E-1 3.37709E-1 3.37304E-1 3.36897E-1 3.36493E-1 3.36034E-1 3.35517E-1 3.34981E-1 3.34428E-1 3.33885E-1 3.33346E-1
3.67604E-1 3.6695E-1 3.66295E-1 3.65639E-1 3.64981E-1 3.64323E-1 3.63797E-1 3.63313E-1 3.62579E-1 3.61658E-1 3.60707E-1 3.5976E-1 3.58814E-1 3.57865E-1 3.56911E-1 3.55949E-1 3.54982E-1 3.54009E-1 3.52955E-1 3.51936E-1 3.51228E-1 3.50767E-1 3.50353E-1 3.49939E-1 3.4952E-1 3.4909E-1 3.48649E-1 3.48196E-1 3.47734E-1 3.47268E-1 3.46777E-1 3.46285E-1 3.4584E-1 3.45429E-1 3.45033E-1 3.44636E-1 3.44233E-1 3.4382E-1 3.43395E-1 3.42959E-1 3.42516E-1 3.42068E-1 3.41615E-1 3.41179E-1 3.40798E-1 3.40463E-1 3.40134E-1 3.39807E-1 3.39477E-1 3.39137E-1 3.38784E-1 3.38419E-1 3.38041E-1 3.37656E-1 3.37204E-1 3.36692E-1 3.36151E-1 3.35576E-1 3.35028E-1 3.34482E-1
3.67694E-1 3.67012E-1 3.6633E-1 3.65646E-1 3.64959E-1 3.64268E-1 3.63726E-1 3.63257E-1 3.62533E-1 3.61599E-1 3.60662E-1 3.59728E-1 3.58792E-1 3.57851E-1 3.56902E-1 3.55943E-1 3.54971E-1 3.53983E-1 3.52882E-1 3.51808E-1 3.51152E-1 3.50845E-1 3.50544E-1 3.5023E-1 3.49901E-1 3.49555E-1 3.49195E-1 3.48818E-1 3.48424E-1 3.48013E-1 3.47559E-1 3.47084E-1 3.46661E-1 3.46293E-1 3.45922E-1 3.45537E-1 3.45134E-1 3.44714E-1 3.44278E-1 3.43827E-1 3.43361E-1 3.42879E-1 3.42381E-1 3.41908E-1 3.41551E-1 3.41305E-1 3.41061E-1 3.40807E-1 3.40538E-1 3.40253E-1 3.39952E-1 3.39631E-1 3.39288E-1 3.38924E-1 3.38465E-1 3.37913E-1 3.37361E-1 3.3682E-1 3.36281E-1 3.35726E-1
3.67595E-1 3.66995E-1 3.66395E-1 3.65791E-1 3.65186E-1 3.64578E-1 3.64135E-1 3.63756E-1 3.63076E-1 3.62165E-1 3.61243E-1 3.60326E-1 3.59408E-1 3.58485E-1 3.57556E-1 3.56615E-1 3.55664E-1 3.547E-1 3.53626E-1 3.52572E-1 3.51914E-1 3.51579E-1 3.51264E-1 3.50944E-1 3.50612E-1 3.50264E-1 3.49903E-1 3.49526E-1 3.49135E-1 3.48729E-1 3.48286E-1 3.47822E-1 3.47396E-1 3.47012E-1 3.4663E-1 3.46241E-1 3.45839E-1 3.45421E-1 3.44987E-1 3.4454E-1 3.44078E-1 3.43604E-1 3.4312E-1 3.4266E-1 3.42306E-1 3.42049E-1 3.41792E-1 3.41533E-1 3.41262E-1 3.40977E-1 3.40674E-1 3.40355E-1 3.40017E-1 3.3966E-1 3.39213E-1 3.38673E-1 3.3809E-1 3.37491E-1 3.36901E-1 3.36307E-1
3.67293E-1 3.66858E-1 3.66423E-1 3.65986E-1 3.65548E-1 3.65111E-1 3.64826E-1 3.64557E-1 3.63949E-1 3.63094E-1 3.62178E-1 3.61263E-1 3.60351E-1 3.5944E-1 3.58525E-1 3.57604E-1 3.56681E-1 3.55757E-1 3.5474E-1 3.53746E-1 3.5305E-1 3.52583E-1 3.52175E-1 3.5177E-1 3.51364E-1 3.50952E-1 3.50533E-1 3.50106E-1 3.49674E-1 3.4924E-1 3.48777E-1 3.48302E-1 3.47864E-1 3.47457E-1 3.47056E-1 3.46659E-1 3.46259E-1 3.45854E-1 3.45439E-1 3.45018E-1 3.44592E-1 3.44166E-1 3.43724E-1 3.43288E-1 3.42915E-1 3.42591E-1 3.42261E-1 3.41936E-1 3.41608E-1 3.41275E-1 3.40933E-1 3.40583E-1 3.40227E-1 3.39867E-1 3.39426E-1 3.38891E-1 3.38278E-1 3.37594E-1 3.3693E-1 3.36274E-1
3.66927E-1 3.66664E-1 3.66401E-1 3.66138E-1 3.65874E-1 3.6561E-1 3.65465E-1 3.65279E-1 3.64739E-1 3.63937E-1 3.63034E-1 3.62119E-1 3.61205E-1 3.60293E-1 3.59383E-1 3.58471E-1 3.57561E-1 3.56655E-1 3.55676E-1 3.5472E-1 3.53986E-1 3.53428E-1 3.52939E-1 3.52463E-1 3.51987E-1 3.51513E-1 3.51035E-1 3.50558E-1 3.50081E-1 3.49605E-1 3.49098E-1 3.48584E-1 3.48146E-1 3.47763E-1 3.47375E-1 3.46987E-1 3.466E-1 3.46214E-1 3.45826E-1 3.45437E-1 3.45047E-1 3.4466E-1 3.44238E-1 3.43791E-1 3.43392E-1 3.43029E-1 3.4265E-1 3.42267E-1 3.41885E-1 3.41504E-1 3.41121E-1 3.40737E-1 3.40352E-1 3.3997E-1 3.39504E-1 3.38936E-1 3.38291E-1 3.37575E-1 3.3687E-1 3.3617E-1
3.66561E-1 3.66473E-1 3.66384E-1 3.66294E-1 3.66205E-1 3.66107E-1 3.661E-1 3.66015E-1 3.65537E-1 3.64775E-1 3.63899E-1 3.6299E-1 3.62082E-1 3.61175E-1 3.6027E-1 3.59366E-1 3.58464E-1 3.57567E-1 3.56616E-1 3.55686E-1 3.54916E-1 3.54281E-1 3.53721E-1 3.53186E-1 3.52651E-1 3.52117E-1 3.51583E-1 3.5105E-1 3.50516E-1 3.49983E-1 3.4942E-1 3.48865E-1 3.48426E-1 3.48071E-1 3.47709E-1 3.47346E-1 3.46982E-1 3.46618E-1 3.46255E-1 3.45891E-1 3.45528E-1 3.45165E-1 3.44753E-1 3.44296E-1 3.43871E-1 3.43471E-1 3.43054E-1 3.42629E-1 3.42204E-1 3.4178E-1 3.41357E-1 3.40933E-1 3.4051E-1 3.40088E-1 3.39582E-1 3.38977E-1 3.383E-1 3.37558E-1 3.36828E-1 3.36103E-1
3.66194E-1 3.6628E-1 3.66364E-1 3.66449E-1 3.66535E-1 3.66603E-1 3.66741E-1 3.6677E-1 3.66351E-1 3.65618E-1 3.64767E-1 3.63865E-1 3.62962E-1 3.62062E-1 3.61162E-1 3.60264E-1 3.59369E-1 3.58482E-1 3.57555E-1 3.56641E-1 3.55837E-1 3.55132E-1 3.54503E-1 3.53909E-1 3.53316E-1 3.52725E-1 3.52133E-1 3.51542E-1 3.50951E-1 3.5036E-1 3.4974E-1 3.49145E-1 3.48705E-1 3.48376E-1 3.48041E-1 3.47702E-1 3.47363E-1 3.47025E-1 3.46686E-1 3.46348E-1 3.46009E-1 3.4567E-1 3.45268E-1 3.44804E-1 3.44354E-1 3.43912E-1 3.43455E-1 3.4299E-1 3.42525E-1 3.4206E-1 3.41595E-1 3.41131E-1 3.40667E-1 3.40204E-1 3.39657E-1 3.39012E-1 3.38304E-1 3.37539E-1 3.36784E-1 3.36035E-1
3.65826E-1 3.66085E-1 3.66344E-1 3.66605E-1 3.66864E-1 3.67103E-1 3.67395E-1 3.67547E-1 3.67184E-1 3.66471E-1 3.65637E-1 3.6474E-1 3.63843E-1 3.62948E-1 3.62056E-1 3.61165E-1 3.60274E-1 3.59395E-1 3.58489E-1 3.57585E-1 3.56748E-1 3.5598E-1 3.55285E-1 3.54633E-1 3.53982E-1 3.53332E-1 3.52682E-1 3.52033E-1 3.51384E-1 3.50734E-1 3.5006E-1 3.49426E-1 3.48984E-1 3.48681E-1 3.48372E-1 3.48058E-1 3.47743E-1 3.4743E-1 3.47117E-1 3.46804E-1 3.4649E-1 3.46176E-1 3.45786E-1 3.45315E-1 3.44838E-1 3.44353E-1 3.43856E-1 3.4335E-1 3.42843E-1 3.42337E-1 3.41831E-1 3.41326E-1 3.40822E-1 3.40318E-1 3.39729E-1 3.39045E-1 3.38305E-1 3.37517E-1 3.36739E-1 3.35965E-1
3.65456E-1 3.6589E-1 3.66324E-1 3.66759E-1 3.67194E-1 3.6761E-1 3.68069E-1 3.68347E-1 3.68039E-1 3.67338E-1 3.6651E-1 3.65618E-1 3.64727E-1 3.63839E-1 3.62951E-1 3.62066E-1 3.61181E-1 3.60308E-1 3.59416E-1 3.58519E-1 3.57647E-1 3.5682E-1 3.56069E-1 3.55356E-1 3.54648E-1 3.53939E-1 3.53231E-1 3.52523E-1 3.51817E-1 3.51108E-1 3.50378E-1 3.49706E-1 3.49263E-1 3.48987E-1 3.48702E-1 3.48412E-1 3.48123E-1 3.47834E-1 3.47545E-1 3.47257E-1 3.46968E-1 3.46679E-1 3.46302E-1 3.45827E-1 3.45323E-1 3.44795E-1 3.44255E-1 3.43708E-1 3.43161E-1 3.42613E-1 3.42067E-1 3.41521E-1 3.40975E-1 3.4043E-1 3.39799E-1 3.39073E-1 3.38303E-1 3.37493E-1 3.36691E-1 3.35895E-1
3.65085E-1 3.65693E-1 3.66302E-1 3.66913E-1 3.67524E-1 3.68122E-1 3.6876E-1 3.69173E-1 3.68919E-1 3.68219E-1 3.67386E-1 3.66499E-1 3.65615E-1 3.64731E-1 3.63849E-1 3.62969E-1 3.62091E-1 3.61221E-1 3.60335E-1 3.59441E-1 3.58537E-1 3.57656E-1 3.56852E-1 3.56082E-1 3.55314E-1 3.54547E-1 3.5378E-1 3.53013E-1 3.52248E-1 3.51482E-1 3.50698E-1 3.49986E-1 3.49543E-1 3.49291E-1 3.49031E-1 3.48767E-1 3.48502E-1 3.48238E-1 3.47974E-1 3.4771E-1 3.47445E-1 3.4718E-1 3.46818E-1 3.46339E-1 3.45809E-1 3.45236E-1 3.44653E-1 3.44065E-1 3.43477E-1 3.42888E-1 3.42301E-1 3.41714E-1 3.41126E-1 3.4054E-1 3.39867E-1 3.391E-1 3.38299E-1 3.37467E-1 3.36642E-1 3.35822E-1
3.64711E-1 3.65495E-1 3.6628E-1 3.67066E-1 3.67855E-1 3.68636E-1 3.69467E-1 3.70029E-1 3.69825E-1 3.69112E-1 3.68264E-1 3.67382E-1 3.66503E-1 3.65625E-1 3.64749E-1 3.63874E-1 3.63002E-1 3.62135E-1 3.61248E-1 3.6035E-1 3.59414E-1 3.58486E-1 3.57635E-1 3.56807E-1 3.5598E-1 3.55153E-1 3.54327E-1 3.53502E-1 3.52678E-1 3.51855E-1 3.51018E-1 3.50267E-1 3.49822E-1 3.49595E-1 3.49358E-1 3.49119E-1 3.48879E-1 3.48639E-1 3.484E-1 3.48161E-1 3.47921E-1 3.47682E-1 3.47333E-1 3.4685E-1 3.46294E-1 3.45677E-1 3.4505E-1 3.4442E-1 3.43791E-1 3.43161E-1 3.42533E-1 3.41904E-1 3.41276E-1 3.40649E-1 3.39934E-1 3.39125E-1 3.38293E-1 3.37439E-1 3.36591E-1 3.35747E-1
3.64332E-1 3.65289E-1 3.6625E-1 3.67216E-1 3.68184E-1 3.69151E-1 3.70182E-1 3.70916E-1 3.70757E-1 3.70011E-1 3.69144E-1 3.68266E-1 3.67387E-1 3.66512E-1 3.65642E-1 3.64776E-1 3.63913E-1 3.6305E-1 3.62162E-1 3.61249E-1 3.60282E-1 3.59316E-1 3.5842E-1 3.5753E-1 3.5664E-1 3.55753E-1 3.54868E-1 3.53987E-1 3.53107E-1 3.52226E-1 3.51338E-1 3.50551E-1 3.50102E-1 3.49898E-1 3.49684E-1 3.49467E-1 3.4925E-1 3.49033E-1 3.48819E-1 3.48606E-1 3.48395E-1 3.48183E-1 3.47846E-1 3.47359E-1 3.46778E-1 3.46116E-1 3.45445E-1 3.44773E-1 3.44098E-1 3.43425E-1 3.42755E-1 3.42089E-1 3.41423E-1 3.40757E-1 3.39999E-1 3.39149E-1 3.38285E-1 3.37409E-1 3.3654E-1 3.3567E-1
3.63917E-1 3.65039E-1 3.66171E-1 3.67314E-1 3.6847E-1 3.69636E-1 3.70892E-1 3.71828E-1 3.71704E-1 3.70888E-1 3.69989E-1 3.69095E-1 3.6821E-1 3.67339E-1 3.66478E-1 3.65629E-1 3.64788E-1 3.6395E-1 3.63075E-1 3.6214E-1 3.61144E-1 3.60149E-1 3.59183E-1 3.58219E-1 3.57259E-1 3.56307E-1 3.55363E-1 3.54428E-1 3.53501E-1 3.52579E-1 3.51653E-1 3.50836E-1 3.50382E-1 3.50191E-1 3.49986E-1 3.49779E-1 3.49576E-1 3.4938E-1 3.49192E-1 3.4901E-1 3.48835E-1 3.48662E-1 3.48351E-1 3.47865E-1 3.47261E-1 3.46546E-1 3.45816E-1 3.45086E-1 3.44359E-1 3.43638E-1 3.42928E-1 3.42224E-1 3.4153E-1 3.4084E-1 3.40059E-1 3.39174E-1 3.38276E-1 3.37372E-1 3.36461E-1 3.35549E-1
3.63443E-1 3.64724E-1 3.66017E-1 3.67328E-1 3.68661E-1 3.70019E-1 3.71495E-1 3.72652E-1 3.72571E-1 3.71649E-1 3.70723E-1 3.69817E-1 3.68935E-1 3.68072E-1 3.67227E-1 3.66396E-1 3.65579E-1 3.64773E-1 3.63939E-1 3.6302E-1 3.61986E-1 3.60925E-1 3.59877E-1 3.58837E-1 3.57809E-1 3.56793E-1 3.55789E-1 3.54798E-1 3.53821E-1 3.52856E-1 3.51905E-1 3.51084E-1 3.50624E-1 3.50417E-1 3.50212E-1 3.50017E-1 3.49833E-1 3.49659E-1 3.49497E-1 3.49346E-1 3.49205E-1 3.49074E-1 3.48799E-1 3.48335E-1 3.47709E-1 3.46912E-1 3.46116E-1 3.45326E-1 3.44547E-1 3.4378E-1 3.43025E-1 3.42282E-1 3.41553E-1 3.40839E-1 3.40047E-1 3.39161E-1 3.38227E-1 3.37259E-1 3.36296E-1 3.35345E-1
3.60838E-1 3.62174E-1 3.63524E-1 3.64891E-1 3.66279E-1 3.6769E-1 3.69203E-1 3.70397E-1 3.7043E-1 3.69683E-1 3.68913E-1 3.68156E-1 3.67419E-1 3.667E-1 3.65998E-1 3.6531E-1 3.64634E-1 3.63967E-1 3.63277E-1 3.62483E-1 3.61508E-1 3.60458E-1 3.59422E-1 3.58391E-1 3.57372E-1 3.56364E-1 3.55368E-1 3.54383E-1 3.53411E-1 3.5245E-1 3.515E-1 3.50679E-1 3.50229E-1 3.50035E-1 3.49838E-1 3.49644E-1 3.49461E-1 3.49288E-1 3.49124E-1 3.48972E-1 3.48829E-1 3.48694E-1 3.48401E-1 3.47905E-1 3.47249E-1 3.46439E-1 3.45625E-1 3.44813E-1 3.44012E-1 3.43222E-1 3.42442E-1 3.41674E-1 3.4092E-1 3.40178E-1 3.3935E-1 3.38423E-1 3.37476E-1 3.36503E-1 3.35531E-1 3.34564E-1
3.56809E-1 3.58138E-1 3.59476E-1 3.60825E-1 3.62185E-1 3.63553E-1 3.64971E-1 3.66082E-1 3.66286E-1 3.65891E-1 3.65402E-1 3.64912E-1 3.64427E-1 3.63951E-1 3.63484E-1 3.63025E-1 3.62569E-1 3.62114E-1 3.61644E-1 3.61063E-1 3.60207E-1 3.592E-1 3.58235E-1 3.5727E-1 3.56308E-1 3.55351E-1 3.54402E-1 3.5346E-1 3.52523E-1 3.51588E-1 3.50657E-1 3.49844E-1 3.49395E-1 3.49203E-1 3.48996E-1 3.48788E-1 3.48581E-1 3.48379E-1 3.48181E-1 3.47989E-1 3.47802E-1 3.47615E-1 3.47267E-1 3.4672E-1 3.46047E-1 3.45269E-1 3.4448E-1 3.43689E-1 3.42902E-1 3.42118E-1 3.41341E-1 3.4057E-1 3.39804E-1 3.39042E-1 3.3819E-1 3.37246E-1 3.36304E-1 3.35366E-1 3.34426E-1 3.33483E-1
3.52892E-1 3.54217E-1 3.55548E-1 3.56884E-1 3.58224E-1 3.59563E-1 3.60907E-1 3.61964E-1 3.62332E-1 3.62233E-1 3.62015E-1 3.61779E-1 3.61544E-1 3.61308E-1 3.61076E-1 3.60844E-1 3.60613E-1 3.60381E-1 3.60151E-1 3.59798E-1 3.59041E-1 3.58052E-1 3.57126E-1 3.5621E-1 3.55294E-1 3.54379E-1 3.53467E-1 3.52558E-1 3.5165E-1 3.50741E-1 3.49836E-1 3.49039E-1 3.48572E-1 3.48342E-1 3.48101E-1 3.47855E-1 3.47608E-1 3.47363E-1 3.47119E-1 3.46875E-1 3.46632E-1 3.46388E-1 3.46E-1 3.45434E-1 3.4476E-1 3.43998E-1 3.43232E-1 3.42466E-1 3.417E-1 3.40933E-1 3.4017E-1 3.39407E-1 3.38646E-1 3.37885E-1 3.37044E-1 3.36125E-1 3.35209E-1 3.34296E-1 3.33387E-1 3.32479E-1
3.48982E-1 3.50298E-1 3.51618E-1 3.52942E-1 3.54269E-1 3.55592E-1 3.56878E-1 3.5791E-1 3.58429E-1 3.58591E-1 3.58629E-1 3.58631E-1 3.58634E-1 3.58635E-1 3.58637E-1 3.58638E-1 3.58639E-1 3.58644E-1 3.5866E-1 3.58522E-1 3.57867E-1 3.56905E-1 3.56006E-1 3.55128E-1 3.54252E-1 3.53377E-1 3.52503E-1 3.5163E-1 3.50758E-1 3.49886E-1 3.49014E-1 3.48235E-1 3.47751E-1 3.47479E-1 3.47193E-1 3.469E-1 3.46609E-1 3.46318E-1 3.46026E-1 3.45735E-1 3.45444E-1 3.45153E-1 3.44733E-1 3.44151E-1 3.43477E-1 3.42727E-1 3.41976E-1 3.41223E-1 3.4047E-1 3.39718E-1 3.38967E-1 3.38217E-1 3.37467E-1 3.36717E-1 3.35896E-1 3.35006E-1 3.34116E-1 3.33225E-1 3.32337E-1 3.31452E-1
3.45104E-1 3.46409E-1 3.47719E-1 3.49032E-1 3.50348E-1 3.51653E-1 3.52893E-1 3.5392E-1 3.54583E-1 3.54982E-1 3.55269E-1 3.55503E-1 3.55738E-1 3.55973E-1 3.56207E-1 3.5644E-1 3.56673E-1 3.56913E-1 3.57169E-1 3.57233E-1 3.56681E-1 3.55755E-1 3.54887E-1 3.54048E-1 3.5321E-1 3.52373E-1 3.51536E-1 3.507E-1 3.49866E-1 3.49031E-1 3.48192E-1 3.47434E-1 3.46934E-1 3.46617E-1 3.46286E-1 3.45947E-1 3.45609E-1 3.45271E-1 3.44933E-1 3.44595E-1 3.44257E-1 3.43921E-1 3.43468E-1 3.4287E-1 3.42196E-1 3.41459E-1 3.40722E-1 3.39981E-1 3.39242E-1 3.38503E-1 3.37764E-1 3.37026E-1 3.36289E-1 3.35553E-1 3.34752E-1 3.33889E-1 3.33023E-1 3.32154E-1 3.31287E-1 3.30424E-1
3.4126E-1 3.42554E-1 3.43853E-1 3.45156E-1 3.46462E-1 3.47754E-1 3.48959E-1 3.49987E-1 3.50789E-1 3.51412E-1 3.51931E-1 3.52396E-1 3.5286E-1 3.53325E-1 3.53788E-1 3.54252E-1 3.54716E-1 3.55187E-1 3.55675E-1 3.55935E-1 3.55488E-1 3.54603E-1 3.53771E-1 3.5297E-1 3.52169E-1 3.51369E-1 3.5057E-1 3.49772E-1 3.48975E-1 3.48176E-1 3.47372E-1 3.46636E-1 3.46119E-1 3.45756E-1 3.45379E-1 3.44995E-1 3.4461E-1 3.44226E-1 3.43842E-1 3.43458E-1 3.43074E-1 3.42691E-1 3.42205E-1 3.41592E-1 3.40918E-1 3.40196E-1 3.39471E-1 3.38742E-1 3.38016E-1 3.37289E-1 3.36562E-1 3.35837E-1 3.35113E-1 3.34389E-1 3.33609E-1 3.32773E-1 3.31931E-1 3.31083E-1 3.30239E-1 3.29397E-1
3.37449E-1 3.38734E-1 3.40022E-1 3.41314E-1 3.42609E-1 3.43893E-1 3.45073E-1 3.46107E-1 3.47045E-1 3.4788E-1 3.48619E-1 3.49309E-1 3.5E-1 3.50691E-1 3.51382E-1 3.52074E-1 3.52766E-1 3.53464E-1 3.54179E-1 3.54631E-1 3.54288E-1 3.53448E-1 3.52656E-1 3.51891E-1 3.51128E-1 3.50366E-1 3.49605E-1 3.48844E-1 3.48084E-1 3.47323E-1 3.46556E-1 3.4584E-1 3.45306E-1 3.44896E-1 3.44473E-1 3.44042E-1 3.43612E-1 3.43182E-1 3.42752E-1 3.42322E-1 3.41891E-1 3.41463E-1 3.40944E-1 3.40317E-1 3.39644E-1 3.38934E-1 3.38222E-1 3.37506E-1 3.3679E-1 3.36077E-1 3.35364E-1 3.34651E-1 3.33938E-1 3.33226E-1 3.32467E-1 3.31657E-1 3.30839E-1 3.30013E-1 3.29191E-1 3.2837E-1
3.33672E-1 3.34946E-1 3.36225E-1 3.37507E-1 3.38792E-1 3.4007E-1 3.41233E-1 3.42279E-1 3.43346E-1 3.44384E-1 3.45333E-1 3.46244E-1 3.47157E-1 3.48072E-1 3.48988E-1 3.49905E-1 3.50822E-1 3.51745E-1 3.5268E-1 3.53322E-1 3.53083E-1 3.52289E-1 3.51541E-1 3.50814E-1 3.50089E-1 3.49364E-1 3.4864E-1 3.47916E-1 3.47194E-1 3.46471E-1 3.45741E-1 3.45047E-1 3.44495E-1 3.44039E-1 3.43568E-1 3.43092E-1 3.42615E-1 3.42139E-1 3.41663E-1 3.41187E-1 3.40712E-1 3.40237E-1 3.39687E-1 3.39047E-1 3.38375E-1 3.37676E-1 3.36975E-1 3.36272E-1 3.3557E-1 3.34867E-1 3.34166E-1 3.33465E-1 3.32766E-1 3.32066E-1 3.31327E-1 3.30543E-1 3.29749E-1 3.28944E-1 3.28144E-1 3.27345E-1
