Spatial_Analysis/Maxent_Outputs/Output2_NearFuture_RCP4.5/coral.asc
ncols         638
nrows         314
xllcorner     -102.97071042
yllcorner     3.973116569
cellsize      0.083
NODATA_value  -9999
[rows 162 to 188 of 314, columns 0 to 59 of 638]
4.02488E-1 4.02534E-1 4.02634E-1 4.02785E-1 4.02961E-1 4.03227E-1 4.03413E-1 4.03345E-1 4.03285E-1 4.03259E-1 4.03286E-1 4.03366E-1 4.03501E-1 4.03688E-1 4.03928E-1 4.04216E-1 4.04527E-1 4.04598E-1 4.03995E-1 4.02776E-1 4.01566E-1 4.00387E-1 3.99262E-1 3.98194E-1 3.97183E-1 3.96228E-1 3.95331E-1 3.94487E-1 3.93674E-1 3.92908E-1 3.92228E-1 3.91505E-1 3.90783E-1 3.90085E-1 3.89434E-1 3.88835E-1 3.88287E-1 3.87793E-1 3.87353E-1 3.86962E-1 3.86601E-1 3.86127E-1 3.85014E-1 3.83167E-1 3.81331E-1 3.7953E-1 3.77789E-1 3.76082E-1 3.74415E-1 3.72864E-1 3.71733E-1 -9999 -9999 -9999 -9999 -9999 -9999 -9999 -9999 -9999
4.07788E-1 4.07841E-1 4.07952E-1 4.08116E-1 4.08306E-1 4.08561E-1 4.08719E-1 4.08659E-1 4.08576E-1 4.08529E-1 4.08538E-1 4.08602E-1 4.08719E-1 4.08891E-1 4.09116E-1 4.09395E-1 4.09703E-1 4.0975E-1 4.09112E-1 4.07924E-1 4.06712E-1 4.05535E-1 4.04414E-1 4.03352E-1 4.02346E-1 4.01398E-1 4.00509E-1 3.99677E-1 3.9888E-1 3.98085E-1 3.97239E-1 3.9629E-1 3.95312E-1 3.94365E-1 3.9347E-1 3.92629E-1 3.91845E-1 3.91118E-1 3.9045E-1 3.89838E-1 3.89259E-1 3.88574E-1 3.87362E-1 3.85577E-1 3.83766E-1 3.81989E-1 3.80274E-1 3.78623E-1 3.77033E-1 3.75508E-1 3.74716E-1 3.74868E-1 -9999 -9999 -9999 -9999 -9999 -9999 -9999 -9999
4.10381E-1 4.1042E-1 4.10485E-1 4.10557E-1 4.10614E-1 4.10748E-1 4.10933E-1 4.11056E-1 4.11133E-1 4.11207E-1 4.11291E-1 4.11401E-1 4.11548E-1 4.11729E-1 4.11936E-1 4.12151E-1 4.12349E-1 4.12302E-1 4.11734E-1 4.10789E-1 4.09796E-1 4.088E-1 4.07815E-1 4.06859E-1 4.05941E-1 4.05061E-1 4.04209E-1 4.03369E-1 4.02514E-1 4.01655E-1 4.0086E-1 4.00111E-1 3.99311E-1 3.98505E-1 3.97707E-1 3.96937E-1 3.96205E-1 3.95512E-1 3.9485E-1 3.94198E-1 3.93533E-1 3.92753E-1 3.91582E-1 3.90036E-1 3.88436E-1 3.8683E-1 3.85235E-1 3.83671E-1 3.82148E-1 3.80666E-1 3.79215E-1 3.78494E-1 3.78729E-1 -9999 -9999 -9999 -9999 -9999 -9999 -9999
4.123E-1 4.12318E-1 4.12337E-1 4.12349E-1 4.12358E-1 4.12482E-1 4.12697E-1 4.12901E-1 4.131E-1 4.13291E-1 4.13476E-1 4.13662E-1 4.13858E-1 4.14064E-1 4.14271E-1 4.14469E-1 4.14658E-1 4.14654E-1 4.14164E-1 4.13324E-1 4.1248E-1 4.11629E-1 4.1077E-1 4.09915E-1 4.09073E-1 4.08241E-1 4.07412E-1 4.06577E-1 4.05729E-1 4.04916E-1 4.04219E-1 4.03614E-1 4.02999E-1 4.02376E-1 4.01744E-1 4.01116E-1 4.00499E-1 3.99892E-1 3.99289E-1 3.98679E-1 3.98061E-1 3.97356E-1 3.9628E-1 3.94847E-1 3.93401E-1 3.91949E-1 3.9049E-1 3.89037E-1 3.87597E-1 3.8617E-1 3.84749E-1 3.83323E-1 3.826E-1 3.82512E-1 -9999 -9999 -9999 -9999 -9999 -9999
4.14017E-1 4.14033E-1 4.14049E-1 4.14066E-1 4.14086E-1 4.14218E-1 4.14462E-1 4.14719E-1 4.14972E-1 4.15223E-1 4.15473E-1 4.15721E-1 4.15969E-1 4.16216E-1 4.16462E-1 4.16707E-1 4.16947E-1 4.17009E-1 4.16598E-1 4.15839E-1 4.15075E-1 4.14309E-1 4.13543E-1 4.12776E-1 4.1201E-1 4.11243E-1 4.10477E-1 4.09709E-1 4.08932E-1 4.08193E-1 4.07594E-1 4.0711E-1 4.06613E-1 4.0611E-1 4.05608E-1 4.05106E-1 4.04604E-1 4.04101E-1 4.03597E-1 4.03095E-1 4.02589E-1 4.01989E-1 4.01009E-1 3.99664E-1 3.98306E-1 3.96944E-1 3.95585E-1 3.94226E-1 3.92871E-1 3.91517E-1 3.90165E-1 3.88814E-1 3.87454E-1 3.86107E-1 3.85899E-1 3.86695E-1 3.86146E-1 3.8558E-1 -9999 -9999
4.15705E-1 4.15732E-1 4.15759E-1 4.15786E-1 4.15817E-1 4.15956E-1 4.16231E-1 4.16539E-1 4.16846E-1 4.17149E-1 4.17451E-1 4.17753E-1 4.18053E-1 4.18353E-1 4.18651E-1 4.18948E-1 4.19241E-1 4.19367E-1 4.19036E-1 4.1836E-1 4.17677E-1 4.16989E-1 4.16301E-1 4.15612E-1 4.14924E-1 4.14235E-1 4.13546E-1 4.12853E-1 4.12151E-1 4.11487E-1 4.10986E-1 4.10622E-1 4.10244E-1 4.09857E-1 4.09471E-1 4.09086E-1 4.08698E-1 4.08311E-1 4.07924E-1 4.07536E-1 4.07145E-1 4.06652E-1 4.0577E-1 4.04511E-1 4.03241E-1 4.01964E-1 4.0069E-1 3.99417E-1 3.98146E-1 3.96876E-1 3.95608E-1 3.9434E-1 3.93061E-1 3.91765E-1 3.90752E-1 3.90027E-1 3.89272E-1 3.885E-1 3.88259E-1 3.88425E-1
4.17397E-1 4.17433E-1 4.17471E-1 4.17509E-1 4.1755E-1 4.17698E-1 4.18002E-1 4.18363E-1 4.18722E-1 4.19078E-1 4.19432E-1 4.19786E-1 4.20139E-1 4.20493E-1 4.20845E-1 4.21194E-1 4.21537E-1 4.2173E-1 4.21479E-1 4.20886E-1 4.20283E-1 4.19675E-1 4.19065E-1 4.18457E-1 4.17847E-1 4.17236E-1 4.16625E-1 4.1601E-1 4.15384E-1 4.14797E-1 4.14396E-1 4.14153E-1 4.13893E-1 4.13624E-1 4.13355E-1 4.13086E-1 4.12815E-1 4.12544E-1 4.12273E-1 4.12003E-1 4.11728E-1 4.11345E-1 4.10561E-1 4.09388E-1 4.08205E-1 4.07015E-1 4.05827E-1 4.0464E-1 4.03454E-1 4.0227E-1 4.01087E-1 3.99904E-1 3.98709E-1 3.97467E-1 3.96326E-1 3.95279E-1 3.94207E-1 3.93121E-1 3.92034E-1 3.90948E-1
4.19091E-1 4.19138E-1 4.19185E-1 4.19234E-1 4.19285E-1 4.19443E-1 4.19777E-1 4.2019E-1 4.20601E-1 4.21009E-1 4.21417E-1 4.21823E-1 4.2223E-1 4.22636E-1 4.23041E-1 4.23445E-1 4.23839E-1 4.24097E-1 4.23927E-1 4.23415E-1 4.22893E-1 4.22365E-1 4.21836E-1 4.21307E-1 4.20777E-1 4.20246E-1 4.19715E-1 4.1918E-1 4.18631E-1 4.18124E-1 4.17824E-1 4.177E-1 4.1756E-1 4.17409E-1 4.17257E-1 4.17106E-1 4.16954E-1 4.168E-1 4.16647E-1 4.16493E-1 4.16337E-1 4.16067E-1 4.15382E-1 4.14296E-1 4.132E-1 4.12098E-1 4.10996E-1 4.09895E-1 4.08795E-1 4.07697E-1 4.066E-1 4.05503E-1 4.04396E-1 4.03212E-1 4.0194E-1 4.00566E-1 3.99173E-1 3.97768E-1 3.96364E-1 3.94962E-1
4.20788E-1 4.20845E-1 4.20903E-1 4.20961E-1 4.21023E-1 4.21191E-1 4.21556E-1 4.22022E-1 4.22484E-1 4.22944E-1 4.23404E-1 4.23863E-1 4.24322E-1 4.24781E-1 4.2524E-1 4.25697E-1 4.26145E-1 4.26471E-1 4.2638E-1 4.25951E-1 4.25509E-1 4.25062E-1 4.24615E-1 4.24166E-1 4.23717E-1 4.23266E-1 4.22816E-1 4.22363E-1 4.21895E-1 4.2147E-1 4.21271E-1 4.21266E-1 4.21243E-1 4.21211E-1 4.21178E-1 4.21146E-1 4.21113E-1 4.21078E-1 4.21044E-1 4.21008E-1 4.20971E-1 4.20816E-1 4.2023E-1 4.19232E-1 4.18224E-1 4.17208E-1 4.16193E-1 4.1518E-1 4.14167E-1 4.13155E-1 4.12146E-1 4.11137E-1 4.1012E-1 4.08995E-1 4.07592E-1 4.05886E-1 4.04166E-1 4.02442E-1 4.00719E-1 3.98999E-1
4.22488E-1 4.22556E-1 4.22624E-1 4.22692E-1 4.22764E-1 4.22942E-1 4.23337E-1 4.23855E-1 4.2437E-1 4.24882E-1 4.25394E-1 4.25906E-1 4.26417E-1 4.26929E-1 4.27441E-1 4.27952E-1 4.28457E-1 4.28852E-1 4.28841E-1 4.28492E-1 4.2813E-1 4.27765E-1 4.27399E-1 4.27031E-1 4.26664E-1 4.26295E-1 4.25926E-1 4.25557E-1 4.25174E-1 4.24835E-1 4.24737E-1 4.2485E-1 4.24943E-1 4.25031E-1 4.25119E-1 4.25205E-1 4.25292E-1 4.25377E-1 4.25462E-1 4.25547E-1 4.25631E-1 4.25591E-1 4.25107E-1 4.24197E-1 4.23274E-1 4.22346E-1 4.21419E-1 4.20494E-1 4.19569E-1 4.18644E-1 4.17723E-1 4.16802E-1 4.15877E-1 4.14811E-1 4.13276E-1 4.11236E-1 4.09188E-1 4.07141E-1 4.05098E-1 4.03057E-1
4.24198E-1 4.24272E-1 4.24348E-1 4.24427E-1 4.24507E-1 4.24695E-1 4.25121E-1 4.25692E-1 4.26259E-1 4.26824E-1 4.27391E-1 4.27958E-1 4.28523E-1 4.29084E-1 4.29647E-1 4.30212E-1 4.30773E-1 4.31239E-1 4.31308E-1 4.31037E-1 4.30756E-1 4.30472E-1 4.30191E-1 4.29909E-1 4.29623E-1 4.29336E-1 4.29048E-1 4.28762E-1 4.28468E-1 4.28217E-1 4.28221E-1 4.2845E-1 4.28662E-1 4.2887E-1 4.2908E-1 4.2929E-1 4.29497E-1 4.297E-1 4.29903E-1 4.30108E-1 4.30313E-1 4.30392E-1 4.30011E-1 4.29189E-1 4.2835E-1 4.27511E-1 4.26676E-1 4.25843E-1 4.25007E-1 4.24169E-1 4.23331E-1 4.22498E-1 4.21665E-1 4.20659E-1 4.18989E-1 4.16612E-1 4.14237E-1 4.11866E-1 4.09502E-1 4.07143E-1
4.26009E-1 4.26076E-1 4.26134E-1 4.26188E-1 4.26255E-1 4.26451E-1 4.26912E-1 4.2754E-1 4.28182E-1 4.28827E-1 4.29465E-1 4.30093E-1 4.30707E-1 4.31308E-1 4.31903E-1 4.32495E-1 4.33095E-1 4.33633E-1 4.33778E-1 4.33591E-1 4.33409E-1 4.33233E-1 4.33051E-1 4.3286E-1 4.32657E-1 4.32444E-1 4.32223E-1 4.31996E-1 4.31777E-1 4.31618E-1 4.31722E-1 4.3207E-1 4.32419E-1 4.32775E-1 4.33126E-1 4.33467E-1 4.33796E-1 4.34112E-1 4.34417E-1 4.34716E-1 4.35021E-1 4.35217E-1 4.34943E-1 4.3421E-1 4.33482E-1 4.32765E-1 4.32045E-1 4.31315E-1 4.30571E-1 4.29811E-1 4.29039E-1 4.2826E-1 4.27489E-1 4.26535E-1 4.24728E-1 4.22021E-1 4.19344E-1 4.16686E-1 4.14026E-1 4.11359E-1
4.2799E-1 4.28051E-1 4.28087E-1 4.28103E-1 4.28108E-1 4.28243E-1 4.28751E-1 4.29504E-1 4.30248E-1 4.30975E-1 4.3168E-1 4.32362E-1 4.33023E-1 4.33664E-1 4.34289E-1 4.34896E-1 4.35498E-1 4.36057E-1 4.36283E-1 4.36235E-1 4.3618E-1 4.36115E-1 4.36032E-1 4.3593E-1 4.35811E-1 4.35673E-1 4.35518E-1 4.35348E-1 4.35168E-1 4.35057E-1 4.35264E-1 4.35788E-1 4.36306E-1 4.36817E-1 4.37311E-1 4.37784E-1 4.3824E-1 4.38675E-1 4.39087E-1 4.39476E-1 4.3985E-1 4.40093E-1 4.39933E-1 4.39359E-1 4.38783E-1 4.38201E-1 4.37601E-1 4.36977E-1 4.3633E-1 4.35657E-1 4.34954E-1 4.34223E-1 4.33474E-1 4.32492E-1 4.3052E-1 4.27583E-1 4.24657E-1 4.21723E-1 4.18769E-1 4.15789E-1
4.28572E-1 4.28634E-1 4.28671E-1 4.28687E-1 4.28698E-1 4.28862E-1 4.2945E-1 4.30339E-1 4.31235E-1 4.3211E-1 4.32962E-1 4.33792E-1 4.346E-1 4.35388E-1 4.36157E-1 4.36908E-1 4.37657E-1 4.38369E-1 4.38721E-1 4.3876E-1 4.38806E-1 4.3884E-1 4.38854E-1 4.3885E-1 4.38826E-1 4.38785E-1 4.38728E-1 4.38652E-1 4.3857E-1 4.38552E-1 4.38841E-1 4.39428E-1 4.40025E-1 4.4061E-1 4.41179E-1 4.41728E-1 4.42257E-1 4.42764E-1 4.4325E-1 4.43711E-1 4.44159E-1 4.44483E-1 4.44353E-1 4.43785E-1 4.43232E-1 4.4267E-1 4.42089E-1 4.41485E-1 4.40856E-1 4.40199E-1 4.39512E-1 4.38794E-1 4.38054E-1 4.37066E-1 4.34978E-1 4.31769E-1 4.28595E-1 4.2541E-1 4.22202E-1 4.18968E-1
4.27799E-1 4.27872E-1 4.27935E-1 4.27996E-1 4.28068E-1 4.28313E-1 4.29026E-1 4.30071E-1 4.3113E-1 4.32188E-1 4.33243E-1 4.34287E-1 4.35315E-1 4.36331E-1 4.37338E-1 4.38345E-1 4.39355E-1 4.40311E-1 4.40833E-1 4.40963E-1 4.41102E-1 4.41242E-1 4.41379E-1 4.41506E-1 4.4162E-1 4.41722E-1 4.41818E-1 4.4191E-1 4.42002E-1 4.42134E-1 4.42501E-1 4.43081E-1 4.43664E-1 4.44248E-1 4.44831E-1 4.45404E-1 4.45963E-1 4.46508E-1 4.47042E-1 4.47571E-1 4.48106E-1 4.485E-1 4.48343E-1 4.47654E-1 4.46976E-1 4.46304E-1 4.45631E-1 4.44947E-1 4.44246E-1 4.43528E-1 4.42793E-1 4.4205E-1 4.41313E-1 4.40329E-1 4.38152E-1 4.34714E-1 4.31319E-1 4.27937E-1 4.24557E-1 4.21169E-1
4.26938E-1 4.27021E-1 4.27104E-1 4.27191E-1 4.27285E-1 4.27566E-1 4.28413E-1 4.29657E-1 4.30898E-1 4.32142E-1 4.33388E-1 4.34634E-1 4.35876E-1 4.37116E-1 4.38354E-1 4.39595E-1 4.40832E-1 4.41991E-1 4.42694E-1 4.42987E-1 4.4327E-1 4.43555E-1 4.43842E-1 4.44127E-1 4.44408E-1 4.44687E-1 4.44964E-1 4.45243E-1 4.45514E-1 4.45797E-1 4.46252E-1 4.46862E-1 4.47456E-1 4.48049E-1 4.48646E-1 4.4924E-1 4.49831E-1 4.50418E-1 4.51002E-1 4.51589E-1 4.52182E-1 4.52604E-1 4.52407E-1 4.5162E-1 4.50825E-1 4.50031E-1 4.49242E-1 4.48451E-1 4.47657E-1 4.46858E-1 4.46054E-1 4.45255E-1 4.44461E-1 4.43406E-1 4.41142E-1 4.37598E-1 4.34073E-1 4.30563E-1 4.27066E-1 4.23576E-1
4.26173E-1 4.26256E-1 4.26339E-1 4.26422E-1 4.26511E-1 4.2682E-1 4.27801E-1 4.29255E-1 4.30707E-1 4.32159E-1 4.33611E-1 4.35063E-1 4.36517E-1 4.37971E-1 4.39426E-1 4.4088E-1 4.42327E-1 4.43683E-1 4.44567E-1 4.4503E-1 4.45483E-1 4.45933E-1 4.46383E-1 4.46832E-1 4.47282E-1 4.47732E-1 4.48181E-1 4.48629E-1 4.49062E-1 4.49493E-1 4.50035E-1 4.50682E-1 4.5131E-1 4.51933E-1 4.52557E-1 4.53181E-1 4.53804E-1 4.54429E-1 4.55051E-1 4.55675E-1 4.56302E-1 4.56743E-1 4.56506E-1 4.55624E-1 4.5474E-1 4.53852E-1 4.52964E-1 4.52075E-1 4.51188E-1 4.503E-1 4.49414E-1 4.48527E-1 4.4764E-1 4.46495E-1 4.4414E-1 4.40505E-1 4.36888E-1 4.33285E-1 4.29691E-1 4.26106E-1
4.25425E-1 4.255E-1 4.25576E-1 4.25655E-1 4.25736E-1 4.26073E-1 4.27191E-1 4.28853E-1 4.30517E-1 4.3218E-1 4.33843E-1 4.35507E-1 4.37172E-1 4.38838E-1 4.40505E-1 4.42172E-1 4.4383E-1 4.45387E-1 4.46452E-1 4.47087E-1 4.4771E-1 4.4833E-1 4.48948E-1 4.49567E-1 4.50186E-1 4.50805E-1 4.51423E-1 4.52039E-1 4.52639E-1 4.53222E-1 4.53854E-1 4.54533E-1 4.55195E-1 4.55852E-1 4.56509E-1 4.57165E-1 4.57822E-1 4.58479E-1 4.59134E-1 4.59791E-1 4.60452E-1 4.60914E-1 4.60639E-1 4.59659E-1 4.58681E-1 4.57699E-1 4.56717E-1 4.55736E-1 4.54755E-1 4.53773E-1 4.52793E-1 4.51813E-1 4.50833E-1 4.49596E-1 4.47149E-1 4.43421E-1 4.39712E-1 4.3602E-1 4.32337E-1 4.28663E-1
4.24676E-1 4.24745E-1 4.24815E-1 4.24887E-1 4.24961E-1 4.25328E-1 4.2658E-1 4.28453E-1 4.30328E-1 4.32201E-1 4.34076E-1 4.35953E-1 4.3783E-1 4.3971E-1 4.41591E-1 4.43471E-1 4.45342E-1 4.47103E-1 4.48351E-1 4.49155E-1 4.4995E-1 4.5074E-1 4.5153E-1 4.5232E-1 4.5311E-1 4.53899E-1 4.54688E-1 4.55475E-1 4.56246E-1 4.56983E-1 4.57704E-1 4.58415E-1 4.5911E-1 4.598E-1 4.6049E-1 4.6118E-1 4.6187E-1 4.62559E-1 4.63249E-1 4.63939E-1 4.64633E-1 4.65118E-1 4.64804E-1 4.63724E-1 4.62648E-1 4.61571E-1 4.60493E-1 4.59416E-1 4.58341E-1 4.57265E-1 4.5619E-1 4.55114E-1 4.54041E-1 4.52708E-1 4.50166E-1 4.46346E-1 4.42544E-1 4.38762E-1 4.3499E-1 4.31226E-1
4.23927E-1 4.2399E-1 4.24053E-1 4.24117E-1 4.24185E-1 4.24582E-1 4.2597E-1 4.28053E-1 4.30138E-1 4.32223E-1 4.34311E-1 4.36399E-1 4.38491E-1 4.40585E-1 4.42681E-1 4.44775E-1 4.46864E-1 4.4883E-1 4.50262E-1 4.51237E-1 4.52202E-1 4.53165E-1 4.54127E-1 4.5509E-1 4.56052E-1 4.57014E-1 4.57976E-1 4.58935E-1 4.59881E-1 4.60775E-1 4.61584E-1 4.62326E-1 4.63054E-1 4.63778E-1 4.64502E-1 4.65225E-1 4.65947E-1 4.66671E-1 4.67394E-1 4.68118E-1 4.68848E-1 4.69353E-1 4.68998E-1 4.67817E-1 4.66642E-1 4.65468E-1 4.64293E-1 4.63118E-1 4.61946E-1 4.60773E-1 4.596E-1 4.58428E-1 4.57258E-1 4.55828E-1 4.53191E-1 4.49278E-1 4.45384E-1 4.41511E-1 4.37648E-1 4.33795E-1
4.23179E-1 4.23235E-1 4.23291E-1 4.23348E-1 4.23408E-1 4.23835E-1 4.25361E-1 4.27653E-1 4.2995E-1 4.32246E-1 4.34547E-1 4.36849E-1 4.39155E-1 4.41463E-1 4.43775E-1 4.46087E-1 4.48393E-1 4.50568E-1 4.52184E-1 4.53329E-1 4.54467E-1 4.55603E-1 4.56739E-1 4.57876E-1 4.59013E-1 4.6015E-1 4.61286E-1 4.62421E-1 4.63543E-1 4.64597E-1 4.65497E-1 4.66267E-1 4.67027E-1 4.67784E-1 4.68541E-1 4.69299E-1 4.70055E-1 4.70812E-1 4.71569E-1 4.72326E-1 4.7309E-1 4.73617E-1 4.7322E-1 4.71936E-1 4.7066E-1 4.69387E-1 4.68114E-1 4.6684E-1 4.65568E-1 4.64296E-1 4.63025E-1 4.61755E-1 4.60486E-1 4.58957E-1 4.56224E-1 4.52217E-1 4.48232E-1 4.44267E-1 4.40313E-1 4.36369E-1
4.2243E-1 4.2248E-1 4.22529E-1 4.22579E-1 4.22632E-1 4.23089E-1 4.2475E-1 4.27254E-1 4.29761E-1 4.3227E-1 4.34783E-1 4.37301E-1 4.39821E-1 4.42345E-1 4.44873E-1 4.47404E-1 4.49932E-1 4.52316E-1 4.54117E-1 4.55433E-1 4.56745E-1 4.58056E-1 4.59369E-1 4.6068E-1 4.61992E-1 4.63304E-1 4.64617E-1 4.6593E-1 4.67232E-1 4.68447E-1 4.69438E-1 4.70235E-1 4.71028E-1 4.71818E-1 4.72609E-1 4.73401E-1 4.74192E-1 4.74984E-1 4.75774E-1 4.76565E-1 4.77362E-1 4.7791E-1 4.7747E-1 4.76083E-1 4.74704E-1 4.73329E-1 4.71956E-1 4.70581E-1 4.69208E-1 4.67835E-1 4.66464E-1 4.65094E-1 4.63726E-1 4.62094E-1 4.59263E-1 4.55161E-1 4.51085E-1 4.47029E-1 4.42984E-1 4.3895E-1
4.21684E-1 4.21726E-1 4.21768E-1 4.2181E-1 4.21856E-1 4.22342E-1 4.2414E-1 4.26855E-1 4.29572E-1 4.32295E-1 4.35023E-1 4.37757E-1 4.40494E-1 4.43232E-1 4.45977E-1 4.48727E-1 4.51477E-1 4.54072E-1 4.5606E-1 4.57549E-1 4.59035E-1 4.60524E-1 4.62013E-1 4.63504E-1 4.64994E-1 4.66482E-1 4.6797E-1 4.69461E-1 4.70947E-1 4.72325E-1 4.73405E-1 4.7423E-1 4.75055E-1 4.7588E-1 4.76707E-1 4.77536E-1 4.78362E-1 4.79185E-1 4.80007E-1 4.80833E-1 4.81662E-1 4.82228E-1 4.81745E-1 4.80254E-1 4.78772E-1 4.77293E-1 4.75817E-1 4.74343E-1 4.72868E-1 4.71393E-1 4.69919E-1 4.68448E-1 4.66979E-1 4.65239E-1 4.62308E-1 4.58111E-1 4.53948E-1 4.498E-1 4.45662E-1 4.41537E-1
4.20981E-1 4.21011E-1 4.21035E-1 4.21056E-1 4.2108E-1 4.21593E-1 4.2353E-1 4.26456E-1 4.29397E-1 4.32351E-1 4.35309E-1 4.38267E-1 4.41221E-1 4.44171E-1 4.47122E-1 4.50073E-1 4.53031E-1 4.55836E-1 4.58011E-1 4.59677E-1 4.61354E-1 4.63042E-1 4.64727E-1 4.66406E-1 4.68077E-1 4.69737E-1 4.71389E-1 4.73037E-1 4.74688E-1 4.76229E-1 4.77395E-1 4.78254E-1 4.79128E-1 4.80013E-1 4.80893E-1 4.81766E-1 4.82627E-1 4.83477E-1 4.84316E-1 4.85152E-1 4.85993E-1 4.86572E-1 4.86045E-1 4.84452E-1 4.82879E-1 4.81316E-1 4.7975E-1 4.7818E-1 4.76599E-1 4.75012E-1 4.73421E-1 4.71829E-1 4.70245E-1 4.68393E-1 4.65356E-1 4.61072E-1 4.56826E-1 4.52593E-1 4.48367E-1 4.44149E-1
4.20361E-1 4.20378E-1 4.20383E-1 4.20375E-1 4.20362E-1 4.20864E-1 4.22932E-1 4.26115E-1 4.29308E-1 4.32504E-1 4.35696E-1 4.38879E-1 4.42053E-1 4.45218E-1 4.48372E-1 4.51517E-1 4.54661E-1 4.57634E-1 4.59979E-1 4.61881E-1 4.63787E-1 4.65691E-1 4.67578E-1 4.69449E-1 4.713E-1 4.73134E-1 4.74949E-1 4.76745E-1 4.78533E-1 4.8019E-1 4.8142E-1 4.8238E-1 4.83345E-1 4.84301E-1 4.85238E-1 4.86154E-1 4.8705E-1 4.87925E-1 4.88779E-1 4.89615E-1 4.90442E-1 4.90975E-1 4.90382E-1 4.88746E-1 4.87114E-1 4.85473E-1 4.83815E-1 4.82139E-1 4.80447E-1 4.78742E-1 4.77026E-1 4.75301E-1 4.73579E-1 4.71584E-1 4.68416E-1 4.64082E-1 4.59763E-1 4.55444E-1 4.51123E-1 4.46803E-1
4.18709E-1 4.18723E-1 4.18723E-1 4.18707E-1 4.18677E-1 4.19182E-1 4.21291E-1 4.24524E-1 4.27777E-1 4.31029E-1 4.34273E-1 4.37509E-1 4.40736E-1 4.43953E-1 4.47157E-1 4.5035E-1 4.5353E-1 4.56548E-1 4.58987E-1 4.6098E-1 4.62991E-1 4.64991E-1 4.66974E-1 4.68938E-1 4.70883E-1 4.72809E-1 4.74714E-1 4.76596E-1 4.78462E-1 4.80184E-1 4.81471E-1 4.8242E-1 4.83388E-1 4.84341E-1 4.85271E-1 4.86178E-1 4.87064E-1 4.87928E-1 4.8877E-1 4.8959E-1 4.90394E-1 4.9091E-1 4.90312E-1 4.88648E-1 4.87003E-1 4.85343E-1 4.83662E-1 4.81962E-1 4.80245E-1 4.78514E-1 4.76772E-1 4.7502E-1 4.73264E-1 4.71247E-1 4.68152E-1 4.63943E-1 4.59755E-1 4.5556E-1 4.51362E-1 4.47165E-1
4.16262E-1 4.16279E-1 4.16289E-1 4.16293E-1 4.16303E-1 4.16825E-1 4.18845E-1 4.21912E-1 4.25001E-1 4.28097E-1 4.31198E-1 4.34298E-1 4.37393E-1 4.40481E-1 4.43565E-1 4.4665E-1 4.49743E-1 4.52688E-1 4.5506E-1 4.56973E-1 4.58906E-1 4.60839E-1 4.62773E-1 4.64696E-1 4.66605E-1 4.68503E-1 4.70389E-1 4.72269E-1 4.74153E-1 4.75888E-1 4.77132E-1 4.77956E-1 4.78803E-1 4.79652E-1 4.80496E-1 4.81328E-1 4.82144E-1 4.82945E-1 4.83734E-1 4.84517E-1 4.85305E-1 4.85828E-1 4.85243E-1 4.83591E-1 4.81968E-1 4.80345E-1 4.7872E-1 4.77084E-1 4.75439E-1 4.73783E-1 4.72123E-1 4.70462E-1 4.68807E-1 4.66922E-1 4.64061E-1 4.60161E-1 4.56293E-1 4.52431E-1 4.48573E-1 4.44719E-1
