Spatial_Analysis/Maxent_Outputs/Output2_NearFuture_RCP4.5/coral.asc
ncols         638
nrows         314
xllcorner     -102.97071042
yllcorner     3.973116569
cellsize      0.083
NODATA_value  -9999
[rows 135 to 161 of 314, columns 360 to 419 of 638]
5.59259E-1 5.57479E-1 -9999 5.51451E-1 5.48362E-1 5.45717E-1 5.45327E-1 -9999 -9999 -9999 -9999 -9999 -9999 -9999 -9999 -9999 -9999 -9999 -9999 -9999 -9999 -9999 -9999 -9999 -9999 -9999 -9999 -9999 -9999 -9999 -9999 -9999 -9999 -9999 -9999 -9999 -9999 -9999 -9999 -9999 -9999 -9999 -9999 -9999 -9999 -9999 -9999 -9999 -9999 -9999 -9999 -9999 -9999 -9999 -9999 4.42623E-1 4.3715E-1 4.30747E-1 4.24486E-1 4.1832E-1
5.57946E-1 5.55477E-1 5.52884E-1 5.51858E-1 5.48921E-1 5.46664E-1 5.45005E-1 5.4212E-1 5.35758E-1 -9999 -9999 -9999 -9999 -9999 -9999 -9999 -9999 -9999 -9999 -9999 -9999 -9999 -9999 -9999 -9999 -9999 -9999 -9999 -9999 -9999 -9999 -9999 -9999 -9999 -9999 -9999 -9999 -9999 -9999 -9999 -9999 -9999 -9999 -9999 -9999 -9999 -9999 -9999 -9999 -9999 -9999 -9999 -9999 -9999 -9999 -9999 4.37232E-1 4.31074E-1 4.2481E-1 4.18639E-1
5.56837E-1 5.55039E-1 5.5322E-1 5.51384E-1 5.49539E-1 5.47695E-1 5.46317E-1 5.43504E-1 5.36954E-1 -9999 -9999 -9999 -9999 -9999 -9999 -9999 -9999 -9999 -9999 -9999 -9999 -9999 -9999 -9999 -9999 -9999 -9999 -9999 -9999 -9999 -9999 -9999 -9999 -9999 -9999 -9999 -9999 -9999 -9999 -9999 -9999 -9999 -9999 -9999 -9999 -9999 -9999 -9999 -9999 -9999 -9999 -9999 -9999 -9999 -9999 -9999 -9999 4.31186E-1 4.25143E-1 4.18981E-1
5.55919E-1 5.54566E-1 5.53182E-1 5.51772E-1 5.50335E-1 5.47859E-1 5.46571E-1 5.43939E-1 -9999 -9999 -9999 -9999 -9999 -9999 -9999 -9999 -9999 -9999 -9999 -9999 -9999 -9999 -9999 -9999 -9999 -9999 -9999 -9999 -9999 -9999 -9999 -9999 -9999 -9999 -9999 -9999 -9999 -9999 -9999 -9999 -9999 -9999 -9999 -9999 -9999 -9999 -9999 -9999 -9999 -9999 -9999 -9999 -9999 -9999 -9999 -9999 -9999 4.31899E-1 4.25499E-1 4.19366E-1
5.56171E-1 -9999 5.53766E-1 5.52517E-1 5.51239E-1 -9999 -9999 -9999 -9999 -9999 -9999 -9999 -9999 -9999 -9999 -9999 -9999 -9999 -9999 -9999 -9999 -9999 -9999 -9999 -9999 -9999 -9999 -9999 -9999 -9999 -9999 -9999 -9999 -9999 -9999 -9999 -9999 -9999 4.05425E-1 4.0296E-1 4.00498E-1 3.97828E-1 3.96091E-1 -9999 -9999 4.01202E-1 4.03689E-1 -9999 -9999 -9999 -9999 -9999 -9999 -9999 -9999 -9999 4.33225E-1 4.31108E-1 4.25216E-1 4.19425E-1
-9999 -9999 -9999 -9999 -9999 -9999 -9999 -9999 -9999 -9999 -9999 -9999 -9999 -9999 -9999 -9999 -9999 -9999 -9999 -9999 -9999 -9999 -9999 -9999 -9999 -9999 -9999 -9999 4.38479E-1 4.32552E-1 -9999 -9999 -9999 -9999 -9999 -9999 -9999 4.10157E-1 4.06983E-1 4.04568E-1 4.02158E-1 3.99759E-1 3.97615E-1 3.97576E-1 3.99994E-1 4.0269E-1 4.06617E-1 4.10768E-1 4.14362E-1 4.18021E-1 4.21749E-1 -9999 -9999 -9999 -9999 4.38622E-1 4.34663E-1 4.29847E-1 4.24546E-1 4.1932E-1
-9999 -9999 -9999 -9999 -9999 -9999 -9999 -9999 -9999 -9999 -9999 -9999 -9999 -9999 -9999 -9999 -9999 -9999 -9999 -9999 -9999 -9999 -9999 -9999 4.57611E-1 4.56276E-1 -9999 4.44475E-1 4.39723E-1 4.35388E-1 -9999 -9999 -9999 -9999 -9999 -9999 4.1611E-1 4.12995E-1 4.10631E-1 4.08273E-1 4.05923E-1 4.03585E-1 4.00988E-1 3.99947E-1 4.02501E-1 4.05582E-1 4.08744E-1 4.11963E-1 4.15242E-1 4.1858E-1 4.21977E-1 4.24153E-1 -9999 -9999 4.36142E-1 4.373E-1 4.33429E-1 4.2869E-1 4.23984E-1 4.1933E-1
-9999 -9999 -9999 -9999 -9999 -9999 -9999 5.28975E-1 5.24949E-1 5.20928E-1 5.16912E-1 5.12897E-1 5.08885E-1 -9999 -9999 -9999 -9999 -9999 -9999 -9999 -9999 -9999 -9999 -9999 4.59155E-1 4.55517E-1 4.51474E-1 4.46909E-1 4.42718E-1 4.38535E-1 4.34639E-1 -9999 4.29257E-1 4.26972E-1 4.24689E-1 4.22E-1 4.18957E-1 4.16639E-1 4.14327E-1 4.12021E-1 4.09722E-1 4.07437E-1 4.04922E-1 4.038E-1 4.05907E-1 4.08489E-1 4.11149E-1 4.1386E-1 4.16617E-1 4.1942E-1 4.22271E-1 4.24075E-1 -9999 -9999 4.34125E-1 4.3505E-1 4.31676E-1 4.27553E-1 4.23441E-1 4.19366E-1
5.35031E-1 5.3305E-1 5.30362E-1 5.29236E-1 5.28953E-1 5.29375E-1 5.28695E-1 5.272E-1 5.23447E-1 5.19701E-1 5.1596E-1 5.12222E-1 5.08486E-1 5.04753E-1 5.00764E-1 -9999 -9999 -9999 -9999 -9999 -9999 -9999 -9999 -9999 4.58954E-1 4.57856E-1 4.53803E-1 4.49758E-1 4.45722E-1 4.41693E-1 4.37597E-1 4.34054E-1 4.31687E-1 4.29401E-1 4.27119E-1 4.24841E-1 4.22568E-1 4.20302E-1 4.18041E-1 4.15787E-1 4.13537E-1 4.11308E-1 4.08874E-1 4.0767E-1 4.09325E-1 4.11404E-1 4.13559E-1 4.1576E-1 4.17995E-1 4.20266E-1 4.22574E-1 4.24816E-1 4.26997E-1 4.29406E-1 4.32164E-1 4.32843E-1 4.29955E-1 4.26434E-1 4.22912E-1 4.1941E-1
5.30707E-1 5.29585E-1 5.28463E-1 5.2734E-1 5.26218E-1 5.251E-1 5.24436E-1 5.23128E-1 5.19853E-1 5.16586E-1 5.13325E-1 5.10067E-1 5.06812E-1 5.03561E-1 5.00315E-1 4.96886E-1 -9999 -9999 -9999 -9999 -9999 -9999 -9999 -9999 4.64589E-1 4.60403E-1 4.56506E-1 4.52616E-1 4.48734E-1 4.44859E-1 4.40884E-1 4.37415E-1 4.35099E-1 4.32865E-1 4.30636E-1 4.28412E-1 4.26194E-1 4.23981E-1 4.21772E-1 4.19568E-1 4.1737E-1 4.15195E-1 4.12843E-1 4.11554E-1 4.12754E-1 4.14327E-1 4.15974E-1 4.17663E-1 4.19376E-1 4.21117E-1 4.22884E-1 4.24676E-1 4.26496E-1 4.28335E-1 4.30203E-1 4.30679E-1 4.28268E-1 4.25337E-1 4.22395E-1 4.19462E-1
5.26384E-1 5.25272E-1 5.24159E-1 5.23047E-1 5.21934E-1 5.20824E-1 5.2018E-1 5.19058E-1 5.16262E-1 5.13474E-1 5.10694E-1 5.07919E-1 5.05147E-1 5.02378E-1 4.99614E-1 4.96854E-1 4.93987E-1 4.93477E-1 -9999 -9999 -9999 -9999 -9999 4.70697E-1 4.66704E-1 4.62957E-1 4.59217E-1 4.55482E-1 4.51754E-1 4.48035E-1 4.44181E-1 4.40786E-1 4.38522E-1 4.36341E-1 4.34166E-1 4.31997E-1 4.29833E-1 4.27674E-1 4.25517E-1 4.23366E-1 4.21221E-1 4.19099E-1 4.16824E-1 4.15447E-1 4.16187E-1 4.17254E-1 4.18393E-1 4.19568E-1 4.2076E-1 4.2197E-1 4.232E-1 4.24447E-1 4.25714E-1 4.2699E-1 4.28299E-1 4.28559E-1 4.26616E-1 4.24263E-1 4.21891E-1 4.19521E-1
5.22062E-1 5.2096E-1 5.19858E-1 5.18756E-1 5.17652E-1 5.16551E-1 5.15924E-1 5.14991E-1 5.12674E-1 5.10367E-1 5.08069E-1 5.05776E-1 5.03488E-1 5.01202E-1 4.9892E-1 4.96645E-1 4.94373E-1 4.93071E-1 -9999 -9999 -9999 -9999 4.76506E-1 4.72706E-1 4.6911E-1 4.6552E-1 4.61935E-1 4.58356E-1 4.54783E-1 4.51218E-1 4.47485E-1 4.44164E-1 4.41953E-1 4.39826E-1 4.37708E-1 4.35594E-1 4.33485E-1 4.31379E-1 4.29278E-1 4.27179E-1 4.25087E-1 4.23016E-1 4.20814E-1 4.19345E-1 4.19622E-1 4.20185E-1 4.20818E-1 4.21475E-1 4.22146E-1 4.22829E-1 4.23523E-1 4.2423E-1 4.24949E-1 4.25673E-1 4.26435E-1 4.26484E-1 4.24997E-1 4.23212E-1 4.214E-1 4.19586E-1
5.17742E-1 5.1665E-1 5.15557E-1 5.14466E-1 5.13373E-1 5.12282E-1 5.1167E-1 5.10925E-1 5.09089E-1 5.07265E-1 5.0545E-1 5.03639E-1 5.01834E-1 5.00032E-1 4.98235E-1 4.96443E-1 4.94655E-1 4.92836E-1 4.90694E-1 -9999 -9999 4.7908E-1 4.78408E-1 4.74964E-1 4.71525E-1 4.6809E-1 4.64661E-1 4.61238E-1 4.57819E-1 4.54408E-1 4.50796E-1 4.4755E-1 4.45392E-1 4.4332E-1 4.4126E-1 4.39203E-1 4.37149E-1 4.351E-1 4.33053E-1 4.31008E-1 4.2897E-1 4.26948E-1 4.24809E-1 4.23244E-1 4.23056E-1 4.23118E-1 4.23246E-1 4.23387E-1 4.23535E-1 4.23691E-1 4.23854E-1 4.24025E-1 4.24202E-1 4.24381E-1 4.2461E-1 4.24453E-1 4.23414E-1 4.22184E-1 4.20922E-1 4.1966E-1
5.13423E-1 5.12342E-1 5.11262E-1 5.10179E-1 5.09096E-1 5.08015E-1 5.07419E-1 5.06861E-1 5.05507E-1 5.04169E-1 5.02837E-1 5.0151E-1 5.00188E-1 4.98872E-1 4.97559E-1 4.96249E-1 4.94945E-1 4.93647E-1 4.92404E-1 -9999 -9999 4.83969E-1 4.80517E-1 4.77232E-1 4.73953E-1 4.70676E-1 4.674E-1 4.64129E-1 4.60864E-1 4.57606E-1 4.54111E-1 4.50939E-1 4.48838E-1 4.46826E-1 4.44823E-1 4.42826E-1 4.40835E-1 4.38844E-1 4.3685E-1 4.34856E-1 4.32869E-1 4.30893E-1 4.2881E-1 4.2714E-1 4.2649E-1 4.2606E-1 4.25679E-1 4.25303E-1 4.24932E-1 4.24562E-1 4.24195E-1 4.23832E-1 4.23472E-1 4.23116E-1 4.22824E-1 4.22468E-1 4.21864E-1 4.21174E-1 4.20457E-1 4.19739E-1
5.09117E-1 5.08048E-1 5.06979E-1 5.05907E-1 5.04833E-1 5.03757E-1 5.03172E-1 5.02802E-1 5.01932E-1 5.01079E-1 5.0024E-1 4.99406E-1 4.98576E-1 4.97748E-1 4.9692E-1 4.96091E-1 4.95263E-1 4.94439E-1 4.93635E-1 4.92097E-1 4.90329E-1 4.8578E-1 4.82667E-1 4.79558E-1 4.7645E-1 4.73338E-1 4.70218E-1 4.67092E-1 4.6396E-1 4.60829E-1 4.57433E-1 4.54331E-1 4.52294E-1 4.50361E-1 4.48452E-1 4.46543E-1 4.44627E-1 4.42699E-1 4.40757E-1 4.38802E-1 4.3684E-1 4.34879E-1 4.32825E-1 4.3103E-1 4.29931E-1 4.29027E-1 4.28153E-1 4.2727E-1 4.26379E-1 4.25478E-1 4.24573E-1 4.23668E-1 4.22768E-1 4.21877E-1 4.21071E-1 4.20529E-1 4.20345E-1 4.20172E-1 4.19977E-1 4.19781E-1
5.04838E-1 5.03784E-1 5.02725E-1 5.01664E-1 5.00597E-1 4.99527E-1 4.9895E-1 4.98745E-1 4.98375E-1 4.98029E-1 4.97691E-1 4.97355E-1 4.97019E-1 4.96683E-1 4.96342E-1 4.95998E-1 4.95648E-1 4.95294E-1 4.94953E-1 4.93693E-1 4.90767E-1 4.8784E-1 4.84919E-1 4.81995E-1 4.79064E-1 4.76122E-1 4.73166E-1 4.70192E-1 4.67198E-1 4.64186E-1 4.60842E-1 4.57764E-1 4.55851E-1 4.54054E-1 4.52254E-1 4.50435E-1 4.48593E-1 4.46728E-1 4.4484E-1 4.42929E-1 4.40991E-1 4.39034E-1 4.36958E-1 4.3498E-1 4.33479E-1 4.32126E-1 4.3075E-1 4.29344E-1 4.27913E-1 4.26464E-1 4.25007E-1 4.23548E-1 4.22096E-1 4.2066E-1 4.19343E-1 4.18611E-1 4.18816E-1 4.19133E-1 4.19442E-1 4.19751E-1
5.0243E-1 5.01391E-1 5.00349E-1 4.99301E-1 4.98248E-1 4.97187E-1 4.96618E-1 4.96511E-1 4.9634E-1 4.96188E-1 4.96046E-1 4.95905E-1 4.95762E-1 4.95619E-1 4.95471E-1 4.95318E-1 4.95159E-1 4.94993E-1 4.94837E-1 4.93778E-1 4.9102E-1 4.88256E-1 4.85502E-1 4.82746E-1 4.79981E-1 4.77206E-1 4.74416E-1 4.71607E-1 4.6878E-1 4.65934E-1 4.62725E-1 4.59736E-1 4.57846E-1 4.56071E-1 4.54299E-1 4.52509E-1 4.50697E-1 4.48861E-1 4.47003E-1 4.4512E-1 4.43211E-1 4.41283E-1 4.39261E-1 4.37261E-1 4.35501E-1 4.33864E-1 4.32215E-1 4.30536E-1 4.28832E-1 4.27112E-1 4.25383E-1 4.23652E-1 4.21929E-1 4.2022E-1 4.18637E-1 4.17773E-1 4.18091E-1 4.18562E-1 4.19024E-1 4.19486E-1
5.01131E-1 5.00142E-1 4.99148E-1 4.9815E-1 4.9715E-1 4.96149E-1 4.95633E-1 4.95523E-1 4.9527E-1 4.9504E-1 4.94821E-1 4.94605E-1 4.94391E-1 4.94178E-1 4.93962E-1 4.93745E-1 4.93526E-1 4.93312E-1 4.93119E-1 4.92083E-1 4.89446E-1 4.86802E-1 4.84172E-1 4.81545E-1 4.78919E-1 4.76288E-1 4.73649E-1 4.71001E-1 4.68351E-1 4.65704E-1 4.62703E-1 4.59852E-1 4.57951E-1 4.56147E-1 4.54359E-1 4.52572E-1 4.5078E-1 4.48974E-1 4.47154E-1 4.45322E-1 4.43481E-1 4.41645E-1 4.39768E-1 4.37878E-1 4.36034E-1 4.34298E-1 4.32591E-1 4.30877E-1 4.29156E-1 4.27425E-1 4.2569E-1 4.23953E-1 4.22221E-1 4.20498E-1 4.18887E-1 4.17945E-1 4.18138E-1 4.18488E-1 4.18822E-1 4.19153E-1
4.99532E-1 4.98623E-1 4.97712E-1 4.968E-1 4.95891E-1 4.94983E-1 4.9452E-1 4.94378E-1 4.94021E-1 4.93686E-1 4.93361E-1 4.93039E-1 4.92722E-1 4.92406E-1 4.92092E-1 4.9178E-1 4.91473E-1 4.9117E-1 4.90879E-1 4.89815E-1 4.87305E-1 4.84785E-1 4.82273E-1 4.79768E-1 4.77267E-1 4.74766E-1 4.72266E-1 4.69768E-1 4.67274E-1 4.64789E-1 4.61957E-1 4.59242E-1 4.57405E-1 4.55643E-1 4.53891E-1 4.52141E-1 4.50396E-1 4.48648E-1 4.46898E-1 4.45146E-1 4.43397E-1 4.41658E-1 4.39904E-1 4.38115E-1 4.36285E-1 4.34533E-1 4.32825E-1 4.31122E-1 4.29419E-1 4.27717E-1 4.26015E-1 4.24313E-1 4.22614E-1 4.20916E-1 4.19311E-1 4.18309E-1 4.1835E-1 4.1854E-1 4.1871E-1 4.18879E-1
4.97948E-1 4.97122E-1 4.96295E-1 4.95469E-1 4.94642E-1 4.9382E-1 4.93405E-1 4.93232E-1 4.92775E-1 4.92341E-1 4.91919E-1 4.915E-1 4.91085E-1 4.90671E-1 4.9026E-1 4.89851E-1 4.89445E-1 4.89043E-1 4.88649E-1 4.8756E-1 4.85179E-1 4.82793E-1 4.80418E-1 4.78048E-1 4.75681E-1 4.73317E-1 4.70956E-1 4.68599E-1 4.66245E-1 4.63897E-1 4.61216E-1 4.58632E-1 4.56867E-1 4.55168E-1 4.53478E-1 4.51788E-1 4.50101E-1 4.48415E-1 4.46731E-1 4.45047E-1 4.43365E-1 4.41695E-1 4.40035E-1 4.38328E-1 4.36531E-1 4.34789E-1 4.33097E-1 4.31413E-1 4.2973E-1 4.28049E-1 4.2637E-1 4.24692E-1 4.23015E-1 4.21336E-1 4.19739E-1 4.18683E-1 4.18566E-1 4.18586E-1 4.18581E-1 4.18576E-1
4.96367E-1 4.95624E-1 4.9488E-1 4.94137E-1 4.93395E-1 4.92658E-1 4.92289E-1 4.92084E-1 4.91529E-1 4.90996E-1 4.90478E-1 4.89965E-1 4.89453E-1 4.88943E-1 4.88435E-1 4.87929E-1 4.87424E-1 4.86925E-1 4.86429E-1 4.85314E-1 4.83064E-1 4.8081E-1 4.78572E-1 4.76339E-1 4.7411E-1 4.71883E-1 4.69659E-1 4.67439E-1 4.65223E-1 4.63011E-1 4.6048E-1 4.58025E-1 4.56332E-1 4.54698E-1 4.5307E-1 4.51445E-1 4.49821E-1 4.48198E-1 4.46577E-1 4.44956E-1 4.43336E-1 4.41731E-1 4.40154E-1 4.38524E-1 4.36768E-1 4.35046E-1 4.33371E-1 4.31709E-1 4.30048E-1 4.28388E-1 4.26729E-1 4.25072E-1 4.23417E-1 4.21759E-1 4.20172E-1 4.19067E-1 4.18789E-1 4.18634E-1 4.18457E-1 4.18273E-1
4.94785E-1 4.94125E-1 4.93465E-1 4.92805E-1 4.92146E-1 4.91493E-1 4.91169E-1 4.90933E-1 4.90281E-1 4.89651E-1 4.89038E-1 4.8843E-1 4.87823E-1 4.87217E-1 4.86613E-1 4.8601E-1 4.85408E-1 4.84814E-1 4.84216E-1 4.83076E-1 4.80955E-1 4.78837E-1 4.76735E-1 4.74639E-1 4.72547E-1 4.70459E-1 4.68371E-1 4.66287E-1 4.64207E-1 4.6213E-1 4.59746E-1 4.57422E-1 4.55801E-1 4.54232E-1 4.52667E-1 4.51105E-1 4.49545E-1 4.47984E-1 4.46425E-1 4.44867E-1 4.43309E-1 4.41765E-1 4.40263E-1 4.38706E-1 4.36993E-1 4.35302E-1 4.33648E-1 4.32007E-1 4.30366E-1 4.28727E-1 4.2709E-1 4.25454E-1 4.2382E-1 4.22184E-1 4.20611E-1 4.19459E-1 4.19018E-1 4.18685E-1 4.18334E-1 4.17974E-1
4.93203E-1 4.92626E-1 4.92049E-1 4.91471E-1 4.90896E-1 4.90328E-1 4.90048E-1 4.89778E-1 4.8903E-1 4.88304E-1 4.87597E-1 4.86896E-1 4.86195E-1 4.85494E-1 4.84795E-1 4.84097E-1 4.83399E-1 4.82709E-1 4.8201E-1 4.80845E-1 4.78854E-1 4.76871E-1 4.74906E-1 4.72948E-1 4.70993E-1 4.69041E-1 4.67091E-1 4.65143E-1 4.63198E-1 4.61257E-1 4.59019E-1 4.56824E-1 4.55275E-1 4.53771E-1 4.52269E-1 4.5077E-1 4.49271E-1 4.47773E-1 4.46276E-1 4.44779E-1 4.43284E-1 4.41798E-1 4.40365E-1 4.38879E-1 4.37213E-1 4.35555E-1 4.33926E-1 4.32305E-1 4.30685E-1 4.29068E-1 4.27452E-1 4.25838E-1 4.24224E-1 4.2261E-1 4.21055E-1 4.19856E-1 4.19253E-1 4.18741E-1 4.18212E-1 4.17677E-1
4.91621E-1 4.91127E-1 4.90632E-1 4.90139E-1 4.89645E-1 4.8916E-1 4.88922E-1 4.88619E-1 4.87774E-1 4.86956E-1 4.86157E-1 4.85363E-1 4.84568E-1 4.83774E-1 4.82981E-1 4.82188E-1 4.81395E-1 4.8061E-1 4.79809E-1 4.78621E-1 4.7676E-1 4.74913E-1 4.73086E-1 4.71266E-1 4.69447E-1 4.6763E-1 4.65818E-1 4.64006E-1 4.62197E-1 4.6039E-1 4.58298E-1 4.56233E-1 4.54754E-1 4.53314E-1 4.51875E-1 4.50438E-1 4.49001E-1 4.47565E-1 4.4613E-1 4.44695E-1 4.4326E-1 4.41832E-1 4.40466E-1 4.39051E-1 4.37432E-1 4.35808E-1 4.34204E-1 4.32605E-1 4.31007E-1 4.29411E-1 4.27816E-1 4.26222E-1 4.2463E-1 4.23038E-1 4.21501E-1 4.20256E-1 4.19491E-1 4.18799E-1 4.18093E-1 4.17383E-1
4.90038E-1 4.89627E-1 4.89216E-1 4.88805E-1 4.88394E-1 4.87989E-1 4.8779E-1 4.87453E-1 4.86516E-1 4.85608E-1 4.84718E-1 4.8383E-1 4.82944E-1 4.82057E-1 4.8117E-1 4.80283E-1 4.79397E-1 4.78517E-1 4.77613E-1 4.764E-1 4.74671E-1 4.72963E-1 4.71276E-1 4.69591E-1 4.67909E-1 4.6623E-1 4.64552E-1 4.62876E-1 4.61202E-1 4.5953E-1 4.57586E-1 4.55647E-1 4.54239E-1 4.52863E-1 4.51487E-1 4.50111E-1 4.48735E-1 4.47361E-1 4.45988E-1 4.44614E-1 4.43241E-1 4.4187E-1 4.40571E-1 4.39226E-1 4.37654E-1 4.36064E-1 4.34484E-1 4.32906E-1 4.31329E-1 4.29754E-1 4.2818E-1 4.26608E-1 4.25038E-1 4.23467E-1 4.21949E-1 4.20658E-1 4.19731E-1 4.18859E-1 4.17976E-1 4.17092E-1
4.88473E-1 4.88148E-1 4.87812E-1 4.87474E-1 4.87142E-1 4.86818E-1 4.86653E-1 4.86281E-1 4.85253E-1 4.84261E-1 4.83281E-1 4.82306E-1 4.81337E-1 4.80361E-1 4.79376E-1 4.78389E-1 4.77406E-1 4.7643E-1 4.75421E-1 4.74181E-1 4.72588E-1 4.71024E-1 4.69474E-1 4.6793E-1 4.66391E-1 4.64849E-1 4.63303E-1 4.61756E-1 4.60214E-1 4.58677E-1 4.56881E-1 4.55072E-1 4.53731E-1 4.52416E-1 4.51102E-1 4.49789E-1 4.48478E-1 4.47166E-1 4.45852E-1 4.44536E-1 4.43222E-1 4.41911E-1 4.40684E-1 4.39412E-1 4.37881E-1 4.36322E-1 4.34765E-1 4.33211E-1 4.3166E-1 4.30108E-1 4.28553E-1 4.26998E-1 4.25445E-1 4.23896E-1 4.22395E-1 4.2106E-1 4.19973E-1 4.1892E-1 4.17861E-1 4.16806E-1
4.87115E-1 4.86881E-1 4.86611E-1 4.86311E-1 4.85993E-1 4.85679E-1 4.85515E-1 4.85101E-1 4.83997E-1 4.82961E-1 4.81965E-1 4.80956E-1 4.79928E-1 4.78866E-1 4.77771E-1 4.76649E-1 4.75513E-1 4.74382E-1 4.73236E-1 4.71967E-1 4.70519E-1 4.69127E-1 4.67766E-1 4.66396E-1 4.65009E-1 4.636E-1 4.62172E-1 4.60731E-1 4.59286E-1 4.57848E-1 4.56185E-1 4.54505E-1 4.53231E-1 4.51987E-1 4.5076E-1 4.49527E-1 4.48289E-1 4.47041E-1 4.4578E-1 4.44511E-1 4.43238E-1 4.41966E-1 4.40806E-1 4.39611E-1 4.38121E-1 4.36595E-1 4.35086E-1 4.3358E-1 4.3207E-1 4.30551E-1 4.29018E-1 4.2747E-1 4.2591E-1 4.24347E-1 4.22838E-1 4.2146E-1 4.20215E-1 4.19003E-1 4.17817E-1 4.16629E-1
