Spatial_Analysis/Downscaled_EnvironmentalLayers/RCP8_5/2080/par_future85.asc
ncols         648
nrows         324
xllcorner     -102.97071042
yllcorner     3.973116569
cellsize      0.083
NODATA_value  -9999
[rows 29 to 57 of 324, columns 198 to 263 of 648]
41.05139 41.08987 41.12773 41.16483 41.20097 41.23589 41.26806 41.29631 41.32042 41.34158 41.35991 41.37704 41.39908 41.42601 41.45217 41.47754 41.50205 41.52586 41.55122 41.57918 41.60993 41.6437 41.68064 41.71943 41.77003 41.83265 41.89656 41.96015 42.02327 42.08586 42.14793 42.20948 42.27044 42.33071 42.39017 42.4487 42.46828 42.44897 42.42891 42.40862 42.38791 42.36642 42.34383 42.32157 42.30013 42.27973 42.2606 -9999 -9999 -9999 -9999 -9999 -9999 -9999 -9999 -9999 -9999 -9999 -9999 -9999 -9999 -9999 -9999 -9999 -9999 -9999
41.10606 41.14202 41.17672 41.20835 41.23605 41.25927 41.27895 41.29628 41.31285 41.32872 41.34387 41.35823 41.37842 41.40438 41.43024 41.45817 41.48867 41.52192 41.55814 41.59705 41.63735 41.67913 41.72253 41.76621 41.81978 41.88322 41.94613 42.00848 42.07019 42.13118 42.19135 42.25071 42.30912 42.36646 42.42273 42.47853 42.49585 42.47465 42.4528 42.43015 42.40794 42.38656 42.36622 42.34707 42.3293 42.31319 -9999 -9999 -9999 -9999 -9999 -9999 -9999 -9999 -9999 -9999 -9999 -9999 -9999 -9999 -9999 -9999 -9999 -9999 -9999 -9999
41.14896 41.17558 41.19765 41.21535 41.23168 41.24733 41.26228 41.27648 41.28991 41.30249 41.31448 41.32734 41.35081 41.38516 41.42223 41.46219 41.50388 41.54685 41.59122 41.63641 41.68121 41.72557 41.76946 41.81285 41.86477 41.92517 41.98486 42.04372 42.10163 42.15844 42.21408 42.26897 42.32361 42.3778 42.43135 42.48401 42.49913 42.47801 42.45767 42.43834 42.42021 42.4035 42.38819 42.37427 42.36294 42.35481 -9999 -9999 -9999 -9999 -9999 -9999 -9999 -9999 -9999 -9999 -9999 -9999 -9999 -9999 -9999 -9999 -9999 -9999 -9999 -9999
41.15928 41.17459 41.18922 41.20314 41.21631 41.22869 41.24035 41.25232 41.26588 41.28189 41.30048 41.32182 41.35533 41.39993 41.44574 41.49238 41.53866 41.58451 41.62991 41.67485 41.71927 41.76313 41.80634 41.84883 41.89839 41.95491 42.01038 42.06503 42.11937 42.17318 42.22628 42.27851 42.32981 42.38079 42.43195 42.48337 42.49991 42.48211 42.46561 42.45028 42.43628 42.42454 42.41615 42.41175 42.41151 42.41499 -9999 -9999 -9999 -9999 -9999 -9999 -9999 -9999 -9999 -9999 -9999 -9999 -9999 -9999 -9999 -9999 -9999 -9999 -9999 -9999
41.15163 41.16359 41.1749 41.1865 41.19894 41.21366 41.2309 41.25078 41.27302 41.29631 41.32067 41.34554 41.38168 41.42905 41.47596 41.5224 41.56833 41.61371 41.65848 41.7026 41.74598 41.78854 41.83017 41.8712 41.91869 41.97248 42.02571 42.07824 42.12985 42.18067 42.23124 42.28157 42.33192 42.3826 42.4337 42.48509 42.50288 42.48786 42.47511 42.46558 42.45974 42.45789 42.46014 42.46631 42.47621 -9999 -9999 -9999 -9999 -9999 -9999 -9999 -9999 -9999 -9999 -9999 -9999 -9999 -9999 -9999 -9999 -9999 -9999 -9999 -9999 -9999
41.14237 41.15624 41.17255 41.19145 41.21266 41.23488 41.25795 41.28092 41.3035 41.32563 41.34732 41.36855 41.40261 41.44949 41.49579 41.54145 41.58641 41.63058 41.67397 41.71709 41.76002 41.80262 41.84477 41.88634 41.93264 41.98378 42.0347 42.0854 42.13589 42.18624 42.23639 42.28611 42.33548 42.385 42.43494 42.4864 42.50749 42.49918 42.4942 42.49282 42.49558 42.5036 42.51604 42.53265 42.55349 -9999 42.60826 -9999 -9999 -9999 -9999 -9999 -9999 -9999 -9999 -9999 -9999 -9999 -9999 -9999 -9999 -9999 -9999 -9999 -9999 -9999
41.16553 41.18718 41.20866 41.22966 41.25017 41.27016 41.28971 41.30883 41.3275 41.34566 41.36329 41.3803 41.41165 41.4573 41.50269 41.54797 41.59303 41.63771 41.68196 41.72567 41.76873 41.81143 41.85394 41.89624 41.94258 41.99301 42.04309 42.09274 42.14201 42.19093 42.23948 42.28806 42.33768 42.38837 42.44068 42.49494 42.52024 42.5182 42.52087 42.52842 42.54253 42.56235 42.58719 42.61663 42.64988 -9999 42.72685 42.76927 42.76375 42.70271 -9999 -9999 -9999 -9999 -9999 -9999 -9999 -9999 -9999 -9999 -9999 -9999 -9999 -9999 -9999 -9999
41.20955 41.22792 41.24576 41.26303 41.27971 41.29576 41.31116 41.32586 41.33996 41.354 41.36802 41.38189 41.41214 41.45871 41.50483 41.55043 41.59568 41.64071 41.68552 41.73006 41.77433 41.81817 41.86156 41.90454 41.9502 41.9985 42.04637 42.09422 42.14279 42.19203 42.24199 42.29276 42.34455 42.39746 42.45227 42.50986 42.54072 42.54706 42.56002 42.58081 42.60834 42.64035 42.67656 42.71636 -9999 -9999 -9999 42.90774 42.91742 42.87634 -9999 -9999 -9999 -9999 -9999 -9999 -9999 -9999 -9999 -9999 -9999 -9999 -9999 -9999 -9999 -9999
41.24384 41.25831 41.27228 41.28609 41.29973 41.31313 41.32609 41.33858 41.35055 41.36195 41.3728 41.38326 41.41185 41.45856 41.50496 41.55085 41.5962 41.64104 41.68546 41.72944 41.77292 41.81586 41.85817 41.90081 41.94593 41.99362 42.0422 42.09197 42.14297 42.19529 42.24903 42.30424 42.36097 42.41939 42.47962 42.54185 42.57837 42.59216 42.6145 42.6482 42.68752 42.73076 42.77764 42.82784 42.8812 -9999 -9999 43.06353 43.09101 -9999 -9999 -9999 -9999 -9999 -9999 -9999 -9999 -9999 -9999 -9999 -9999 -9999 -9999 -9999 -9999 -9999
41.27866 41.29133 41.30356 41.31535 41.32667 41.33751 41.34781 41.35743 41.3661 41.3737 41.38031 41.38617 41.41118 41.45526 41.49829 41.54015 41.58101 41.62157 41.66275 41.70459 41.74753 41.79184 41.83762 41.88512 41.93493 41.98717 42.0414 42.09772 42.15654 42.21693 42.27764 42.33855 42.39965 42.46098 42.52266 42.58492 42.62341 42.64369 42.68162 42.7293 42.78033 42.83465 42.89272 42.95525 43.02316 43.09469 -9999 43.23409 -9999 -9999 -9999 -9999 -9999 -9999 -9999 -9999 -9999 -9999 -9999 -9999 -9999 -9999 -9999 -9999 -9999 -9999
41.35353 41.36493 41.37396 41.38098 41.38584 41.38809 41.38717 41.38282 41.37537 41.36539 41.35507 41.3456 41.35962 41.39774 41.43819 41.48053 41.52437 41.56997 41.61768 41.66796 41.72104 41.77684 41.83343 41.8908 41.94856 42.00723 42.06723 42.12844 42.19057 42.25381 42.31836 42.38416 42.45016 42.51583 42.58082 42.64461 42.68181 42.70726 42.76336 42.82507 42.89427 42.96777 43.0393 43.1106 43.182 43.25359 43.32544 43.39743 -9999 -9999 -9999 -9999 -9999 -9999 -9999 -9999 -9999 -9999 -9999 -9999 -9999 -9999 -9999 -9999 -9999 -9999
41.46769 41.47133 41.45529 41.43925 41.42321 41.40718 41.39114 41.3751 41.35906 41.34302 41.32698 41.31094 41.3183 41.36267 41.41985 41.47702 41.53419 41.59136 41.64854 41.70571 41.76288 41.82005 41.87723 41.9344 41.98973 42.04881 42.11422 42.17963 42.24503 42.31044 42.37585 42.44126 42.50667 42.57207 42.63749 42.70289 42.74364 42.78223 42.85955 42.93595 43.01126 43.08573 43.15953 43.23282 43.30571 43.3783 43.45066 43.52287 -9999 -9999 -9999 -9999 -9999 -9999 -9999 -9999 -9999 -9999 -9999 -9999 -9999 -9999 -9999 -9999 -9999 -9999
41.51222 41.51617 41.50452 41.48926 41.474 41.45875 41.44349 41.42823 41.41298 41.39772 41.38246 41.3672 41.37951 41.42617 41.48201 41.5401 41.59818 41.65626 41.71434 41.77242 41.83051 41.88858 41.94667 42.00475 42.06092 42.11886 42.1817 42.24591 42.31012 42.37433 42.43855 42.50275 42.56696 42.63117 42.69538 42.75959 42.79992 42.84268 42.91679 42.99361 43.07013 43.14622 43.22192 43.29729 43.37241 43.44733 43.52212 -9999 -9999 -9999 -9999 -9999 -9999 -9999 -9999 -9999 -9999 -9999 -9999 -9999 -9999 -9999 -9999 -9999 -9999 -9999
41.54642 41.55261 41.54871 41.53714 41.52537 41.51361 41.50184 41.49007 41.47831 41.46653 41.45477 41.44319 41.45988 41.50583 41.55727 41.61298 41.66882 41.72464 41.78047 41.8363 41.89213 41.94796 42.00378 42.05968 42.1159 42.17324 42.23401 42.29761 42.36133 42.42506 42.48878 42.5525 42.61623 42.67995 42.74367 42.80738 42.84803 42.89644 42.96802 43.04599 43.12436 43.20271 43.28101 43.35923 43.43738 43.51547 43.59353 43.67159 -9999 -9999 -9999 -9999 -9999 -9999 -9999 -9999 -9999 -9999 -9999 -9999 -9999 -9999 -9999 -9999 -9999 -9999
41.57225 41.58325 41.58694 41.58289 41.57732 41.57175 41.56618 41.56061 41.55504 41.54948 41.54391 41.53926 41.55816 41.6003 41.64606 41.6957 41.74611 41.79652 41.84692 41.89734 41.94775 41.99816 42.04857 42.09957 42.15387 42.21129 42.27149 42.33472 42.39867 42.46261 42.52656 42.5905 42.65445 42.7184 42.78234 42.84611 42.88959 42.94215 43.01333 43.09248 43.17358 43.25505 43.33675 43.41861 43.50059 43.58268 43.66486 43.74711 -9999 -9999 -9999 -9999 -9999 -9999 -9999 -9999 -9999 -9999 -9999 -9999 -9999 -9999 -9999 -9999 -9999 -9999
41.59973 41.6155 41.62542 41.62862 41.62926 41.62989 41.63052 41.63115 41.63179 41.63242 41.63305 41.63501 41.65534 41.69366 41.73455 41.7784 41.8234 41.86839 41.91339 41.95837 42.00337 42.04836 42.09336 42.13947 42.19146 42.24895 42.30895 42.37183 42.436 42.50017 42.56434 42.62851 42.69268 42.75685 42.82102 42.88493 42.9316 42.98682 43.0584 43.1385 43.22219 43.30668 43.39173 43.47718 43.56294 43.64896 43.7352 43.82162 43.89725 -9999 -9999 -9999 -9999 -9999 -9999 -9999 -9999 -9999 -9999 -9999 -9999 -9999 -9999 -9999 -9999 -9999
41.62852 41.64904 41.66458 41.67437 41.6812 41.68803 41.69486 41.70169 41.70853 41.71535 41.72219 41.7303 41.75175 41.78626 41.82262 41.86112 41.90069 41.94027 41.97984 42.01942 42.05899 42.09857 42.13814 42.17917 42.22866 42.28622 42.34619 42.40894 42.47333 42.53773 42.60212 42.66651 42.7309 42.7953 42.8597 42.92387 42.97316 43.03043 43.10287 43.1841 43.27018 43.35761 43.44593 43.53493 43.62444 43.71435 43.8046 43.89513 43.97226 -9999 -9999 -9999 -9999 -9999 -9999 -9999 -9999 -9999 -9999 -9999 -9999 -9999 -9999 -9999 -9999 -9999
41.65831 41.68357 41.7044 41.72012 41.73314 41.74617 41.7592 41.77224 41.78527 41.79829 41.81133 41.82529 41.84771 41.87841 41.91039 41.94383 41.97799 42.01214 42.0463 42.08046 42.11462 42.14877 42.18293 42.2186 42.26544 42.32306 42.38314 42.44605 42.51067 42.57528 42.6399 42.70451 42.76913 42.83375 42.89837 42.96288 43.0141 43.07302 43.14662 43.22935 43.31755 43.40782 43.49937 43.59186 43.68507 43.77887 43.87312 43.96775 44.04641 44.0944 -9999 -9999 -9999 -9999 -9999 -9999 -9999 -9999 -9999 -9999 -9999 -9999 -9999 -9999 -9999 -9999
41.68882 41.7188 41.74469 41.76586 41.78509 41.80432 41.82355 41.84277 41.862 41.88123 41.90046 41.92017 41.94353 41.97043 41.99807 42.02654 42.05528 42.08402 42.11275 42.1415 42.17023 42.19897 42.22771 42.25773 42.30178 42.35945 42.41978 42.48315 42.54799 42.61284 42.67767 42.74252 42.80736 42.8722 42.93704 43.00189 43.05447 43.11467 43.1896 43.27421 43.36446 43.45727 43.55198 43.64794 43.74484 43.84249 43.94072 44.03944 44.11951 44.16773 -9999 -9999 44.25441 44.27311 -9999 -9999 -9999 -9999 -9999 -9999 -9999 -9999 -9999 -9999 -9999 -9999
41.71976 41.75447 41.78519 41.8116 41.83703 41.86246 41.88789 41.91331 41.93875 41.96418 41.9896 42.01516 42.03952 42.06262 42.08588 42.10925 42.13257 42.15589 42.17921 42.20253 42.22586 42.24918 42.2725 42.29659 42.33762 42.39534 42.45612 42.52026 42.58533 42.65039 42.71546 42.78052 42.84558 42.91065 42.97571 43.04084 43.09442 43.15545 43.23187 43.31868 43.41091 43.50616 43.60375 43.70313 43.8037 43.90519 44.00741 44.11021 44.19122 44.23907 44.27509 -9999 -9999 44.33799 -9999 -9999 -9999 -9999 -9999 -9999 -9999 -9999 -9999 -9999 -9999 -9999
41.75088 41.7903 41.82556 41.85735 41.88897 41.9206 41.95222 41.98386 42.01549 42.04711 42.07874 42.11038 42.13597 42.1553 42.17398 42.19196 42.20986 42.22777 42.24567 42.26357 42.28148 42.29938 42.31728 42.33534 42.37294 42.4307 42.49232 42.55737 42.62267 42.68795 42.75323 42.81852 42.88381 42.9491 43.01439 43.07969 43.13437 43.1955 43.27364 43.3627 43.45685 43.5545 43.65488 43.7574 43.86158 43.96692 44.07311 44.18 44.26117 44.30814 44.34286 44.36747 44.38545 44.39825 -9999 -9999 -9999 -9999 -9999 -9999 -9999 -9999 -9999 -9999 -9999 -9999
41.78185 41.82597 41.86526 41.90314 41.94138 41.97952 42.01745 42.05519 42.09277 42.13029 42.16789 42.20571 42.23322 42.24881 42.26219 42.2747 42.28751 42.30046 42.31334 42.326 42.33833 42.3503 42.36215 42.37455 42.40771 42.46549 42.52898 42.59452 42.66081 42.72715 42.79311 42.85863 42.92371 42.98845 43.05318 43.11857 43.17477 43.23503 43.31557 43.40623 43.50267 43.60315 43.70649 43.81199 43.91923 44.02792 44.13783 44.24877 44.32921 44.37453 44.40748 44.43006 44.44509 44.45417 -9999 -9999 44.45516 -9999 -9999 -9999 -9999 -9999 -9999 -9999 -9999 -9999
41.81206 41.86078 41.90599 41.95142 41.9963 42.04067 42.08464 42.12828 42.1717 42.21496 42.25816 42.30141 42.33112 42.3432 42.35081 42.35897 42.36731 42.37561 42.38374 42.39151 42.39877 42.40535 42.41106 42.41584 42.44259 42.50017 42.56762 42.63626 42.70421 42.77136 42.83774 42.90339 42.96835 43.03266 43.09632 43.15945 43.21503 43.27462 43.35857 43.45203 43.5511 43.65411 43.76004 43.86825 43.97829 44.08987 44.20277 44.31689 44.39566 44.4378 44.4691 44.48884 44.50026 44.50541 -9999 -9999 -9999 -9999 -9999 -9999 -9999 -9999 -9999 -9999 -9999 -9999
41.84621 41.89981 41.95158 42.00292 42.05362 42.10378 42.15351 42.20291 42.25206 42.30107 42.34999 42.39894 42.42999 42.43851 42.44172 42.44537 42.44916 42.45292 42.45648 42.45967 42.46235 42.46431 42.46534 42.46526 42.48872 42.5465 42.61553 42.68458 42.75272 42.81998 42.88644 42.95216 43.01716 43.08147 43.14509 43.20803 43.26411 43.3224 43.40727 43.50174 43.60229 43.70717 43.81528 43.92592 44.03859 44.15296 44.26881 44.38597 44.46199 44.49802 44.52687 44.54335 44.55109 44.55234 44.54853 -9999 -9999 -9999 -9999 -9999 -9999 -9999 -9999 -9999 -9999 -9999
41.88818 41.94647 42.00217 42.05759 42.1133 42.1688 42.22404 42.27904 42.33387 42.3886 42.44337 42.49841 42.53024 42.53503 42.53499 42.53383 42.53304 42.53234 42.53153 42.53047 42.52902 42.52713 42.52488 42.52312 42.54989 42.60888 42.67325 42.73933 42.80625 42.87296 42.93919 43.00489 43.07006 43.13482 43.19936 43.26454 43.32579 43.38594 43.46236 43.55532 43.6562 43.76229 43.87215 43.98492 44.10003 44.21708 44.33586 44.45626 44.5295 44.5564 44.58102 44.59398 44.59797 44.59541 44.58786 44.57634 -9999 -9999 -9999 -9999 -9999 -9999 -9999 -9999 -9999 -9999
41.95185 42.01097 42.06862 42.12517 42.1817 42.23823 42.29477 42.35129 42.40782 42.46434 42.52087 42.57736 42.60843 42.61316 42.61449 42.61304 42.61148 42.60991 42.60836 42.6068 42.60522 42.60366 42.6021 42.60059 42.62841 42.68631 42.74737 42.81093 42.87458 42.93822 43.00188 43.06553 43.12914 43.19279 43.25643 43.32009 43.38251 43.44502 43.51374 43.60219 43.70087 43.80587 43.91542 44.02844 44.14423 44.26229 44.38229 44.50398 44.57525 44.59656 44.61918 44.63279 44.63689 44.63411 44.62614 44.61407 44.59869 -9999 -9999 -9999 -9999 -9999 -9999 -9999 -9999 -9999
42.03762 42.09365 42.1488 42.203 42.25703 42.31107 42.36509 42.41912 42.47315 42.52718 42.58121 42.63471 42.66546 42.67361 42.67897 42.68129 42.6829 42.68452 42.68613 42.68774 42.68935 42.69096 42.69257 42.69465 42.72317 42.77799 42.83492 42.8941 42.95375 43.0134 43.07304 43.13269 43.19234 43.25199 43.31163 43.37172 43.4333 43.49656 43.56306 43.64169 43.73561 43.8375 43.94481 44.05617 44.17071 44.28785 44.4072 44.52851 44.59916 44.61929 44.64167 44.66079 44.66937 44.67013 44.66498 44.65529 44.64198 -9999 -9999 -9999 -9999 -9999 -9999 -9999 -9999 -9999
42.12372 42.17667 42.22906 42.28083 42.33237 42.3839 42.43543 42.48696 42.53849 42.59002 42.64155 42.69199 42.72282 42.73441 42.74344 42.74955 42.75433 42.75912 42.7639 42.76869 42.77348 42.77827 42.78305 42.78856 42.81731 42.86905 42.92229 42.97726 43.03292 43.08857 43.14423 43.19988 43.25553 43.31119 43.36684 43.42353 43.48397 43.54795 43.6151 43.68648 43.77314 43.87072 43.9751 44.08434 44.19731 44.3133 44.43184 44.55267 44.62254 44.64149 44.66271 44.68561 44.70006 44.70501 44.7032 44.69628 44.68533 -9999 -9999 -9999 -9999 -9999 -9999 -9999 -9999 -9999
42.21004 42.2599 42.30946 42.35867 42.4077 42.45673 42.50576 42.5548 42.60382 42.65286 42.70189 42.74946 42.78056 42.79559 42.80813 42.8178 42.82576 42.83372 42.84168 42.84965 42.8576 42.86557 42.87353 42.88224 42.911 42.95966 43.00941 43.06042 43.11209 43.16375 43.21541 43.26707 43.31873 43.37039 43.42204 43.47525 43.53436 43.59906 43.66701 43.73854 43.81548 43.90656 44.00682 44.11319 44.22409 44.3386 44.45611 44.57629 44.64526 44.66305 44.68326 44.70575 44.72726 44.73793 44.74036 44.73683 44.72869 -9999 -9999 -9999 -9999 -9999 -9999 -9999 -9999 -9999
