Spatial_Analysis/Downscaled_EnvironmentalLayers/RCP8_5/2080/par_future85.asc
ncols         648
nrows         324
xllcorner     -102.97071042
yllcorner     3.973116569
cellsize      0.083
NODATA_value  -9999
[rows 261 to 289 of 324, columns 132 to 197 of 648]
45.08697 45.09614 45.10531 45.11448 45.12364 45.13301 45.15149 45.17904 45.20689 45.23511 45.26344 45.29177 45.32011 45.34844 45.37677 45.4051 45.43343 45.46141 45.47907 45.48643 45.49341 45.49998 45.50648 45.51299 45.51949 45.52599 45.53249 45.53899 45.54549 45.55174 45.55276 45.5486 45.5441 45.53924 45.5343 45.52935 45.5244 45.51945 45.5145 45.50955 45.50461 45.49884 45.49413 45.49062 45.48591 45.47983 45.47332 45.46682 45.46031 45.4538 45.4473 45.44079 45.43428 45.42909 45.4268 45.42708 45.42955 45.43455 45.44046 45.44637 45.45229 45.45819 45.4641 45.47002 45.47593 45.48178
44.98484 44.99369 45.00254 45.01139 45.02024 45.02935 45.04652 45.07172 45.09724 45.12313 45.14918 45.17523 45.20127 45.22732 45.25337 45.27942 45.30544 45.33115 45.34772 45.35518 45.36232 45.3691 45.3758 45.3825 45.3892 45.3959 45.4026 45.40929 45.41598 45.4224 45.42313 45.41822 45.41299 45.40744 45.40176 45.3961 45.39042 45.38475 45.37908 45.37341 45.36773 45.36114 45.35505 45.34958 45.34302 45.33519 45.32683 45.31847 45.31012 45.30176 45.29341 45.28505 45.27671 45.26984 45.26391 45.25864 45.25536 45.25439 45.2545 45.25461 45.25473 45.25484 45.25496 45.25507 45.25519 45.25526
44.88271 44.89124 44.89977 44.90831 44.91683 44.92565 44.94151 44.96436 44.98755 45.01116 45.03492 45.05868 45.08244 45.10621 45.12997 45.15373 45.17747 45.20094 45.21643 45.22398 45.23126 45.23822 45.24511 45.25201 45.25891 45.2658 45.2727 45.2796 45.28648 45.29311 45.29356 45.28789 45.28192 45.27563 45.26923 45.26284 45.25645 45.25005 45.24366 45.23727 45.23087 45.22359 45.21617 45.20874 45.20025 45.19053 45.18033 45.17013 45.15993 45.14972 45.13952 45.12933 45.11913 45.11032 45.10064 45.08984 45.08094 45.07422 45.06854 45.06286 45.05717 45.05149 45.04581 45.04013 45.03445 45.02875
44.78058 44.78879 44.797 44.80521 44.81342 44.8219 44.83642 44.85693 44.87783 44.89918 44.92066 44.94214 44.96362 44.98509 45.00657 45.02805 45.04951 45.07076 45.08519 45.09282 45.10021 45.10734 45.11443 45.12152 45.12862 45.13571 45.14281 45.1499 45.15699 45.16385 45.16404 45.15761 45.15087 45.14382 45.1367 45.12959 45.12247 45.11536 45.10824 45.10113 45.09401 45.08617 45.07748 45.06807 45.05759 45.04588 45.03383 45.02179 45.00974 44.99769 44.98564 44.97359 44.96154 44.95057 44.93706 44.92074 44.90631 44.89406 44.88259 44.87111 44.85963 44.84814 44.83667 44.82519 44.81371 44.80223
44.67844 44.68634 44.69423 44.70213 44.71002 44.71809 44.73125 44.74942 44.76807 44.78721 44.8064 44.82559 44.84478 44.86398 44.88317 44.90236 44.92155 44.94059 44.95396 44.96168 44.96916 44.97645 44.98374 44.99104 44.99833 45.00562 45.01291 45.02021 45.0275 45.03463 45.03457 45.02736 45.01983 45.01201 45.00417 44.99633 44.9885 44.98066 44.97282 44.96498 44.95715 44.94886 44.93895 44.92756 44.91498 44.90123 44.88734 44.87344 44.85955 44.84565 44.83175 44.81786 44.80396 44.79067 44.77321 44.75136 44.73156 44.71391 44.69662 44.67935 44.66207 44.64479 44.62752 44.61024 44.59297 44.57571
44.57632 44.58389 44.59146 44.59903 44.60661 44.61424 44.62597 44.64182 44.65832 44.67523 44.69214 44.70905 44.72596 44.74286 44.75977 44.77668 44.79359 44.81043 44.82273 44.83053 44.83807 44.84557 44.85306 44.86055 44.86804 44.87553 44.88302 44.89051 44.898 44.90543 44.90513 44.89715 44.88877 44.88021 44.87164 44.86308 44.85452 44.84596 44.8374 44.82885 44.82029 44.81159 44.80058 44.78717 44.77233 44.75658 44.74084 44.72509 44.70936 44.69361 44.67787 44.66212 44.64638 44.63076 44.60912 44.58177 44.55685 44.53374 44.51067 44.48759 44.46452 44.44145 44.41837 44.3953 44.37222 44.34916
44.4757 44.48281 44.48968 44.49635 44.50316 44.51045 44.52057 44.53415 44.54863 44.56372 44.57897 44.59403 44.60881 44.62329 44.63749 44.65148 44.66559 44.68024 44.69149 44.69933 44.707 44.71512 44.72346 44.73161 44.73946 44.74701 44.75428 44.76133 44.76849 44.77619 44.77575 44.76694 44.75768 44.7488 44.74017 44.73134 44.72224 44.71283 44.70313 44.69323 44.6834 44.67413 44.66233 44.64684 44.62952 44.61231 44.59532 44.57814 44.56069 44.54296 44.52498 44.50684 44.48877 44.47121 44.44486 44.41204 44.38245 44.3539 44.32556 44.29705 44.26833 44.23935 44.21015 44.18077 44.15145 44.12262
44.37752 44.38431 44.3907 44.39665 44.40214 44.40726 44.41507 44.42722 44.44149 44.45538 44.46881 44.48182 44.4944 44.50654 44.51826 44.52951 44.5403 44.5507 44.56023 44.56854 44.57843 44.58794 44.59697 44.60553 44.61365 44.62134 44.62859 44.63539 44.64173 44.64769 44.64642 44.637 44.629 44.62061 44.61174 44.60242 44.59267 44.58248 44.57186 44.56079 44.54927 44.53737 44.52411 44.50648 44.48901 44.47107 44.45265 44.43377 44.41447 44.39479 44.37472 44.35429 44.3335 44.31242 44.28084 44.24297 44.21004 44.17666 44.1429 44.10877 44.0743 44.03947 44.00431 43.96879 43.9329 43.8967
44.28146 44.28802 44.29419 44.29993 44.30522 44.3102 44.31693 44.3266 44.33854 44.35013 44.36129 44.37203 44.38235 44.39223 44.4017 44.41071 44.41927 44.42749 44.43609 44.44435 44.45435 44.464 44.4732 44.48195 44.49026 44.49813 44.50558 44.51257 44.51913 44.52536 44.52397 44.51362 44.50479 44.49563 44.48602 44.47596 44.46547 44.45455 44.4432 44.43142 44.41919 44.40664 44.39213 44.37231 44.3528 44.33288 44.31248 44.29165 44.2704 44.24876 44.22675 44.20437 44.18166 44.1587 44.12363 44.07993 44.04116 44.00195 43.96237 43.92244 43.88215 43.84153 43.80057 43.75926 43.71759 43.67564
44.13358 44.13989 44.14595 44.15185 44.15796 44.16442 44.17139 44.17945 44.18849 44.19803 44.20781 44.21741 44.22675 44.2358 44.24458 44.25319 44.26197 44.27119 44.27972 44.28767 44.29565 44.304 44.31263 44.3211 44.32929 44.33718 44.34481 44.35225 44.35984 44.3679 44.36712 44.35738 44.34726 44.33744 44.32792 44.31823 44.30828 44.29804 44.28753 44.27682 44.26626 44.25617 44.24128 44.2207 44.1985 44.17632 44.15442 44.13235 44.11003 44.08744 44.06462 44.04165 44.01879 43.99638 43.96056 43.91319 43.86848 43.82468 43.78115 43.73747 43.69357 43.64945 43.6051 43.5606 43.51621 43.47223
43.9342 43.94024 43.94628 43.95232 43.95836 43.9645 43.97179 43.98021 43.9894 43.99904 44.00869 44.01833 44.02797 44.03762 44.04726 44.0569 44.06654 44.07616 44.08478 44.09242 44.10009 44.10786 44.11562 44.12337 44.13113 44.13889 44.14665 44.15442 44.16217 44.16986 44.16982 44.16209 44.15406 44.14591 44.13776 44.12962 44.12148 44.11333 44.10519 44.09705 44.0889 44.0806 44.06618 44.0456 44.02382 44.00129 43.97876 43.95623 43.9337 43.91117 43.88864 43.86611 43.84358 43.82116 43.78555 43.737 43.69022 43.64485 43.59951 43.55419 43.50885 43.46352 43.41819 43.37286 43.32753 43.28222
43.73616 43.74181 43.74745 43.7531 43.75874 43.76466 43.77208 43.78092 43.79037 43.80041 43.81051 43.82061 43.8307 43.8408 43.85089 43.86099 43.87109 43.88117 43.88987 43.89719 43.90457 43.91203 43.91952 43.92701 43.93451 43.942 43.94949 43.95698 43.96448 43.97182 43.9726 43.96683 43.96085 43.95468 43.94851 43.94234 43.93618 43.93001 43.92385 43.91768 43.91151 43.90492 43.89125 43.87062 43.84904 43.82653 43.80393 43.78133 43.75873 43.73613 43.71353 43.69093 43.66833 43.64613 43.61024 43.56053 43.51217 43.46524 43.41861 43.37197 43.32534 43.27871 43.23207 43.18544 43.13881 43.09225
43.53814 43.54338 43.54862 43.55387 43.55911 43.56477 43.57227 43.58155 43.59137 43.60178 43.61233 43.62288 43.63343 43.64398 43.65453 43.66508 43.67563 43.6862 43.69499 43.70197 43.70904 43.71621 43.72343 43.73066 43.73788 43.74511 43.75233 43.75955 43.76677 43.7738 43.77541 43.77161 43.76762 43.76344 43.75926 43.75507 43.75088 43.74669 43.7425 43.73832 43.73412 43.72931 43.71649 43.69577 43.67424 43.65178 43.62911 43.60644 43.58377 43.56109 43.53842 43.51575 43.49307 43.47102 43.43465 43.3838 43.33407 43.28563 43.2377 43.18977 43.14183 43.09389 43.04596 42.99802 42.95009 42.90227
43.3401 43.34495 43.3498 43.35464 43.3595 43.36483 43.37238 43.3821 43.39233 43.40315 43.41415 43.42516 43.43616 43.44717 43.45817 43.46917 43.48018 43.49124 43.50011 43.50675 43.5135 43.52039 43.52734 43.5343 43.54126 43.54821 43.55516 43.56212 43.56906 43.57582 43.57827 43.57642 43.57441 43.57221 43.57 43.56779 43.56558 43.56337 43.56116 43.55895 43.55672 43.55379 43.54188 43.52107 43.49949 43.47702 43.45428 43.43154 43.40879 43.38605 43.36331 43.34056 43.31782 43.29578 43.25884 43.20685 43.15586 43.10603 43.05679 43.00755 42.95832 42.90908 42.85984 42.8106 42.76136 42.71228
43.14207 43.14652 43.15097 43.15542 43.15988 43.16481 43.17239 43.18256 43.19324 43.20452 43.21597 43.22743 43.23889 43.25035 43.2618 43.27327 43.28471 43.29627 43.30521 43.31151 43.31796 43.32456 43.33125 43.33794 43.34463 43.35132 43.35801 43.36469 43.37137 43.37786 43.38116 43.38126 43.3812 43.38098 43.38074 43.38051 43.38028 43.38005 43.37981 43.37958 43.37933 43.37838 43.3674 43.34649 43.32482 43.30227 43.27945 43.25664 43.23383 43.21101 43.1882 43.16538 43.14257 43.1204 43.08283 43.02971 42.97753 42.92643 42.87589 42.82534 42.77481 42.72426 42.67373 42.62318 42.57264 42.52226
42.94405 42.94809 42.95214 42.95619 42.96024 42.96472 42.97231 42.98293 42.99411 43.00588 43.0178 43.02971 43.04162 43.05353 43.06544 43.07735 43.08926 43.10128 43.11028 43.11625 43.12239 43.12874 43.13516 43.14158 43.148 43.15442 43.16084 43.16726 43.17368 43.17993 43.18407 43.18611 43.18801 43.18975 43.19149 43.19324 43.19498 43.19673 43.19847 43.20022 43.20196 43.20307 43.19307 43.17204 43.15022 43.12751 43.10463 43.08174 43.05886 43.03598 43.01308 42.9902 42.96732 42.94492 42.90667 42.85242 42.79909 42.74683 42.69498 42.64314 42.59129 42.53945 42.4876 42.43576 42.38391 42.33221
42.74601 42.74966 42.75331 42.75696 42.76061 42.76456 42.77213 42.78322 42.79494 42.80725 42.81962 42.83199 42.84435 42.85671 42.86908 42.88145 42.89381 42.90625 42.91531 42.92094 42.9268 42.93291 42.93907 42.94522 42.95137 42.95752 42.96368 42.96983 42.97599 42.98201 42.98701 42.99099 42.99481 42.99852 43.00224 43.00596 43.00968 43.0134 43.01713 43.02085 43.02457 43.02786 43.01886 42.99771 42.97566 42.95276 42.92981 42.90685 42.88389 42.86094 42.83797 42.81502 42.79206 42.76937 42.73038 42.675 42.62059 42.56722 42.51407 42.46093 42.40778 42.35463 42.30149 42.24834 42.19519 42.14213
42.54799 42.55124 42.55449 42.55774 42.56099 42.56436 42.57184 42.58342 42.5958 42.60862 42.62144 42.63425 42.64708 42.6599 42.67271 42.68553 42.69836 42.7112 42.72026 42.72556 42.73121 42.73709 42.74298 42.74886 42.75475 42.76063 42.76652 42.7724 42.77829 42.78411 42.78996 42.79586 42.80159 42.80728 42.81298 42.81868 42.82438 42.83009 42.83578 42.84148 42.84718 42.85271 42.8448 42.82349 42.80105 42.77801 42.75498 42.73195 42.70892 42.68589 42.66286 42.63983 42.61681 42.59383 42.554 42.49749 42.4421 42.38762 42.33317 42.27872 42.22427 42.16982 42.11537 42.06092 42.00647 41.95203
42.35113 42.35388 42.35642 42.35881 42.36134 42.36422 42.37144 42.38357 42.39672 42.4103 42.42408 42.43772 42.45113 42.46428 42.47721 42.48997 42.50288 42.51617 42.52514 42.53013 42.53565 42.54153 42.54763 42.55357 42.55929 42.56479 42.57009 42.57527 42.58057 42.5862 42.59292 42.60073 42.60837 42.61625 42.6243 42.63224 42.64001 42.64759 42.65503 42.66236 42.66977 42.67747 42.67089 42.64931 42.62635 42.60344 42.58073 42.55795 42.53501 42.51188 42.48854 42.46503 42.44154 42.41846 42.37756 42.31992 42.26376 42.20823 42.15301 42.09768 42.04212 41.98631 41.93023 41.87396 41.81775 41.76199
42.15637 42.15873 42.16075 42.1624 42.16364 42.16459 42.17093 42.18427 42.19961 42.21466 42.22933 42.24362 42.25753 42.27109 42.28429 42.2971 42.30952 42.32167 42.32993 42.33501 42.34192 42.3485 42.35468 42.36047 42.36591 42.37103 42.37584 42.38035 42.38459 42.38866 42.39593 42.40567 42.41655 42.42718 42.43749 42.44751 42.45727 42.46676 42.47601 42.48502 42.49379 42.5024 42.49714 42.47494 42.45293 42.43077 42.40842 42.38584 42.36301 42.33988 42.31644 42.29263 42.26841 42.24381 42.20127 42.14256 42.08717 42.03155 41.97556 41.91918 41.86243 41.80529 41.74778 41.68985 41.63151 41.5728
41.96342 41.96549 41.96721 41.96856 41.96949 41.97009 41.97644 41.99038 42.00623 42.02174 42.03687 42.05162 42.06599 42.08 42.09364 42.1069 42.11977 42.13232 42.1405 42.14528 42.15186 42.15808 42.16388 42.16929 42.17435 42.17908 42.1835 42.18763 42.19147 42.19512 42.20304 42.21473 42.22756 42.24011 42.25235 42.26429 42.27596 42.28736 42.29852 42.30943 42.32011 42.33061 42.32618 42.30399 42.28212 42.26008 42.23784 42.21537 42.19264 42.16962 42.14628 42.12257 42.09845 42.07392 42.03094 41.97124 41.91463 41.85777 41.80051 41.74287 41.68486 41.62646 41.56767 41.50847 41.44884 41.38884
41.77393 41.77501 41.77586 41.77656 41.77737 41.77857 41.78539 41.79836 41.81224 41.8266 41.84112 41.85548 41.8696 41.88347 41.89709 41.91056 41.92412 41.93812 41.94707 41.95135 41.9562 41.96145 41.96689 41.97216 41.9772 41.98202 41.98664 41.99112 41.9957 42.00066 42.00878 42.02014 42.03147 42.04308 42.05485 42.06649 42.07796 42.08925 42.10037 42.11138 42.12246 42.13386 42.12897 42.10729 42.08456 42.06202 42.03967 42.01722 41.99463 41.97182 41.9488 41.92561 41.90241 41.87963 41.83813 41.77861 41.72002 41.66196 41.60421 41.54633 41.4882 41.42981 41.37117 41.31231 41.25348 41.19488
41.58815 41.58757 41.58699 41.58641 41.58583 41.58536 41.59118 41.6033 41.6161 41.62924 41.64239 41.65554 41.66868 41.68183 41.69498 41.70812 41.72127 41.73446 41.7434 41.74811 41.75324 41.75862 41.764 41.76938 41.77477 41.78014 41.78552 41.7909 41.79628 41.80163 41.80882 41.81791 41.82697 41.8361 41.84523 41.85437 41.8635 41.87263 41.88177 41.8909 41.90004 41.90902 41.90275 41.88127 41.85907 41.83659 41.81413 41.79166 41.7692 41.74674 41.72429 41.70182 41.67936 41.65689 41.61662 41.55865 41.50112 41.44402 41.38694 41.32986 41.27277 41.21569 41.15861 41.10152 41.04416 40.98737
41.40363 41.40129 41.39895 41.39661 41.39427 41.39219 41.39684 41.40815 41.41998 41.43226 41.44456 41.45687 41.46918 41.48148 41.49379 41.5061 41.51841 41.53083 41.53966 41.54483 41.55032 41.5561 41.56192 41.56775 41.57357 41.57938 41.58521 41.59103 41.59685 41.60263 41.60891 41.6157 41.62251 41.62936 41.63625 41.64314 41.65003 41.65692 41.66381 41.6707 41.6776 41.68419 41.67676 41.65539 41.63357 41.61139 41.58923 41.56708 41.54493 41.52277 41.50062 41.47847 41.45631 41.43417 41.39489 41.33847 41.28228 41.22635 41.1705 41.11465 41.05881 41.00296 40.94712 40.89097 40.83543 40.77966
41.2191 41.215 41.21091 41.20681 41.20272 41.19895 41.20237 41.21292 41.22388 41.23526 41.24673 41.2582 41.26967 41.28114 41.29261 41.30408 41.31554 41.32719 41.33586 41.3415 41.3474 41.35359 41.35985 41.3661 41.37237 41.37863 41.38489 41.39116 41.39742 41.40366 41.40903 41.4135 41.41802 41.42262 41.42727 41.43192 41.43656 41.44121 41.44586 41.4505 41.45515 41.45945 41.45094 41.42965 41.40806 41.38618 41.36433 41.34249 41.32064 41.2988 41.27695 41.25511 41.23327 41.21139 41.17303 41.11816 41.06337 41.00867 40.95406 40.89945 40.84484 40.79024 40.73528 40.68102 40.62641 40.57194
41.03459 41.02872 41.02287 41.01701 41.01117 41.00565 41.00781 41.01761 41.02775 41.03828 41.04891 41.05954 41.07016 41.0808 41.09142 41.10205 41.11269 41.12352 41.132 41.13812 41.14446 41.15107 41.15777 41.16447 41.17118 41.17788 41.18458 41.19128 41.19798 41.2047 41.20915 41.21131 41.21355 41.21588 41.21828 41.22069 41.22309 41.22549 41.2279 41.2303 41.23269 41.23479 41.22523 41.20399 41.18257 41.16097 41.13943 41.1179 41.09637 41.07483 41.05329 41.03175 41.01022 40.98857 40.9511 40.89777 40.84441 40.791 40.73763 40.68425 40.63088 40.57716 40.52414 40.47076 40.4174 40.36419
40.85007 40.84245 40.83483 40.82721 40.81961 40.8123 40.81318 40.82224 40.83158 40.84129 40.85107 40.86087 40.87066 40.88045 40.89024 40.90003 40.90983 40.91981 40.9281 40.93469 40.9415 40.94855 40.9557 40.96284 40.96998 40.97712 40.98426 40.99141 40.99854 41.00574 41.00927 41.00911 41.00906 41.00914 41.0093 41.00946 41.00962 41.00978 41.00994 41.01011 41.01024 41.01019 40.99957 40.97838 40.95711 40.93577 40.91454 40.89331 40.87208 40.85086 40.82963 40.8084 40.78716 40.76574 40.72914 40.67737 40.62544 40.57332 40.52119 40.46905 40.41662 40.36478 40.31265 40.26052 40.20839 40.1564
40.66555 40.65617 40.64679 40.63741 40.62804 40.6189 40.61851 40.62681 40.6354 40.6443 40.65325 40.6622 40.67115 40.68011 40.68906 40.69801 40.70696 40.71606 40.72417 40.73124 40.73852 40.74604 40.75362 40.7612 40.76878 40.77637 40.78395 40.79153 40.79911 40.80676 40.80936 40.80688 40.80455 40.80239 40.80032 40.79823 40.79615 40.79407 40.79199 40.7899 40.78782 40.78558 40.77391 40.75275 40.73163 40.71056 40.68964 40.66872 40.6478 40.62688 40.60596 40.58504 40.56413 40.54295 40.50724 40.45701 40.40649 40.35564 40.30474 40.25365 40.20295 40.15206 40.10116 40.05026 39.99937 39.9486
40.48103 40.46989 40.45875 40.44761 40.43647 40.42549 40.42381 40.43137 40.43921 40.44731 40.45542 40.46353 40.47165 40.47976 40.48788 40.49599 40.5041 40.51231 40.52021 40.52776 40.53553 40.54353 40.55154 40.55957 40.56759 40.57561 40.58363 40.59166 40.59968 40.60776 40.60941 40.60461 40.60003 40.59565 40.59133 40.58701 40.58268 40.57835 40.57403 40.56971 40.56538 40.56096 40.54819 40.52707 40.5061 40.48535 40.46474 40.44413 40.42352 40.40291 40.3823 40.36169 40.34108 40.32024 40.28545 40.23676 40.18759 40.13797 40.08819 40.03865 39.98899 39.93933 39.88967 39.84001 39.79035 39.74077
