Spatial_Analysis/Downscaled_EnvironmentalLayers/RCP8_5/2080/par_future85.asc
ncols         648
nrows         324
xllcorner     -102.97071042
yllcorner     3.973116569
cellsize      0.083
NODATA_value  -9999
[rows 58 to 86 of 324, columns 66 to 131 of 648]
-9999 -9999 -9999 41.38065 -9999 41.38059 41.38171 41.38382 41.38712 41.39183 41.39822 41.4054 41.4256 41.45881 41.49202 41.52521 41.55835 41.59142 41.62434 41.65709 41.68964 41.72186 41.75333 41.78283 41.82248 41.87514 41.92623 41.97485 42.02127 42.06408 42.097 42.08943 42.07662 42.06246 42.04609 42.02028 41.98624 41.94106 41.88491 41.81888 41.75229 41.6888 41.63358 41.61373 41.59749 41.58125 41.56622 41.56483 41.56335 41.56077 41.57302 41.60064 41.63161 41.66258 41.69355 41.72451 41.75549 41.78646 41.81725 41.84653 41.87767 41.91079 41.94243 41.97249 42.00227 42.03205
-9999 -9999 -9999 -9999 41.47231 41.47319 41.47408 41.47483 41.47549 41.47606 41.47649 41.47675 41.49292 41.52497 41.5567 41.58806 41.61898 41.64958 41.68073 41.71268 41.74562 41.77973 41.81505 41.85029 41.89302 41.94717 41.9986 42.0468 42.09083 42.12429 42.11706 42.10515 42.09166 42.07629 42.05829 42.02919 41.99288 41.94538 41.88723 41.81951 41.75372 41.69677 41.67546 41.65735 41.63924 41.62114 41.60373 41.60001 41.59842 41.59775 41.61308 41.64444 41.67833 41.71222 41.74611 41.78 41.81389 41.84779 41.88157 41.91366 41.94662 41.98058 42.01275 42.04308 42.07317 42.10326
-9999 -9999 -9999 -9999 41.56576 41.56028 41.5545 41.54835 41.54175 41.53471 41.52723 41.5195 41.53131 41.56269 41.59447 41.62672 41.65952 41.69299 41.72728 41.76257 41.79917 41.83733 41.877 41.91743 41.96405 42.01939 42.07047 42.11658 42.15089 42.14337 42.13218 42.11965 42.10525 42.08844 42.0693 42.03953 42.0008 41.95094 41.89003 41.82179 41.76311 41.74093 41.72095 41.70097 41.68099 41.66102 41.64107 41.63287 41.63044 41.63214 41.65232 41.68823 41.72504 41.76186 41.79868 41.83549 41.8723 41.90911 41.94592 41.98112 42.01599 42.05074 42.08318 42.11366 42.14406 42.17447
-9999 -9999 -9999 -9999 41.63241 41.62039 41.60843 41.59652 41.58464 41.5728 41.56108 41.54962 41.56087 41.5949 41.62938 41.66439 41.70007 41.73655 41.77401 41.81265 41.85261 41.89425 41.93788 41.98336 42.03556 42.09166 42.14098 42.17624 42.16833 42.15816 42.14642 42.13304 42.11808 42.10078 42.08062 42.05257 42.01046 41.95786 41.89309 41.83279 41.81013 41.78829 41.76644 41.74459 41.72275 41.7009 41.67905 41.66356 41.65891 41.66383 41.6923 41.73203 41.77176 41.8115 41.85123 41.89097 41.9307 41.97044 42.01017 42.04897 42.08595 42.12135 42.15353 42.18424 42.21495 42.24567
-9999 -9999 -9999 -9999 41.6878 41.67214 41.65656 41.64106 41.62564 41.61029 41.59499 41.57982 41.59052 41.62719 41.66438 41.70218 41.74075 41.78017 41.82053 41.86205 41.90506 41.95003 41.99749 42.04792 42.10765 42.16318 42.19898 42.19152 42.18254 42.17208 42.1602 42.14677 42.13169 42.11415 42.09306 42.06719 42.02217 41.96622 41.9068 41.88313 41.85966 41.83624 41.81269 41.78896 41.765 41.74094 41.71707 41.69394 41.68317 41.6937 41.73317 41.77595 41.81899 41.86195 41.90472 41.94728 41.98966 42.03194 42.07442 42.11699 42.15669 42.19236 42.2238 42.25494 42.28638 42.31777
-9999 -9999 -9999 41.76215 41.74276 41.72348 41.70431 41.68525 41.6663 41.64746 41.62873 41.61008 41.62026 41.65958 41.69947 41.73995 41.78112 41.82312 41.86613 41.91043 41.95639 42.00463 42.0558 42.11085 42.18045 42.2186 42.21235 42.20479 42.19602 42.18589 42.17422 42.1608 42.1454 42.12759 42.10596 42.07924 42.0363 41.98537 41.96062 41.9362 41.91159 41.88668 41.86142 41.83578 41.80975 41.78334 41.75658 41.72969 41.70255 41.72857 41.77538 41.82214 41.86857 41.91467 41.96043 42.00586 42.05095 42.09571 42.14016 42.18447 42.22845 42.26281 42.29541 42.32803 42.36039 42.39242
-9999 -9999 -9999 41.82024 41.79723 41.77434 41.75159 41.72899 41.70654 41.68424 41.6621 41.6401 41.65002 41.69184 41.73415 41.77704 41.82066 41.86515 41.91072 41.95767 42.00642 42.05774 42.11248 42.17165 42.23162 42.23018 42.22455 42.21774 42.20963 42.20004 42.18871 42.17538 42.1597 42.14131 42.11879 42.09053 42.065 42.04558 42.0196 41.99344 41.96692 41.94004 41.91278 41.88512 41.85707 41.82861 41.79972 41.77047 41.73611 41.77095 41.82111 41.87091 41.92032 41.96936 42.01805 42.06638 42.11438 42.162 42.20925 42.25612 42.30248 42.3372 42.37071 42.40393 42.43681 42.46931
-9999 -9999 41.90457 41.87777 41.85113 41.82465 41.79834 41.77222 41.74628 41.72053 41.69492 41.6694 41.67892 41.72342 41.76806 41.8133 41.85926 41.90613 41.95411 42.00349 42.05468 42.10838 42.16472 42.20224 42.23865 42.24037 42.23631 42.23076 42.22363 42.21478 42.20399 42.19096 42.17529 42.1566 42.13511 42.134 42.12305 42.11277 42.08382 42.05455 42.02541 41.99615 41.96666 41.93691 41.90689 41.87665 41.84642 41.81668 41.80124 41.82005 41.8703 41.92222 41.9742 42.026 42.07755 42.12883 42.17988 42.23073 42.28158 42.33292 42.37925 42.41711 42.44966 42.48255 42.51555 42.54839
-9999 -9999 41.95722 41.92762 41.8982 41.86897 41.83995 41.8111 41.7824 41.75386 41.72547 41.69721 41.70691 41.75455 41.80222 41.85008 41.89865 41.94808 41.99856 42.05033 42.10334 42.15392 42.18704 42.21863 42.25216 42.25574 42.25175 42.24656 42.23979 42.2312 42.22053 42.20759 42.19254 42.17978 42.18732 42.19287 42.17931 42.17122 42.14714 42.11591 42.08467 42.05344 42.02223 41.99098 41.95973 41.9285 41.89726 41.87122 41.86555 41.87989 41.92351 41.9775 42.03149 42.08548 42.13949 42.19346 42.24744 42.30143 42.35541 42.40849 42.45497 42.49493 42.52975 42.56277 42.59579 42.62883
-9999 42.03302 42.00126 41.96969 41.9383 41.90709 41.87604 41.84517 41.81448 41.78395 41.75359 41.72336 41.73381 41.78491 41.83603 41.8871 41.93851 41.99069 42.04353 42.09602 42.1398 42.17426 42.20801 42.24065 42.27248 42.27687 42.27224 42.26651 42.25942 42.25065 42.24031 42.22952 42.22787 42.23591 42.24498 42.24738 42.23368 42.22585 42.20717 42.17525 42.14303 42.11082 42.07861 42.04639 42.01418 41.98196 41.94975 41.9305 41.92876 41.9419 41.9789 42.03462 42.09087 42.14711 42.20335 42.2596 42.31584 42.37209 42.42833 42.48225 42.52972 42.57124 42.60846 42.64231 42.67607 42.70983
42.11214 42.07815 42.04433 42.01069 41.97723 41.94395 41.91086 41.87794 41.8452 41.81264 41.78024 41.74796 41.75908 41.81359 41.86817 41.92267 41.97678 42.03047 42.08174 42.12259 42.16017 42.19619 42.23097 42.26395 42.29542 42.30042 42.29548 42.28959 42.28288 42.27566 42.27038 42.27632 42.28474 42.29356 42.30313 42.30389 42.2902 42.28209 42.26594 42.23458 42.20139 42.1682 42.13501 42.10181 42.06861 42.03543 42.00289 41.98837 41.98866 42.00175 42.03606 42.09174 42.15024 42.20874 42.26725 42.32575 42.38425 42.44275 42.50114 42.55621 42.60499 42.64787 42.68682 42.72184 42.75634 42.79084
42.15818 42.12207 42.08615 42.0504 42.01484 41.97946 41.94427 41.90925 41.87441 41.83978 41.80537 41.77114 41.78299 41.84082 41.89847 41.9555 42.01071 42.05987 42.10212 42.1432 42.18282 42.22075 42.25638 42.2892 42.32151 42.32713 42.32254 42.3177 42.31377 42.31549 42.32429 42.33322 42.34242 42.35226 42.36217 42.36274 42.34884 42.34034 42.32499 42.29392 42.25975 42.22558 42.19141 42.15723 42.12306 42.08889 42.05644 42.04383 42.04523 42.05885 42.09279 42.14886 42.20962 42.27039 42.33114 42.3919 42.45266 42.51342 42.57386 42.63057 42.68082 42.72495 42.76525 42.80138 42.83661 42.87185
42.2029 42.16465 42.12658 42.08869 42.05099 42.0135 41.97625 41.93923 41.90242 41.86581 41.82934 41.79295 41.80514 41.86559 41.92501 41.98162 42.03133 42.07803 42.12278 42.16624 42.20823 42.24829 42.28482 42.31742 42.3517 42.35842 42.35587 42.35574 42.36269 42.37167 42.38113 42.39084 42.40101 42.41195 42.42286 42.42386 42.40965 42.40079 42.38503 42.35326 42.31811 42.28296 42.24781 42.21265 42.1775 42.14235 42.10917 42.09649 42.09832 42.11287 42.14808 42.20599 42.269 42.33202 42.39504 42.45805 42.52106 42.58408 42.64673 42.70544 42.75729 42.8026 42.84395 42.88092 42.91689 42.95286
42.2462 42.20583 42.16568 42.12576 42.08605 42.04657 42.00729 41.96821 41.92928 41.89044 41.85157 41.81246 41.82402 41.88529 41.94231 41.99547 42.0475 42.09792 42.14601 42.19215 42.23683 42.27909 42.31725 42.35038 42.38785 42.39751 42.40213 42.41056 42.41935 42.42862 42.43862 42.44926 42.46046 42.47255 42.48523 42.48712 42.47274 42.46358 42.44624 42.4126 42.37647 42.34034 42.30421 42.26807 42.23195 42.19581 42.16084 42.14607 42.14766 42.16356 42.20169 42.26311 42.32838 42.39365 42.45892 42.5242 42.58947 42.65474 42.7198 42.78091 42.83448 42.88091 42.92297 42.96045 42.99716 43.03387
42.28857 42.24616 42.20397 42.16198 42.1202 42.07859 42.03713 41.99577 41.9544 41.91286 41.87085 41.82774 41.83619 41.89473 41.95237 42.00926 42.06512 42.11958 42.17199 42.22152 42.26922 42.31417 42.35518 42.39166 42.43418 42.4507 42.45913 42.46782 42.47688 42.48648 42.49693 42.50845 42.52073 42.53397 42.54868 42.55308 42.53836 42.52881 42.5082 42.47194 42.43483 42.39772 42.36061 42.3235 42.28638 42.24928 42.21223 42.19248 42.19286 42.21069 42.25412 42.32023 42.38776 42.45529 42.52282 42.59035 42.65788 42.7254 42.79293 42.85704 42.91253 42.95994 43.00224 43.03999 43.07743 43.11488
42.33012 42.2856 42.24127 42.19711 42.15309 42.10916 42.06524 42.02118 41.97676 41.93155 41.88469 41.8347 41.84031 41.90225 41.9637 42.02452 42.08453 42.14342 42.20066 42.2552 42.30643 42.35542 42.4016 42.4461 42.49243 42.50835 42.51702 42.52598 42.53536 42.54537 42.55626 42.56837 42.58175 42.59615 42.61211 42.62152 42.60684 42.59646 42.56937 42.53127 42.49318 42.4551 42.41701 42.37892 42.34083 42.30274 42.26465 42.23603 42.23336 42.25425 42.30757 42.37736 42.44715 42.51693 42.58671 42.6565 42.72628 42.79607 42.86585 42.93377 42.99158 43.03975 43.08133 43.11952 43.15771 43.19589
42.37064 42.3239 42.27729 42.23076 42.18424 42.13762 42.09071 42.04318 41.99445 41.9434 41.89111 41.83861 41.8453 41.91114 41.97664 42.04173 42.10631 42.17018 42.23298 42.29372 42.35082 42.40659 42.45923 42.50746 42.5524 42.56689 42.57583 42.58522 42.59546 42.60628 42.61776 42.63024 42.64413 42.65921 42.67591 42.69085 42.6787 42.66562 42.62968 42.59072 42.552 42.5131 42.47395 42.43468 42.39538 42.3562 42.31713 42.27916 42.26836 42.29538 42.36244 42.43443 42.50615 42.57784 42.64968 42.72173 42.79403 42.8665 42.93877 43.01062 43.07183 43.12014 43.16013 43.19898 43.23736 43.27576
42.40983 42.36069 42.31156 42.26233 42.21286 42.1629 42.11199 42.05936 42.00562 41.95179 41.89786 41.84383 41.85182 41.92183 41.99176 42.06161 42.13139 42.2011 42.27059 42.33933 42.4046 42.464 42.51945 42.57062 42.61372 42.62643 42.63727 42.64851 42.65984 42.67138 42.6834 42.69624 42.7104 42.726 42.74187 42.756 42.75452 42.73011 42.69173 42.65295 42.61335 42.57309 42.53238 42.49144 42.45048 42.40971 42.36933 42.32948 42.29704 42.343 42.41647 42.48964 42.5629 42.63636 42.71011 42.78421 42.85876 42.93384 43.00951 43.08557 43.15351 43.19928 43.23731 43.27499 43.31311 43.35176
42.44726 42.39541 42.34335 42.29086 42.23762 42.18304 42.12766 42.07225 42.01685 41.96146 41.9061 41.85078 41.86039 41.93503 42.00996 42.08532 42.16134 42.23839 42.31501 42.38931 42.45953 42.52258 42.58131 42.6358 42.67912 42.69268 42.70468 42.71651 42.7283 42.74028 42.75272 42.76597 42.78052 42.79689 42.81277 42.82637 42.82928 42.79845 42.75916 42.71863 42.6771 42.63483 42.59209 42.5491 42.50608 42.46327 42.42089 42.37922 42.33559 42.39277 42.4676 42.54247 42.61751 42.69277 42.76834 42.8443 42.92073 42.99775 43.07547 43.15402 43.22754 43.27094 43.30839 43.34641 43.38507 43.42435
42.48226 42.42721 42.37151 42.31477 42.2576 42.20048 42.14341 42.08643 42.02956 41.97284 41.91632 41.86012 41.87189 41.95181 42.03263 42.11472 42.19729 42.27929 42.36006 42.43879 42.51395 42.5826 42.64483 42.70307 42.7528 42.76796 42.77794 42.78905 42.80075 42.81288 42.82563 42.83932 42.85446 42.87146 42.88841 42.90442 42.89529 42.87616 42.83189 42.78763 42.74318 42.69828 42.65305 42.60762 42.56218 42.51689 42.47186 42.4269 42.4059 42.4394 42.51583 42.59301 42.67003 42.74714 42.82446 42.90207 42.98004 43.05836 43.13688 43.21478 43.2819 43.33208 43.37333 43.41346 43.4534 43.49363
42.50193 42.44495 42.3879 42.33093 42.27407 42.21735 42.16079 42.10445 42.04839 41.99268 41.93749 41.88302 41.89857 41.98438 42.07061 42.15705 42.24335 42.32906 42.41371 42.49659 42.57636 42.65126 42.71797 42.77985 42.83543 42.85326 42.86362 42.87441 42.88575 42.89784 42.91092 42.92526 42.94144 42.95908 42.97711 42.98916 42.97327 42.95703 42.91773 42.86943 42.82113 42.77285 42.72456 42.67624 42.62793 42.57963 42.53133 42.48969 42.48055 42.50388 42.56803 42.64584 42.72365 42.80144 42.87921 42.95704 43.03489 43.11269 43.19051 43.26704 43.33163 43.38427 43.42871 43.47036 43.51201 43.55363
42.50678 42.45188 42.39713 42.34254 42.28817 42.23405 42.18027 42.12688 42.07403 42.02192 41.97079 41.9205 41.94004 42.0294 42.11909 42.20894 42.29857 42.38772 42.47598 42.56272 42.64696 42.72786 42.8008 42.86633 42.92708 42.94725 42.95825 42.96966 42.98163 42.99432 43.00801 43.02304 43.03975 43.05722 43.07544 43.08108 43.06338 43.04649 43.01263 42.96131 42.90966 42.85802 42.80637 42.75473 42.70308 42.65144 42.5998 42.56561 42.55897 42.5762 42.62674 42.70287 42.77961 42.85635 42.93309 43.00983 43.08656 43.1633 43.24004 43.31343 43.37679 43.43081 43.47834 43.5208 43.56314 43.60548
42.51269 42.46017 42.40788 42.35587 42.30423 42.25303 42.20237 42.15244 42.10335 42.05472 42.00651 41.95873 41.98123 42.07399 42.16707 42.2602 42.35319 42.44583 42.53773 42.62836 42.71742 42.80422 42.88505 42.95531 43.02025 43.04226 43.05388 43.06591 43.07849 43.09179 43.1061 43.12177 43.13855 43.15587 43.17345 43.17478 43.15622 43.13784 43.10579 43.05318 42.99819 42.9432 42.88821 42.83322 42.77824 42.72325 42.66909 42.63972 42.63286 42.64565 42.68799 42.75991 42.83557 42.91124 42.9869 43.06257 43.13824 43.21391 43.28943 43.36026 43.42294 43.47803 43.52748 43.57125 43.61427 43.65729
42.52016 42.47019 42.4206 42.37147 42.3229 42.27496 42.22746 42.18036 42.1337 42.08749 42.04174 41.99649 42.02196 42.11807 42.2144 42.31083 42.40723 42.50338 42.59899 42.69368 42.78775 42.88037 42.96901 43.04714 43.11496 43.13829 43.15051 43.16314 43.17631 43.19022 43.20512 43.22126 43.23785 43.25503 43.27155 43.27134 43.25187 43.23177 43.19918 43.14506 43.08672 43.02839 42.97005 42.91172 42.85339 42.79506 42.73907 42.71057 42.70216 42.71132 42.74876 42.81694 42.89153 42.96612 43.04072 43.11532 43.18991 43.26451 43.33869 43.40775 43.47004 43.52604 43.57675 43.62169 43.6654 43.7091
42.52964 42.4825 42.43581 42.3894 42.34337 42.29774 42.25254 42.20779 42.16352 42.11974 42.07648 42.03377 42.06216 42.16149 42.26108 42.36086 42.4607 42.56043 42.65976 42.75887 42.85796 42.95633 43.05255 43.14164 43.21122 43.23533 43.24814 43.26135 43.2751 43.28959 43.30508 43.32126 43.33765 43.35468 43.37098 43.37106 43.35055 43.32865 43.2939 43.23693 43.17526 43.11357 43.0519 42.99022 42.92854 42.86687 42.80795 42.77754 42.76665 42.77275 42.80758 42.87397 42.94749 43.02102 43.09454 43.16806 43.24159 43.31511 43.38816 43.45599 43.51807 43.57487 43.6264 43.67213 43.71652 43.76091
42.5408 42.49588 42.45129 42.4071 42.36331 42.31997 42.27708 42.23469 42.19281 42.15147 42.11071 42.0705 42.10169 42.20424 42.30714 42.4103 42.51363 42.61695 42.72019 42.82394 42.92804 43.03212 43.13581 43.23725 43.30902 43.33337 43.34676 43.36055 43.37487 43.38992 43.4058 43.42177 43.43796 43.45484 43.47204 43.47371 43.45257 43.42878 43.39023 43.32881 43.26379 43.19876 43.13374 43.06872 43.0037 42.93867 42.87534 42.84026 42.82595 42.82956 42.86405 42.931 43.00345 43.0759 43.14836 43.22081 43.29326 43.36572 43.43789 43.505 43.56704 43.62453 43.67648 43.72257 43.76765 43.81273
42.55136 42.50858 42.46618 42.42421 42.38268 42.34163 42.30106 42.26103 42.22156 42.18268 42.14437 42.10654 42.14054 42.24636 42.35258 42.45916 42.56599 42.67293 42.78047 42.88887 42.99799 43.10775 43.21884 43.33094 43.4084 43.43243 43.44639 43.46075 43.47562 43.49123 43.50705 43.5228 43.53879 43.55552 43.57411 43.57943 43.5584 43.53244 43.48773 43.42069 43.35232 43.28395 43.21558 43.14722 43.07885 43.01048 42.94224 42.89852 42.87948 42.88141 42.9188 42.98803 43.05941 43.13079 43.20218 43.27356 43.34494 43.41632 43.48769 43.55477 43.61701 43.67506 43.72686 43.77301 43.81878 43.86454
42.56129 42.52068 42.48049 42.44075 42.40148 42.36271 42.32448 42.28682 42.24977 42.21329 42.17733 42.1419 42.17874 42.28784 42.39742 42.50742 42.61776 42.72861 42.84058 42.95365 43.06778 43.18319 43.3015 43.42232 43.50935 43.53252 43.54705 43.56195 43.57739 43.59323 43.60884 43.62438 43.64014 43.65676 43.67572 43.68808 43.66864 43.63972 43.58427 43.51256 43.44085 43.36914 43.29743 43.22571 43.154 43.08229 43.01058 42.9527 42.92643 42.9282 42.97475 43.04506 43.11537 43.18568 43.25599 43.3263 43.39661 43.46692 43.53723 43.60519 43.66805 43.72641 43.77702 43.82346 43.8699 43.91635
42.57062 42.53219 42.4942 42.4567 42.41969 42.38323 42.34733 42.31204 42.27734 42.24319 42.2096 42.17658 42.21628 42.32867 42.44161 42.55504 42.66898 42.78408 42.90051 43.01826 43.1374 43.25841 43.38328 43.51177 43.6119 43.63364 43.64874 43.66405 43.67909 43.69395 43.70895 43.72443 43.74075 43.75828 43.77751 43.79766 43.78415 43.74949 43.6795 43.60432 43.52853 43.45302 43.37799 43.3033 43.22873 43.15402 43.07904 43.00592 42.96571 42.97137 43.03286 43.10212 43.17139 43.24057 43.30969 43.37884 43.44808 43.51745 43.58677 43.6557 43.72029 43.77829 43.82677 43.87388 43.92069 43.96746
