Spatial_Analysis/Downscaled_EnvironmentalLayers/RCP8_5/2080/par_future85.asc
ncols         648
nrows         324
xllcorner     -102.97071042
yllcorner     3.973116569
cellsize      0.083
NODATA_value  -9999
[rows 203 to 231 of 324, columns 264 to 329 of 648]
43.2224 43.24092 43.25945 43.27797 43.2965 43.32051 43.37327 43.45259 43.54824 43.66207 43.79099 43.9205 44.04839 44.17952 44.30903 44.43854 44.56805 44.69591 44.80247 44.8884 44.97048 45.04821 45.12275 45.1973 45.2734 45.34641 45.42096 45.49551 45.57006 45.64192 45.70823 45.77009 45.82219 45.86351 45.89524 45.92636 45.95749 45.98861 46.01973 46.05085 46.08197 46.11036 46.11732 46.10378 46.0768 46.0352 45.9795 45.92238 45.86527 45.80816 45.75105 45.69394 45.63683 45.58042 45.51376 45.43639 45.3599 45.2845 45.20959 45.13436 45.05914 44.98391 44.90869 44.83346 44.75824 44.68529
43.24436 43.2576 43.27083 43.28407 43.2973 43.31438 43.36195 43.4388 43.53452 43.65149 43.78255 43.91204 44.04481 44.17594 44.30707 44.4382 44.56933 44.6993 44.80825 44.89674 44.98105 45.0606 45.13755 45.21607 45.29155 45.36854 45.44554 45.52254 45.59954 45.67473 45.74237 45.80272 45.85147 45.88734 45.91362 45.93974 45.96585 45.99197 46.01809 46.04421 46.07033 46.09484 46.09928 46.083 46.05109 46.00203 45.93867 45.87474 45.8108 45.74686 45.68293 45.61899 45.55506 45.49182 45.41967 45.33809 45.25944 45.18413 45.11081 45.03733 44.96385 44.89037 44.81688 44.7434 44.66992 44.59781
43.26632 43.27427 43.28221 43.29016 43.2981 43.30716 43.3469 43.42077 43.51802 43.64136 43.77257 43.90686 44.03961 44.17236 44.30511 44.43786 44.57061 44.70295 44.81475 44.90584 44.99207 45.0729 45.15375 45.23178 45.31123 45.39068 45.47013 45.54957 45.62902 45.7081 45.77889 45.83815 45.88273 45.91088 45.932 45.95311 45.97422 45.99533 46.01645 46.03756 46.05868 46.07966 46.08418 46.06585 46.02807 45.96861 45.89785 45.82709 45.75633 45.68556 45.61481 45.54404 45.47329 45.40268 45.32404 45.23803 45.15768 45.08376 45.01203 44.94029 44.86855 44.79682 44.72508 44.65334 44.5816 44.50993
43.28825 43.2909 43.29359 43.29625 43.2989 43.30156 43.32774 43.39752 43.49966 43.62987 43.76568 43.89999 44.03407 44.16835 44.30295 44.43751 44.57188 44.70625 44.82196 44.91576 45.00318 45.08654 45.16713 45.24898 45.33058 45.41243 45.49455 45.5766 45.6585 45.74039 45.81805 45.87718 45.91562 45.93426 45.95037 45.96645 45.98223 45.99814 46.01448 46.03092 46.04703 46.06314 46.07205 46.05327 46.00745 45.93461 45.85703 45.77941 45.7013 45.62347 45.54623 45.4691 45.39151 45.31392 45.22607 45.13501 45.05423 44.98325 44.91325 44.84327 44.77344 44.70369 44.63361 44.56329 44.49329 44.4233
43.31004 43.30679 43.30371 43.30108 43.29905 43.29714 43.30618 43.36799 43.48392 43.62003 43.75336 43.88678 44.02085 44.15593 44.29234 44.43026 44.56961 44.70899 44.82969 44.92653 45.01445 45.0959 45.17662 45.25852 45.34198 45.42683 45.51275 45.59936 45.68615 45.77225 45.85835 45.92075 45.94653 45.95682 45.96513 45.97295 45.98116 45.99043 46.00134 46.01437 46.02965 46.04579 46.06011 46.04642 45.98503 45.89876 45.80817 45.71862 45.63132 45.54642 45.46376 45.38307 45.3038 45.22444 45.12617 45.02767 44.95097 44.88234 44.81357 44.74717 44.68244 44.618 44.55235 44.4841 44.41231 44.33804
43.33173 43.32177 43.31204 43.30293 43.29486 43.28833 43.29325 43.33458 43.4676 43.59943 43.73166 43.8646 43.99856 44.13384 44.2708 44.40985 44.55148 44.69627 44.83041 44.9376 45.01222 45.09037 45.17213 45.25685 45.34391 45.43277 45.523 45.61419 45.70594 45.79788 45.89104 45.96845 45.9707 45.97061 45.96985 45.96915 45.96919 45.97062 45.97414 45.98053 45.99064 46.00552 46.03109 46.0465 45.94352 45.83698 45.73511 45.63737 45.54321 45.45221 45.36407 45.27857 45.19559 45.11505 45.02087 44.91497 44.84227 44.77275 44.70996 44.65164 44.59565 44.54003 44.48287 44.42225 44.35617 44.28242
43.35334 43.33594 43.31876 43.30213 43.2864 43.27169 43.26587 43.3112 43.43673 43.56928 43.70161 43.83442 43.96812 44.10303 44.23948 44.37782 44.51833 44.66089 44.78787 44.88962 44.98112 45.06741 45.15516 45.2452 45.33731 45.43108 45.52612 45.62201 45.71832 45.81451 45.90966 45.97756 45.98283 45.9748 45.96556 45.95618 45.94741 45.93993 45.93436 45.93138 45.93161 45.93522 45.9455 45.93308 45.85129 45.74545 45.64017 45.53793 45.43879 45.34254 45.24891 45.15769 45.0686 44.98104 44.87534 44.76514 44.70546 44.65208 44.6022 44.55606 44.51202 44.46831 44.42316 44.37483 44.32168 44.26266
43.36129 43.33702 43.31287 43.28893 43.26503 43.2409 43.23611 43.28773 43.38811 43.52184 43.65544 43.78833 43.92142 44.05516 44.18977 44.32521 44.46064 44.59479 44.71457 44.81819 44.91886 45.01862 45.11798 45.21652 45.31568 45.41571 45.51646 45.61756 45.71836 45.81835 45.91188 45.96733 45.9828 45.96781 45.95148 45.93412 45.91672 45.89996 45.88431 45.86987 45.85584 45.84008 45.82896 45.79437 45.72467 45.62553 45.52388 45.42033 45.31738 45.2159 45.11592 45.01707 44.91828 44.8176 44.70454 44.60859 44.5487 44.51801 44.48865 44.45966 44.43158 44.40367 44.3749 44.34452 44.32267 44.32168
43.35558 43.32491 43.29424 43.26357 43.2329 43.20248 43.20573 43.25443 43.33932 43.46246 43.5941 43.72573 43.85736 43.989 44.12064 44.25227 44.38391 44.51546 44.6341 44.74103 44.84782 44.95476 45.06246 45.17015 45.27785 45.38555 45.49325 45.60094 45.70864 45.81633 45.90284 45.95391 45.97243 45.95576 45.92911 45.90246 45.87582 45.84917 45.82252 45.79588 45.76923 45.74258 45.71268 45.66572 45.59477 45.49751 45.39065 45.28379 45.17693 45.07007 44.96321 44.85634 44.74949 44.64262 44.53795 44.45197 44.39779 44.37859 44.37103 44.36346 44.3559 44.34834 44.34289 44.36172 44.39659 44.43914
43.34977 43.31253 43.27529 43.23804 43.20079 43.16779 43.17321 43.21708 43.29232 43.40309 43.53224 43.66139 43.79053 43.91969 44.04884 44.17799 44.30714 44.436 44.55528 44.66563 44.77749 44.8909 45.00633 45.12176 45.23719 45.35262 45.46805 45.58347 45.6989 45.81168 45.8933 45.94175 45.95974 45.94366 45.90637 45.86905 45.83172 45.7944 45.75706 45.71974 45.68242 45.64433 45.59851 45.54182 45.46604 45.36925 45.25676 45.14403 45.0313 44.91857 44.80584 44.69311 44.58038 44.46949 44.37354 44.29614 44.25024 44.23938 44.25339 44.26762 44.28184 44.30427 44.35923 44.42917 44.50513 44.58393
43.34397 43.30015 43.25633 43.21251 43.16869 43.13368 43.13705 43.17532 43.24321 43.34423 43.47038 43.59705 43.72371 43.85038 43.97704 44.10371 44.23037 44.35713 44.47738 44.59116 44.70776 44.82735 44.95021 45.07336 45.19652 45.31968 45.44284 45.566 45.68916 45.80549 45.88574 45.93232 45.94824 45.93031 45.88364 45.83563 45.78762 45.73962 45.69161 45.6436 45.5956 45.54527 45.4873 45.42192 45.33994 45.23997 45.12287 45.00427 44.88567 44.76707 44.64847 44.52987 44.41127 44.29846 44.2081 44.13851 44.10213 44.10215 44.13575 44.17177 44.22076 44.3107 44.41624 44.52658 44.63792 44.74931
43.33815 43.28776 43.23737 43.18698 43.13659 43.09765 43.09649 43.12873 43.19064 43.28561 43.40852 43.5327 43.65688 43.78106 43.90524 44.02942 44.1536 44.27846 44.39965 44.51682 44.63808 44.76375 44.89408 45.02497 45.15586 45.28675 45.41764 45.54853 45.67942 45.8006 45.88186 45.92711 45.93988 45.91695 45.8609 45.80222 45.74353 45.68484 45.62616 45.56747 45.50878 45.4471 45.37896 45.3054 45.21656 45.11121 44.98898 44.86451 44.74004 44.61557 44.4911 44.36663 44.24216 44.12643 44.03908 43.97662 43.95075 43.96473 44.01812 44.08886 44.21255 44.35478 44.50091 44.64638 44.78985 44.93104
43.33235 43.27538 43.21842 43.16145 43.10448 43.05872 43.05092 43.07673 43.13388 43.22599 43.34666 43.46836 43.59006 43.71175 43.83344 43.95514 44.07683 44.19955 44.32137 44.44183 44.56785 44.6999 44.83796 44.97657 45.1152 45.25381 45.39243 45.53106 45.66967 45.7985 45.88321 45.92772 45.93622 45.9051 45.83817 45.7688 45.69943 45.63007 45.5607 45.49133 45.42197 45.35011 45.27316 45.19184 45.09567 44.98346 44.85509 44.72475 44.59441 44.46408 44.33373 44.2034 44.07306 43.95155 43.86417 43.80796 43.79376 43.82522 43.90717 44.06115 44.24162 44.42555 44.60692 44.78432 44.95778 45.12716
43.32654 43.263 43.19946 43.13592 43.07238 43.01669 42.99966 43.01857 43.07244 43.1657 43.28481 43.40402 43.52323 43.64244 43.76165 43.88086 44.00006 44.12007 44.24182 44.3654 44.49644 44.63568 44.78183 44.92818 45.07454 45.22088 45.36723 45.51359 45.65994 45.7997 45.89134 45.93591 45.93856 45.89472 45.81543 45.73538 45.65534 45.57529 45.49524 45.4152 45.33515 45.25397 45.1696 45.08089 44.97696 44.85653 44.7212 44.58499 44.44878 44.31257 44.17636 44.04016 43.90395 43.7732 43.68116 43.6299 43.6291 43.68336 43.85268 44.07304 44.29762 44.51733 44.73057 44.93771 45.13958 45.33219
43.32073 43.25061 43.1805 43.11039 43.04028 42.97269 42.94205 42.95329 43.00637 43.10622 43.22295 43.33968 43.4564 43.57312 43.68985 43.80658 43.9233 44.04012 44.16033 44.28667 44.42334 44.57162 44.7257 44.87978 45.03387 45.18795 45.34203 45.49611 45.6502 45.80283 45.90772 45.95378 45.94777 45.88342 45.79269 45.70197 45.61124 45.52052 45.42979 45.33906 45.24833 45.15769 45.06782 44.97231 44.86009 44.72938 44.5873 44.44523 44.30315 44.16108 44.019 43.87692 43.73485 43.5934 43.48825 43.4395 43.45535 43.58382 43.84438 44.11364 44.37509 44.62675 44.8695 45.10473 45.32891 45.54026
43.31498 43.23844 43.16166 43.08486 43.00817 42.93148 42.87782 42.87968 42.93755 43.04685 43.16109 43.27534 43.38992 43.50424 43.61821 43.73229 43.84653 43.96077 44.07641 44.20466 44.34844 44.50776 44.66958 44.83138 44.99285 45.15443 45.31655 45.47864 45.64046 45.80227 45.93301 45.98383 45.96269 45.87136 45.76996 45.66855 45.56719 45.46604 45.36457 45.26293 45.16151 45.06011 44.96708 44.86595 44.74435 44.60136 44.45341 44.30547 44.15844 44.01106 43.86235 43.71368 43.56574 43.41779 43.28508 43.23343 43.27685 43.54941 43.86923 44.17733 44.47025 44.75054 45.0215 45.27948 45.52135 45.75155
43.31139 43.23158 43.15067 43.06735 42.98081 42.89296 42.80969 42.7965 42.87572 42.98973 43.10767 43.2235 43.33639 43.44684 43.55564 43.66372 43.77205 43.88168 43.99097 44.1182 44.27436 44.44312 44.60942 44.77423 44.93895 45.10497 45.27358 45.44588 45.62225 45.79971 45.96233 46.02905 45.9714 45.85763 45.74189 45.63117 45.52464 45.4196 45.31306 45.20214 45.08486 44.96358 44.8646 44.76176 44.62716 44.47691 44.33874 44.19859 44.05259 43.90023 43.74185 43.57823 43.41092 43.24443 43.07998 43.00771 43.17959 43.5573 43.91059 44.24038 44.55364 44.85608 45.14863 45.42875 45.70119 45.96495
43.3106 43.23117 43.15033 43.06615 42.97655 42.87925 42.76585 42.70967 42.83709 42.96236 43.0802 43.19204 43.29934 43.40336 43.50526 43.60609 43.70696 43.80899 43.9118 44.02638 44.19998 44.3704 44.53749 44.70304 44.86874 45.03618 45.207 45.38293 45.56594 45.75819 45.95664 46.08938 45.95055 45.81579 45.69617 45.58704 45.48398 45.3829 45.27987 45.17086 45.05156 44.91724 44.77793 44.66041 44.53886 44.42052 44.28997 44.14829 43.99687 43.83683 43.66899 43.49391 43.31194 43.1233 42.91899 42.75868 43.16525 43.56982 43.93988 44.28593 44.61578 44.93341 45.23541 45.52871 45.81996 46.1148
43.3123 43.23655 43.15947 43.07932 42.99435 42.9034 42.80297 42.76792 42.85749 42.96866 43.07609 43.17859 43.27699 43.37234 43.4657 43.5581 43.65058 43.74426 43.83958 43.9555 44.12007 44.28904 44.455 44.61944 44.78396 44.9501 45.1194 45.29342 45.47368 45.66098 45.84369 45.93819 45.85671 45.74092 45.63444 45.53695 45.44502 45.35493 45.26301 45.16556 45.0589 44.94021 44.83083 44.73983 44.58765 44.44593 44.30124 44.1479 43.9859 43.81591 43.63861 43.45462 43.26463 43.06999 42.86848 42.78435 43.16442 43.57731 43.95876 44.31715 44.65913 44.98077 45.28724 45.58595 45.8824 46.17997
43.27898 43.20989 43.14001 43.06858 42.99605 42.92471 42.85875 42.84351 42.89007 42.9762 43.06396 43.15304 43.24072 43.32673 43.41154 43.49593 43.5808 43.66694 43.75648 43.87103 44.01297 44.17523 44.33725 44.49779 44.65801 44.81911 44.98207 45.14739 45.31389 45.47725 45.62248 45.68671 45.67082 45.59626 45.51951 45.44305 45.369 45.296 45.2219 45.14493 45.06533 44.98851 44.925 44.83446 44.69471 44.51414 44.33387 44.15876 43.98152 43.80003 43.61418 43.42496 43.23513 43.0507 42.87275 42.86273 43.14946 43.55636 43.94793 44.31881 44.66694 44.99165 45.30127 45.60088 45.89167 46.17502
43.21098 43.15208 43.09317 43.03427 42.97513 42.91668 42.87688 42.86844 42.89739 42.96532 43.0411 43.11687 43.19264 43.26842 43.34419 43.41996 43.49573 43.5715 43.65739 43.76249 43.88737 44.03352 44.18527 44.33703 44.48878 44.64054 44.7923 44.94406 45.09581 45.24757 45.36403 45.42421 45.43811 45.4024 45.35366 45.30492 45.25618 45.20744 45.1587 45.10996 45.06123 45.01249 44.96029 44.8778 44.75002 44.5728 44.37853 44.18427 43.99 43.79573 43.60146 43.4072 43.21293 43.01867 42.86475 42.89056 43.13953 43.51176 43.90713 44.28392 44.63292 44.96028 45.27151 45.57028 45.86974 46.18999
43.14389 43.09666 43.04942 43.00243 42.95494 42.91119 42.88697 42.8823 42.90363 42.95443 43.01964 43.08485 43.15005 43.21525 43.28046 43.34566 43.41087 43.47753 43.55732 43.65134 43.76215 43.8918 44.03257 44.17332 44.31409 44.45485 44.59561 44.73637 44.87713 45.01524 45.11626 45.17828 45.21026 45.20853 45.18702 45.16551 45.144 45.12249 45.10099 45.07948 45.05797 45.03445 44.99036 44.91833 44.80017 44.6311 44.42586 44.22025 44.01464 43.80904 43.60344 43.39783 43.19223 42.99007 42.85405 42.89933 43.13 43.47049 43.86859 44.24131 44.5878 44.91557 45.22927 45.54613 45.88483 46.23358
43.07681 43.04123 43.00674 42.97009 42.93451 42.90471 42.88997 42.88804 42.9052 42.9438 42.99819 43.05282 43.10746 43.16209 43.21673 43.27137 43.326 43.3843 43.45528 43.53761 43.63548 43.7506 43.87986 44.00962 44.13939 44.26915 44.39892 44.52868 44.65845 44.78346 44.87798 44.94384 44.98993 45.01407 45.02039 45.0261 45.03182 45.03754 45.04327 45.04898 45.05471 45.05259 45.02063 44.96027 44.8504 44.68652 44.47318 44.25624 44.03929 43.82235 43.60541 43.38847 43.17152 42.96531 42.83576 42.89056 43.11163 43.43596 43.82865 44.19637 44.5415 44.87042 45.20383 45.56029 45.92574 46.29087
43.00972 42.98803 42.9619 42.93799 42.91408 42.89585 42.88796 42.88828 42.90281 42.93319 42.97673 43.0208 43.06487 43.10894 43.153 43.19707 43.24114 43.29022 43.35091 43.42121 43.50683 43.60938 43.72715 43.84592 43.96469 44.08346 44.20222 44.321 44.43977 44.55431 44.64597 44.71648 44.77499 44.82019 44.85375 44.88669 44.91964 44.9526 44.98555 45.0185 45.05145 45.07158 45.05535 45.00761 44.9048 44.74216 44.5205 44.29222 44.06394 43.83566 43.60738 43.3791 43.15082 42.93781 42.80812 42.8649 43.08184 43.40165 43.78513 44.14919 44.49383 44.84256 45.21621 45.59793 45.97759 46.35025
42.94571 42.93038 42.91814 42.9059 42.89365 42.8853 42.88305 42.88542 42.89803 42.92206 42.95528 42.98878 43.02228 43.05577 43.08928 43.12278 43.15627 43.19474 43.24398 43.30198 43.37592 43.4675 43.57444 43.68221 43.78999 43.89776 44.00554 44.11331 44.22108 44.32668 44.41672 44.49215 44.56245 44.62698 44.68711 44.74729 44.80747 44.86765 44.92783 44.98801 45.04819 45.09463 45.09841 45.06445 44.96711 44.80079 44.56782 44.3282 44.08859 43.84897 43.60936 43.36974 43.13012 42.90518 42.76988 42.82226 43.03959 43.36058 43.73816 44.09951 44.46218 44.85249 45.25015 45.64439 46.03022 46.40996
42.87553 42.87496 42.87438 42.8738 42.87323 42.87432 42.87738 42.88174 42.89263 42.9109 42.93383 42.95676 42.97969 43.00262 43.02555 43.04848 43.07141 43.0978 43.13424 43.17968 43.24263 43.32513 43.42173 43.51851 43.61529 43.71206 43.80885 43.90562 44.0024 44.09877 44.18674 44.26693 44.34913 44.43337 44.52047 44.60788 44.69529 44.7827 44.87011 44.95752 45.04493 45.12316 45.15364 45.1352 45.0408 44.86304 44.61514 44.36419 44.11324 43.86228 43.61132 43.36037 43.10942 42.86734 42.72001 42.76188 42.98445 43.31078 43.68738 44.06261 44.46913 44.88246 45.29143 45.69045 46.08231 46.46903
42.80845 42.81953 42.83063 42.84171 42.8528 42.86415 42.87304 42.87952 42.88842 42.90001 42.91237 42.92474 42.9371 42.94946 42.96182 42.97418 42.98654 42.99996 43.02146 43.05393 43.10701 43.18324 43.26902 43.35481 43.44059 43.52637 43.61215 43.69793 43.78372 43.86943 43.95258 44.03682 44.13194 44.23919 44.35384 44.46847 44.58311 44.69775 44.81239 44.92702 45.04167 45.15482 45.22458 45.22489 45.12865 44.92476 44.66246 44.40017 44.13789 43.87559 43.6133 43.35101 43.08871 42.82766 42.65768 42.68227 42.91611 43.25694 43.64388 44.06618 44.49498 44.9189 45.33119 45.73514 46.13313 46.52685
42.74224 42.76525 42.78706 42.80962 42.83237 42.85513 42.87215 42.88117 42.88683 42.88913 42.89092 42.89271 42.89421 42.89582 42.89796 42.89988 42.90168 42.90347 42.90561 42.92422 42.96993 43.04153 43.11631 43.1911 43.26594 43.34079 43.4155 43.49025 43.56504 43.63982 43.71117 43.79744 43.90859 44.04533 44.1872 44.32906 44.47083 44.61259 44.7546 44.89654 45.03841 45.18027 45.31298 45.33942 45.23032 44.98342 44.70979 44.43616 44.16253 43.8889 43.61526 43.34164 43.06801 42.79438 42.58358 42.5812 42.83305 43.20622 43.64376 44.08789 44.52695 44.9527 45.36874 45.77789 46.18216 46.58302
42.72855 42.76215 42.78818 42.80715 42.82317 42.84636 42.87608 42.88937 42.88702 42.87657 42.86038 42.84439 42.83145 42.82174 42.81484 42.81155 42.81054 42.80794 42.78807 42.79004 42.83603 42.89964 42.96333 43.02861 43.09467 43.16046 43.22508 43.28796 43.3491 43.41022 43.46267 43.54379 43.68236 43.85126 44.01866 44.18497 44.3513 44.51846 44.68721 44.85823 45.0313 45.20412 45.40887 45.48598 45.32705 45.04208 44.75711 44.47214 44.18708 43.90206 43.61721 43.33227 43.04731 42.76234 42.50792 42.45554 42.75096 43.20221 43.66153 44.11579 44.55526 44.98343 45.40367 45.81834 46.22913 46.63724
