Spatial_Analysis/Downscaled_EnvironmentalLayers/RCP8_5/2080/ph_future85.asc
ncols         648
nrows         324
xllcorner     -102.97071042
yllcorner     3.973116569
cellsize      0.083
NODATA_value  -9999
[rows 174 to 202 of 324, columns 462 to 527 of 648]
7.906769 7.906584 7.906401 7.906221 7.906043 7.905864 7.905685 7.905506 7.905325 7.905144 7.904965 7.904785 7.904587 7.904376 7.904168 7.903964 7.903759 7.903555 7.90335 7.903146 7.902941 7.902734 7.90253 7.902324 7.902146 7.901997 7.901855 7.901714 7.901575 7.901435 7.901297 7.901156 7.901016 7.900877 7.900736 7.900597 7.900552 -9999 -9999 7.900698 7.900747 7.900796 7.900845 7.900892 7.900941 7.900989 7.901037 7.901085 7.901364 7.90187 7.902376 7.902881 7.903387 7.903892 7.904397 7.904903 7.905407 7.905913 7.906418 7.906923 7.907706 7.908767 7.909829 7.910892 7.911957 7.913022
7.906107 7.905924 7.905743 7.905564 7.905386 7.905208 7.905029 7.90485 7.904673 7.904494 7.904316 7.904139 7.903944 7.903736 7.90353 7.903327 7.903126 7.902924 7.902723 7.90252 7.902318 7.902116 7.901915 7.901713 7.90154 7.901398 7.90126 7.901128 7.900996 7.900863 7.900732 7.9006 7.900467 7.900335 -9999 -9999 7.900038 -9999 -9999 -9999 -9999 7.900341 7.900401 7.900461 7.900522 7.900582 7.900642 7.900703 7.900995 7.901518 7.902041 7.902562 7.903084 7.903605 7.904127 7.904649 7.90517 7.905693 7.906213 7.906735 7.907534 7.908611 7.90969 7.910769 7.911849 7.91293
7.905447 7.905263 7.905083 7.904905 7.904728 7.904552 7.904375 7.904199 7.904022 7.903846 7.903668 7.903493 7.903302 7.903095 7.902892 7.902691 7.902493 7.902294 7.902095 7.901896 7.901697 7.901499 7.901299 7.901103 7.900935 7.900799 7.900668 7.900541 7.900417 7.900293 7.900169 7.900044 7.89992 7.899796 -9999 -9999 -9999 -9999 -9999 7.89974 7.899814 7.899886 7.899958 7.900031 7.900104 7.900176 7.900249 7.90032 7.900626 7.901167 7.901706 7.902245 7.902781 7.90332 7.903858 7.904396 7.904933 7.905471 7.906009 7.906546 7.907363 7.908456 7.909551 7.910646 7.911742 7.912839
7.904785 7.904604 7.904424 7.904247 7.904072 7.903897 7.903721 7.903546 7.903371 7.903196 7.903019 7.902846 7.902657 7.902454 7.902254 7.902055 7.901861 7.901665 7.901468 7.901272 7.901077 7.90088 7.900685 7.900491 7.900329 7.900199 7.900075 7.899955 7.899838 7.899722 7.899605 7.899489 7.899372 7.899255 -9999 -9999 -9999 7.899092 7.899177 7.899261 7.899346 7.89943 7.899515 7.8996 7.899684 7.899769 7.899854 7.899938 7.900258 7.900815 7.901371 7.901926 7.90248 7.903034 7.903588 7.904142 7.904696 7.90525 7.905805 7.906359 7.907191 7.9083 7.90941 7.910523 7.911635 7.912747
7.904123 7.903943 7.903764 7.903588 7.903415 7.903242 7.903068 7.902894 7.902719 7.902546 7.902372 7.902199 7.902013 7.901813 7.901615 7.90142 7.901227 7.901034 7.900842 7.900649 7.900455 7.900263 7.90007 7.899879 7.899723 7.8996 7.899481 7.899368 7.89926 7.89915 7.899042 7.898932 7.898824 7.898715 7.898607 -9999 -9999 7.898589 7.898686 7.898782 7.898879 7.898975 7.899072 7.899169 7.899265 7.899362 7.899459 7.899555 7.89989 7.900464 7.901035 7.901607 7.902177 7.902748 7.903318 7.903889 7.904459 7.905029 7.9056 7.90617 7.907019 7.908145 7.909271 7.910399 7.911528 7.912657
7.903461 7.903281 7.903105 7.90293 7.902758 7.902586 7.902413 7.902242 7.902069 7.901896 7.901724 7.901553 7.90137 7.901171 7.900976 7.900784 7.900595 7.900405 7.900214 7.900025 7.899834 7.899645 7.899455 7.899267 7.899116 7.898999 7.898888 7.898782 7.898681 7.89858 7.898479 7.898377 7.898276 7.898176 7.898075 -9999 7.897977 7.898086 7.898194 7.898303 -9999 7.898521 7.898629 7.898738 7.898846 7.898955 7.899064 7.899173 7.899521 7.900112 7.900701 7.901289 7.901875 7.902462 7.903049 7.903636 7.904222 7.904809 7.905395 7.905983 7.906847 7.907989 7.909131 7.910276 7.91142 7.912565
7.902798 7.90262 7.902445 7.902274 7.902102 7.901931 7.90176 7.901589 7.901418 7.901247 7.901075 7.900906 7.900723 7.900528 7.900337 7.900148 7.899961 7.899774 7.899588 7.8994 7.899214 7.899027 7.89884 7.898654 7.898507 7.898396 7.898293 7.898195 7.898103 7.898008 7.897916 7.897822 7.897728 7.897635 7.897542 7.897449 7.897462 7.897583 7.897703 7.897823 -9999 7.898065 7.898187 7.898307 7.898427 7.898549 7.898669 7.89879 7.899154 7.899761 7.900367 7.900971 7.901573 7.902175 7.902779 7.903382 7.903985 7.904588 7.905191 7.905794 7.906674 7.907833 7.908992 7.910151 7.911313 7.912474
7.902134 7.901958 7.901785 7.901615 7.901445 7.901275 7.901106 7.900937 7.900767 7.900598 7.900428 7.900258 7.900078 7.899886 7.899697 7.899512 7.899329 7.899145 7.898961 7.898776 7.898592 7.898409 7.898225 7.898042 7.897897 7.897793 7.897696 7.897609 7.897523 7.897438 7.897352 7.897266 7.897181 7.897096 7.89701 7.896924 7.896947 7.897079 7.897212 7.897345 7.897478 7.897611 7.897744 7.897877 7.89801 7.898143 7.898275 7.898408 7.898787 7.89941 7.900031 7.900651 7.90127 7.90189 7.902509 7.903128 7.903748 7.904367 7.904986 7.905606 7.906501 7.907675 7.90885 7.910028 7.911205 7.912383
7.901471 7.901295 7.901124 7.900957 7.900789 7.900621 7.900454 7.900286 7.900118 7.899948 7.89978 7.899611 7.899431 7.899242 7.899057 7.898876 7.898695 7.898515 7.898336 7.898155 7.897974 7.897791 7.89761 7.897429 7.897286 7.897188 7.897101 7.897022 7.896945 7.896867 7.89679 7.896713 7.896633 7.896555 7.896477 7.896399 7.896432 7.896576 7.89672 7.896865 7.89701 7.897155 7.8973 7.897446 7.89759 7.897736 7.897881 7.898026 7.898419 7.89906 7.899697 7.900333 7.900968 7.901605 7.90224 7.902875 7.903511 7.904146 7.904782 7.905417 7.906329 7.907519 7.908711 7.909904 7.911098 7.912292
7.900807 7.900632 7.900465 7.900304 7.900146 7.899987 7.899823 7.899657 7.899488 7.899315 7.899139 7.898965 7.898785 7.898598 7.898418 7.898247 7.898079 7.897909 7.897734 7.897558 7.897376 7.897192 7.897005 7.896818 7.896674 7.89658 7.896506 7.896442 7.89638 7.896315 7.896246 7.896175 7.896101 7.896026 7.895949 7.895875 7.895917 7.896072 7.89623 7.896387 7.896545 7.896703 7.896859 7.897016 7.897171 7.897327 7.897485 7.897643 7.898053 7.898711 7.899363 7.900013 7.900664 7.901317 7.901969 7.902622 7.903275 7.903927 7.904579 7.905229 7.906157 7.907362 7.90857 7.909782 7.910994 7.912206
7.900151 7.899977 7.899833 7.899684 7.899531 7.899375 7.899215 7.899051 7.898883 7.89871 7.898534 7.898351 7.89815 7.897959 7.89781 7.897654 7.897493 7.897329 7.897159 7.896986 7.896806 7.896624 7.896436 7.896242 7.896077 7.895979 7.895941 7.895895 7.895843 7.895783 7.89572 7.895654 7.895584 7.895513 7.89544 7.895366 7.895406 7.895569 -9999 -9999 7.896088 7.896254 7.89642 7.896586 7.896751 7.896918 7.897086 7.897254 7.897681 7.89836 7.899022 7.899689 7.900357 7.901027 7.901697 7.902369 7.903039 7.903711 7.90438 7.905047 7.905988 7.907205 7.908437 7.909668 7.910898 7.912127
7.899579 7.899405 7.899245 7.899094 7.898942 7.898786 7.898628 7.898465 7.8983 7.898131 7.897958 7.897783 7.897604 7.897424 7.897254 7.897095 7.896936 7.896773 7.896606 7.896437 7.896263 7.896085 7.895903 7.895717 7.895577 7.895494 7.895431 7.895381 7.895329 7.895272 7.895212 7.895149 7.895082 7.895014 7.894946 7.894877 7.89493 7.895103 -9999 -9999 -9999 7.895809 7.895983 7.896158 7.896332 7.896505 7.89668 7.896859 7.897291 7.897981 7.898671 7.899357 7.900045 7.900734 7.901424 7.902116 7.902806 7.903496 7.904185 7.904872 7.905835 7.907075 7.908318 7.909564 7.910808 7.912052
7.898881 7.898708 7.898542 7.898382 7.898222 7.898065 7.897905 7.897746 7.897583 7.897421 7.897258 7.897098 7.896928 7.89675 7.896579 7.896411 7.896245 7.896079 7.895913 7.895745 7.895576 7.895405 7.895236 7.895068 7.89494 7.894861 7.894793 7.894731 7.894669 7.89461 7.894548 7.894486 7.894423 7.894359 7.894296 7.894233 7.894292 7.894472 7.894654 -9999 -9999 7.895207 7.895391 7.895576 7.89576 7.895944 7.896128 7.896313 7.896756 7.897463 7.898173 7.898886 7.899599 7.900311 7.901024 7.901737 7.90245 7.903162 7.903875 7.904588 7.905574 7.906832 7.90809 7.909347 7.910604 7.911861
7.898034 7.897859 7.89769 7.89753 7.89737 7.897212 7.897053 7.896894 7.896734 7.896575 7.896415 7.896256 7.89609 7.895915 7.895744 7.895577 7.895412 7.895246 7.895081 7.894915 7.89475 7.894584 7.894418 7.894253 7.894131 7.894055 7.893984 7.89392 7.893858 7.893795 7.893731 7.893668 7.893606 7.893542 7.89348 7.893417 7.893481 7.89367 7.893864 -9999 -9999 7.89445 7.894645 7.894841 7.895037 7.895232 7.895429 7.895623 7.896084 7.896811 7.897542 7.89828 7.899017 7.899756 7.900496 7.901235 7.901972 7.902711 7.90345 7.904189 7.905194 7.906469 7.907743 7.909013 7.910283 7.911553
7.897186 7.897009 7.89684 7.896678 7.896521 7.896362 7.896204 7.896046 7.895889 7.895731 7.895572 7.895415 7.895251 7.895079 7.89491 7.894745 7.894581 7.894418 7.894255 7.894092 7.893928 7.893764 7.893601 7.893439 7.893321 7.893247 7.893176 7.893111 7.893047 7.892982 7.89292 7.892856 7.89279 7.892727 7.892663 7.892601 7.892669 7.89287 7.893073 -9999 7.893486 7.893692 7.8939 7.894106 7.894314 7.894521 7.894728 7.894936 7.895413 7.89616 7.896913 7.897674 7.898438 7.899202 7.899966 7.90073 7.901495 7.902259 7.903024 7.903787 7.904814 7.906105 7.907394 7.908679 7.909962 7.911246
7.89634 7.89616 7.895989 7.895827 7.89567 7.895514 7.895356 7.895199 7.895043 7.894886 7.894729 7.894575 7.894412 7.894242 7.894074 7.893911 7.893751 7.893589 7.893428 7.893267 7.893106 7.892945 7.892783 7.892624 7.892508 7.892437 7.892367 7.892301 7.892236 7.892172 7.892106 7.892042 7.891977 7.891912 7.891848 7.891784 7.891858 7.892069 7.892282 7.892498 7.892717 7.892936 7.893154 7.893373 7.893591 7.893809 7.894028 7.894248 7.894742 7.895509 7.896284 7.897067 7.897856 7.898647 7.899436 7.900227 7.901016 7.901807 7.902596 7.903386 7.904434 7.905742 7.907045 7.908344 7.909641 7.910938
7.895492 7.89531 7.895137 7.894976 7.89482 7.894665 7.894509 7.894353 7.894198 7.894042 7.893887 7.893734 7.893573 7.893404 7.893239 7.893078 7.89292 7.892761 7.892602 7.892443 7.892283 7.892125 7.891966 7.891809 7.891694 7.891625 7.891558 7.891491 7.891426 7.89136 7.891294 7.891228 7.891163 7.891097 7.891032 7.890968 7.891046 7.891267 7.891491 7.891719 7.891948 7.892179 7.892408 7.892638 7.892867 7.893097 7.893327 7.89356 7.894071 7.894857 7.895654 7.89646 7.897275 7.898092 7.898909 7.899724 7.900539 7.901355 7.902171 7.902987 7.904055 7.905377 7.906696 7.908011 7.90932 7.910631
7.89464 7.894458 7.894285 7.894124 7.89397 7.893815 7.893661 7.893507 7.893353 7.893198 7.893044 7.892891 7.892732 7.892566 7.892405 7.892245 7.892088 7.891932 7.891776 7.891619 7.891462 7.891305 7.891149 7.890993 7.890881 7.890814 7.890747 7.890681 7.890615 7.890548 7.890481 7.890415 7.890349 7.890282 7.890216 7.890151 7.890234 7.890466 7.890701 7.890939 7.89118 7.891421 7.891662 7.891903 7.892144 7.892386 7.892627 7.892872 7.893398 7.894204 7.895023 7.895854 7.896695 7.897537 7.898379 7.89922 7.900062 7.900904 7.901745 7.902586 7.903675 7.905015 7.906348 7.907677 7.909 7.910324
7.893789 7.893604 7.893431 7.893272 7.893119 7.892965 7.892813 7.89266 7.892507 7.892354 7.892201 7.89205 7.891892 7.891728 7.891568 7.891412 7.891258 7.891104 7.890949 7.890795 7.89064 7.890485 7.890331 7.890177 7.890067 7.890003 7.889938 7.889871 7.889804 7.889736 7.889669 7.889603 7.889534 7.889467 7.8894 7.889334 7.889421 7.889663 7.889909 7.89016 7.890411 7.890665 7.890916 7.891169 7.891422 7.891674 7.891927 7.892182 7.892723 7.893549 7.894389 7.895247 7.896114 7.896981 7.897849 7.898717 7.899583 7.900451 7.90132 7.902186 7.903296 7.904652 7.906002 7.907342 7.908679 7.910017
7.892935 7.892747 7.892576 7.892421 7.892269 7.892116 7.891965 7.891813 7.891662 7.89151 7.891359 7.891207 7.891051 7.890889 7.890732 7.890578 7.890426 7.890275 7.890121 7.88997 7.889818 7.889667 7.889514 7.889362 7.889255 7.889193 7.889128 7.889061 7.888993 7.888926 7.888857 7.888789 7.888721 7.888652 7.888584 7.888516 7.888608 7.88886 7.889117 7.889379 7.889643 -9999 -9999 -9999 7.890698 7.890962 7.891226 7.891491 7.892045 7.892889 7.893754 7.89464 7.895533 7.896426 7.89732 7.898213 7.899107 7.900001 7.900894 7.901787 7.90292 7.904293 7.905657 7.907009 7.90836 7.90971
7.892076 7.891886 7.891719 7.891568 7.891418 7.891268 7.891117 7.890967 7.890817 7.890666 7.890516 7.890365 7.890209 7.890049 7.889895 7.889746 7.889595 7.889446 7.889297 7.889147 7.888997 7.888847 7.888696 7.888547 7.888443 7.888385 7.88832 7.888251 7.888182 7.888114 7.888045 7.887977 7.887908 7.887836 7.887767 7.887699 7.887794 7.888056 7.888324 7.888599 7.888875 -9999 -9999 -9999 7.889976 7.89025 7.890526 7.890801 7.891361 7.892224 7.893116 7.894034 7.894953 7.895872 7.896792 7.89771 7.89863 7.899548 7.900466 7.901386 7.902545 7.903935 7.905311 7.906675 7.908038 7.909401
7.891214 7.891021 7.890867 7.890715 7.890564 7.890416 7.890267 7.89012 7.889971 7.889822 7.889673 7.889524 7.889367 7.889209 7.88906 7.888913 7.888769 7.888625 7.88848 7.888333 7.888185 7.888035 7.887884 7.887732 7.887634 7.887578 7.887511 7.887445 7.887382 7.887318 7.887251 7.887182 7.887111 7.887036 7.886959 7.886882 7.886978 7.88725 7.887534 7.887824 7.888117 7.888408 -9999 -9999 -9999 7.889548 7.88983 7.890112 7.890674 7.891553 7.892483 7.893428 7.894376 7.895322 7.896267 7.897213 7.898156 7.8991 7.900043 7.900987 7.902172 7.90358 7.904965 7.906342 7.90772 7.909097
7.890357 7.89016 7.890007 7.889855 7.889707 7.889561 7.889415 7.889269 7.889124 7.888979 7.888833 7.888685 7.888527 7.888371 7.888231 7.888091 7.887952 7.887813 7.887672 7.88753 7.887387 7.88724 7.88709 7.886937 7.88683 7.886775 7.886721 7.886665 7.886606 7.886544 7.886477 7.886409 7.886336 7.886261 7.88618 7.886095 7.886174 7.886445 7.886764 7.887077 7.887383 7.887685 7.887981 -9999 -9999 -9999 7.889149 7.889436 7.890001 7.890879 7.891857 7.892833 7.893806 7.894779 7.895751 7.896722 7.89769 7.898658 7.899625 7.900592 7.901797 7.903228 7.904622 7.906014 7.907405 7.908796
7.889482 7.889279 7.889133 7.888988 7.888844 7.888702 7.88856 7.888418 7.888278 7.888137 7.887994 7.887851 7.887701 7.887551 7.887413 7.887278 7.887145 7.88701 7.886875 7.886738 7.886599 7.886459 7.886316 7.886171 7.886082 7.886036 7.88597 7.88591 7.88585 7.885787 7.885722 7.885653 7.885582 7.885507 7.885429 7.885348 7.885448 7.885739 7.886043 7.886357 7.88667 7.886978 7.887283 -9999 -9999 -9999 7.888482 7.88878 7.889359 7.890264 7.891249 7.892248 7.893247 7.894244 7.89524 7.896234 7.897229 7.898221 7.899216 7.900208 7.901435 7.90288 7.904288 7.905692 7.907096 7.908499
7.888476 7.888259 7.888094 7.887951 7.887807 7.887666 7.887522 7.887381 7.887239 7.887097 7.886954 7.886812 7.886665 7.886519 7.886381 7.886245 7.886108 7.885974 7.88584 7.885705 7.885568 7.885431 7.885294 7.885159 7.885075 7.885031 7.884972 7.884902 7.884833 7.884765 7.884697 7.884629 7.884556 7.884484 7.884412 7.884343 7.884456 7.884757 7.885063 7.885373 7.885683 7.885994 7.886304 7.886613 7.886922 7.887228 7.887537 7.887847 7.888449 7.889381 7.890366 7.891386 7.892406 7.893428 7.894449 7.895469 7.896489 7.897509 7.898529 7.899549 7.900795 7.90225 7.903682 7.905099 7.906515 7.907931
7.887331 7.887094 7.886901 7.886748 7.8866 7.886451 7.886303 7.886156 7.886008 7.885859 7.885711 7.885563 7.885415 7.885265 7.885122 7.884983 7.884845 7.884708 7.884569 7.884431 7.884293 7.884155 7.884017 7.883878 7.88379 7.883749 7.883693 7.883624 7.883551 7.883479 7.883406 7.883334 7.883261 7.883189 7.883116 7.883045 7.883164 7.883475 7.883787 7.884103 7.884418 7.884733 7.885049 7.885364 7.88568 7.885995 7.88631 7.886625 7.887255 7.888207 7.889203 7.890239 7.891286 7.892333 7.89338 7.894425 7.895473 7.896519 7.897566 7.898612 7.899874 7.901343 7.902797 7.904231 7.905661 7.907091
7.886186 7.88593 7.885715 7.885544 7.885391 7.885238 7.885084 7.884929 7.884776 7.884623 7.884468 7.884315 7.884164 7.884013 7.883865 7.883723 7.883583 7.883442 7.883301 7.883161 7.88302 7.88288 7.88274 7.882596 7.882505 7.882465 7.882413 7.882345 7.882271 7.882195 7.882121 7.882046 7.881972 7.881897 7.881822 7.881747 7.88187 7.882191 7.882512 7.882833 7.883155 7.883476 7.883797 7.884119 7.88444 7.884761 7.885083 7.88541 7.886059 7.887033 7.888041 7.889093 7.890165 7.891238 7.892312 7.893384 7.894458 7.89553 7.896602 7.897674 7.898952 7.900439 7.901909 7.903363 7.904808 7.906252
7.885039 7.884762 7.884527 7.884342 7.884182 7.884023 7.883864 7.883704 7.883544 7.883385 7.883226 7.883068 7.882912 7.882757 7.882608 7.882462 7.882319 7.882176 7.882034 7.88189 7.881748 7.881606 7.881463 7.881314 7.88122 7.881184 7.881134 7.881066 7.880989 7.880912 7.880835 7.880758 7.880681 7.880604 7.880527 7.880449 7.880576 7.880906 7.881236 7.881564 7.881891 7.882218 7.882546 7.882873 7.8832 7.883528 7.883854 7.884193 7.884861 7.885852 7.886879 7.887947 7.889045 7.890144 7.891244 7.892342 7.893441 7.894541 7.89564 7.896735 7.898033 7.899535 7.901023 7.902495 7.903953 7.905411
7.883887 7.88359 7.883338 7.883139 7.882974 7.882809 7.882644 7.882479 7.882313 7.882147 7.881982 7.881819 7.88166 7.881503 7.88135 7.881202 7.881055 7.880912 7.880766 7.880621 7.880476 7.88033 7.880185 7.880032 7.879939 7.879904 7.879854 7.879788 7.879708 7.879629 7.87955 7.87947 7.87939 7.87931 7.879231 7.87915 7.879281 7.879621 7.879959 7.880294 7.880627 7.880962 7.881294 7.881627 -9999 7.882294 7.882627 7.882975 7.883657 7.884666 7.885712 7.886801 7.887924 7.88905 7.890176 7.891301 7.892426 7.89355 7.894677 7.895797 7.897116 7.898634 7.900138 7.901626 7.9031 7.904573
