Spatial_Analysis/Downscaled_EnvironmentalLayers/RCP8_5/2080/ph_future85.asc
ncols         648
nrows         324
xllcorner     -102.97071042
yllcorner     3.973116569
cellsize      0.083
NODATA_value  -9999
[rows 29 to 57 of 324, columns 132 to 197 of 648]
7.804687 7.804217 7.80375 7.803284 7.80282 7.802358 7.80195 7.801599 7.801249 7.800904 7.800561 7.800225 7.799893 7.799568 7.79925 7.798943 7.798647 7.798357 7.798084 7.797828 7.79757 7.797311 7.797052 7.796792 7.796529 7.796266 7.796002 7.795738 7.795473 7.795205 7.794984 7.794807 7.79463 7.794453 7.794272 7.794091 7.793909 7.793724 7.793538 7.79335 7.79316 7.792968 7.792841 7.792779 7.792715 7.792648 7.792578 7.792506 7.792432 7.792357 7.792283 7.792207 7.792131 7.792054 7.792043 7.792096 7.79215 7.792203 7.792256 7.792308 7.792358 7.792408 7.792459 7.792507 7.792556 7.792603
7.805824 7.805387 7.80495 7.804516 7.804083 7.803653 7.803249 7.80287 7.802495 7.802125 7.801761 7.801403 7.801052 7.800714 7.800389 7.800071 7.799752 7.799432 7.799149 7.798903 7.798656 7.798407 7.798158 7.797906 7.797656 7.797403 7.797148 7.796893 7.796636 7.796378 7.796169 7.796008 7.795847 7.795684 7.795519 7.795352 7.795185 7.795015 7.794842 7.794668 7.794491 7.794311 7.794192 7.794135 7.794075 7.794016 7.793955 7.793892 7.793829 7.793766 7.793702 7.793638 7.793572 7.793506 7.793506 7.793572 7.793637 7.793702 7.793766 7.793829 7.793892 7.793953 7.794014 7.794074 7.794135 7.794194
7.806806 7.806373 7.805942 7.805512 7.805087 7.804662 7.804266 7.803898 7.803536 7.803181 7.802834 7.802498 7.802179 7.801869 7.801558 7.801245 7.800931 7.800618 7.800341 7.8001 7.79986 7.799617 7.799374 7.799129 7.798882 7.798635 7.798386 7.798135 7.797882 7.797628 7.797424 7.79727 7.797114 7.796956 7.796796 7.796633 7.796468 7.796301 7.796132 7.795959 7.795784 7.795608 7.795496 7.795448 7.7954 7.79535 7.7953 7.795248 7.795196 7.795142 7.795087 7.795033 7.794976 7.794919 7.79493 7.795007 7.795083 7.795158 7.795233 7.795306 7.795379 7.795452 7.795525 7.795598 7.795669 7.795742
7.80778 7.807353 7.806926 7.806504 7.806084 7.80567 7.805285 7.804931 7.804587 7.804255 7.803943 7.80364 7.803337 7.803033 7.802727 7.802421 7.802113 7.801803 7.801531 7.801298 7.801063 7.800826 7.800588 7.800347 7.800107 7.799863 7.799619 7.799373 7.799122 7.798872 7.798672 7.798521 7.798369 7.798214 7.798058 7.797897 7.797734 7.797571 7.797407 7.797242 7.797077 7.796908 7.796806 7.796769 7.79673 7.79669 7.796649 7.796607 7.796565 7.79652 7.796475 7.796429 7.796382 7.796334 7.796354 7.796441 7.796528 7.796613 7.7967 7.796784 7.79687 7.796954 7.797039 7.797123 7.797206 7.79729
7.808742 7.80832 7.807903 7.807488 7.807079 7.806678 7.806311 7.805983 7.805677 7.805384 7.805088 7.804792 7.804494 7.804196 7.803895 7.803595 7.803291 7.802987 7.802721 7.802493 7.802264 7.802031 7.801798 7.801563 7.801326 7.801086 7.800845 7.800601 7.800354 7.800104 7.799905 7.799758 7.799609 7.79946 7.799308 7.799155 7.799002 7.798848 7.798691 7.798535 7.798377 7.798217 7.798125 7.798096 7.798066 7.798036 7.798006 7.797972 7.797938 7.797903 7.797865 7.797829 7.797791 7.797751 7.797781 7.797879 7.797977 7.798074 7.798172 7.798267 7.798363 7.798458 7.798553 7.798647 7.798741 7.798833
7.809695 7.80928 7.808871 7.80847 7.808078 7.807701 7.807379 7.807094 7.806807 7.80652 7.806232 7.805941 7.805649 7.805357 7.805062 7.804766 7.804467 7.804168 7.803905 7.803684 7.803459 7.803231 7.803002 7.80277 7.802536 7.802298 7.802057 7.801815 7.80157 7.801325 7.801133 7.800995 7.800856 7.800715 7.800573 7.800429 7.800284 7.800138 7.79999 7.799841 7.79969 7.799539 7.799451 7.799432 7.799412 7.79939 7.799367 7.799343 7.799318 7.799292 7.799264 7.799237 7.799207 7.799177 7.799216 7.799324 7.799431 7.799538 7.799644 7.799749 7.799852 7.799953 7.800054 7.800151 7.800247 7.800342
7.810641 7.810236 7.809841 7.809465 7.809124 7.808793 7.808487 7.808208 7.80793 7.80765 7.807368 7.807084 7.806799 7.806512 7.806222 7.805931 7.805637 7.805342 7.805084 7.804866 7.804645 7.80442 7.804194 7.803965 7.803736 7.803505 7.803272 7.803039 7.802802 7.802565 7.802381 7.802252 7.802123 7.801991 7.801857 7.801722 7.801585 7.801447 7.801306 7.801164 7.80102 7.800875 7.800797 7.800786 7.800774 7.800761 7.800746 7.800732 7.800714 7.800697 7.800677 7.800656 7.800633 7.800611 7.800656 7.80077 7.800882 7.800991 7.8011 7.801204 7.801307 7.801409 7.801509 7.801609 7.801706 7.801803
7.811583 7.811206 7.810873 7.810546 7.810217 7.80989 7.809589 7.809314 7.809039 7.808763 7.808486 7.808208 7.807928 7.807648 7.807364 7.807078 7.806788 7.806498 7.806248 7.806036 7.805824 7.80561 7.805394 7.805177 7.804957 7.804736 7.804512 7.804288 7.804061 7.803831 7.803656 7.803538 7.803417 7.803294 7.80317 7.803043 7.802916 7.802785 7.802653 7.802519 7.802383 7.802246 7.802175 7.802172 7.802167 7.802161 7.802152 7.802142 7.80213 7.802114 7.802096 7.802076 7.802052 7.802027 7.80207 7.80218 7.802291 7.802398 7.802505 7.802608 7.802708 7.802807 7.802902 7.802996 7.803088 7.803183
7.812596 7.812274 7.811949 7.811623 7.811297 7.81097 7.810671 7.810399 7.810125 7.80985 7.809575 7.809296 7.80902 7.808743 7.808465 7.808189 7.807912 7.807636 7.807401 7.807209 7.807014 7.806815 7.806615 7.806412 7.806207 7.805999 7.805788 7.805576 7.805359 7.805141 7.80498 7.804874 7.804764 7.804653 7.804541 7.804424 7.804305 7.804183 7.80406 7.803933 7.803802 7.803668 7.803601 7.803602 7.803598 7.80359 7.803578 7.803561 7.803539 7.803516 7.803489 7.803459 7.803427 7.80339 7.803423 7.803526 7.803625 7.803721 7.803812 7.803906 7.804001 7.804097 7.804193 7.80429 7.804389 7.80449
7.813654 7.813325 7.812994 7.812662 7.812327 7.811993 7.811689 7.811417 7.811147 7.810878 7.810612 7.810346 7.81008 7.809816 7.809551 7.809286 7.809021 7.808757 7.808537 7.808359 7.808183 7.808006 7.80783 7.807654 7.807477 7.807299 7.807116 7.806931 7.80674 7.806544 7.806406 7.80632 7.806231 7.806135 7.806033 7.805925 7.805811 7.805691 7.805565 7.805432 7.805294 7.80515 7.805071 7.805059 7.805041 7.805017 7.804989 7.804954 7.804913 7.804863 7.804809 7.804748 7.804687 7.804625 7.804637 7.804723 7.804811 7.804901 7.804991 7.805082 7.805173 7.805264 7.805362 7.805465 7.805576 7.805692
7.81464 7.814298 7.813956 7.813616 7.813277 7.812939 7.812634 7.812362 7.812093 7.811828 7.811566 7.811308 7.811053 7.810803 7.810556 7.810312 7.810073 7.809839 7.809654 7.809517 7.809382 7.809246 7.809105 7.808963 7.808818 7.808669 7.808518 7.808365 7.808209 7.808051 7.807949 7.807902 7.80785 7.807791 7.807718 7.807628 7.807521 7.807398 7.807259 7.807101 7.806926 7.806736 7.80661 7.806548 7.806478 7.806401 7.806315 7.806227 7.806135 7.80604 7.805939 7.805832 7.805722 7.805622 7.805606 7.805675 7.805753 7.80584 7.805933 7.806036 7.806151 7.806283 7.806432 7.806597 7.806765 7.806935
7.815839 7.815491 7.815142 7.814793 7.814444 7.814097 7.813807 7.81356 7.813313 7.813065 7.812817 7.81257 7.812322 7.812074 7.811826 7.811577 7.81133 7.811083 7.810916 7.81081 7.810702 7.810596 7.810489 7.810383 7.810276 7.810169 7.810063 7.809956 7.809849 7.809742 7.809618 7.809517 7.809417 7.809316 7.809214 7.809113 7.809012 7.808911 7.80881 7.808709 7.808607 7.808506 7.808357 7.808206 7.808056 7.807905 7.807754 7.807602 7.807452 7.807301 7.80715 7.806998 7.806848 7.806697 7.806713 7.806875 7.807035 7.807197 7.807358 7.80752 7.807681 7.807843 7.808003 7.808166 7.808326 7.808488
7.817405 7.817058 7.816709 7.81636 7.816012 7.815671 7.815376 7.815126 7.814878 7.81463 7.814381 7.814132 7.813884 7.813635 7.813387 7.813138 7.812891 7.812649 7.812473 7.812359 7.812246 7.812133 7.812023 7.81191 7.811798 7.811685 7.811574 7.811461 7.811349 7.81122 7.81111 7.811022 7.810929 7.810835 7.810741 7.810648 7.810555 7.810461 7.810368 7.810274 7.81018 7.810061 7.809941 7.809826 7.809699 7.80957 7.809443 7.809315 7.809186 7.809058 7.80893 7.808802 7.808674 7.808565 7.808588 7.808745 7.808913 7.809082 7.80925 7.809419 7.809587 7.809756 7.809925 7.810093 7.810262 7.810436
7.818937 7.818588 7.81824 7.817892 7.817543 7.817204 7.816907 7.816651 7.816401 7.816151 7.815901 7.815651 7.8154 7.815151 7.8149 7.814651 7.814401 7.814163 7.813981 7.813857 7.813738 7.81362 7.813501 7.813384 7.813265 7.813148 7.813028 7.812911 7.81279 7.812645 7.812539 7.812469 7.812382 7.812295 7.812207 7.81212 7.812032 7.811945 7.811857 7.81177 7.81168 7.811549 7.811447 7.811374 7.811267 7.811162 7.811055 7.810949 7.810843 7.810737 7.810631 7.810524 7.81042 7.810345 7.810382 7.81053 7.810705 7.81088 7.811055 7.81123 7.811405 7.811579 7.811754 7.811929 7.812104 7.812293
7.820435 7.820085 7.819735 7.819385 7.819036 7.818696 7.818396 7.818138 7.817884 7.817631 7.817379 7.817125 7.816872 7.816619 7.816366 7.816113 7.815864 7.815622 7.815435 7.815302 7.815177 7.815052 7.814928 7.814802 7.814678 7.814553 7.814429 7.814305 7.814173 7.814021 7.813915 7.813853 7.813774 7.813691 7.813609 7.813527 7.813445 7.813362 7.813281 7.813199 7.813105 7.812974 7.812887 7.812841 7.812762 7.812677 7.812591 7.812507 7.812421 7.812336 7.812251 7.812164 7.812087 7.812035 7.812084 7.812235 7.81241 7.812591 7.812771 7.812952 7.813132 7.813312 7.813492 7.813673 7.813856 7.814051
7.821934 7.821582 7.82123 7.820878 7.82053 7.820188 7.819885 7.819623 7.819366 7.81911 7.818855 7.818599 7.818344 7.818089 7.817832 7.817577 7.817325 7.817079 7.816886 7.816748 7.816615 7.816485 7.816354 7.816222 7.816091 7.81596 7.815829 7.815698 7.815557 7.815402 7.815294 7.815238 7.815166 7.815089 7.815012 7.814934 7.814857 7.81478 7.814703 7.814626 7.814532 7.814407 7.814334 7.814311 7.814256 7.814191 7.814127 7.814064 7.813999 7.813934 7.81387 7.813806 7.813751 7.813718 7.81378 7.813938 7.814116 7.814301 7.814487 7.814673 7.814859 7.815045 7.81523 7.815416 7.815607 7.815809
7.823432 7.823079 7.822725 7.822371 7.822022 7.821678 7.821373 7.821108 7.820848 7.82059 7.820332 7.820074 7.819815 7.819557 7.819299 7.81904 7.818785 7.818534 7.818337 7.818193 7.818055 7.817917 7.81778 7.817642 7.817505 7.817367 7.817229 7.817091 7.816944 7.816785 7.816678 7.816624 7.816557 7.816485 7.816413 7.816342 7.81627 7.816198 7.816126 7.816054 7.815963 7.815847 7.815786 7.815782 7.815751 7.815707 7.815664 7.81562 7.815577 7.815534 7.815491 7.815447 7.815413 7.815396 7.81547 7.815638 7.815821 7.816012 7.816204 7.816395 7.816586 7.816778 7.816969 7.817159 7.817358 7.817564
7.824931 7.824575 7.824221 7.823866 7.823514 7.823166 7.822859 7.822593 7.82233 7.82207 7.821808 7.821547 7.821286 7.821024 7.820765 7.820504 7.820245 7.819989 7.819788 7.81964 7.819494 7.819349 7.819206 7.819062 7.818918 7.818774 7.818629 7.818486 7.818333 7.818171 7.818064 7.818012 7.81795 7.817883 7.817816 7.817749 7.817682 7.817616 7.817549 7.817481 7.817398 7.817292 7.817244 7.817257 7.817245 7.817223 7.8172 7.817177 7.817155 7.817132 7.817111 7.817087 7.817073 7.81707 7.817158 7.817337 7.817527 7.817723 7.81792 7.818117 7.818313 7.81851 7.818707 7.818904 7.819106 7.819317
7.826429 7.826073 7.825716 7.825359 7.825006 7.824656 7.824346 7.824078 7.823813 7.823549 7.823286 7.823021 7.822758 7.822494 7.822231 7.821967 7.821703 7.821443 7.821236 7.821084 7.820933 7.820783 7.820631 7.820481 7.820331 7.820181 7.820029 7.819879 7.819723 7.819559 7.81945 7.8194 7.819341 7.819279 7.819219 7.819157 7.819096 7.819033 7.818971 7.81891 7.818835 7.818739 7.818705 7.818733 7.818739 7.818738 7.818736 7.818735 7.818733 7.818732 7.81873 7.818728 7.818731 7.818743 7.818845 7.819034 7.819232 7.819434 7.819636 7.819839 7.820041 7.820243 7.820446 7.820648 7.820853 7.821069
7.827928 7.827569 7.827211 7.826853 7.826496 7.826144 7.825831 7.825562 7.825296 7.825029 7.824763 7.824496 7.82423 7.823963 7.823697 7.82343 7.823164 7.822897 7.822686 7.822529 7.822371 7.822215 7.822058 7.821901 7.821744 7.821587 7.82143 7.821272 7.821113 7.820946 7.820838 7.82079 7.820734 7.820677 7.820621 7.820564 7.820507 7.82045 7.820394 7.820338 7.820274 7.820189 7.820168 7.820212 7.820234 7.820253 7.820272 7.820293 7.820311 7.820331 7.820349 7.82037 7.82039 7.820418 7.820532 7.820732 7.820938 7.821145 7.821353 7.82156 7.821768 7.821976 7.822184 7.822391 7.822601 7.82282
7.829426 7.829066 7.828707 7.828347 7.827987 7.827632 7.827318 7.827047 7.826777 7.826509 7.826239 7.82597 7.8257 7.825432 7.825163 7.824893 7.824624 7.824354 7.824137 7.823974 7.823812 7.823648 7.823484 7.823321 7.823156 7.822993 7.822829 7.822667 7.822503 7.822333 7.822224 7.822177 7.822126 7.822074 7.822023 7.821971 7.82192 7.821868 7.821817 7.821765 7.821712 7.821639 7.821631 7.821687 7.821728 7.821769 7.821808 7.821849 7.821889 7.821929 7.821969 7.82201 7.822051 7.822093 7.82222 7.822431 7.822643 7.822856 7.82307 7.823283 7.823495 7.823709 7.823922 7.824135 7.824349 7.824571
7.830896 7.830543 7.830194 7.82984 7.829479 7.829119 7.828804 7.828532 7.828257 7.827975 7.827695 7.827419 7.827149 7.826884 7.826621 7.826356 7.826085 7.825811 7.825588 7.82542 7.825248 7.825072 7.824897 7.824726 7.824557 7.824392 7.824226 7.82406 7.82389 7.823719 7.82361 7.823565 7.823517 7.823468 7.82342 7.823373 7.823327 7.823283 7.823238 7.823193 7.823147 7.82309 7.823095 7.823161 7.823222 7.823281 7.823339 7.823399 7.82346 7.823522 7.823586 7.823651 7.823711 7.823772 7.823912 7.82413 7.824349 7.824564 7.824781 7.825 7.82522 7.825439 7.82566 7.825878 7.826096 7.82632
7.832298 7.83195 7.831613 7.831283 7.830956 7.830609 7.830291 7.829985 7.829678 7.829382 7.829096 7.828816 7.828546 7.828282 7.828027 7.827779 7.827533 7.827271 7.827042 7.826844 7.826646 7.826457 7.826275 7.8261 7.825929 7.825762 7.825598 7.825435 7.825272 7.825101 7.824993 7.824944 7.824895 7.824849 7.824804 7.824762 7.824722 7.824684 7.824647 7.824611 7.824576 7.824538 7.824553 7.82463 7.824704 7.824779 7.824854 7.824933 7.825012 7.825095 7.825181 7.825271 7.825366 7.825455 7.825607 7.825822 7.826036 7.826256 7.826482 7.826708 7.826937 7.827168 7.827396 7.827623 7.827847 7.828071
7.833642 7.833297 7.83296 7.832633 7.832315 7.831984 7.831658 7.83134 7.831031 7.830734 7.830446 7.830167 7.829897 7.829635 7.82938 7.829131 7.82889 7.82864 7.828405 7.828197 7.827997 7.827807 7.827623 7.827447 7.827275 7.827108 7.826943 7.82678 7.826618 7.826451 7.826344 7.826299 7.826254 7.826214 7.826177 7.826141 7.826108 7.826076 7.826045 7.826016 7.825988 7.825959 7.825986 7.826078 7.82617 7.826262 7.826356 7.826451 7.826549 7.826649 7.826754 7.826863 7.826976 7.827091 7.827256 7.827476 7.827702 7.827933 7.828169 7.828408 7.828649 7.828891 7.829132 7.829371 7.829607 7.829838
7.83493 7.834582 7.834239 7.833897 7.833541 7.833184 7.832869 7.832596 7.832316 7.83203 7.831748 7.831473 7.831203 7.830938 7.830679 7.830419 7.83015 7.829875 7.829651 7.829479 7.829301 7.829119 7.828941 7.828767 7.828597 7.82843 7.828264 7.828097 7.827926 7.827755 7.827655 7.827628 7.827599 7.827567 7.827537 7.827509 7.827482 7.827456 7.827432 7.827406 7.827381 7.827348 7.82739 7.827507 7.827621 7.827733 7.827844 7.827955 7.82807 7.828187 7.828305 7.828426 7.828541 7.828653 7.828836 7.829092 7.829343 7.829594 7.829845 7.8301 7.830355 7.830611 7.830865 7.83112 7.831374 7.83163
7.836133 7.835779 7.835424 7.83507 7.834715 7.834361 7.834047 7.833778 7.833508 7.833239 7.832968 7.832698 7.832428 7.832159 7.831888 7.831618 7.831348 7.831073 7.830852 7.830687 7.830518 7.830349 7.830181 7.830012 7.829843 7.829675 7.829506 7.829339 7.82917 7.829003 7.82891 7.828889 7.828868 7.828848 7.828827 7.828807 7.828787 7.828767 7.828747 7.828728 7.828706 7.828679 7.828732 7.828866 7.828995 7.829124 7.829253 7.829382 7.82951 7.82964 7.829769 7.829897 7.830026 7.830147 7.830347 7.830626 7.830897 7.831168 7.831439 7.831711 7.831982 7.832253 7.832526 7.832797 7.833068 7.833348
7.837272 7.83692 7.83657 7.836218 7.835865 7.835513 7.835202 7.834934 7.834665 7.834396 7.834127 7.833858 7.833589 7.83332 7.833051 7.832782 7.83251 7.832235 7.832016 7.831854 7.831689 7.831523 7.831357 7.831191 7.831024 7.830859 7.830693 7.830526 7.830361 7.8302 7.83011 7.830092 7.83008 7.830067 7.830054 7.83004 7.830027 7.830013 7.83 7.829986 7.829972 7.82995 7.830013 7.830163 7.830307 7.830449 7.830592 7.830733 7.830875 7.831018 7.83116 7.831303 7.831443 7.831577 7.831793 7.832088 7.832378 7.832667 7.832956 7.833245 7.833533 7.833822 7.834111 7.8344 7.834691 7.834991
7.838411 7.838063 7.837714 7.837366 7.837016 7.836665 7.836357 7.83609 7.835822 7.835554 7.835286 7.835017 7.834749 7.834481 7.834213 7.833944 7.833673 7.833398 7.833181 7.833023 7.832861 7.832697 7.832533 7.832369 7.832206 7.832042 7.831878 7.831714 7.831553 7.831394 7.831308 7.831298 7.831291 7.831285 7.831278 7.831273 7.831266 7.831259 7.831253 7.831246 7.831238 7.831224 7.831298 7.83146 7.831617 7.831773 7.831929 7.832085 7.832241 7.832396 7.832552 7.832707 7.832861 7.833009 7.83324 7.833552 7.83386 7.834167 7.834472 7.834778 7.835085 7.835391 7.835697 7.836003 7.836312 7.836632
7.83955 7.839205 7.83886 7.838514 7.838166 7.837817 7.837512 7.837245 7.836979 7.836711 7.836444 7.836177 7.835909 7.835642 7.835374 7.835107 7.834837 7.834562 7.834347 7.834191 7.834031 7.83387 7.833709 7.833548 7.833385 7.833225 7.833064 7.832902 7.832744 7.832587 7.832508 7.832503 7.832503 7.832504 7.832504 7.832504 7.832504 7.832506 7.832506 7.832506 7.832504 7.832498 7.832582 7.832757 7.832928 7.833098 7.833267 7.833436 7.833605 7.833775 7.833943 7.834113 7.83428 7.834441 7.834688 7.835017 7.835343 7.835666 7.83599 7.836312 7.836636 7.836959 7.837281 7.837605 7.837934 7.838272
