Spatial_Analysis/Downscaled_EnvironmentalLayers/RCP8_5/2080/ph_future85.asc
ncols         648
nrows         324
xllcorner     -102.97071042
yllcorner     3.973116569
cellsize      0.083
NODATA_value  -9999
[rows 145 to 173 of 324, columns 330 to 395 of 648]
7.908858 7.909925 7.910989 7.912055 7.913118 7.914183 7.915247 7.916312 7.917376 7.918441 7.919505 7.920568 7.921564 7.922489 7.923415 7.924339 7.925263 7.926187 7.927111 7.928035 7.928958 7.929883 7.930806 7.93173 7.932396 7.932806 7.933216 7.933624 7.934032 7.93444 -9999 -9999 -9999 7.936073 7.936481 7.936889 -9999 -9999 -9999 -9999 -9999 -9999 -9999 -9999 -9999 -9999 -9999 -9999 -9999 -9999 -9999 -9999 -9999 -9999 -9999 -9999 -9999 -9999 -9999 -9999 -9999 -9999 -9999 -9999 -9999 -9999
7.906787 7.907857 7.908926 7.909995 7.911064 7.912133 7.913202 7.914271 7.915338 7.916406 7.917474 7.918543 7.919554 7.920505 7.921456 7.922407 7.923357 7.924309 7.92526 7.926209 7.927159 7.928108 7.929058 7.930008 7.930694 7.931115 7.931534 7.931952 7.932372 7.932794 7.933212 7.93363 7.934048 -9999 7.934884 7.935303 7.935566 7.935674 7.935781 -9999 -9999 -9999 -9999 -9999 -9999 -9999 -9999 -9999 -9999 -9999 -9999 -9999 -9999 -9999 -9999 -9999 -9999 -9999 -9999 -9999 -9999 -9999 -9999 -9999 -9999 -9999
7.904715 7.905789 7.906864 7.907942 7.90902 7.910097 7.911171 7.912243 7.913314 7.914382 7.915449 7.916517 7.917542 7.918519 -9999 -9999 -9999 -9999 7.923427 7.924403 7.925376 7.926347 7.927315 7.928287 7.928992 7.929423 7.929855 7.930293 7.93073 7.931163 7.931594 7.932023 7.932448 7.932871 7.933292 7.933716 7.93398 7.934082 7.934187 -9999 -9999 -9999 -9999 -9999 -9999 -9999 -9999 -9999 -9999 -9999 -9999 -9999 -9999 -9999 -9999 -9999 -9999 -9999 -9999 -9999 -9999 -9999 -9999 -9999 -9999 -9999
7.902644 7.903733 7.904821 7.905908 7.906992 7.908073 7.909153 7.91023 7.911306 7.912379 7.913446 7.91451 7.915533 7.916552 -9999 -9999 -9999 -9999 -9999 -9999 -9999 7.924608 -9999 7.926589 7.927293 7.92775 7.928206 7.928658 7.929107 7.929553 7.929995 7.930433 7.93087 7.931301 7.93173 -9999 -9999 -9999 7.932624 -9999 -9999 -9999 -9999 -9999 -9999 -9999 -9999 -9999 -9999 -9999 -9999 -9999 -9999 -9999 -9999 -9999 -9999 -9999 -9999 -9999 -9999 -9999 -9999 -9999 -9999 -9999
7.900627 7.901711 7.902798 7.903887 7.904975 7.906063 7.907148 7.908232 7.909313 7.910392 7.91147 7.912549 7.913607 -9999 -9999 -9999 -9999 -9999 -9999 -9999 -9999 -9999 -9999 -9999 -9999 -9999 -9999 -9999 -9999 -9999 7.928412 -9999 7.929309 7.929753 7.930196 -9999 -9999 -9999 -9999 -9999 -9999 -9999 -9999 -9999 -9999 -9999 -9999 -9999 -9999 -9999 -9999 -9999 -9999 -9999 -9999 -9999 -9999 -9999 -9999 -9999 -9999 -9999 -9999 -9999 -9999 -9999
7.898397 7.899488 7.900578 7.901667 7.902758 7.903849 7.904938 7.906028 7.907117 7.908206 7.909296 7.910385 7.911453 7.912495 -9999 -9999 -9999 -9999 -9999 -9999 -9999 -9999 -9999 -9999 -9999 -9999 -9999 -9999 -9999 -9999 -9999 -9999 -9999 -9999 -9999 -9999 -9999 -9999 -9999 -9999 -9999 -9999 -9999 -9999 -9999 -9999 -9999 -9999 -9999 -9999 -9999 -9999 -9999 -9999 -9999 -9999 -9999 -9999 -9999 7.936562 -9999 -9999 -9999 -9999 -9999 -9999
7.895954 7.89705 7.898145 7.899241 7.900335 7.90143 7.902525 7.903621 7.904716 7.905811 7.906906 7.908001 7.909069 7.91011 7.911152 -9999 7.913234 -9999 -9999 -9999 -9999 -9999 -9999 -9999 -9999 -9999 -9999 -9999 -9999 -9999 -9999 -9999 -9999 -9999 -9999 -9999 -9999 -9999 -9999 -9999 -9999 -9999 -9999 -9999 -9999 -9999 -9999 -9999 -9999 -9999 -9999 -9999 -9999 -9999 7.932779 -9999 7.933853 7.934391 7.934929 7.935466 -9999 -9999 -9999 -9999 -9999 -9999
7.893513 7.894613 7.895714 7.896815 7.897914 7.899014 7.900114 7.901215 7.902316 7.903415 7.904516 7.905615 7.906686 7.907726 7.908767 7.909805 7.910845 7.911885 -9999 -9999 -9999 -9999 -9999 7.918121 7.918914 7.919462 7.920009 7.920555 7.921102 -9999 -9999 -9999 -9999 -9999 -9999 -9999 -9999 7.92555 7.925787 7.926024 7.92626 7.926496 7.926733 -9999 -9999 -9999 -9999 -9999 -9999 -9999 -9999 -9999 -9999 -9999 7.931615 7.932165 7.932716 7.933268 7.933818 7.934369 7.934788 -9999 7.935361 7.935648 7.935935 7.936221
7.891069 7.892176 7.893281 7.894387 7.895493 7.896599 7.897705 7.898809 7.899915 7.90102 7.902126 7.903231 7.904302 7.905342 7.90638 7.907418 7.908456 7.909493 7.910532 7.91157 -9999 7.913645 7.914683 7.915721 7.916531 7.917114 7.917697 7.91828 7.918861 7.919443 7.920024 7.920606 7.921187 7.921769 7.92235 7.922932 7.923371 7.923668 7.923966 7.924262 7.924557 7.924854 7.925151 7.925447 7.925744 -9999 -9999 -9999 -9999 -9999 -9999 -9999 -9999 -9999 7.930451 7.931015 7.93158 7.932144 7.932709 7.933273 7.933703 7.934 7.934296 7.934591 7.934887 7.935183
7.888627 7.889739 7.89085 7.891961 7.893072 7.894182 7.895293 7.896404 7.897513 7.898624 7.899735 7.900845 7.90192 7.902956 7.903994 7.905029 7.906067 7.907103 7.90814 7.909175 -9999 -9999 7.912285 7.91332 7.914146 7.914767 7.915385 7.916003 7.91662 7.917237 7.917855 7.918472 7.919089 7.919707 7.920325 7.920942 7.921428 7.921786 7.922143 7.922499 7.922856 7.923213 7.923569 7.923925 7.924283 7.924639 -9999 -9999 -9999 -9999 -9999 -9999 -9999 -9999 7.929286 7.929865 7.930443 7.931021 7.931598 7.932177 7.932618 7.932924 7.933228 7.933534 7.933839 7.934144
7.886185 7.887301 7.888418 7.889534 7.89065 7.891765 7.892882 7.893998 7.895113 7.89623 7.897345 7.89846 7.899537 7.900572 7.901608 7.902642 7.903678 7.904711 7.905747 7.906782 7.907816 7.908851 7.909886 7.91092 7.911764 7.912419 7.913074 7.913726 7.91438 7.915033 7.915687 7.91634 7.916993 7.917645 7.918298 7.918952 7.919487 7.919904 7.920321 7.920738 7.921154 7.921571 7.921988 7.922404 7.922821 7.923237 7.923654 -9999 -9999 -9999 -9999 -9999 -9999 7.927533 7.928123 7.928715 7.929307 7.929898 7.930489 7.93108 7.931532 7.931849 7.932163 7.932477 7.932792 7.933106
7.883742 7.884864 7.885985 7.887108 7.888228 7.889349 7.890471 7.891592 7.892713 7.893833 7.894955 7.896076 7.897153 7.898187 7.899222 7.900255 7.901289 7.902322 7.903354 7.904387 7.90542 7.906454 7.907487 7.908519 7.909381 7.910071 7.910761 7.91145 7.912138 7.912828 7.913517 7.914206 7.914895 7.915583 7.916273 7.916961 7.917544 7.918021 7.9185 7.918976 7.919452 7.91993 7.920406 7.920882 7.92136 7.921836 7.922313 7.922789 -9999 -9999 -9999 -9999 7.925751 7.926355 7.92696 7.927564 7.928169 7.928774 7.929378 7.929983 7.930447 7.930772 7.931096 7.93142 7.931744 7.932068
7.8813 7.882427 7.883554 7.88468 7.885808 7.886932 7.88806 7.889185 7.890313 7.891438 7.892565 7.893691 7.894771 7.895804 7.896835 7.897867 7.898899 7.89993 7.900961 7.901994 7.903025 7.904056 7.905087 7.906119 7.906998 7.907724 7.908449 7.909174 7.909899 7.910624 7.911348 7.912072 7.912797 7.913522 7.914247 7.914971 7.915601 7.916141 7.916677 7.917215 7.917751 7.918287 7.918824 7.919361 7.919898 7.920434 7.920972 7.921508 -9999 -9999 -9999 -9999 7.924561 7.925179 7.925796 7.926414 7.927032 7.927651 7.928269 7.928886 7.929363 7.929697 7.930029 7.930362 7.930696 7.931029
7.878858 7.879991 7.881122 7.882254 7.883386 7.884521 7.885653 7.886784 7.887913 7.889044 7.890174 7.891306 7.892387 7.893419 7.89445 7.895479 7.896511 7.897542 7.898574 7.899604 7.90063 7.901659 7.902689 7.903719 7.904615 7.905377 7.906138 7.906898 7.90766 7.908423 7.909184 7.909944 7.910701 7.91146 7.912221 7.912982 7.913661 7.914258 7.914856 7.915452 7.91605 7.916649 7.917247 7.917843 7.918437 7.919034 7.91963 7.920228 7.920842 -9999 -9999 7.922738 7.923371 7.924003 7.924636 7.925267 7.925897 7.926528 7.927158 7.927789 7.928277 7.928621 7.928963 7.929306 7.929649 7.929993
7.876415 7.877553 7.878697 7.879848 7.880997 7.882142 7.883282 7.884417 7.885546 7.886671 7.887794 7.888922 7.890006 7.891035 7.89207 7.893114 7.894156 7.895191 7.896223 7.897249 7.89827 7.899286 7.9003 7.901319 7.902232 7.90303 7.903831 7.904643 7.905451 7.906255 7.907054 7.907848 7.908637 7.909421 7.910204 7.910991 7.911719 7.912377 7.913038 7.913708 7.914377 7.915042 7.9157 7.916357 7.917007 7.917653 7.918298 7.918947 7.919598 7.920245 -9999 7.921549 7.922205 7.922856 7.923503 7.924148 7.924786 7.925423 7.926056 7.926693 7.927193 7.927545 7.927899 7.928261 7.928623 7.928979
7.873974 7.875152 7.876323 7.877488 7.878646 7.879798 7.880944 7.882084 7.883218 7.884346 7.885464 7.886576 7.887624 7.888687 7.889746 7.890796 7.891839 7.892876 7.893907 7.89493 7.895948 7.89696 7.897964 7.89896 7.899851 7.900716 7.901579 7.902434 7.903282 7.904123 7.904958 7.905787 7.90661 7.907427 7.908237 7.909041 7.909781 7.910523 7.91127 7.912009 7.91274 7.913465 7.914184 7.914898 7.915608 7.916312 7.91701 7.917702 7.91836 7.919038 7.919723 7.920401 7.921072 7.921737 7.922398 7.923054 7.923706 7.924351 7.924993 7.92563 7.926113 7.926489 7.926873 7.92725 7.927623 7.92799
7.871697 7.872847 7.874004 7.875169 7.87633 7.877487 7.878638 7.879785 7.880925 7.882061 7.883193 7.884331 7.885421 7.886447 7.887481 7.888523 7.889562 7.890595 7.891623 7.892646 7.893664 7.894677 7.895685 7.896698 7.897645 7.898514 7.899388 7.90027 7.901149 7.902024 7.902893 7.903757 7.904617 7.90547 7.906322 7.907176 7.907998 7.908775 7.909558 7.910348 7.911136 7.911919 7.912697 7.913471 7.91424 7.915005 7.915767 7.916532 7.917257 7.917929 7.918604 7.919286 7.919968 7.920643 7.921317 7.921984 7.922649 7.92331 7.923969 7.924629 7.925148 7.925519 7.92589 7.92627 7.926649 7.927023
7.869193 7.870354 7.871511 7.872669 7.873829 7.87499 7.876149 7.877305 7.87846 7.879615 7.880773 7.88193 7.883028 7.884065 7.885099 7.886133 7.887169 7.888206 7.889242 7.890274 7.891305 7.892337 7.893371 7.894404 7.89537 7.896266 7.89716 7.898053 7.898949 7.899847 7.900741 7.901635 7.902525 7.903417 7.904311 7.905204 7.906059 7.906874 7.907688 7.908503 7.909317 7.910134 7.91095 7.911762 7.912573 7.913385 7.914198 7.915012 7.915761 7.916449 7.917133 7.917816 7.918501 7.919188 7.919873 7.920556 7.921237 7.92192 7.922603 7.923286 7.92382 7.924203 7.924586 7.924968 7.925351 7.925735
7.866456 7.867629 7.8688 7.86997 7.871139 7.872309 7.873478 7.874648 7.875817 7.876987 7.878157 7.879325 7.880437 7.881495 7.88255 7.883602 7.884657 7.885709 7.886763 7.887816 7.88887 7.889923 7.890977 7.892029 7.893014 7.893932 7.894846 7.895761 7.896676 7.897591 7.898506 7.89942 7.900334 7.901249 7.902164 7.903078 7.903951 7.904785 7.905618 7.906448 7.90728 7.908111 7.908943 7.909774 7.910606 7.911438 7.912269 7.9131 7.913867 7.914569 7.91527 7.915969 7.916669 7.917368 7.918069 7.918768 7.919468 7.920168 7.920867 7.921567 7.922118 7.922521 7.922923 7.923325 7.923726 7.924128
7.863719 7.864905 7.866088 7.86727 7.868451 7.869633 7.870814 7.871995 7.873177 7.874358 7.875539 7.876718 7.877848 7.878924 7.88 7.881073 7.882146 7.883219 7.884291 7.885364 7.886437 7.887509 7.888582 7.889654 7.890659 7.891598 7.892535 7.89347 7.894405 7.895341 7.896276 7.897211 7.898147 7.899082 7.900017 7.900951 7.901844 7.902696 7.903545 7.904394 7.905245 7.906093 7.906943 7.907791 7.908641 7.909491 7.910339 7.911187 7.911971 7.912689 7.913406 7.914122 7.914838 7.915554 7.91627 7.916985 7.917701 7.918417 7.919132 7.919847 7.920416 7.920837 7.921259 7.921681 7.922102 7.922523
7.860982 7.862181 7.863377 7.864571 7.865763 7.866956 7.86815 7.869343 7.870537 7.87173 7.872922 7.874114 7.875257 7.876356 7.87745 7.878543 7.879635 7.880727 7.881819 7.882912 7.884003 7.885096 7.886188 7.887278 7.888302 7.889264 7.890223 7.891178 7.892134 7.89309 7.894046 7.895002 7.895957 7.896914 7.89787 7.898825 7.899737 7.900606 7.901474 7.902341 7.903208 7.904075 7.904943 7.905808 7.906676 7.907543 7.90841 7.909275 7.910076 7.91081 7.911544 7.912276 7.913007 7.91374 7.91447 7.915203 7.915933 7.916665 7.917396 7.918127 7.918714 7.919156 7.919597 7.920037 7.920478 7.920918
7.858246 7.859456 7.860665 7.86187 7.863076 7.86428 7.865486 7.866691 7.867896 7.869102 7.870306 7.871509 7.872668 7.873786 7.874901 7.876014 7.877125 7.878236 7.879348 7.880459 7.881571 7.882682 7.883794 7.884902 7.885948 7.88693 7.887908 7.888886 7.889863 7.89084 7.891816 7.892793 7.893769 7.894746 7.895723 7.896698 7.89763 7.898516 7.899403 7.900288 7.901172 7.902058 7.902941 7.903826 7.90471 7.905596 7.906479 7.907363 7.90818 7.908931 7.909681 7.910428 7.911176 7.911924 7.912671 7.913418 7.914166 7.914913 7.915661 7.916408 7.917012 7.917472 7.917933 7.918393 7.918853 7.919313
7.855509 7.856732 7.857953 7.85917 7.860387 7.861604 7.862821 7.864039 7.865256 7.866473 7.86769 7.868903 7.87008 7.871217 7.872352 7.873483 7.874614 7.875745 7.876876 7.878007 7.879138 7.880269 7.881399 7.882527 7.883593 7.884595 7.885597 7.886594 7.887591 7.888589 7.889587 7.890584 7.891581 7.892578 7.893577 7.894573 7.895524 7.896428 7.897332 7.898234 7.899136 7.900039 7.900941 7.901843 7.902745 7.903648 7.90455 7.90545 7.906285 7.907053 7.907818 7.908582 7.909345 7.910109 7.910873 7.911635 7.912399 7.913162 7.913925 7.914689 7.91531 7.915791 7.91627 7.91675 7.917229 7.917708
7.852774 7.854009 7.855242 7.856471 7.857699 7.858928 7.860158 7.861386 7.862615 7.863844 7.865074 7.866299 7.86749 7.868649 7.869802 7.870953 7.872104 7.873253 7.874404 7.875554 7.876704 7.877854 7.879004 7.880153 7.881238 7.882263 7.883285 7.884302 7.885321 7.886339 7.887356 7.888375 7.889393 7.89041 7.891429 7.892447 7.893417 7.894338 7.895259 7.896181 7.8971 7.89802 7.898941 7.89986 7.90078 7.901701 7.902621 7.903539 7.90439 7.905174 7.905956 7.906734 7.907514 7.908294 7.909073 7.909853 7.910631 7.91141 7.912189 7.91297 7.913609 7.914108 7.914607 7.915107 7.915605 7.916103
7.850039 7.851286 7.852529 7.853771 7.855012 7.856253 7.857493 7.858735 7.859975 7.861216 7.862456 7.863696 7.864903 7.866081 7.867253 7.868423 7.869593 7.870762 7.871932 7.873102 7.874272 7.875442 7.87661 7.877778 7.878884 7.87993 7.880971 7.88201 7.883049 7.884089 7.885128 7.886165 7.887204 7.888243 7.889282 7.890321 7.89131 7.89225 7.893189 7.894126 7.895064 7.896002 7.896939 7.897878 7.898816 7.899753 7.900692 7.901628 7.902496 7.903296 7.904093 7.904888 7.905684 7.906478 7.907274 7.90807 7.908864 7.909658 7.910454 7.911249 7.911906 7.912426 7.912945 7.913463 7.913981 7.914498
7.847305 7.848564 7.849817 7.851071 7.852324 7.853577 7.85483 7.856082 7.857335 7.858588 7.85984 7.861093 7.862318 7.863514 7.864704 7.865892 7.867082 7.868273 7.869462 7.870651 7.871839 7.873027 7.874216 7.875405 7.876533 7.877598 7.878659 7.879719 7.880779 7.88184 7.8829 7.883959 7.885017 7.886076 7.887136 7.888195 7.889204 7.890161 7.891117 7.892073 7.893028 7.893986 7.894942 7.895897 7.896852 7.897806 7.898761 7.899717 7.900603 7.901418 7.90223 7.903041 7.903852 7.904665 7.905478 7.906289 7.907098 7.907908 7.908719 7.909531 7.910205 7.910744 7.911281 7.911819 7.912356 7.912897
7.844572 7.845841 7.847107 7.848374 7.849641 7.850908 7.852175 7.853439 7.854703 7.855966 7.857226 7.858489 7.859732 7.860947 7.862157 7.863372 7.864587 7.8658 7.867012 7.86822 7.869425 7.870627 7.871827 7.873031 7.87418 7.875266 7.876349 7.87744 7.87853 7.879616 7.880698 7.881777 7.882853 7.883924 7.884994 7.886068 7.887098 7.888072 7.889049 7.890032 7.891014 7.891995 7.892971 7.893942 7.89491 7.895875 7.896839 7.897805 7.898709 7.89954 7.90037 7.901208 7.902045 7.90288 7.903711 7.904538 7.90536 7.906178 7.906992 7.90781 7.908503 7.909062 7.909621 7.910191 7.910761 7.911327
7.841841 7.843121 7.844402 7.845685 7.846967 7.848247 7.849527 7.850807 7.852082 7.853357 7.854629 7.855897 7.857148 7.85839 7.859632 7.860873 7.862112 7.863348 7.86458 7.865811 7.867036 7.868258 7.869473 7.870682 7.871829 7.872954 7.874079 7.875197 7.87631 7.877418 7.878523 7.879622 7.880716 7.881806 7.882891 7.883971 7.884992 7.886004 7.887018 7.888027 7.88903 7.890029 7.891023 7.892014 7.892998 7.893979 7.894954 7.895924 7.896819 7.897681 7.89855 7.899413 7.900272 7.901125 7.901975 7.902819 7.903656 7.904488 7.905313 7.90613 7.906806 7.907403 7.90801 7.908612 7.909206 7.909794
7.839116 7.840412 7.841706 7.843002 7.844297 7.845592 7.846887 7.84818 7.849472 7.850762 7.85205 7.853339 7.85462 7.855877 7.857134 7.858394 7.859654 7.860911 7.862167 7.86342 7.864669 7.865914 7.867157 7.868399 7.869595 7.870723 7.871852 7.872986 7.874118 7.875246 7.876369 7.877489 7.878606 7.879719 7.880827 7.881939 7.883006 7.884016 7.885032 7.886054 7.887073 7.888088 7.8891 7.890108 7.891112 7.892112 7.893109 7.894107 7.895047 7.895912 7.896779 7.897655 7.898528 7.899399 7.900265 7.901126 7.901983 7.902835 7.903681 7.904529 7.90526 7.905859 7.906463 7.907076 7.907687 7.908294
