Spatial_Analysis/Downscaled_EnvironmentalLayers/RCP8_5/2080/ph_future85.asc
ncols         648
nrows         324
xllcorner     -102.97071042
yllcorner     3.973116569
cellsize      0.083
NODATA_value  -9999
[rows 58 to 86 of 324, columns 396 to 461 of 648]
7.958374 7.958771 7.959167 7.959563 7.95996 7.960357 7.960628 7.960773 7.960919 7.961065 7.961212 7.961359 7.961505 7.961652 7.961799 7.961945 7.962091 7.962237 7.962194 7.961962 7.961729 7.961496 7.961263 7.96103 7.960794 7.960565 7.960331 7.9601 7.959866 7.959634 7.959198 7.95856 7.957924 7.957287 7.956648 7.956011 7.955373 7.954735 7.954098 7.953459 7.952822 7.952185 7.951461 7.950652 7.949842 7.949032 7.948223 7.947413 7.946603 7.945794 7.944983 7.944174 7.943363 7.942554 7.941698 7.940795 7.939892 7.93899 7.938088 7.937186 7.936282 7.93538 7.934478 7.933574 7.932672 7.93177
7.958452 7.958848 7.959244 7.95964 7.960036 7.960432 7.960705 7.960853 7.961001 7.96115 7.961299 7.961446 7.961596 7.961745 7.961894 7.962042 7.962191 7.96234 7.9623 7.962072 7.961844 7.961616 7.961386 7.961154 7.96093 7.960702 7.960474 7.960246 7.960018 7.959789 7.959359 7.958727 7.958095 7.957463 7.956831 7.956198 7.955565 7.954933 7.9543 7.953669 7.953036 7.952404 7.951684 7.950876 7.95007 7.949263 7.948455 7.947649 7.946841 7.946034 7.945227 7.94442 7.943613 7.942806 7.941952 7.941048 7.940146 7.939244 7.93834 7.937438 7.936536 7.935633 7.93473 7.933828 7.932926 7.932023
7.958528 7.958924 7.95932 7.959717 7.960113 7.960509 7.960782 7.960932 7.961083 7.961233 7.961385 7.961535 7.961687 7.961837 7.961988 7.96214 7.962291 7.962441 7.962406 7.962183 7.961958 7.961734 7.961506 7.961287 7.961064 7.96084 7.960616 7.960392 7.960169 7.959945 7.959519 7.958893 7.958267 7.957639 7.957012 7.956384 7.955758 7.95513 7.954504 7.953876 7.953249 7.952621 7.951906 7.951102 7.950297 7.949494 7.948689 7.947884 7.947081 7.946276 7.945471 7.944667 7.943862 7.943058 7.942204 7.941302 7.9404 7.939497 7.938595 7.937692 7.936789 7.935887 7.934984 7.934081 7.933179 7.932277
7.958605 7.959002 7.959397 7.959793 7.960188 7.960585 7.960859 7.961011 7.961164 7.961318 7.961472 7.961624 7.961778 7.961931 7.962084 7.962237 7.96239 7.962543 7.962511 7.962292 7.962073 7.961851 7.961635 7.961415 7.961197 7.960978 7.960758 7.96054 7.96032 7.960101 7.95968 7.959059 7.958438 7.957816 7.957194 7.956572 7.955949 7.955328 7.954706 7.954084 7.953462 7.95284 7.952129 7.951327 7.950526 7.949724 7.948922 7.94812 7.947319 7.946517 7.945715 7.944914 7.944112 7.94331 7.942458 7.941556 7.940653 7.939751 7.938848 7.937945 7.937043 7.936141 7.935238 7.934335 7.933432 7.932529
7.958675 7.959072 7.959469 7.959867 7.960265 7.96066 7.960936 7.961091 7.961246 7.961402 7.961554 7.961708 7.961861 7.962017 7.962175 7.962332 7.962491 7.962646 7.962616 7.962402 7.962184 7.961973 7.961756 7.961538 7.961322 7.961107 7.960895 7.960684 7.960471 7.960257 7.959841 7.959226 7.958609 7.957993 7.957372 7.956751 7.956133 7.955516 7.954901 7.954289 7.953674 7.953058 7.95235 7.951551 7.950753 7.949954 7.949152 7.948349 7.947548 7.946749 7.945952 7.945156 7.944361 7.943562 7.942712 7.94181 7.940907 7.940004 7.939098 7.938191 7.937287 7.936384 7.935483 7.934584 7.933685 7.932782
7.958732 7.959127 7.959525 7.959926 7.960329 7.960732 7.961013 7.961171 7.96132 7.961469 7.961619 7.961772 7.961927 7.962085 7.962245 7.962409 7.962575 7.962743 7.962722 7.962509 7.962295 7.962074 7.961856 7.961639 7.961426 7.961216 7.961009 7.960805 7.960605 7.960406 7.960002 7.959391 7.958772 7.958148 7.957527 7.956909 7.956295 7.955683 7.955074 7.95447 7.953868 7.953269 7.952573 7.951777 7.950973 7.950163 7.949356 7.948553 7.947752 7.946956 7.946164 7.945374 7.944589 7.943807 7.942966 7.942063 7.941153 7.940235 7.939321 7.938411 7.937504 7.936602 7.935702 7.934807 7.933915 7.933027
7.958775 7.959169 7.959568 7.959967 7.96037 7.960776 7.961062 7.961219 7.961367 7.961516 7.961668 7.961821 7.961978 7.962138 7.962301 7.962466 7.962635 7.962806 7.962798 7.962589 7.962368 7.962151 7.961936 7.961723 7.961514 7.961308 7.961105 7.960906 7.96071 7.960518 7.960128 7.95952 7.958898 7.958277 7.95766 7.957046 7.956435 7.95583 7.955227 7.954627 7.954031 7.953439 7.952756 7.951962 7.95115 7.950341 7.949536 7.948734 7.947937 7.947143 7.946353 7.945567 7.944784 7.944007 7.943177 7.942275 7.941352 7.940433 7.939518 7.938607 7.9377 7.936797 7.935898 7.935003 7.934112 7.933226
7.958806 7.959199 7.959595 7.959992 7.960391 7.960785 7.961062 7.961223 7.961384 7.961542 7.961699 7.961855 7.962015 7.962176 7.962339 7.962504 7.962669 7.962833 7.962811 7.962611 7.962408 7.962204 7.961996 7.961789 7.961586 7.961383 7.961183 7.960985 7.960789 7.960589 7.960187 7.959586 7.958983 7.958379 7.957771 7.957164 7.956559 7.955957 7.955358 7.954761 7.954165 7.953565 7.952868 7.952076 7.951284 7.95049 7.949692 7.948895 7.948101 7.947308 7.946521 7.945734 7.944948 7.94416 7.943312 7.94241 7.941506 7.9406 7.939689 7.938781 7.937875 7.936971 7.93607 7.935173 7.934276 7.933377
7.958698 7.959083 7.95947 7.959856 7.960241 7.960629 7.960901 7.961059 7.961219 7.961377 7.961535 7.961694 7.961854 7.962011 7.962171 7.962329 7.96249 7.962647 7.962627 7.962429 7.96223 7.962031 7.961832 7.961632 7.961433 7.961234 7.961034 7.960835 7.960635 7.960437 7.960039 7.959444 7.958849 7.958252 7.957655 7.957059 7.956462 7.955867 7.955271 7.954674 7.954078 7.953482 7.95279 7.952003 7.951215 7.950428 7.949641 7.948855 7.948068 7.94728 7.946495 7.945706 7.94492 7.944132 7.943289 7.942389 7.94149 7.940591 7.93969 7.938791 7.937891 7.936992 7.936091 7.935193 7.934293 7.933393
7.958454 7.958826 7.959198 7.959571 7.959943 7.960315 7.960578 7.960731 7.960884 7.961038 7.96119 7.961343 7.961497 7.96165 7.961804 7.961957 7.96211 7.962263 7.962242 7.962046 7.96185 7.961654 7.961457 7.96126 7.961063 7.960865 7.960668 7.960471 7.960274 7.960076 7.959684 7.959096 7.958508 7.95792 7.95733 7.95674 7.956151 7.955563 7.954974 7.954384 7.953795 7.953207 7.952521 7.951742 7.950963 7.950183 7.949402 7.948623 7.947844 7.947063 7.946283 7.945503 7.944724 7.943944 7.943108 7.942215 7.941323 7.940432 7.939541 7.938649 7.937757 7.936865 7.935973 7.935081 7.934188 7.933296
7.95821 7.95857 7.958927 7.959286 7.959644 7.960002 7.960255 7.960403 7.960551 7.960699 7.960845 7.960994 7.961142 7.961289 7.961436 7.961585 7.961732 7.96188 7.961857 7.961663 7.96147 7.961275 7.961081 7.960886 7.960691 7.960496 7.960301 7.960107 7.959912 7.959717 7.95933 7.958748 7.958168 7.957586 7.957005 7.956422 7.95584 7.955259 7.954677 7.954094 7.953513 7.952931 7.952253 7.951482 7.95071 7.949936 7.949163 7.948391 7.947618 7.946846 7.946074 7.945301 7.944528 7.943756 7.942927 7.942042 7.941158 7.940274 7.93939 7.938506 7.937622 7.936738 7.935853 7.934969 7.934085 7.9332
7.957968 7.958312 7.958656 7.959 7.959345 7.959689 7.959932 7.960074 7.960217 7.960359 7.960501 7.960643 7.960786 7.960927 7.96107 7.961212 7.961355 7.961496 7.961472 7.961281 7.961089 7.960896 7.960704 7.960513 7.96032 7.960127 7.959935 7.959743 7.95955 7.959357 7.958974 7.958402 7.957828 7.957253 7.956679 7.956104 7.955529 7.954955 7.954381 7.953806 7.95323 7.952656 7.951987 7.951221 7.950455 7.949689 7.948925 7.948159 7.947393 7.946629 7.945864 7.945098 7.944333 7.943567 7.942746 7.941869 7.940993 7.940116 7.939239 7.938363 7.937486 7.936611 7.935734 7.934857 7.93398 7.933104
7.957725 7.958054 7.958385 7.958715 7.959045 7.959376 7.95961 7.959746 7.959883 7.96002 7.960156 7.960292 7.960427 7.960567 7.960702 7.960839 7.960975 7.961112 7.961086 7.960897 7.960708 7.960519 7.960329 7.960139 7.959948 7.959759 7.959568 7.959378 7.959188 7.958998 7.958619 7.958054 7.957488 7.95692 7.956353 7.955786 7.955218 7.954651 7.954083 7.953516 7.952949 7.952381 7.951719 7.950961 7.950202 7.949444 7.948686 7.947928 7.94717 7.946412 7.945653 7.944894 7.944137 7.943379 7.942564 7.941697 7.940826 7.939958 7.93909 7.93822 7.937351 7.936483 7.935614 7.934745 7.933877 7.933007
7.957481 7.957798 7.958114 7.95843 7.958747 7.959063 7.959286 7.959417 7.959548 7.95968 7.959811 7.959939 7.960073 7.960204 7.960336 7.960466 7.960598 7.960728 7.960701 7.960515 7.960328 7.960141 7.959953 7.959765 7.959577 7.959391 7.959203 7.959014 7.958827 7.958639 7.958264 7.957706 7.957147 7.956588 7.956028 7.955468 7.954907 7.954347 7.953787 7.953227 7.952667 7.952106 7.95145 7.9507 7.949948 7.949197 7.948447 7.947695 7.946945 7.946194 7.945443 7.944692 7.943942 7.94319 7.942385 7.941522 7.94066 7.9398 7.938938 7.938077 7.937216 7.936356 7.935494 7.934633 7.933773 7.932911
7.957237 7.957541 7.957842 7.958146 7.958447 7.958749 7.958964 7.95909 7.959216 7.959342 7.959464 7.959592 7.959717 7.959842 7.95997 7.960094 7.96022 7.960345 7.960316 7.960133 7.959948 7.959763 7.959578 7.959393 7.959207 7.959021 7.958836 7.958651 7.958465 7.958279 7.95791 7.95736 7.956807 7.956254 7.955702 7.955149 7.954596 7.954043 7.95349 7.952937 7.952384 7.951831 7.951183 7.950439 7.949695 7.948952 7.948208 7.947464 7.94672 7.945977 7.945233 7.944489 7.943746 7.943003 7.942203 7.941349 7.940495 7.939641 7.938789 7.937934 7.937081 7.936228 7.935375 7.934521 7.933667 7.932815
7.956995 7.957284 7.957571 7.95786 7.958148 7.958437 7.958641 7.958762 7.958882 7.958999 7.959122 7.959242 7.959362 7.959482 7.959602 7.959723 7.959842 7.959961 7.959931 7.959751 7.959568 7.959385 7.959202 7.959019 7.958836 7.958652 7.958469 7.958286 7.958102 7.95792 7.957557 7.957012 7.956468 7.955922 7.955376 7.95483 7.954284 7.95374 7.953194 7.952647 7.952102 7.951556 7.950915 7.950178 7.949441 7.948706 7.947969 7.947232 7.946496 7.945759 7.945023 7.944286 7.94355 7.942813 7.942022 7.941175 7.940329 7.939484 7.938638 7.937791 7.936946 7.936101 7.935255 7.93441 7.933564 7.932718
7.956743 7.957017 7.957295 7.957573 7.957849 7.958124 7.958319 7.958433 7.958545 7.958662 7.958774 7.958885 7.958998 7.959114 7.95923 7.959348 7.959463 7.959579 7.959547 7.959369 7.959188 7.959006 7.958824 7.95864 7.958457 7.958276 7.958097 7.95792 7.957742 7.95756 7.957202 7.956665 7.956127 7.955589 7.955047 7.954505 7.953965 7.953426 7.952891 7.952356 7.95182 7.951281 7.950648 7.949918 7.949188 7.948458 7.947727 7.946994 7.946262 7.945532 7.944804 7.94408 7.943354 7.942625 7.941841 7.941002 7.940164 7.939325 7.938484 7.937641 7.936801 7.935964 7.935127 7.934294 7.933459 7.932621
7.956469 7.95673 7.956996 7.957263 7.957535 7.957808 7.957995 7.958102 7.958206 7.958304 7.958404 7.958508 7.958614 7.958724 7.958838 7.958952 7.959071 7.959191 7.959163 7.958986 7.9588 7.958611 7.958424 7.95824 7.958058 7.957879 7.957705 7.957532 7.957363 7.957196 7.956848 7.956318 7.955781 7.955237 7.954697 7.954157 7.953623 7.953092 7.952563 7.952039 7.951519 7.951001 7.95038 7.949657 7.948927 7.948191 7.947457 7.946728 7.946001 7.945279 7.944561 7.943846 7.943135 7.942429 7.941659 7.940828 7.93999 7.939143 7.938301 7.93746 7.936627 7.935796 7.934969 7.934148 7.93333 7.932516
7.956175 7.956424 7.956676 7.956931 7.95719 7.957452 7.957643 7.957743 7.95783 7.95792 7.958015 7.958112 7.958213 7.958317 7.958426 7.958536 7.958649 7.958767 7.958749 7.958571 7.958379 7.95819 7.958003 7.95782 7.95764 7.957465 7.957292 7.957122 7.956956 7.956795 7.956462 7.955937 7.955395 7.954856 7.954321 7.953789 7.953261 7.952735 7.952215 7.951698 7.951185 7.950677 7.950076 7.949358 7.948623 7.94789 7.947162 7.946439 7.945719 7.945002 7.944291 7.943584 7.942881 7.942184 7.941436 7.940611 7.939766 7.938924 7.938087 7.937254 7.936426 7.935603 7.934784 7.93397 7.933161 7.932359
7.955862 7.956098 7.956335 7.956575 7.956816 7.957053 7.957221 7.957319 7.957418 7.957512 7.957604 7.957699 7.957794 7.957893 7.957994 7.958098 7.958202 7.958302 7.958267 7.958096 7.957921 7.957743 7.957562 7.957383 7.957207 7.957032 7.95686 7.95669 7.956522 7.956349 7.956005 7.955489 7.954971 7.954449 7.953924 7.953401 7.952879 7.952361 7.951845 7.951332 7.95082 7.950306 7.949691 7.948982 7.948273 7.947559 7.946842 7.946126 7.945413 7.944704 7.943997 7.943293 7.942592 7.941886 7.941123 7.940305 7.939489 7.938668 7.937844 7.937021 7.936201 7.935385 7.934572 7.933763 7.932955 7.932144
7.955532 7.955754 7.955976 7.956199 7.95642 7.956643 7.956801 7.956892 7.956984 7.957075 7.957165 7.957256 7.957347 7.957438 7.95753 7.957621 7.95771 7.957802 7.957761 7.957589 7.957416 7.957239 7.957064 7.956888 7.956712 7.956536 7.956362 7.956186 7.956011 7.955834 7.955492 7.954982 7.954469 7.953956 7.953443 7.95293 7.952416 7.951903 7.951391 7.950879 7.950365 7.949852 7.949244 7.948543 7.947841 7.947139 7.946437 7.945735 7.945033 7.94433 7.943629 7.942928 7.942226 7.941525 7.940769 7.939962 7.939154 7.938347 7.937541 7.936735 7.935927 7.935122 7.934315 7.933509 7.932703 7.931896
7.955188 7.955398 7.955608 7.955817 7.956028 7.956237 7.956383 7.956467 7.956549 7.956631 7.956712 7.956792 7.956874 7.956955 7.957036 7.957118 7.957199 7.957279 7.957232 7.957057 7.95688 7.9567 7.956522 7.956343 7.956164 7.955983 7.955804 7.955626 7.955446 7.955266 7.954923 7.954419 7.953911 7.953403 7.952894 7.952386 7.951877 7.951368 7.950859 7.950351 7.949842 7.949335 7.948734 7.948042 7.947349 7.946658 7.945966 7.945273 7.944582 7.94389 7.943197 7.942506 7.941813 7.941122 7.940378 7.939582 7.938787 7.937994 7.9372 7.936407 7.935613 7.93482 7.934026 7.933232 7.932439 7.931646
7.954845 7.955041 7.955239 7.955436 7.955634 7.95583 7.955965 7.95604 7.956114 7.956186 7.956258 7.956329 7.956401 7.956473 7.956544 7.956614 7.956686 7.956757 7.956702 7.956524 7.956345 7.956162 7.955979 7.955797 7.955613 7.955431 7.955247 7.955065 7.954882 7.954698 7.954355 7.953855 7.953352 7.952849 7.952345 7.951841 7.951337 7.950833 7.950329 7.949825 7.949321 7.948817 7.948225 7.947541 7.946858 7.946176 7.945494 7.944812 7.94413 7.943448 7.942766 7.942084 7.941401 7.94072 7.939987 7.939204 7.938422 7.93764 7.93686 7.936078 7.935297 7.934517 7.933736 7.932954 7.932175 7.931394
7.954501 7.954686 7.95487 7.955056 7.95524 7.955424 7.955548 7.955614 7.955679 7.955742 7.955803 7.955865 7.955927 7.955989 7.956051 7.956113 7.956175 7.956234 7.956174 7.955993 7.95581 7.955624 7.955438 7.95525 7.955064 7.954876 7.95469 7.954504 7.954317 7.954129 7.953787 7.953291 7.952795 7.952296 7.951796 7.951296 7.950797 7.950297 7.949799 7.949299 7.948799 7.948299 7.947713 7.947041 7.946368 7.945695 7.945023 7.944351 7.943678 7.943006 7.942334 7.941661 7.940988 7.940318 7.939596 7.938825 7.938055 7.937286 7.936518 7.93575 7.934982 7.934215 7.933446 7.932678 7.93191 7.931142
7.954158 7.954329 7.954501 7.954674 7.954846 7.955018 7.955132 7.955189 7.955244 7.955297 7.955348 7.955401 7.955453 7.955505 7.955558 7.95561 7.955662 7.955713 7.955646 7.955461 7.955274 7.955085 7.954895 7.954704 7.954514 7.954324 7.954134 7.953943 7.953752 7.95356 7.953219 7.952729 7.952237 7.951742 7.951248 7.950752 7.950257 7.949762 7.949266 7.948771 7.948277 7.947782 7.947203 7.94654 7.945877 7.945214 7.944552 7.943889 7.943227 7.942565 7.941902 7.941239 7.940577 7.939915 7.939204 7.938446 7.937689 7.936933 7.936177 7.935421 7.934667 7.933911 7.933156 7.932401 7.931645 7.93089
7.953814 7.953973 7.954134 7.954293 7.954453 7.954613 7.954714 7.954762 7.954809 7.954852 7.954895 7.954938 7.954979 7.955022 7.955065 7.955108 7.955151 7.955191 7.955118 7.954929 7.954739 7.954547 7.954352 7.954158 7.953965 7.95377 7.953576 7.953382 7.953187 7.952992 7.952652 7.952167 7.951679 7.951188 7.950698 7.950208 7.949717 7.949226 7.948736 7.948245 7.947755 7.947264 7.946692 7.946039 7.945386 7.944735 7.944081 7.943429 7.942775 7.942123 7.941469 7.940817 7.940164 7.939512 7.938813 7.938066 7.937322 7.936579 7.935836 7.935093 7.934352 7.933608 7.932866 7.932123 7.931381 7.93064
7.95347 7.953618 7.953765 7.953913 7.95406 7.954206 7.954299 7.954338 7.954374 7.954407 7.95444 7.954473 7.954506 7.954539 7.954572 7.954605 7.954638 7.954669 7.95459 7.954399 7.954206 7.954007 7.953811 7.953612 7.953413 7.953217 7.953019 7.952821 7.952623 7.952425 7.952085 7.951603 7.951121 7.950635 7.950149 7.949663 7.949177 7.948691 7.948204 7.947719 7.947233 7.946747 7.946183 7.945539 7.944897 7.944253 7.94361 7.942967 7.942324 7.941679 7.941037 7.940393 7.939751 7.939109 7.938421 7.937687 7.936955 7.936225 7.935495 7.934766 7.934036 7.933306 7.932576 7.931846 7.931116 7.930387
7.953126 7.953261 7.953396 7.953531 7.953666 7.953801 7.953883 7.953913 7.95394 7.953963 7.953986 7.95401 7.954032 7.954056 7.95408 7.954103 7.954126 7.954149 7.954063 7.953868 7.953671 7.953469 7.953268 7.953066 7.952865 7.952663 7.952461 7.95226 7.952058 7.951857 7.951518 7.951042 7.950562 7.950081 7.9496 7.949119 7.948637 7.948156 7.947674 7.947193 7.946711 7.946229 7.945672 7.945038 7.944405 7.943772 7.943139 7.942506 7.941872 7.941238 7.940606 7.939972 7.93934 7.938706 7.938028 7.937307 7.936588 7.935872 7.935154 7.934437 7.93372 7.933003 7.932286 7.931569 7.930852 7.930135
7.952775 7.952899 7.953023 7.953149 7.953273 7.953396 7.953469 7.953489 7.953505 7.953518 7.95353 7.953542 7.953554 7.953568 7.953583 7.953599 7.953613 7.953628 7.953537 7.953339 7.953135 7.95293 7.952723 7.952518 7.952311 7.952106 7.951902 7.951699 7.951494 7.951289 7.950952 7.95048 7.950005 7.949528 7.949049 7.948571 7.948093 7.947616 7.94714 7.946664 7.946188 7.945712 7.945162 7.944538 7.943914 7.943291 7.942666 7.942039 7.941415 7.940791 7.940169 7.939548 7.938926 7.938303 7.937636 7.936927 7.936222 7.935518 7.934811 7.934104 7.933398 7.932693 7.93199 7.931289 7.930588 7.929883
