Spatial_Analysis/Downscaled_EnvironmentalLayers/RCP8_5/2080/salinity_future85.asc
ncols         639
nrows         313
xllcorner     -103
yllcorner     4.021
cellsize      0.083
NODATA_value  -9999
[rows 58 to 86 of 313, columns 260 to 324 of 639]
37.23718 37.23029 37.22255 37.21421 -9999 -9999 37.18666 37.17715 37.1677 37.15789 37.14753 37.14368 -9999 37.15528 37.16123 37.16735 37.17364 37.18008 37.18664 37.19326 37.19989 37.20694 37.21456 37.23495 37.2767 37.31819 37.35949 37.40078 37.44208 37.48338 37.52467 37.56596 37.60725 37.64835 37.68782 37.70795 37.68872 37.66784 37.64558 -9999 -9999 37.57866 37.55635 37.53404 37.51173 37.48961 37.46863 37.45126 37.44175 37.43338 37.42586 37.41836 37.41085 37.40334 37.39584 37.38833 37.38083 37.37344 37.36739 37.36242 37.35777 37.35451 37.35247 -9999 37.34854
37.22267 37.21668 37.20981 37.20239 37.19458 37.18637 37.17797 37.16938 37.16043 37.15101 37.1411 -9999 37.14397 37.15014 37.15638 37.16276 37.16928 37.17592 37.18259 37.1894 37.19656 37.20421 37.21234 37.2333 37.2763 37.31908 37.36165 37.40422 37.44678 37.48935 37.53191 37.57447 37.61703 37.65928 37.69995 37.72076 37.70094 37.67964 37.65691 -9999 -9999 -9999 37.56551 37.54266 37.51981 37.49725 37.47583 -9999 -9999 -9999 37.43097 37.42302 37.41507 37.40711 37.39915 37.3912 37.38325 37.37551 37.36905 37.36365 37.35891 37.3554 37.3531 37.35095 -9999
37.20845 37.20329 37.19731 37.19075 37.18382 37.17659 37.16901 37.16103 37.15256 37.14354 -9999 37.13159 37.13811 37.14462 37.15112 37.15776 37.16449 37.17134 37.17839 37.18572 37.19345 37.20174 37.21016 37.23169 37.27593 37.31997 37.36381 37.40765 37.45148 37.49531 37.53915 37.58298 37.62682 37.67032 37.7123 37.73383 37.71339 37.69151 37.66825 -9999 -9999 -9999 37.57468 37.55128 37.52789 37.50481 37.48286 37.4645 37.45399 37.44455 37.43608 37.42768 37.41928 37.41088 37.40248 37.39408 37.38568 37.37749 37.37051 37.36466 37.35987 37.35623 37.35374 -9999 37.34905
37.19474 37.19014 37.18505 37.17934 37.17313 37.1665 37.15948 37.15201 37.14401 37.13552 37.12701 37.12491 37.13182 37.13863 37.14542 37.15237 37.1595 37.16682 37.17438 37.18227 37.19063 37.19941 37.20802 37.23012 37.27559 37.32087 37.36597 37.41108 37.45618 37.50129 37.54639 37.5915 37.6366 37.68147 37.72488 37.74715 37.72602 37.70346 37.6796 -9999 -9999 -9999 37.58385 37.55991 37.53597 37.51227 37.48973 37.47086 37.45989 37.45007 37.4412 37.43235 37.4235 37.41465 37.4058 37.39695 37.3881 37.37939 37.37181 37.36547 37.36067 37.35699 37.35437 -9999 37.34931
37.18137 37.1771 37.17257 37.16763 37.1621 37.15608 37.14959 37.14258 37.13503 37.12728 37.11948 37.11797 37.12527 37.13242 37.13963 37.14704 37.15465 37.1625 37.17063 37.17915 37.1881 37.19709 37.20589 37.22857 37.27527 37.32177 37.36814 37.41451 37.46088 37.50726 37.55363 37.60001 37.64638 37.69268 37.73764 37.76068 37.73884 37.71541 -9999 -9999 -9999 -9999 -9999 37.56853 37.54404 37.51966 37.49644 37.47701 37.46565 37.4556 37.44631 37.43701 37.42771 37.41842 37.40912 37.39983 37.39053 37.38127 37.37297 37.36613 37.36134 -9999 -9999 -9999 37.34957
37.16805 37.16404 37.15978 37.15531 37.15049 37.14508 37.13913 37.13267 37.12597 37.11904 37.11198 37.11106 37.11873 37.12625 37.13395 37.1419 37.15008 37.15854 37.16733 37.17645 37.1856 37.19475 37.20378 37.22704 37.27495 37.32265 37.3703 37.41794 37.46559 37.51323 37.56087 37.60852 37.65616 37.70381 37.75056 37.77444 37.75178 37.7273 -9999 -9999 -9999 -9999 -9999 -9999 37.55212 37.5271 37.50296 37.48294 37.47129 37.46116 37.45142 37.44168 37.43193 37.42219 37.41245 37.4027 37.39296 37.38321 37.37405 37.36664 37.36193 37.35855 -9999 37.35273 37.34982
37.15473 37.15088 37.14682 37.14258 37.13807 37.13322 37.12796 37.12244 37.11672 37.11077 37.10451 37.10418 37.11219 37.12021 37.12851 37.13702 37.14583 37.15498 37.16433 37.17371 37.18309 37.1924 37.20167 37.22552 37.27463 37.32355 37.37245 37.42133 37.47023 37.51915 37.56808 37.61701 37.66594 37.71486 37.76353 37.78841 -9999 -9999 37.71364 -9999 -9999 -9999 -9999 -9999 37.56021 37.53464 37.50937 37.48864 37.47694 37.46672 37.45657 37.44644 37.43629 37.42612 37.41591 37.40566 37.3954 37.38519 37.37513 37.36705 37.36255 37.35937 37.35632 37.35332 37.35033
37.14129 37.13778 37.13395 37.12983 37.12551 37.12107 37.11653 37.11191 37.10712 37.10217 37.09704 37.09737 37.10576 37.11436 37.12325 37.13245 37.14182 37.15128 37.16082 37.17043 37.18009 37.18981 37.1995 37.22401 37.27423 37.32423 37.3743 37.42445 37.47467 37.52492 37.5752 37.62547 37.6757 37.7259 37.77608 37.80258 -9999 -9999 -9999 -9999 -9999 -9999 -9999 -9999 37.56853 37.54228 37.51606 37.49406 37.48297 37.47254 37.46209 37.45161 37.44108 37.4305 37.41985 37.40913 37.39832 37.38742 37.37653 37.36736 37.36353 37.3606 37.35767 37.35468 37.3516
37.12854 37.12528 37.12186 37.11828 37.11457 37.11073 37.10679 37.10276 37.09865 37.09451 37.0904 37.09226 37.10132 37.11035 37.11951 37.12878 37.13817 37.14764 37.1572 37.16683 37.17654 37.18631 37.19616 37.2211 37.27169 37.32225 37.37293 37.42372 37.47457 37.52547 37.57639 37.6273 37.67818 37.729 37.77975 37.80716 37.78139 37.75541 -9999 -9999 -9999 -9999 -9999 -9999 37.57284 37.54657 37.52024 37.49765 37.48693 37.4763 37.46564 37.45492 37.44416 37.43334 37.42245 37.41147 37.4004 37.38922 37.37791 37.36798 37.36466 37.36169 37.35866 37.35555 37.35234
37.11943 37.11651 37.11371 37.11086 37.10791 37.10487 37.10175 37.09859 37.09544 37.09237 37.08936 37.09137 37.10053 37.10949 37.11833 37.12719 37.13613 37.14513 37.15421 37.16333 37.17249 37.18163 37.19065 37.21445 37.26365 37.31278 37.36185 37.41095 37.46009 37.50926 37.55846 37.60764 37.65681 37.70596 37.75507 37.78075 37.7578 37.73351 37.70924 37.68497 -9999 -9999 -9999 37.58767 37.56327 37.5389 37.51466 37.49455 37.48276 37.47222 37.46176 37.4513 37.44081 37.43027 37.41967 37.40903 37.39832 37.38763 37.37707 37.36829 37.36374 37.36015 37.35672 37.35329 37.34981
37.11085 37.10863 37.10638 37.10413 37.10189 37.09964 37.09737 37.09512 37.09286 37.09061 37.08824 37.09048 37.09931 37.1079 37.11647 37.12503 37.13358 37.14214 37.15071 37.15928 37.16784 37.1764 37.18501 37.20791 37.25539 37.30291 37.35041 37.39792 37.44542 37.49293 37.54044 37.58794 37.63545 37.68296 37.72991 37.75463 37.73407 37.71183 37.68929 37.66675 37.64421 -9999 37.59913 37.57659 37.55405 37.53151 37.50965 37.49128 37.47908 37.46858 37.45834 37.44809 37.43786 37.42762 37.41736 37.40712 37.39687 37.38663 37.37664 37.36832 37.36337 37.35937 37.35559 37.3518 37.34802
37.10218 37.10085 37.09935 37.09785 37.09634 37.09484 37.09334 37.09184 37.09034 37.08883 37.08712 37.0896 37.09805 37.10626 37.11437 37.12249 37.1306 37.13871 37.14683 37.15494 37.16305 37.17118 37.17941 37.20145 37.24717 37.29301 37.33887 37.38474 37.43061 37.47648 37.52235 37.56821 37.61408 37.65993 37.70474 37.72879 37.71019 37.69018 37.66942 37.64866 37.6279 37.60714 37.58639 37.56563 -9999 -9999 37.50462 37.48778 37.4756 37.46497 37.45506 37.44514 37.43522 37.4253 37.41539 37.40547 37.39555 37.38564 37.37619 37.36812 37.36302 37.35863 37.35468 37.35073 37.34678
37.09356 37.09306 37.09231 37.09156 37.09081 37.09007 37.08932 37.08857 37.08782 37.08703 37.08602 37.08874 37.09679 37.10461 37.11228 37.11995 37.12761 37.13527 37.14294 37.1506 37.15827 37.16597 37.17384 37.19503 37.23899 37.28312 37.32734 37.37157 37.4158 37.46003 37.50425 37.54848 37.59271 37.6368 37.67974 37.70317 37.68643 37.66849 37.64955 37.63057 37.6116 37.59262 37.57365 -9999 37.53569 -9999 37.49945 37.48407 37.47205 37.46138 37.45177 37.44218 37.43259 37.423 37.41341 37.40382 37.39423 37.38468 37.37563 37.36776 37.36256 37.35792 37.35377 37.34966 37.34554
37.08499 37.08527 37.08528 37.08528 37.08529 37.08529 37.08529 37.0853 37.0853 37.08524 37.08494 37.0879 37.09555 37.10297 37.11019 37.1174 37.12462 37.13184 37.13905 37.14627 37.15348 37.16077 37.16829 37.18861 37.23081 37.27323 37.31581 37.3584 37.40099 37.44358 37.48616 37.52875 37.57134 37.6137 37.6549 37.67776 37.66282 37.64678 37.62968 37.61249 37.59529 37.5781 37.56091 -9999 37.52652 -9999 -9999 37.48014 37.46835 37.45784 37.44849 37.43923 37.42996 37.4207 37.41143 37.40217 37.39291 37.38371 37.37497 37.36726 37.36201 37.35721 37.35287 37.34858 37.34431
37.07647 37.07748 37.07824 37.079 37.07976 37.08051 37.08127 37.08202 37.08278 37.08346 37.08389 37.0871 37.09433 37.10132 37.1081 37.11486 37.12163 37.1284 37.13516 37.14193 37.1487 37.15556 37.16272 37.18217 37.22262 37.26334 37.30428 37.34523 37.38618 37.42712 37.46807 37.50902 37.54997 37.59067 37.63023 37.65255 37.63937 37.62512 37.60981 37.5944 37.57899 37.56358 37.54816 -9999 -9999 -9999 -9999 37.47601 37.46449 37.45425 37.44521 37.43627 37.42733 37.4184 37.40946 37.40052 37.39159 37.38271 37.37423 37.36668 37.36138 37.35646 37.35196 37.34752 37.34307
37.06799 37.06969 37.07121 37.07272 37.07423 37.07573 37.07724 37.07875 37.08026 37.0817 37.08287 37.08634 37.09315 37.09969 37.10601 37.11232 37.11864 37.12496 37.13128 37.1376 37.14391 37.15032 37.15709 37.17568 37.21439 37.25344 37.29275 37.33206 37.37136 37.41068 37.44998 37.48929 37.5286 37.56773 37.60572 37.62752 37.61607 37.60351 37.58994 37.57631 37.56268 37.54905 37.53542 -9999 -9999 -9999 -9999 37.47165 37.46044 37.45059 37.44192 37.43332 37.42471 37.41609 37.40749 37.39887 37.39027 37.38168 37.37343 37.36604 37.36069 37.35569 37.35105 37.34645 37.34183
37.05953 37.06191 37.06417 37.06643 37.0687 37.07096 37.07322 37.07548 37.07774 37.07997 37.08191 37.08563 37.092 37.09805 37.10392 37.10978 37.11565 37.12152 37.12739 37.13326 37.13913 37.14505 37.15139 37.16911 37.2061 37.24355 37.28122 37.31889 37.35655 37.39423 37.43189 37.46956 37.50723 37.54483 37.58138 37.60267 37.59292 37.58191 37.57007 37.55823 37.54638 37.53453 37.52268 37.51083 -9999 37.48724 -9999 37.46705 37.45621 37.44693 37.43864 37.43036 37.42207 37.41379 37.40551 37.39722 37.38894 37.38065 37.37261 37.36535 37.35998 37.35492 37.35014 37.34537 37.3406
37.05107 37.05412 37.05713 37.06015 37.06316 37.06618 37.06919 37.07221 37.07522 37.07823 37.081 37.08499 37.09089 37.09641 37.10183 37.10725 37.11266 37.11808 37.1235 37.12893 37.13434 37.13976 37.1456 37.16243 37.19775 37.23365 37.26969 37.30571 37.34174 37.37777 37.4138 37.44983 37.48586 37.52189 37.55717 37.57801 37.56987 37.56027 37.5502 37.54014 37.53007 37.52001 37.50994 37.49988 37.48981 -9999 37.4707 37.46219 37.45182 37.44331 37.43536 37.4274 37.41945 37.41149 37.40353 37.39558 37.38762 37.37966 37.3718 37.36467 37.35926 37.35417 37.34924 37.3443 37.33936
37.04257 37.04633 37.05012 37.05391 37.0577 37.06147 37.06523 37.06897 37.0727 37.07647 37.08013 37.08442 37.08979 37.09476 37.09977 37.10483 37.10989 37.11491 37.11986 37.12472 37.12957 37.13453 37.13969 37.15559 37.18938 37.22376 37.25822 37.29279 37.32731 37.36174 37.39606 37.43029 37.46451 37.49888 37.53304 37.55356 37.54684 37.53862 37.53032 37.52196 37.51351 37.50508 37.49675 37.48862 37.48059 37.47235 37.4644 37.45703 37.44741 37.4397 37.43194 37.42393 37.41607 37.40842 37.40097 37.39363 37.38626 37.37866 37.37103 37.364 37.35857 37.35342 37.3483 37.34307 37.33789
37.03405 37.03867 37.04327 37.04787 37.05244 37.05698 37.0615 37.06597 37.0704 37.07479 37.07922 37.08395 37.08865 37.09343 37.09826 37.1031 37.10787 37.11256 37.11712 37.12153 37.12573 37.12974 37.13381 37.14857 37.18122 37.21463 37.24799 37.28117 37.31417 37.34698 37.37961 37.41206 37.44432 37.47644 37.50862 37.52933 37.52349 37.51713 37.5104 37.50333 37.49611 37.4889 37.4819 37.47527 37.46919 37.46377 37.45845 37.45151 37.44319 37.4343 37.42569 37.41764 37.41013 37.40304 37.39628 37.38976 37.38338 37.37702 37.37036 37.36339 37.35791 37.35217 37.34648 37.34095 37.33557
37.02562 37.03089 37.03615 37.04139 37.0466 37.05178 37.05694 37.06205 37.0671 37.07209 37.07702 37.08212 37.08683 37.09165 37.09648 37.10128 37.10603 37.11069 37.11521 37.11956 37.12367 37.12751 37.13102 37.14437 37.17631 37.2083 37.24005 37.27157 37.30287 37.33397 37.36488 37.39558 37.42608 37.45635 37.4864 37.50631 37.50143 37.49605 37.49006 37.48369 37.47715 37.47063 37.46432 37.45842 37.45315 37.44875 37.44545 37.44001 37.43106 37.4222 37.41422 37.40698 37.40032 37.39413 37.38828 37.38271 37.37731 37.37198 37.36663 37.36074 37.35471 37.34867 37.34287 37.33728 37.33186
37.01665 37.02187 37.02713 37.03239 37.03763 37.04285 37.04805 37.05321 37.05834 37.06348 37.06866 37.07409 37.07991 37.08555 37.09131 37.0971 37.10284 37.10852 37.1141 37.11954 37.12486 37.13015 37.13577 37.15002 37.17857 37.20772 37.23713 37.2665 37.29573 37.32481 37.35374 37.38251 37.41118 37.43985 37.46878 37.48637 37.48132 37.47465 37.46793 37.46098 37.45391 37.44686 37.43997 37.43339 37.42718 37.42116 37.41463 37.40911 37.40208 37.39714 37.3916 37.38627 37.38132 37.37672 37.37239 37.36826 37.36419 37.36 37.35537 37.3504 37.34548 37.34036 37.33504 37.32977 37.3246
37.00781 37.01307 37.01833 37.02359 37.02886 37.03413 37.03938 37.04464 37.0499 37.05516 37.06028 37.06616 37.07327 37.08006 37.08682 37.09357 37.10035 37.10712 37.11386 37.12061 37.12737 37.13412 37.14124 37.1556 37.1818 37.20874 37.23576 37.26277 37.28981 37.31684 37.34383 37.37082 37.39783 37.42485 37.45095 37.46609 37.46123 37.45371 37.44577 37.43784 37.42988 37.42192 37.41401 37.4061 37.39816 37.39022 37.38365 37.37888 37.37151 37.36814 37.36541 37.36268 37.35989 37.35714 37.35444 37.35175 37.34902 37.34629 37.3433 37.33969 37.33558 37.33087 37.3261 37.32133 37.31655
36.99896 37.0043 37.00961 37.01494 37.02025 37.02557 37.03088 37.03621 37.04152 37.04683 37.05196 37.05835 37.0666 37.07463 37.08257 37.0905 37.09843 37.10637 37.1143 37.12224 37.13017 37.13813 37.14664 37.16105 37.18513 37.20989 37.23489 37.25989 37.28489 37.30989 37.33489 37.35989 37.38489 37.40984 37.43276 37.44571 37.44064 37.43278 37.42358 37.41439 37.4052 37.396 37.38681 37.37761 37.36842 37.35928 37.35325 37.34888 37.34174 37.33888 37.33808 37.33728 37.33649 37.33569 37.3349 37.33411 37.33331 37.3325 37.33106 37.32876 37.32545 37.32131 37.31682 37.31234 37.30785
36.99012 36.99552 -9999 37.00627 37.01165 37.01702 37.0224 37.02777 37.03315 37.0385 37.0437 37.05061 37.05998 37.0692 37.07831 37.08742 37.09653 37.10565 37.11476 37.12387 37.13298 37.14219 37.15194 37.16637 37.18843 37.21104 37.23402 37.25701 37.27999 37.30298 37.32597 37.34896 37.37194 37.39458 37.41455 37.42539 37.41998 37.41179 37.40139 37.39093 37.38049 37.37003 37.35958 37.34912 37.33867 37.32873 37.32291 37.31882 37.31211 37.30971 37.31075 37.31189 37.31304 37.31418 37.31532 37.31647 37.3176 37.31863 37.31873 37.31774 37.31521 37.31174 37.30755 37.30334 37.29914
-9999 -9999 36.99218 36.99761 37.00304 -9999 -9999 -9999 -9999 -9999 37.0355 37.04294 37.05339 37.06376 37.07405 37.08434 37.09464 37.10492 37.11521 37.1255 37.13579 37.14622 37.15716 37.17158 37.19165 37.2122 37.23315 37.25412 37.2751 37.29607 37.31704 37.33802 37.35899 37.3793 37.39652 37.40531 37.39948 37.3907 37.3792 37.36749 37.35577 37.34407 37.33235 37.32064 37.30893 37.29821 37.2923 37.28842 37.28226 37.2807 37.28342 37.2865 37.28959 37.29266 37.29574 37.29882 37.30191 37.30473 37.30642 37.30674 37.30497 37.30212 37.29827 37.29434 37.29042
-9999 -9999 -9999 -9999 -9999 -9999 -9999 -9999 -9999 -9999 -9999 37.03529 37.04683 37.05833 37.0698 37.08126 37.09274 37.1042 37.11567 37.12713 37.1386 37.15021 37.1623 37.17672 37.19481 37.21335 37.23229 37.25125 37.2702 37.28917 37.30812 37.32709 37.34605 37.36419 37.37886 37.38564 37.3793 37.3697 37.35701 37.34404 37.33107 37.3181 37.30513 37.29215 37.27918 37.26744 37.26114 37.25739 37.25191 37.25155 37.25609 37.26111 37.26612 37.27115 37.27616 37.28118 37.2862 37.2909 37.29422 37.29587 37.29484 37.29253 37.28899 37.28535 37.2817
-9999 -9999 -9999 -9999 -9999 -9999 -9999 -9999 -9999 -9999 -9999 -9999 -9999 -9999 -9999 -9999 -9999 37.10348 37.11612 37.12877 37.14141 37.15416 37.16737 37.18177 37.1979 37.21448 37.23142 37.24837 37.26531 37.28226 37.29921 37.31615 37.3331 37.34934 37.36172 37.36655 37.3596 37.34886 37.33482 37.32059 37.30636 37.29213 37.2779 37.26367 37.24944 37.23626 37.22915 37.22544 37.22081 37.22213 37.22876 37.23572 37.24267 37.24963 37.25658 37.26353 37.27049 37.27716 37.28223 37.28524 37.2849 37.283 37.27971 37.27635 37.27299
-9999 -9999 -9999 -9999 -9999 -9999 -9999 -9999 -9999 -9999 -9999 -9999 -9999 -9999 -9999 -9999 -9999 -9999 37.11658 37.13039 37.14422 37.15808 37.17239 37.18677 37.20095 37.21562 37.23055 37.24548 37.26042 37.27535 37.29029 37.30522 37.32015 37.33476 37.34527 37.34826 37.34051 37.3281 37.31263 37.29713 37.28165 37.26616 37.25067 37.23518 37.21969 37.20467 37.19608 37.19221 37.18872 37.19257 37.20143 37.21032 37.21921 37.22811 37.237 37.24589 37.25479 37.26355 37.27055 37.27497 37.27524 37.27351 37.27043 37.26735 37.26427
