Spatial_Analysis/Downscaled_EnvironmentalLayers/RCP8_5/2080/salinity_future85.asc
ncols         639
nrows         313
xllcorner     -103
yllcorner     4.021
cellsize      0.083
NODATA_value  -9999
[rows 116 to 144 of 313, columns 520 to 584 of 639]
36.20092 36.20083 36.20073 36.20083 36.20168 36.20336 36.20548 36.20763 36.20979 36.21196 36.21411 36.21626 36.2184 36.22055 36.22271 36.22485 36.22737 36.23062 36.23386 36.2371 36.24035 36.2436 36.24684 36.25007 36.25331 36.25655 36.25979 36.26302 36.26754 36.2751 36.2826 36.29012 36.29763 36.30514 36.31265 36.32016 36.32766 36.33517 36.34268 36.35022 36.35962 36.37421 36.3889 36.4036 36.4183 36.43301 36.44772 36.46241 36.47711 36.49181 36.50651 36.52124 36.53637 36.55273 36.56921 36.58571 36.60221 36.61871 36.63521 36.6517 36.66819 36.68469 36.70118 36.71769 36.73421
36.18275 36.18263 36.18253 36.18277 36.18364 36.18523 36.18726 36.18943 36.1916 36.19378 36.19595 36.19812 36.2003 36.20247 36.20464 36.20678 36.20927 36.21239 36.21548 36.21858 36.22168 36.22478 36.22788 36.23098 36.23408 36.23717 36.24027 36.24334 36.24762 36.2547 36.26175 36.26878 36.2758 36.28284 36.28987 36.2969 36.30393 36.31096 36.31799 36.32507 36.33411 36.34857 36.36311 36.3777 36.39229 36.40688 36.42146 36.43605 36.45064 36.46523 36.47981 36.49445 36.50948 36.52575 36.54209 36.55849 36.57489 36.59129 36.60769 36.62408 36.64048 36.65688 36.67327 36.68969 36.70619
36.16458 36.16444 36.16436 36.16467 36.16555 36.1671 36.16904 36.17123 36.17342 36.17562 36.17781 36.18 36.18219 36.18438 36.18657 36.18872 36.19117 36.19415 36.19712 36.20007 36.20303 36.20598 36.20894 36.21189 36.21485 36.2178 36.22076 36.22367 36.22771 36.23431 36.24089 36.24744 36.25399 36.26054 36.26709 36.27364 36.28019 36.28675 36.2933 36.29993 36.30859 36.32292 36.33733 36.3518 36.36627 36.38074 36.39522 36.40969 36.42416 36.43863 36.45311 36.46766 36.48259 36.49874 36.51497 36.53127 36.54757 36.56387 36.58017 36.59647 36.61277 36.62907 36.64537 36.6617 36.67817
36.14642 36.14625 36.14618 36.14651 36.1474 36.14893 36.15083 36.15303 36.15524 36.15745 36.15966 36.16187 36.16409 36.1663 36.16849 36.17066 36.17306 36.17592 36.17875 36.18156 36.18437 36.18718 36.18999 36.19281 36.19562 36.19844 36.20124 36.20401 36.2078 36.21393 36.22002 36.2261 36.23217 36.23824 36.24431 36.25039 36.25646 36.26253 36.26862 36.27478 36.28306 36.29727 36.31155 36.3259 36.34026 36.35462 36.36898 36.38333 36.39769 36.41205 36.42641 36.44086 36.45568 36.47173 36.48785 36.50404 36.52024 36.53645 36.55265 36.56886 36.58506 36.60126 36.61747 36.63371 36.65014
36.12825 36.12805 36.12798 36.12831 36.12919 36.13072 36.13262 36.13483 36.13706 36.13929 36.14152 36.14375 36.14598 36.1482 36.15042 36.1526 36.15496 36.15769 36.16038 36.16304 36.16571 36.16839 36.17106 36.17373 36.1764 36.17907 36.18172 36.18435 36.18789 36.19354 36.19916 36.20476 36.21035 36.21594 36.22154 36.22713 36.23272 36.23832 36.24393 36.24961 36.25751 36.27161 36.28577 36.3 36.31425 36.32849 36.34273 36.35698 36.37122 36.38546 36.39972 36.41405 36.42877 36.44471 36.46072 36.47682 36.49292 36.50903 36.52514 36.54124 36.55735 36.57345 36.58957 36.60571 36.6221
36.11007 36.10986 36.10975 36.11004 36.11092 36.11246 36.11439 36.11663 36.11888 36.12113 36.12338 36.12563 36.12787 36.13012 36.13235 36.13454 36.13687 36.13946 36.14201 36.14453 36.14706 36.14959 36.15211 36.15464 36.15717 36.15969 36.16221 36.1647 36.168 36.17316 36.1783 36.18342 36.18853 36.19365 36.19876 36.20388 36.20899 36.21411 36.21923 36.22444 36.23196 36.24593 36.25998 36.2741 36.28823 36.30236 36.31649 36.33062 36.34475 36.35887 36.37301 36.38723 36.40184 36.41768 36.43359 36.44959 36.4656 36.48161 36.49762 36.51363 36.52964 36.54564 36.56166 36.57771 36.59406
36.0919 36.09166 36.09148 36.09172 36.09258 36.09415 36.09616 36.09843 36.1007 36.10297 36.10523 36.1075 36.10976 36.11203 36.11429 36.1165 36.11878 36.12123 36.12364 36.12602 36.1284 36.13079 36.13317 36.13556 36.13794 36.14032 36.1427 36.14505 36.1481 36.15279 36.15744 36.16208 36.16671 36.17135 36.17599 36.18062 36.18526 36.18989 36.19454 36.19925 36.20638 36.22024 36.23419 36.2482 36.26221 36.27623 36.29024 36.30426 36.31827 36.33229 36.3463 36.3604 36.3749 36.39064 36.40646 36.42237 36.43828 36.45419 36.4701 36.48601 36.50192 36.51784 36.53374 36.5497 36.56601
36.07374 36.07347 36.07321 36.07333 36.07417 36.0758 36.07794 36.08023 36.08252 36.0848 36.08709 36.08937 36.09166 36.09395 36.09623 36.09846 36.10071 36.10301 36.10527 36.10751 36.10975 36.11199 36.11423 36.11647 36.11871 36.12096 36.1232 36.1254 36.12822 36.13242 36.13658 36.14074 36.14489 36.14905 36.15321 36.15737 36.16153 36.16568 36.16984 36.17405 36.18079 36.19455 36.2084 36.2223 36.2362 36.2501 36.264 36.2779 36.29179 36.30569 36.3196 36.33355 36.34794 36.36358 36.37933 36.39515 36.41096 36.42677 36.44258 36.4584 36.47421 36.49003 36.50584 36.52168 36.53794
36.05556 36.05527 36.05498 36.05488 36.05567 36.05744 36.05973 36.06203 36.06435 36.06666 36.06897 36.07126 36.07356 36.07586 36.07817 36.08044 36.08264 36.0848 36.08689 36.089 36.0911 36.0932 36.09531 36.0974 36.09949 36.10159 36.10368 36.10576 36.10833 36.11204 36.11572 36.1194 36.12309 36.12677 36.13045 36.13412 36.13779 36.14147 36.14515 36.14885 36.15519 36.16884 36.18262 36.1964 36.21019 36.22398 36.23777 36.25155 36.26533 36.27911 36.29289 36.3067 36.32095 36.33651 36.35221 36.36792 36.38365 36.39937 36.41509 36.4308 36.4465 36.46222 36.47793 36.49365 36.50986
36.03746 36.03712 36.03677 36.03645 36.03708 36.03918 36.04156 36.04393 36.04628 36.04862 36.05095 36.05325 36.05555 36.05783 36.06011 36.06242 36.0646 36.06657 36.06857 36.07056 36.07255 36.07451 36.07647 36.07841 36.08035 36.08226 36.08418 36.08612 36.08845 36.09166 36.0949 36.09814 36.10136 36.10458 36.10778 36.11097 36.11415 36.11731 36.12047 36.12366 36.12956 36.14316 36.15687 36.17058 36.18427 36.19796 36.21163 36.22529 36.23894 36.25257 36.2662 36.27986 36.29394 36.30946 36.32512 36.34077 36.35642 36.37206 36.38768 36.40329 36.41888 36.43446 36.45004 36.46564 36.48177
36.01945 36.0191 36.01871 36.01829 36.01868 36.02113 36.02356 36.02595 36.02832 36.03069 36.03302 36.03534 36.03765 36.03993 36.0422 36.04446 36.04659 36.0485 36.05038 36.05224 36.05408 36.05591 36.05772 36.05952 36.0613 36.06307 36.06482 36.06654 36.0686 36.07141 36.0742 36.07698 36.07972 36.08246 36.08519 36.0879 36.0906 36.09327 36.09593 36.09857 36.10398 36.11763 36.13125 36.14486 36.15845 36.17202 36.18558 36.19912 36.21265 36.22616 36.23965 36.25313 36.26694 36.28257 36.29816 36.31373 36.32928 36.34483 36.36035 36.37586 36.39135 36.40683 36.42229 36.43774 36.45369
35.99762 35.99728 35.99693 35.99663 35.99725 35.99921 36.00147 36.00373 36.00599 36.00823 36.01046 36.01266 36.01485 36.01704 36.01923 36.02145 36.02343 36.02508 36.02673 36.02839 36.03003 36.03167 36.03329 36.0349 36.0365 36.03808 36.03966 36.04128 36.04338 36.04663 36.0499 36.05317 36.05643 36.05969 36.06293 36.06616 36.06938 36.07259 36.07579 36.07903 36.08488 36.09811 36.11146 36.12481 36.13816 36.15149 36.16481 36.17812 36.19142 36.2047 36.21799 36.2313 36.24514 36.2607 36.27641 36.29212 36.30783 36.32353 36.33921 36.35489 36.37055 36.3862 36.40184 36.41751 36.43373
35.97585 35.97556 35.97527 35.97519 35.9759 35.97744 35.97952 35.98162 35.98374 35.98584 35.98795 35.99005 35.99215 35.99426 35.99636 35.99842 36.00025 36.00176 36.00319 36.00462 36.00605 36.00748 36.00891 36.01033 36.01175 36.01318 36.0146 36.01602 36.01814 36.02193 36.0257 36.02946 36.03323 36.037 36.04076 36.04452 36.04828 36.05204 36.0558 36.05959 36.06582 36.07877 36.09183 36.10491 36.118 36.13108 36.14417 36.15724 36.17031 36.1834 36.19648 36.20959 36.22334 36.23899 36.25481 36.27066 36.2865 36.30235 36.3182 36.33403 36.34988 36.36572 36.38156 36.39742 36.41382
35.95414 35.95387 35.95361 35.95375 35.95447 35.95578 35.95761 35.95959 35.96158 35.96356 35.96555 35.96753 35.96952 35.97151 35.97349 35.97539 35.97707 35.97842 35.97968 35.98091 35.98215 35.98338 35.98461 35.98585 35.98708 35.98832 35.98955 35.99075 35.99291 35.99723 36.00152 36.00581 36.01009 36.01439 36.01867 36.02296 36.02724 36.03153 36.03582 36.04018 36.04675 36.05943 36.07223 36.08507 36.09791 36.11075 36.1236 36.13644 36.14929 36.16213 36.17498 36.1879 36.20152 36.21731 36.23324 36.24924 36.26525 36.28126 36.29726 36.31327 36.32928 36.34528 36.36129 36.37733 36.39388
35.93243 35.93218 35.932 35.93225 35.93296 35.9341 35.93569 35.93756 35.93942 35.9413 35.94316 35.94503 35.9469 35.94876 35.95061 35.95237 35.9539 35.95508 35.95617 35.9572 35.95824 35.95929 35.96033 35.96136 35.96241 35.96346 35.96449 35.9655 35.96769 35.97253 35.97735 35.98216 35.98697 35.99178 35.99659 36.0014 36.00622 36.01102 36.01585 36.02075 36.02766 36.04009 36.05262 36.06522 36.07783 36.09044 36.10305 36.11565 36.12826 36.14087 36.15348 36.16621 36.17968 36.19562 36.21167 36.22784 36.24401 36.26018 36.27634 36.29251 36.30868 36.32485 36.34102 36.35725 36.37394
35.91071 35.91049 35.91039 35.91069 35.91137 35.91237 35.91379 35.91553 35.91727 35.91902 35.92077 35.92252 35.92427 35.92602 35.92773 35.92936 35.93074 35.93174 35.93265 35.9335 35.93435 35.93519 35.93604 35.93689 35.93774 35.93858 35.93943 35.94025 35.94246 35.94783 35.95317 35.95851 35.96384 35.96918 35.97452 35.97985 35.98519 35.99052 35.99587 36.00132 36.00855 36.02074 36.03302 36.04538 36.05775 36.07012 36.08249 36.09486 36.10723 36.1196 36.13199 36.1445 36.15783 36.17392 36.19012 36.20643 36.22276 36.2391 36.25542 36.27176 36.28809 36.30442 36.32076 36.33716 36.35399
35.889 35.8888 35.88873 35.88907 35.88971 35.8906 35.89188 35.8935 35.89512 35.89675 35.89838 35.90001 35.90164 35.90327 35.90487 35.90637 35.9076 35.90841 35.90914 35.9098 35.91045 35.9111 35.91176 35.91241 35.91307 35.91372 35.91437 35.915 35.91724 35.92313 35.929 35.93486 35.94072 35.94658 35.95243 35.9583 35.96416 35.97002 35.9759 35.98187 35.98943 36.00138 36.01342 36.02554 36.03767 36.0498 36.06194 36.07407 36.08621 36.09834 36.11049 36.12278 36.13596 36.15219 36.16855 36.18502 36.20152 36.21801 36.2345 36.251 36.26749 36.28399 36.30049 36.31706 36.33403
35.86729 35.86711 35.86704 35.86739 35.86799 35.86878 35.86996 35.87146 35.87297 35.87448 35.876 35.8775 35.87901 35.88052 35.882 35.88338 35.88447 35.8851 35.88563 35.88609 35.88655 35.88702 35.88747 35.88793 35.8884 35.88886 35.88932 35.88976 35.89202 35.89843 35.90482 35.91121 35.91759 35.92397 35.93036 35.93674 35.94312 35.94951 35.95591 35.96241 35.9703 35.98201 35.99381 36.0057 36.0176 36.02949 36.04139 36.05328 36.06518 36.07707 36.08899 36.10103 36.11406 36.13046 36.14697 36.16362 36.18027 36.19693 36.21358 36.23024 36.24689 36.26355 36.28021 36.29695 36.31404
35.84558 35.84542 35.84533 35.84565 35.8462 35.8469 35.84804 35.84943 35.85082 35.85221 35.8536 35.85499 35.85638 35.85778 35.85915 35.86042 35.86136 35.86179 35.86211 35.86238 35.86265 35.86292 35.86319 35.86346 35.86373 35.864 35.86426 35.86451 35.86681 35.87373 35.88065 35.88755 35.89446 35.90137 35.90828 35.91519 35.9221 35.929 35.93592 35.94293 35.95115 35.96262 35.9742 35.98586 35.99751 36.00917 36.02083 36.03249 36.04415 36.05581 36.06747 36.07927 36.09214 36.1087 36.1254 36.14221 36.15903 36.17585 36.19267 36.20948 36.2263 36.24312 36.25994 36.27682 36.29406
35.82386 35.82373 35.82361 35.82385 35.82435 35.82499 35.82613 35.8274 35.82867 35.82994 35.83121 35.83249 35.83376 35.83503 35.8363 35.83747 35.83826 35.83849 35.8386 35.83868 35.83875 35.83883 35.83891 35.83898 35.83905 35.83913 35.83921 35.83927 35.84159 35.84904 35.85647 35.86391 35.87134 35.87877 35.8862 35.89363 35.90107 35.9085 35.91594 35.92344 35.93198 35.94322 35.95459 35.96601 35.97744 35.98885 36.00028 36.0117 36.02312 36.03454 36.04596 36.05748 36.0702 36.08692 36.10382 36.1208 36.13778 36.15476 36.17175 36.18872 36.2057 36.22268 36.23966 36.25669 36.27405
35.80215 35.80204 35.80193 35.80201 35.80244 35.80308 35.80421 35.80537 35.80652 35.80768 35.80883 35.80998 35.81113 35.81229 35.81343 35.81453 35.81519 35.8152 35.81509 35.81497 35.81485 35.81474 35.81462 35.81451 35.81439 35.81427 35.81415 35.81403 35.81638 35.82434 35.83229 35.84025 35.84821 35.85618 35.86413 35.87209 35.88004 35.88799 35.89595 35.90394 35.91278 35.92382 35.93499 35.94617 35.95736 35.96855 35.97974 35.99092 36.00209 36.01328 36.02446 36.03568 36.04822 36.06514 36.08225 36.09939 36.11654 36.13369 36.15083 36.16797 36.18511 36.20225 36.21939 36.23655 36.25402
35.7805 35.78038 35.78027 35.78018 35.78045 35.78127 35.78233 35.78338 35.78442 35.78546 35.78648 35.7875 35.78852 35.78954 35.79057 35.79161 35.79214 35.79188 35.79158 35.79128 35.79098 35.79068 35.79038 35.79007 35.78975 35.78943 35.7891 35.78879 35.79116 35.79964 35.80815 35.81665 35.82515 35.83365 35.84213 35.85061 35.85907 35.86752 35.87598 35.88445 35.89357 35.90443 35.91541 35.92638 35.93735 35.94831 35.95926 35.9702 35.98113 35.99205 36.00297 36.01391 36.02621 36.04338 36.06071 36.07804 36.09537 36.11268 36.12999 36.14729 36.16458 36.18185 36.19913 36.21643 36.23397
35.75893 35.75883 35.75872 35.75858 35.75859 35.75957 35.76052 35.76145 35.76236 35.76326 35.76416 35.76505 35.76594 35.76683 35.76772 35.76862 35.76908 35.76859 35.7681 35.76761 35.76712 35.76664 35.76616 35.76567 35.76517 35.76466 35.76413 35.76358 35.76596 35.77503 35.78409 35.79313 35.80215 35.81118 35.82018 35.82918 35.83817 35.84715 35.8561 35.86505 35.87438 35.88516 35.89593 35.90667 35.91742 35.92813 35.93885 35.94956 35.96025 35.97092 35.98159 35.99223 36.0042 36.02174 36.03926 36.05677 36.07426 36.09174 36.10921 36.12667 36.14411 36.16155 36.17897 36.19638 36.21391
35.736 35.73583 35.73566 35.73552 35.73573 35.73644 35.7374 35.73835 35.7393 35.74022 35.74115 35.74207 35.74299 35.74391 35.74484 35.74577 35.74615 35.74562 35.74506 35.7445 35.74393 35.74337 35.7428 35.74223 35.74165 35.74107 35.74047 35.7399 35.74225 35.75122 35.76023 35.76923 35.77823 35.78722 35.7962 35.80518 35.81414 35.8231 35.83205 35.84102 35.85054 35.86148 35.87255 35.88361 35.89467 35.90572 35.91676 35.92779 35.9388 35.94981 35.96082 35.97185 35.98436 36.00213 36.02008 36.03803 36.05597 36.07391 36.09184 36.10975 36.12766 36.14555 36.16345 36.18136 36.19949
35.71305 35.71283 35.71262 35.71257 35.71286 35.71334 35.71428 35.71524 35.71621 35.71717 35.71813 35.71909 35.72005 35.72101 35.72197 35.72287 35.72322 35.72271 35.72207 35.72143 35.7208 35.72016 35.71952 35.71889 35.71825 35.71761 35.71697 35.71633 35.71861 35.72754 35.73646 35.74539 35.75431 35.76324 35.77217 35.78109 35.79 35.79892 35.80785 35.8168 35.82643 35.83766 35.84904 35.86043 35.87183 35.88323 35.89462 35.90602 35.91741 35.9288 35.94019 35.95163 35.96461 35.98275 36.00112 36.01952 36.03791 36.05632 36.07471 36.0931 36.11149 36.12989 36.14828 36.16669 36.18534
35.69017 35.68987 35.68959 35.68962 35.6899 35.69033 35.69118 35.69218 35.69316 35.69415 35.69514 35.69613 35.69712 35.69811 35.6991 35.69999 35.70033 35.69977 35.69909 35.69839 35.69769 35.69698 35.69628 35.69558 35.69487 35.69417 35.69347 35.69275 35.69497 35.70386 35.71273 35.72159 35.73046 35.73932 35.74819 35.75705 35.76592 35.77478 35.78365 35.7926 35.80229 35.81385 35.82555 35.83731 35.84906 35.86081 35.87256 35.88432 35.89607 35.90782 35.91957 35.93144 35.94483 35.96341 35.98218 36.00105 36.01992 36.03878 36.05766 36.07652 36.09539 36.11426 36.13313 36.15205 36.17117
35.66729 35.66691 35.66659 35.66661 35.66687 35.6673 35.66809 35.66911 35.67012 35.67114 35.67216 35.67318 35.67419 35.67521 35.67621 35.67712 35.67745 35.67682 35.67611 35.67534 35.67458 35.67381 35.67303 35.67227 35.6715 35.67074 35.66997 35.66918 35.67133 35.68017 35.68898 35.69779 35.7066 35.71541 35.72422 35.73303 35.74184 35.75065 35.75946 35.76838 35.77814 35.79005 35.80207 35.81418 35.82629 35.8384 35.85051 35.86262 35.87473 35.88684 35.89896 35.91123 35.92503 35.94406 35.96325 35.98259 36.00193 36.02127 36.04061 36.05995 36.07928 36.09863 36.11797 36.13739 36.15699
35.64441 35.64395 35.64359 35.64355 35.64378 35.64423 35.64501 35.64604 35.64709 35.64814 35.64918 35.65022 35.65127 35.65231 35.65333 35.65426 35.65459 35.6539 35.65313 35.65229 35.65146 35.65063 35.6498 35.64896 35.64814 35.6473 35.64647 35.6456 35.6477 35.65648 35.66525 35.674 35.68275 35.6915 35.70025 35.70901 35.71776 35.72651 35.73528 35.74416 35.75396 35.76623 35.77859 35.79105 35.80352 35.81599 35.82846 35.84093 35.8534 35.86587 35.87836 35.89101 35.90519 35.92468 35.94433 35.96413 35.98394 36.00375 36.02356 36.04337 36.06319 36.083 36.10282 36.12273 36.14278
35.62153 35.62099 35.62056 35.62044 35.62062 35.62112 35.62192 35.62297 35.62405 35.62513 35.62619 35.62727 35.62835 35.62941 35.63046 35.63143 35.63176 35.63099 35.63014 35.62925 35.62835 35.62745 35.62656 35.62566 35.62476 35.62387 35.62296 35.62203 35.62406 35.6328 35.64151 35.6502 35.6589 35.66759 35.67629 35.68498 35.69368 35.70237 35.71109 35.71992 35.72977 35.74239 35.75511 35.76793 35.78075 35.79358 35.80641 35.81923 35.83206 35.84489 35.85775 35.87077 35.88533 35.90529 35.9254 35.94566 35.96595 35.98623 36.00652 36.0268 36.04708 36.06737 36.08766 36.10806 36.12857
