Spatial_Analysis/Downscaled_EnvironmentalLayers/RCP8_5/2080/salinity_future85.asc
ncols         639
nrows         313
xllcorner     -103
yllcorner     4.021
cellsize      0.083
NODATA_value  -9999
[rows 58 to 86 of 313, columns 520 to 584 of 639]
37.5246 37.52655 37.52848 37.53044 37.53249 37.53469 37.5369 37.53912 37.54136 37.54358 37.5458 37.54803 37.55025 37.55249 37.55471 37.55693 37.55954 37.5628 37.56607 37.56934 37.57262 37.57589 37.57917 37.58244 37.58571 37.58899 37.59225 37.59552 37.59932 37.60432 37.60932 37.61431 37.61931 37.6243 37.6293 37.63429 37.63929 37.64428 37.64928 37.65426 37.65911 37.66362 37.66812 37.67261 37.6771 37.68159 37.68608 37.69057 37.69506 37.69955 37.70404 37.70851 37.71328 37.71925 37.72521 37.73115 37.73709 37.74303 37.74897 37.75491 37.76085 37.76679 37.77273 37.77864 37.7844
37.50854 37.51075 37.51296 37.51519 37.51736 37.51945 37.52155 37.52366 37.52577 37.52788 37.53 37.53211 37.53423 37.53633 37.53845 37.54056 37.54317 37.54666 37.55016 37.55367 37.55716 37.56067 37.56417 37.56767 37.57117 37.57467 37.57817 37.58167 37.58566 37.59078 37.59589 37.60101 37.60612 37.61123 37.61635 37.62147 37.62658 37.63169 37.63681 37.6419 37.64684 37.65135 37.65585 37.66034 37.66483 37.66932 37.67381 37.6783 37.68279 37.68728 37.69176 37.69623 37.70102 37.70709 37.71314 37.71918 37.72522 37.73125 37.73729 37.74332 37.74936 37.75539 37.76143 37.76743 37.7733
37.49247 37.49495 37.49744 37.49994 37.50224 37.50421 37.50619 37.50819 37.51019 37.51219 37.51419 37.51619 37.51819 37.52019 37.52219 37.52419 37.5268 37.53053 37.53425 37.53798 37.54171 37.54544 37.54917 37.5529 37.55663 37.56036 37.56409 37.56781 37.572 37.57724 37.58247 37.5877 37.59294 37.59817 37.6034 37.60863 37.61387 37.6191 37.62433 37.62954 37.63457 37.63908 37.64358 37.64807 37.65256 37.65705 37.66154 37.66602 37.67051 37.675 37.67949 37.68395 37.68877 37.69493 37.70108 37.70721 37.71334 37.71947 37.7256 37.73173 37.73786 37.74399 37.75012 37.75622 37.7622
37.4764 37.47916 37.48192 37.4847 37.4871 37.48896 37.49083 37.49272 37.49461 37.4965 37.49838 37.50027 37.50216 37.50404 37.50593 37.50781 37.51043 37.51439 37.51834 37.5223 37.52626 37.53022 37.53418 37.53814 37.5421 37.54605 37.55001 37.55396 37.55834 37.5637 37.56905 37.5744 37.57975 37.5851 37.59045 37.5958 37.60115 37.60651 37.61185 37.61719 37.6223 37.62681 37.63131 37.6358 37.64029 37.64478 37.64926 37.65375 37.65824 37.66272 37.66722 37.67168 37.67651 37.68277 37.68901 37.69524 37.70147 37.70769 37.71392 37.72014 37.72637 37.7326 37.73882 37.74502 37.75109
37.46033 37.46336 37.4664 37.46944 37.47197 37.47372 37.47548 37.47725 37.47902 37.4808 37.48257 37.48434 37.48612 37.48789 37.48967 37.49143 37.49406 37.49825 37.50243 37.50662 37.51081 37.515 37.51918 37.52337 37.52755 37.53175 37.53593 37.54011 37.54469 37.55016 37.55563 37.5611 37.56657 37.57204 37.57751 37.58298 37.58844 37.59391 37.59938 37.60484 37.61003 37.61455 37.61904 37.62353 37.62801 37.6325 37.63699 37.64148 37.64597 37.65045 37.65494 37.65941 37.66426 37.67061 37.67694 37.68327 37.68959 37.69591 37.70224 37.70856 37.71487 37.7212 37.72752 37.73381 37.74
37.44426 37.44757 37.45087 37.45419 37.45683 37.45847 37.46012 37.46178 37.46344 37.4651 37.46676 37.46843 37.47008 37.47174 37.47341 37.47506 37.4777 37.48211 37.48652 37.49094 37.49535 37.49977 37.50419 37.5086 37.51302 37.51743 37.52185 37.52626 37.53102 37.53662 37.54221 37.54779 37.55338 37.55897 37.56456 37.57014 37.57573 37.58132 37.58691 37.59248 37.59777 37.60228 37.60677 37.61126 37.61574 37.62023 37.62472 37.6292 37.63369 37.63818 37.64267 37.64714 37.65201 37.65846 37.66488 37.6713 37.67772 37.68413 37.69054 37.69696 37.70338 37.7098 37.71621 37.72261 37.72891
37.42814 37.43178 37.43536 37.43894 37.44169 37.44322 37.44476 37.44626 37.44773 37.44924 37.45079 37.45237 37.45399 37.4556 37.45715 37.45869 37.46133 37.46597 37.47062 37.47521 37.47979 37.48439 37.48903 37.49371 37.49842 37.50312 37.50777 37.51241 37.51737 37.52308 37.52879 37.53445 37.54009 37.54576 37.55145 37.5572 37.56296 37.56873 37.57443 37.58013 37.58551 37.59002 37.5945 37.59895 37.60337 37.60782 37.61231 37.61682 37.62136 37.6259 37.63039 37.63487 37.63977 37.64631 37.65282 37.6593 37.66576 37.67224 37.67875 37.68528 37.69184 37.6984 37.70491 37.71141 37.71782
37.41152 37.41559 37.4197 37.42369 37.42655 37.42786 37.42903 37.43025 37.43155 37.43291 37.43435 37.43584 37.43742 37.43905 37.44074 37.44232 37.44497 37.44973 37.45435 37.45901 37.46375 37.46855 37.47342 37.47836 37.48336 37.48843 37.49354 37.49857 37.50372 37.50946 37.51503 37.52066 37.52636 37.53211 37.53793 37.54382 37.54976 37.55576 37.56181 37.56779 37.57326 37.57767 37.58193 37.58624 37.59061 37.59504 37.59952 37.60406 37.60865 37.6133 37.61798 37.62262 37.62753 37.63409 37.6405 37.64695 37.65346 37.66001 37.66662 37.67327 37.67997 37.68671 37.69349 37.70023 37.70674
37.39374 37.39804 37.40242 37.40686 37.40985 37.4108 37.41183 37.41296 37.41415 37.41544 37.41679 37.41821 37.41971 37.42129 37.42295 37.42467 37.42738 37.43206 37.43679 37.44162 37.44653 37.45151 37.45656 37.46169 37.46687 37.47214 37.47748 37.48289 37.48827 37.49388 37.49953 37.50526 37.51107 37.51695 37.5229 37.52891 37.53499 37.54113 37.54735 37.55362 37.55927 37.56349 37.56774 37.57206 37.57646 37.58092 37.58545 37.59002 37.59466 37.59936 37.60412 37.60893 37.61398 37.62044 37.6269 37.63344 37.64004 37.6467 37.65341 37.66017 37.66697 37.67384 37.68074 37.68769 37.69439
37.37326 37.37748 37.38164 37.38572 37.3887 37.39006 37.39136 37.39259 37.39386 37.39517 37.39654 37.39796 37.39944 37.40094 37.4024 37.40376 37.40645 37.41151 37.41652 37.42146 37.42642 37.43144 37.4365 37.44162 37.44679 37.45199 37.45715 37.46221 37.46759 37.47367 37.4797 37.48566 37.49165 37.49767 37.50375 37.50988 37.51605 37.52226 37.52842 37.5345 37.54021 37.54489 37.54951 37.55407 37.55864 37.56326 37.56792 37.57263 37.57738 37.58215 37.5869 37.59156 37.59666 37.60349 37.61027 37.61699 37.62371 37.63048 37.63729 37.64414 37.65102 37.65792 37.66479 37.6716 37.67834
37.35225 37.35634 37.36044 37.36454 37.36755 37.36892 37.3703 37.37169 37.37308 37.37446 37.37585 37.37725 37.37865 37.38003 37.38142 37.38281 37.38551 37.39059 37.39568 37.40077 37.40585 37.41093 37.41602 37.42112 37.42621 37.4313 37.43639 37.44147 37.4469 37.45313 37.45934 37.46556 37.47178 37.47799 37.48421 37.49044 37.49665 37.50288 37.50909 37.5153 37.52114 37.52598 37.5308 37.53561 37.54042 37.54523 37.55005 37.55487 37.55968 37.5645 37.56931 37.57412 37.57935 37.5863 37.59322 37.60013 37.60704 37.61396 37.62087 37.62779 37.63471 37.64162 37.64854 37.65545 37.66229
37.33102 37.33514 37.33925 37.34337 37.34639 37.34778 37.34917 37.35059 37.35199 37.3534 37.35481 37.35622 37.35763 37.35904 37.36045 37.36185 37.36457 37.36967 37.37478 37.37988 37.38499 37.3901 37.3952 37.40031 37.40541 37.41052 37.41563 37.42073 37.42621 37.43257 37.43893 37.44528 37.45164 37.45799 37.46435 37.4707 37.47706 37.48341 37.48977 37.49611 37.50209 37.50707 37.51204 37.517 37.52196 37.52692 37.53188 37.53684 37.5418 37.54676 37.55173 37.55666 37.56204 37.56909 37.57612 37.58315 37.59016 37.59719 37.6042 37.61123 37.61824 37.62527 37.63229 37.63929 37.64626
37.3098 37.31393 37.31806 37.3222 37.32524 37.32664 37.32805 37.32948 37.33091 37.33234 37.33376 37.33519 37.33662 37.33805 37.33948 37.3409 37.34364 37.34876 37.35388 37.359 37.36413 37.36925 37.37437 37.3795 37.38462 37.38975 37.39487 37.39999 37.40553 37.41203 37.41852 37.42501 37.4315 37.43799 37.44448 37.45097 37.45747 37.46395 37.47044 37.47691 37.48304 37.48817 37.49328 37.49839 37.50349 37.5086 37.51371 37.51882 37.52393 37.52903 37.53414 37.53923 37.54474 37.5519 37.55904 37.56616 37.57328 37.58041 37.58753 37.59466 37.60178 37.60891 37.61603 37.62313 37.63022
37.28858 37.29272 37.29686 37.30103 37.30408 37.3055 37.30693 37.30837 37.30982 37.31126 37.31271 37.31416 37.31561 37.31705 37.3185 37.31995 37.3227 37.32784 37.33298 37.33812 37.34326 37.3484 37.35355 37.35869 37.36383 37.36898 37.37412 37.37924 37.38484 37.39148 37.39811 37.40473 37.41136 37.41798 37.42461 37.43124 37.43787 37.44449 37.45112 37.45773 37.46399 37.46926 37.47452 37.47978 37.48503 37.49028 37.49554 37.50079 37.50605 37.5113 37.51655 37.52178 37.52744 37.5347 37.54194 37.54917 37.5564 37.56363 37.57086 37.57809 37.58532 37.59256 37.59978 37.60698 37.61419
37.26735 37.27151 37.27567 37.27985 37.28292 37.28435 37.2858 37.28727 37.28873 37.2902 37.29166 37.29313 37.2946 37.29606 37.29753 37.29899 37.30177 37.30693 37.31208 37.31724 37.3224 37.32756 37.33272 37.33788 37.34304 37.3482 37.35336 37.35851 37.36415 37.37093 37.37769 37.38445 37.39122 37.39798 37.40474 37.41151 37.41827 37.42503 37.43179 37.43854 37.44493 37.45036 37.45576 37.46117 37.46657 37.47197 37.47737 37.48277 37.48817 37.49357 37.49897 37.50435 37.51014 37.5175 37.52485 37.53219 37.53952 37.54685 37.55419 37.56153 37.56886 37.57619 37.58353 37.59084 37.59816
37.24612 37.2503 37.25447 37.25867 37.26176 37.26321 37.26468 37.26616 37.26765 37.26913 37.27061 37.2721 37.27359 37.27507 37.27655 37.27804 37.28084 37.28601 37.29118 37.29636 37.30154 37.30672 37.31189 37.31707 37.32225 37.32743 37.3326 37.33777 37.34347 37.35038 37.35728 37.36418 37.37108 37.37798 37.38488 37.39177 37.39867 37.40557 37.41247 37.41935 37.42589 37.43145 37.43701 37.44255 37.44811 37.45365 37.4592 37.46474 37.47029 37.47585 37.48139 37.48692 37.49284 37.50031 37.50776 37.5152 37.52264 37.53008 37.53752 37.54496 37.5524 37.55984 37.56727 37.57469 37.58213
37.2249 37.22909 37.23328 37.23749 37.24059 37.24206 37.24355 37.24506 37.24656 37.24806 37.24957 37.25107 37.25257 37.25408 37.25558 37.25709 37.2599 37.26509 37.27028 37.27547 37.28067 37.28587 37.29107 37.29626 37.30146 37.30666 37.31185 37.31704 37.32279 37.32983 37.33687 37.3439 37.35094 37.35797 37.36501 37.37204 37.37907 37.38611 37.39315 37.40017 37.40685 37.41256 37.41825 37.42395 37.42964 37.43534 37.44103 37.44672 37.45242 37.45811 37.4638 37.46948 37.47555 37.48312 37.49067 37.49821 37.50576 37.51331 37.52085 37.52839 37.53594 37.54348 37.55103 37.55855 37.56611
37.20368 37.20788 37.21209 37.2163 37.21942 37.22091 37.22243 37.22395 37.22547 37.22699 37.22852 37.23004 37.23157 37.23309 37.23461 37.23613 37.23897 37.24417 37.24938 37.25459 37.2598 37.26502 37.27024 37.27545 37.28067 37.28588 37.29109 37.2963 37.30211 37.30929 37.31646 37.32363 37.3308 37.33797 37.34514 37.35231 37.35948 37.36665 37.37383 37.38098 37.3878 37.39365 37.39949 37.40533 37.41118 37.41702 37.42286 37.4287 37.43454 37.44038 37.44622 37.45205 37.45826 37.46593 37.47358 37.48123 37.48888 37.49652 37.50418 37.51183 37.51948 37.52712 37.53477 37.54241 37.55009
37.18246 37.18668 37.19089 37.19511 37.19825 37.19976 37.2013 37.20282 37.20436 37.20591 37.20746 37.20901 37.21057 37.2121 37.21364 37.21518 37.21803 37.22325 37.22848 37.23369 37.23893 37.24417 37.24941 37.25465 37.25989 37.26512 37.27034 37.27557 37.28143 37.28874 37.29604 37.30334 37.31065 37.31797 37.32528 37.3326 37.33991 37.3472 37.3545 37.3618 37.36876 37.37475 37.38074 37.38671 37.39271 37.39871 37.40472 37.41071 37.41669 37.42266 37.42864 37.43462 37.44096 37.44873 37.45649 37.46423 37.472 37.47978 37.48755 37.49531 37.50306 37.51078 37.51852 37.52628 37.53408
37.1612 37.16548 37.16975 37.17393 37.17707 37.17855 37.18008 37.18164 37.18321 37.18479 37.18637 37.18796 37.18955 37.19114 37.19273 37.19423 37.19708 37.20227 37.2075 37.21276 37.21804 37.2233 37.22858 37.23385 37.23912 37.2444 37.24965 37.25483 37.26075 37.26814 37.27558 37.28305 37.29052 37.29799 37.30546 37.31292 37.32038 37.32783 37.33526 37.34262 37.34971 37.35581 37.36195 37.36813 37.37432 37.38049 37.38665 37.3928 37.39894 37.40506 37.41116 37.41721 37.42368 37.43151 37.4394 37.44734 37.45526 37.46317 37.47106 37.47894 37.48678 37.49461 37.5024 37.51015 37.51806
37.13857 37.14286 37.14717 37.15147 37.15452 37.15597 37.15757 37.15918 37.16079 37.16241 37.16404 37.16566 37.1673 37.16894 37.17059 37.17222 37.17501 37.18017 37.18547 37.19077 37.19607 37.20138 37.20668 37.21199 37.2173 37.2226 37.2279 37.2332 37.23907 37.24657 37.2542 37.26184 37.26947 37.2771 37.28472 37.29234 37.29995 37.30756 37.31515 37.32273 37.32985 37.33609 37.34246 37.34883 37.35519 37.36154 37.36787 37.3742 37.3805 37.3868 37.39306 37.39931 37.40581 37.41375 37.42183 37.42989 37.43793 37.44596 37.45396 37.46195 37.46992 37.47784 37.48575 37.49361 37.5015
37.1102 37.11445 37.11867 37.12289 37.1261 37.1278 37.12948 37.13119 37.13291 37.13465 37.13639 37.13813 37.13988 37.14162 37.14331 37.14502 37.14803 37.15337 37.1587 37.16404 37.16941 37.17479 37.18016 37.18553 37.19091 37.19627 37.20161 37.20695 37.21305 37.22085 37.22862 37.23643 37.24426 37.25209 37.25991 37.26773 37.27555 37.28335 37.29113 37.29892 37.30639 37.31293 37.31945 37.32602 37.3326 37.33917 37.34574 37.3523 37.35884 37.36538 37.37189 37.37841 37.38527 37.39334 37.4014 37.4095 37.41761 37.42573 37.43383 37.44191 37.44997 37.45801 37.46603 37.47407 37.48224
37.08175 37.08597 37.09019 37.09443 37.09769 37.09949 37.10133 37.10318 37.10502 37.10686 37.10871 37.11056 37.1124 37.11424 37.11609 37.11793 37.12104 37.12646 37.1319 37.13733 37.14276 37.1482 37.15363 37.15907 37.1645 37.16994 37.17538 37.1808 37.18702 37.19504 37.20306 37.21107 37.21909 37.22711 37.23513 37.24315 37.25117 37.25919 37.2672 37.27522 37.28291 37.28971 37.2965 37.3033 37.31009 37.31689 37.32368 37.33048 37.33727 37.34407 37.35086 37.35765 37.36472 37.37291 37.38109 37.38927 37.39745 37.40563 37.41381 37.42199 37.43017 37.43834 37.44653 37.4547 37.46299
37.0533 37.05751 37.06173 37.06596 37.06927 37.07119 37.07314 37.0751 37.07707 37.07904 37.081 37.08297 37.08493 37.0869 37.08886 37.09083 37.09406 37.09956 37.10506 37.11057 37.11609 37.12159 37.12711 37.13262 37.13813 37.14364 37.14915 37.15466 37.161 37.16923 37.17746 37.18569 37.19392 37.20215 37.21038 37.21861 37.22684 37.23507 37.2433 37.25153 37.25945 37.26649 37.27353 37.28057 37.28761 37.29465 37.30169 37.30873 37.31578 37.32281 37.32986 37.33689 37.34418 37.35248 37.36077 37.36905 37.37733 37.38562 37.39391 37.4022 37.41048 37.41877 37.42706 37.43533 37.44374
37.02486 37.02906 37.03326 37.03749 37.04085 37.04288 37.04495 37.04704 37.04912 37.05121 37.0533 37.05539 37.05747 37.05956 37.06165 37.06374 37.06707 37.07265 37.07822 37.08381 37.0894 37.09499 37.10058 37.10617 37.11176 37.11734 37.12293 37.12852 37.13498 37.14342 37.15186 37.1603 37.16874 37.17719 37.18563 37.19407 37.20251 37.21096 37.2194 37.22784 37.23598 37.24327 37.25055 37.25784 37.26513 37.27242 37.27971 37.28699 37.29428 37.30157 37.30886 37.31614 37.32365 37.33205 37.34045 37.34884 37.35723 37.36562 37.37401 37.38241 37.3908 37.39919 37.40758 37.41596 37.42449
36.99641 37.0006 37.0048 37.00903 37.01242 37.01458 37.01676 37.01896 37.02117 37.02338 37.02559 37.02781 37.03001 37.03222 37.03443 37.03664 37.04008 37.04573 37.05139 37.05705 37.06272 37.06839 37.07405 37.07972 37.08538 37.09105 37.09672 37.10238 37.10896 37.11761 37.12626 37.13491 37.14357 37.15223 37.16088 37.16953 37.17819 37.18684 37.1955 37.20415 37.21251 37.22005 37.22757 37.23511 37.24265 37.25018 37.25772 37.26525 37.27279 37.28032 37.28786 37.29539 37.30312 37.31162 37.32012 37.32862 37.33712 37.34562 37.35412 37.36262 37.37112 37.37961 37.38811 37.39659 37.40525
36.96797 36.97215 36.97634 36.98055 36.98399 36.98626 36.98856 36.99089 36.99323 36.99556 36.99789 37.00022 37.00255 37.00488 37.00721 37.00955 37.0131 37.01882 37.02455 37.03029 37.03604 37.04178 37.04752 37.05327 37.05901 37.06475 37.0705 37.07624 37.08294 37.0918 37.10066 37.10953 37.11839 37.12726 37.13613 37.14499 37.15386 37.16273 37.17159 37.18047 37.18905 37.19682 37.2046 37.21238 37.22016 37.22795 37.23573 37.24351 37.2513 37.25908 37.26685 37.27463 37.28258 37.29119 37.2998 37.3084 37.31701 37.32561 37.33422 37.34283 37.35143 37.36003 37.36864 37.37722 37.38601
36.93952 36.94369 36.94787 36.95207 36.95555 36.95795 36.96037 36.96282 36.96528 36.96773 36.97018 36.97264 36.97509 36.97754 36.98 36.98245 36.98611 36.99191 36.99772 37.00353 37.00936 37.01518 37.021 37.02682 37.03264 37.03846 37.04428 37.0501 37.05692 37.06599 37.07506 37.08414 37.09322 37.1023 37.11137 37.12045 37.12954 37.13861 37.14769 37.15677 37.16558 37.1736 37.18162 37.18965 37.19768 37.20571 37.21374 37.22177 37.2298 37.23783 37.24586 37.25388 37.26205 37.27076 37.27947 37.28819 37.2969 37.30561 37.31432 37.32304 37.33174 37.34046 37.34917 37.35787 37.36677
36.91108 36.91523 36.9194 36.92359 36.92711 36.92963 36.93218 36.93475 36.93733 36.9399 36.94248 36.94506 36.94763 36.95021 36.95278 36.95536 36.95911 36.96499 36.97088 36.97678 36.98268 36.98857 36.99447 37.00037 37.00627 37.01216 37.01806 37.02396 37.0309 37.04018 37.04946 37.05875 37.06804 37.07734 37.08662 37.09592 37.10521 37.1145 37.12379 37.13308 37.14212 37.15038 37.15864 37.16692 37.1752 37.18348 37.19175 37.20003 37.20831 37.21658 37.22486 37.23313 37.24151 37.25033 37.25915 37.26796 37.27679 37.28561 37.29443 37.30324 37.31206 37.32088 37.3297 37.3385 37.34753
