Spatial_Analysis/Downscaled_EnvironmentalLayers/RCP8_5/2080/salinity_future85.asc
ncols         639
nrows         313
xllcorner     -103
yllcorner     4.021
cellsize      0.083
NODATA_value  -9999
[rows 261 to 289 of 313, columns 520 to 584 of 639]
-9999 -9999 -9999 34.17648 34.20427 34.20631 34.20768 34.20824 34.20772 34.2056 34.20277 34.19999 34.19744 34.19558 34.19541 34.19886 34.205 34.21057 34.21744 34.21215 34.19899 34.18583 34.17268 34.15952 34.14637 34.13321 34.12005 34.10717 34.08599 34.04527 34.0052 33.9653 33.9254 33.8855 33.8456 33.80571 33.76581 33.72591 33.68601 33.64539 33.60471 33.56715 33.52794 33.48832 33.4487 33.40908 33.36945 33.32983 33.29022 33.2506 33.21098 33.17203 33.13883 33.12184 33.10671 33.09215 33.07758 33.06302 33.04845 33.03389 33.01933 33.00476 32.99019 32.97522 32.96489
-9999 -9999 -9999 -9999 -9999 34.07204 34.07591 34.07923 34.08188 34.08363 34.08403 34.08355 34.08336 34.08354 34.0847 34.08902 34.09818 34.11397 34.13238 34.15062 34.15738 34.15573 34.15408 34.15244 34.15079 34.14914 34.14751 34.1465 34.13321 34.09131 34.05016 34.00948 33.96879 33.9281 33.88742 33.84674 33.80605 33.76537 33.72462 33.68256 33.63979 33.59806 33.55467 33.5103 33.46593 33.42157 33.3772 33.33282 33.28846 33.24409 33.19975 33.15679 33.11926 33.09694 33.07645 33.05722 33.03799 33.01878 32.99955 32.98033 32.96111 32.94189 32.92266 32.90253 32.88764
-9999 -9999 -9999 -9999 -9999 -9999 -9999 33.95116 33.95651 33.96124 33.96511 33.9677 33.96923 33.97135 33.97449 33.97995 33.99319 34.01817 34.04707 34.07759 34.10698 34.12562 34.13548 34.14534 34.1552 34.16506 34.17505 34.18587 34.18046 34.13739 34.09515 34.05365 34.01218 33.9707 33.92923 33.88777 33.84629 33.80482 33.76311 33.71976 33.67493 33.62897 33.58133 33.53229 33.48317 33.43406 33.38494 33.33582 33.2867 33.23758 33.18866 33.14153 33.09961 33.07203 33.0463 33.02229 32.9984 32.97453 32.95065 32.92677 32.9029 32.87902 32.85505 32.8299 32.8105
-9999 -9999 -9999 -9999 -9999 -9999 -9999 -9999 33.83197 33.83944 33.84625 33.85218 33.85674 33.86029 33.86472 33.87133 33.88908 33.92443 33.96289 34.00408 34.04585 34.08654 34.11689 34.13826 34.15963 34.18099 34.20258 34.2252 34.22765 34.18343 34.14016 34.09782 34.05556 34.01331 33.97105 33.9288 33.88654 33.84428 33.80163 33.75711 33.71026 33.66 33.60798 33.55428 33.50041 33.44654 33.39268 33.33881 33.28495 33.23108 33.17756 33.12611 33.07975 33.04696 33.01615 32.98735 32.95882 32.93029 32.90175 32.87321 32.84468 32.81614 32.78743 32.75738 32.73352
-9999 -9999 -9999 -9999 -9999 -9999 -9999 -9999 -9999 33.71504 33.72638 33.73653 33.74482 33.75113 33.75698 33.76448 33.78603 33.83184 33.88049 33.93193 33.98432 34.03715 34.0893 34.13117 34.16404 34.19692 34.23006 34.26439 34.27469 34.22934 34.18514 34.142 34.09895 34.05591 34.01287 33.96982 33.92678 33.88374 33.84025 33.7947 33.74585 33.69126 33.6347 33.57626 33.51765 33.45903 33.40041 33.3418 33.28319 33.22457 33.16634 33.11044 33.05961 33.02165 32.9859 32.95242 32.91923 32.88604 32.85285 32.81966 32.78647 32.75327 32.71988 32.68504 32.65675
-9999 -9999 -9999 -9999 -9999 -9999 -9999 -9999 -9999 -9999 33.59822 33.6132 33.62735 33.63997 33.65012 33.65984 33.68579 33.7419 33.80032 33.86119 33.92428 33.9878 34.05157 34.11527 34.16846 34.21284 34.25743 34.30338 34.3215 34.27508 34.23005 34.18617 34.14235 34.09851 34.05468 34.01086 33.96703 33.92319 33.87904 33.83261 33.78182 33.72281 33.66152 33.59825 33.53489 33.47152 33.40816 33.3448 33.28143 33.21807 33.15496 33.09438 33.03903 32.99597 32.95552 32.91749 32.87964 32.84179 32.80394 32.7661 32.72825 32.69041 32.65243 32.61293 32.58025
-9999 -9999 -9999 -9999 -9999 -9999 -9999 -9999 -9999 -9999 -9999 -9999 33.50011 33.51744 33.53333 33.54801 33.58288 33.65318 33.72388 33.79443 33.86647 33.93998 34.01454 34.08933 34.16442 34.22877 34.28473 34.34209 34.36797 34.32058 34.27496 34.23035 34.18573 34.14112 34.0965 34.05188 34.00727 33.96265 33.91794 33.87094 33.81828 33.75475 33.68834 33.62023 33.55212 33.48401 33.4159 33.34779 33.27967 33.21156 33.14349 33.07787 33.01787 32.96984 32.92508 32.88256 32.84005 32.79755 32.75504 32.71254 32.67004 32.62754 32.58501 32.54109 32.50409
-9999 -9999 -9999 -9999 -9999 -9999 -9999 -9999 -9999 -9999 -9999 -9999 -9999 33.38848 33.40815 33.42613 33.46731 33.55141 33.63739 33.72416 33.81099 33.89646 33.98016 34.06467 34.15044 34.23676 34.3121 34.38048 34.41402 34.36583 34.31992 34.27452 34.22912 34.18372 34.13832 34.09291 34.04751 34.00211 33.95671 33.90974 33.85537 33.78706 33.71508 33.64222 33.56936 33.4965 33.42364 33.35078 33.27792 33.20506 33.13219 33.06084 32.99598 32.94323 32.89479 32.84763 32.80046 32.7533 32.70614 32.65899 32.61182 32.56467 32.51751 32.46952 32.42834
-9999 -9999 -9999 -9999 -9999 -9999 -9999 -9999 -9999 -9999 -9999 -9999 -9999 33.25751 33.27912 33.3006 33.34662 33.44236 33.53989 33.63868 33.73852 33.83951 33.9413 34.04245 34.13971 34.23498 34.33224 34.41865 34.45953 34.41109 34.36489 34.3187 34.27251 34.22632 34.18013 34.13395 34.08775 34.04157 33.99538 33.94886 33.89326 33.81939 33.74182 33.66433 33.58696 33.50956 33.43207 33.35445 33.27666 33.19875 33.12094 33.04355 32.97315 32.91645 32.86451 32.81285 32.76133 32.70976 32.65807 32.60624 32.55423 32.50206 32.44997 32.39806 32.35312
-9999 -9999 -9999 -9999 -9999 -9999 -9999 -9999 -9999 -9999 -9999 -9999 -9999 -9999 -9999 33.17199 33.22427 33.33109 33.43898 33.54807 33.65838 33.77002 33.88317 33.99722 34.11186 34.22704 34.34218 34.45108 34.50441 34.45682 34.40984 34.36287 34.31589 34.26891 34.22195 34.17498 34.12801 34.08103 34.03405 33.98708 33.93213 33.85106 33.76929 33.68741 33.60546 33.52344 33.44135 33.35913 33.27673 33.19409 33.11107 33.02761 32.9491 32.89088 32.83512 32.77935 32.7235 32.66753 32.61141 32.55507 32.49847 32.44152 32.38415 32.3264 32.27856
-9999 -9999 -9999 -9999 -9999 -9999 -9999 -9999 -9999 -9999 -9999 -9999 -9999 -9999 -9999 33.10146 33.13922 33.24268 33.35466 33.46773 33.58186 33.69699 33.8133 33.93118 34.05033 34.17012 34.29025 34.41117 34.48831 34.44411 34.3983 34.3572 34.31602 34.27441 34.23244 34.19005 34.14726 34.10464 34.06225 34.01975 33.96793 33.89322 33.81439 33.73201 33.64863 33.56522 33.48175 33.39816 33.3144 33.23042 33.14614 33.06159 32.98076 32.91795 32.85836 32.79878 32.73911 32.67933 32.61938 32.55923 32.49881 32.43804 32.37685 32.31525 32.26295
-9999 -9999 -9999 -9999 -9999 -9999 -9999 -9999 -9999 -9999 -9999 -9999 -9999 -9999 -9999 -9999 33.10109 33.19835 33.2967 33.40592 33.51669 33.62826 33.74065 33.85393 33.9678 34.08199 34.19694 34.3129 34.38765 34.36757 34.33213 34.29115 34.25126 34.21702 34.18754 34.16037 34.13309 34.10532 34.0763 34.04572 34.00469 33.93715 33.86697 33.79482 33.72059 33.64496 33.56735 33.48726 33.40668 33.326 33.24536 33.1651 33.08992 33.01995 32.9556 32.89216 32.8294 32.7666 32.70369 32.64061 32.57736 32.51395 32.4506 32.38742 32.328
-9999 -9999 -9999 -9999 -9999 -9999 -9999 -9999 -9999 -9999 -9999 -9999 -9999 -9999 -9999 -9999 -9999 33.15655 33.25379 33.35157 33.45489 33.56441 33.6739 33.78405 33.895 34.00638 34.11809 34.22998 34.30339 34.28951 34.27305 34.24357 34.21106 34.17853 34.14804 34.12223 34.10034 34.08239 34.06722 34.0513 34.02398 33.9661 33.9067 33.84536 33.78136 33.71336 33.64261 33.57082 33.4977 33.42269 33.34568 33.27034 33.19852 33.12384 33.05492 32.98787 32.9212 32.85513 32.78934 32.72354 32.65775 32.59196 32.52617 32.45879 32.39275
-9999 -9999 -9999 -9999 -9999 -9999 -9999 -9999 -9999 -9999 -9999 -9999 -9999 -9999 -9999 -9999 -9999 33.11238 33.2092 33.30605 33.40333 33.50267 33.60991 33.71799 33.82652 33.93557 34.04474 34.15393 34.22763 34.22181 34.21588 34.20449 34.18406 34.16125 34.1357 34.10969 34.08678 34.06927 34.05605 34.04602 34.02782 33.97686 33.92511 33.87243 33.8186 33.76324 33.7056 33.64487 33.58017 33.51194 33.44257 33.37502 33.30652 33.22793 33.15441 33.08429 33.01444 32.94493 32.87592 32.80736 32.73882 32.67027 32.60169 32.52969 32.45751
-9999 -9999 -9999 -9999 -9999 -9999 -9999 -9999 -9999 -9999 -9999 -9999 -9999 -9999 -9999 -9999 -9999 33.06678 33.16299 33.2592 33.35551 33.45223 33.55017 33.65282 33.76053 33.86753 33.97463 34.08167 34.1567 34.15994 34.16311 34.1654 34.16051 34.14951 34.1363 34.12096 34.10331 34.08526 34.06818 34.05783 34.03987 33.98467 33.93322 33.88528 33.83842 33.7909 33.74246 33.69263 33.64097 33.58754 33.53111 33.47242 33.41024 33.33095 33.25418 33.18084 33.10798 33.03534 32.96304 32.89121 32.81989 32.74859 32.67691 32.6007 32.52258
-9999 -9999 -9999 -9999 -9999 -9999 -9999 -9999 -9999 -9999 -9999 -9999 -9999 -9999 -9999 -9999 32.92493 33.0204 33.11589 33.21135 33.30687 33.40258 33.49869 33.59564 33.69505 33.80059 33.90668 34.01188 34.08873 34.10172 34.11446 34.12679 34.13741 34.1402 34.13904 34.13567 34.13027 34.12247 34.11321 34.10307 34.07678 34.01085 33.95488 33.90215 33.85307 33.80722 33.76474 33.72222 33.67879 33.63432 33.58996 33.54868 33.50232 33.42744 33.35092 33.27705 33.20164 33.12601 33.05061 32.97554 32.90097 32.8269 32.75214 32.67216 32.58821
-9999 -9999 -9999 -9999 -9999 -9999 -9999 -9999 -9999 -9999 -9999 -9999 -9999 -9999 -9999 -9999 32.87902 32.97365 33.06829 33.16293 33.25762 33.35244 33.44749 33.54285 33.63889 33.73652 33.83852 33.94352 34.02271 34.04594 34.06863 34.09099 34.11257 34.13147 34.14305 34.15202 34.15884 34.16364 34.16607 34.1662 34.14733 34.07573 34.0031 33.93632 33.88285 33.83316 33.7868 33.74343 33.70421 33.66626 33.62851 33.59546 33.55906 33.49519 33.4336 33.36814 33.29348 33.2168 33.13842 33.06026 32.98246 32.90522 32.82764 32.74434 32.65469
-9999 -9999 -9999 -9999 -9999 -9999 -9999 -9999 -9999 -9999 -9999 -9999 -9999 -9999 -9999 32.8042 32.83305 32.92674 -9999 33.11422 33.20804 33.30194 33.396 33.49026 33.58482 33.67993 33.77621 33.875 33.95704 33.99169 34.02478 34.05733 34.08937 34.12027 34.14735 34.16878 34.1881 34.20533 34.2206 34.23359 34.22408 34.15602 34.08642 34.01436 33.94025 33.87445 33.82391 33.77769 33.73398 33.6931 33.65662 33.62838 33.59673 33.53394 33.47713 33.4245 33.3698 33.30373 33.22574 33.14523 33.0643 32.9838 32.90349 32.81744 32.72229
-9999 -9999 -9999 -9999 -9999 -9999 -9999 -9999 -9999 -9999 -9999 -9999 -9999 -9999 -9999 32.75864 -9999 -9999 -9999 -9999 -9999 -9999 33.34432 33.43755 33.53096 33.62463 33.71879 33.81382 33.89307 33.93687 33.98184 34.02528 34.06778 34.10956 34.14979 34.18539 34.21721 34.24701 34.27484 34.3008 34.30285 34.24016 34.1747 34.10719 34.03729 33.96365 33.88677 33.82529 33.77837 33.73519 33.69381 33.6586 33.62458 33.56018 33.5035 33.45183 33.40144 33.35162 33.29918 33.22856 33.14643 33.06277 32.97957 32.89166 32.79132
-9999 -9999 -9999 -9999 -9999 -9999 -9999 -9999 -9999 -9999 -9999 -9999 -9999 -9999 -9999 32.71283 -9999 -9999 -9999 -9999 -9999 -9999 -9999 33.38477 33.4771 33.5696 33.66235 33.75553 33.83562 33.88591 33.9385 33.99333 34.04731 34.09991 34.15149 34.20106 34.24585 34.28817 34.3286 34.36717 34.38034 34.32383 34.26479 34.20271 34.13798 34.07036 33.99901 33.92179 33.84159 33.78912 33.74586 33.70628 33.6639 33.58591 33.52242 33.46843 33.41644 33.36653 33.31882 33.27266 33.22212 33.14198 33.05567 32.96696 32.86213
-9999 -9999 -9999 -9999 -9999 -9999 -9999 -9999 -9999 -9999 -9999 -9999 -9999 -9999 -9999 -9999 -9999 -9999 -9999 -9999 -9999 -9999 -9999 -9999 33.42329 33.51468 33.60622 33.69801 33.78014 33.83996 33.90033 33.96213 34.02639 34.09074 34.15375 34.21513 34.274 34.32864 34.38157 34.43272 34.45662 34.40577 34.35292 34.29766 34.23944 34.17808 34.11355 34.04477 33.96999 33.88538 33.81141 33.76632 33.71807 33.63186 33.55646 33.48692 33.4264 33.37433 33.32436 33.27687 33.23244 33.19069 33.13164 33.04266 32.93513
-9999 -9999 -9999 -9999 -9999 -9999 -9999 -9999 -9999 -9999 -9999 -9999 -9999 -9999 -9999 -9999 -9999 -9999 -9999 -9999 -9999 -9999 -9999 -9999 -9999 33.45985 33.55027 33.64085 33.72528 33.79546 33.86569 33.93623 34.00765 34.08126 34.15575 34.22911 34.30044 34.36859 34.43368 34.49731 34.53181 34.48622 34.43903 34.38993 34.33857 34.28441 34.22692 34.16611 34.10087 34.02917 33.94724 33.84958 33.78479 33.69296 33.61279 33.53526 33.46037 33.39047 33.33049 33.27857 33.22937 33.18392 33.14349 33.10819 33.01081
-9999 -9999 -9999 -9999 -9999 -9999 -9999 -9999 -9999 -9999 -9999 -9999 -9999 -9999 -9999 -9999 -9999 -9999 -9999 -9999 -9999 -9999 -9999 -9999 -9999 -9999 -9999 33.56081 33.64268 33.7211 33.79942 33.8777 33.9561 34.03503 34.11575 34.19785 34.27906 34.35809 34.4335 34.50691 34.55023 34.50983 34.46798 34.42462 34.37949 34.33224 34.2824 34.22934 34.17284 34.11206 34.04496 33.96791 33.8593 33.73546 33.64775 33.5616 33.47978 33.39969 33.32291 33.25292 33.19648 33.14745 33.10264 33.06364 33.01934
-9999 -9999 -9999 -9999 -9999 -9999 -9999 -9999 -9999 -9999 -9999 -9999 -9999 -9999 -9999 -9999 -9999 -9999 -9999 -9999 -9999 -9999 -9999 -9999 -9999 -9999 -9999 33.44049 33.51213 33.59476 33.6773 33.75966 33.8419 33.9241 34.00671 34.09064 34.17615 34.26105 34.34366 34.4228 34.47165 34.43659 34.40009 34.36224 34.323 34.28213 34.23933 34.19417 34.14609 34.0947 34.03964 33.9797 33.8974 33.74956 33.62489 33.53645 33.44797 33.36305 33.28242 33.20427 33.131 33.06805 33.02301 32.98484 32.93065
-9999 -9999 -9999 -9999 -9999 -9999 -9999 -9999 -9999 -9999 -9999 -9999 -9999 -9999 -9999 -9999 -9999 -9999 -9999 -9999 -9999 -9999 -9999 -9999 -9999 -9999 -9999 -9999 -9999 33.46875 33.5556 33.64223 33.72863 33.81481 33.90087 33.98727 34.07462 34.16342 34.25186 34.33791 34.39225 34.36221 34.33098 34.29842 34.26466 34.22963 34.19314 34.15494 34.11471 34.07205 34.02657 33.97859 33.91129 33.77919 33.64683 33.52322 33.43691 33.34972 33.26244 33.18058 33.10257 33.02822 32.96087 32.90695 32.84817
-9999 -9999 -9999 -9999 -9999 -9999 -9999 -9999 -9999 -9999 -9999 -9999 -9999 -9999 -9999 -9999 -9999 -9999 -9999 -9999 -9999 -9999 -9999 -9999 -9999 -9999 -9999 -9999 -9999 -9999 -9999 33.52519 33.61589 33.70632 33.79645 33.88646 33.97673 34.06764 34.15973 34.25157 34.3119 34.28694 34.2607 34.23335 34.2048 34.17519 34.14447 34.11248 34.07905 34.04396 34.00697 33.96817 33.9111 33.78973 33.66909 33.54966 33.43169 33.34582 33.26158 33.17612 33.09176 33.01348 32.93792 32.862 32.77587
-9999 -9999 -9999 -9999 -9999 -9999 -9999 -9999 -9999 -9999 -9999 -9999 -9999 -9999 -9999 -9999 -9999 -9999 -9999 -9999 -9999 -9999 -9999 -9999 -9999 -9999 -9999 -9999 -9999 -9999 -9999 -9999 33.50353 33.5983 33.69274 33.78685 33.88088 33.97506 34.06964 34.16506 34.23087 34.21078 34.18954 34.16713 34.14366 34.11915 34.09377 34.06742 34.04003 34.01149 33.98174 33.95094 33.90196 33.78855 33.6764 33.56565 33.45829 33.34895 33.26302 33.18107 33.09839 33.01417 32.93301 32.85126 32.75218
-9999 -9999 -9999 -9999 -9999 -9999 -9999 -9999 -9999 -9999 -9999 -9999 -9999 -9999 -9999 -9999 -9999 -9999 -9999 -9999 -9999 -9999 -9999 -9999 -9999 -9999 -9999 -9999 -9999 -9999 -9999 -9999 33.39145 33.49062 33.58946 33.68791 33.78607 33.88414 33.98225 34.08057 34.14982 34.13428 34.11765 34.1001 34.08154 34.06198 34.04153 34.02036 33.99845 33.97575 33.95226 33.92816 33.88633 33.77975 33.67411 33.5701 33.46902 33.37299 33.27374 33.18904 33.10844 33.02839 32.94595 32.85697 32.75362
-9999 -9999 -9999 -9999 -9999 -9999 -9999 -9999 -9999 -9999 -9999 -9999 -9999 -9999 -9999 -9999 -9999 -9999 -9999 -9999 -9999 -9999 -9999 -9999 -9999 -9999 -9999 -9999 -9999 -9999 -9999 -9999 -9999 33.38313 -9999 -9999 -9999 33.79411 33.89624 33.9983 34.07069 34.05825 34.04558 34.03247 34.0186 34.00388 33.98829 33.97197 33.95506 33.93759 -9999 -9999 33.86562 33.76517 33.66547 33.56688 33.47092 -9999 -9999 -9999 -9999 33.04465 32.96541 32.88041 32.77218
