Spatial_Analysis/Downscaled_EnvironmentalLayers/RCP8_5/2080/speed_future85.asc
ncols         639
nrows         313
xllcorner     -103
yllcorner     4.021
cellsize      0.083
NODATA_value  -9999
[rows 116 to 144 of 313, columns 65 to 129 of 639]
-9999 -9999 -9999 -9999 -9999 -9999 -9999 -9999 -9999 4.369154 4.157069 3.953457 3.757653 3.6651 3.994045 4.323873 4.654395 4.985471 5.317051 5.647712 5.975605 6.300528 6.622228 6.940136 7.253983 7.550354 7.757676 7.963593 8.168906 8.373817 8.578499 8.783276 8.988482 9.194121 9.396049 9.594643 9.791368 9.969522 9.972002 9.972031 9.968813 9.963254 9.957551 9.952039 9.946837 9.942529 9.949877 9.969754 9.999637 10.02388 9.732165 9.448688 9.1742 8.906686 8.640578 8.374738 8.109056 7.843382 7.575542 7.305338 7.033228 6.759405 6.725405 6.691145 6.654983
-9999 -9999 -9999 -9999 -9999 -9999 -9999 -9999 -9999 -9999 3.983311 3.787837 3.602956 3.520943 3.848801 4.177579 4.507106 4.83731 5.166958 5.493931 5.818035 6.139068 6.456485 6.76994 7.079449 7.369807 7.560402 7.749057 7.937132 8.124848 8.312436 8.500138 8.686837 8.869158 9.048636 9.226563 9.403609 9.566524 9.590973 9.614148 9.635017 9.653384 9.670078 9.686867 9.706973 9.739212 9.781512 9.831928 9.889249 9.938219 9.662401 9.392511 9.128845 8.871941 8.62019 8.369987 8.119959 7.868176 7.614931 7.360462 7.104906 6.848326 6.819232 6.79047 6.760569
-9999 -9999 -9999 -9999 -9999 -9999 -9999 -9999 -9999 -9999 -9999 3.619331 3.448296 3.379059 3.706346 4.034586 4.363691 4.692358 5.018384 5.341599 5.661833 5.97867 6.291606 6.600625 6.905672 7.189802 7.363535 7.534811 7.705542 7.875948 8.046267 8.214709 8.378616 8.539515 8.69879 8.857168 9.015206 9.163215 9.20957 9.255439 9.299454 9.341516 9.381502 9.424994 9.4797 9.543506 9.614717 9.692163 9.775079 9.848156 9.588692 9.33401 9.084259 8.839718 8.600748 8.3646 8.128562 7.892382 7.655362 7.417607 7.179173 6.940083 6.915847 6.892221 6.867843
-9999 -9999 -9999 -9999 -9999 -9999 -9999 -9999 -9999 -9999 -9999 -9999 3.294558 3.24047 3.567815 3.896246 4.224036 4.549146 4.87146 5.190833 5.507014 5.819386 6.12784 6.432325 6.732732 7.010392 7.167025 7.320802 7.474074 7.627069 7.778053 7.924296 8.067075 8.2079 8.347643 8.486927 8.626266 8.759578 8.827912 8.896321 8.96315 9.028342 9.095838 9.172094 9.25682 9.348778 9.446772 9.549957 9.657771 9.754727 9.511816 9.272994 9.03835 8.808056 8.581919 8.35928 8.137821 7.917196 7.697004 7.476375 7.255323 7.03385 7.01448 6.995872 6.97676
-9999 -9999 -9999 -9999 -9999 -9999 -9999 -9999 -9999 -9999 -9999 -9999 -9999 3.106717 3.435049 3.762071 4.086361 4.407824 4.726341 5.041759 5.35359 5.661467 5.965349 6.265144 6.560693 6.831603 6.970809 7.106962 7.242659 7.376749 7.505967 7.631193 7.753795 7.875003 7.99553 8.115958 8.236798 8.355586 8.446048 8.53694 8.626442 8.71717 8.816097 8.922235 9.034761 9.153397 9.277214 9.405542 9.537932 9.658669 9.432425 9.209795 8.990839 8.775472 8.563367 8.354657 8.148543 7.943461 7.739655 7.536374 7.332853 7.129081 7.114597 7.100965 7.087007
-9999 -9999 -9999 -9999 -9999 -9999 -9999 -9999 -9999 -9999 -9999 -9999 -9999 2.980062 3.306517 3.630144 3.950872 4.268603 4.583211 4.894474 5.201818 5.50511 5.804272 6.099173 6.389597 6.653431 6.774824 6.893211 7.010611 7.123302 7.231526 7.336396 7.439242 7.541053 7.64254 7.744277 7.846783 7.951221 8.063998 8.177357 8.290542 8.410958 8.538864 8.672993 8.812394 8.956955 9.106095 9.259252 9.416049 9.560522 9.351016 9.144773 8.941768 8.741794 8.544882 8.35111 8.160438 7.971317 7.783548 7.597306 7.411412 7.225399 7.215823 7.207153 7.198106
-9999 -9999 -9999 -9999 -9999 -9999 -9999 -9999 -9999 -9999 -9999 -9999 -9999 -9999 3.180597 3.500773 3.817855 4.131743 4.442299 4.749185 5.051943 5.3505 5.644741 5.934485 6.219461 6.475824 6.578972 6.679411 6.776094 6.867713 6.955378 7.040271 7.123562 7.2061 7.288671 7.371853 7.456188 7.546474 7.68178 7.817662 7.958489 8.107275 8.262708 8.423687 8.589354 8.759416 8.933592 9.111396 9.292501 9.46069 9.267975 9.078238 8.891366 8.707406 8.526354 8.34826 8.173231 8.000342 7.828883 7.659077 7.490752 7.32254 7.317891 7.314179 7.308977
-9999 -9999 -9999 -9999 -9999 -9999 -9999 -9999 -9999 -9999 -9999 -9999 -9999 -9999 3.057688 3.374334 3.687661 3.997562 4.303884 4.606201 4.904212 5.197824 5.486877 5.771134 6.05026 6.298672 6.383143 6.464126 6.539599 6.610453 6.677788 6.742894 6.80675 6.870105 6.933867 6.998636 7.064988 7.141359 7.299397 7.460073 7.628856 7.804901 7.986976 8.174104 8.365541 8.560862 8.759895 8.962234 9.167593 9.359488 9.183599 9.010425 8.84006 8.672495 8.507716 8.345766 8.18673 8.030222 7.875264 7.722014 7.570693 7.420314 7.420608 7.421356 7.419697
-9999 -9999 -9999 -9999 -9999 -9999 -9999 -9999 -9999 -9999 -9999 -9999 -9999 -9999 -9999 3.251292 3.560721 3.86645 4.168303 4.465853 4.758888 5.047271 5.330789 5.609137 5.881906 6.121774 6.187084 6.247007 6.301463 6.351705 6.39885 6.444233 6.48871 6.532977 6.578045 6.624574 6.673174 6.735929 6.917018 7.10474 7.300607 7.503194 7.711341 7.924161 8.141001 8.361414 8.58519 8.811988 9.041562 9.25716 9.098117 8.941713 8.78808 8.637156 8.488928 8.34343 8.200741 8.060714 7.922398 7.785855 7.651293 7.518577 7.523813 7.528369 7.530435
-9999 -9999 -9999 -9999 -9999 -9999 -9999 -9999 -9999 -9999 -9999 -9999 -9999 -9999 -9999 3.132225 3.437568 3.738892 4.035993 4.328511 4.616254 4.899029 5.176557 5.448452 5.714218 5.944793 5.989655 6.028285 6.061798 6.091493 6.118506 6.144181 6.169315 6.194588 6.221113 6.249622 6.280777 6.330303 6.536136 6.750778 6.973139 7.201788 7.435623 7.673832 7.915832 8.1612 8.409637 8.660846 8.91461 9.153906 9.011762 8.872315 8.735561 8.601444 8.469954 8.341125 8.21503 8.091619 7.970056 7.850338 7.732664 7.617223 7.627047 7.635371 7.641303
-9999 -9999 -9999 -9999 -9999 -9999 -9999 -9999 -9999 -9999 -9999 -9999 -9999 -9999 -9999 3.017853 3.318871 3.615489 3.907487 4.1946 4.476618 4.753279 5.024217 5.288946 5.546868 5.767195 5.790683 5.808002 5.820569 5.82972 5.836605 5.842568 5.848395 5.854787 5.862977 5.873771 5.887892 5.924701 6.156543 6.397624 6.646071 6.900453 7.159718 7.423116 7.690121 7.960344 8.233386 8.508966 8.7869 9.049892 8.924771 8.802365 8.682588 8.565391 8.450772 8.338765 8.229442 8.122782 8.018056 7.915259 7.814578 7.71622 7.730223 7.742466 7.752387
-9999 -9999 -9999 -9999 -9999 -9999 -9999 -9999 -9999 -9999 -9999 -9999 -9999 -9999 -9999 3.059463 3.353568 3.638954 3.915457 4.183016 4.441463 4.690523 4.929788 5.15872 5.376679 5.560156 5.589322 5.612586 5.631487 5.647399 5.661475 5.675065 5.688983 5.704 5.721499 5.742353 5.767353 5.816093 6.062967 6.318921 6.581948 6.850616 7.123917 7.401155 7.68186 7.965652 8.252029 8.540727 8.831587 9.10843 9.02212 8.938478 8.857413 8.778891 8.702909 8.629509 8.55876 8.490637 8.424496 8.360372 8.298448 8.23888 8.236014 8.231347 8.224402
-9999 -9999 -9999 -9999 -9999 -9999 -9999 -9999 -9999 -9999 -9999 -9999 -9999 -9999 -9999 -9999 3.394701 3.667197 3.926343 4.172479 4.405668 4.625731 4.832325 5.02495 5.20303 5.35138 5.386192 5.415418 5.440709 5.463483 5.484894 5.506288 5.528564 5.552639 5.580064 5.611772 5.648621 5.709939 5.971501 6.242022 6.519372 6.802115 7.089286 7.380237 7.674545 7.971808 8.271416 8.573134 8.876835 9.167508 9.120168 9.075442 9.033261 8.993592 8.956444 8.921861 8.889915 8.860535 8.833172 8.807918 8.78496 8.764234 8.744368 8.722781 8.698941
-9999 -9999 -9999 -9999 -9999 -9999 -9999 -9999 -9999 -9999 -9999 -9999 -9999 -9999 -9999 -9999 -9999 3.700177 3.939826 4.162374 4.368395 4.557897 4.730654 4.886253 5.02468 5.140756 5.18095 5.21593 5.247465 5.277023 5.305777 5.335037 5.365855 5.399449 5.437493 5.480989 5.530561 5.60407 5.880114 6.165048 6.456608 6.753355 7.054358 7.35902 7.666968 7.977674 8.290478 8.605188 8.921711 9.226243 9.217861 9.212059 9.208775 9.207989 9.209717 9.214005 9.220934 9.230335 9.241801 9.255478 9.271557 9.289675 9.252902 9.214503 9.173861
-9999 -9999 -9999 -9999 -9999 -9999 -9999 -9999 -9999 -9999 -9999 -9999 -9999 -9999 -9999 -9999 -9999 -9999 3.956573 4.152836 4.329288 4.486171 4.62337 4.740548 4.842083 4.927808 4.973043 5.013515 5.051122 5.087394 5.123554 5.160853 5.200568 5.244486 5.294241 5.35097 5.412375 5.498161 5.788551 6.087821 6.39355 6.704289 7.01915 7.337588 7.65927 7.983372 8.309333 8.637007 8.966324 9.284714 9.315262 9.348367 9.383978 9.422086 9.462712 9.505911 9.551764 9.599946 9.650286 9.70295 9.758129 9.815181 9.761665 9.706553 9.6492
-9999 -9999 -9999 -9999 -9999 -9999 -9999 -9999 -9999 -9999 -9999 -9999 -9999 -9999 -9999 -9999 -9999 -9999 -9999 4.144013 4.287677 4.409007 4.507887 4.58602 4.654594 4.7118 4.761645 4.807298 4.8508 4.89376 4.937479 4.98322 5.032638 5.088195 5.151465 5.222337 5.293865 5.391921 5.696589 6.01019 6.330116 6.654911 6.983732 7.316094 7.651571 7.989023 8.328101 8.6687 9.010782 9.342994 9.412426 9.484404 9.558892 9.635886 9.715418 9.797548 9.882299 9.96928 10.05853 10.15024 10.24458 10.34072 10.27069 10.19895 10.12499
-9999 -9999 -9999 -9999 -9999 -9999 -9999 -9999 -9999 -9999 -9999 -9999 -9999 -9999 -9999 -9999 -9999 -9999 -9999 -9999 4.242172 4.32332 4.379803 4.423853 4.460993 4.491625 4.545553 4.596035 4.645289 4.695034 4.746688 4.801666 4.862486 4.932001 5.011438 5.093389 5.174994 5.285068 5.604017 5.93203 6.266267 6.60527 6.948257 7.294822 7.644017 7.994765 8.34691 8.70039 9.055197 9.401164 9.509412 9.620212 9.733537 9.849396 9.967826 10.08889 10.21245 10.33826 10.46646 10.59725 10.73083 10.86626 10.77996 10.69172 10.60123
-9999 -9999 -9999 -9999 -9999 -9999 -9999 -9999 -9999 -9999 -9999 -9999 -9999 -9999 -9999 -9999 -9999 -9999 -9999 -9999 4.189535 4.222518 4.240717 4.252582 4.259551 4.265632 4.323001 4.377964 4.432964 4.489881 4.550346 4.616406 4.691988 4.779759 4.87201 4.963995 5.055714 5.177314 5.510634 5.853251 6.202028 6.55553 6.913066 7.274063 7.636774 8.000752 8.365904 8.732206 9.099686 9.459315 9.606285 9.755833 9.907941 10.06262 10.21993 10.37987 10.54214 10.7068 10.87399 11.04392 11.2168 11.39175 11.28945 11.18484 11.07795
-9999 -9999 -9999 -9999 -9999 -9999 -9999 -9999 -9999 -9999 -9999 -9999 -9999 -9999 -9999 -9999 -9999 -9999 -9999 -9999 4.121243 4.108176 4.090597 4.070069 4.047769 4.031333 4.091384 4.150595 4.211728 4.276945 4.348372 4.43044 4.527363 4.629782 4.732025 4.834095 4.935974 5.068346 5.416254 5.773829 6.137571 6.506118 6.878891 7.253908 7.630045 8.007168 8.385242 8.764293 9.144378 9.517553 9.703126 9.891323 10.08214 10.27559 10.47172 10.67032 10.8713 11.07482 11.28104 11.49016 11.70242 11.91713 11.79913 11.67831 11.55512
-9999 -9999 -9999 -9999 -9999 -9999 -9999 -9999 -9999 -9999 -9999 -9999 -9999 -9999 -9999 -9999 -9999 -9999 -9999 -9999 -9999 -9999 3.928243 3.873561 3.821976 3.784895 3.846805 3.910531 3.979366 4.056126 4.146041 4.254283 4.366721 4.479093 4.591398 4.703614 4.815705 4.957807 5.320732 5.693921 6.073461 6.458206 6.845963 7.234643 7.624077 8.014226 8.405116 8.796818 9.189423 9.576015 9.800034 10.02675 10.25616 10.4883 10.72301 10.96016 11.19986 11.44226 11.68754 11.93591 12.18764 12.44233 12.30898 12.17206 12.03272
-9999 -9999 -9999 -9999 -9999 -9999 -9999 -9999 -9999 -9999 -9999 -9999 -9999 -9999 -9999 -9999 -9999 -9999 -9999 -9999 -9999 -9999 -9999 -9999 -9999 -9999 -9999 -9999 -9999 -9999 3.96558 4.089383 4.210441 4.3296 4.450027 4.572462 4.694826 4.845271 5.224109 5.614318 6.011712 6.413265 6.815659 7.217899 7.620032 8.022471 8.425756 8.829982 9.234994 9.634874 9.897137 10.16221 10.43008 10.70062 10.97367 11.24933 11.52773 11.80902 12.0934 12.3811 12.6724 12.96727 -9999 -9999 -9999
-9999 -9999 -9999 -9999 -9999 -9999 -9999 -9999 -9999 -9999 -9999 -9999 -9999 -9999 -9999 -9999 -9999 -9999 -9999 -9999 -9999 -9999 -9999 -9999 -9999 -9999 -9999 -9999 -9999 -9999 -9999 3.975282 4.103006 4.223312 4.33792 4.450638 4.573236 4.73022 5.127478 5.542378 5.963051 6.381466 6.797319 7.211273 7.624171 8.036853 8.450115 8.864701 9.281298 9.694366 9.99461 10.2978 10.60373 10.91232 11.22363 11.53776 11.85484 12.17504 12.49857 12.82568 -9999 -9999 -9999 -9999 -9999
-9999 -9999 -9999 -9999 -9999 -9999 -9999 -9999 -9999 -9999 -9999 -9999 -9999 -9999 -9999 -9999 -9999 -9999 -9999 -9999 -9999 -9999 -9999 -9999 -9999 -9999 -9999 -9999 -9999 -9999 -9999 -9999 -9999 -9999 4.307933 4.411843 4.508271 4.618516 5.062191 5.504251 5.938821 6.367933 6.793232 7.216089 7.637671 8.058995 8.480972 8.904427 9.33012 9.754791 10.09259 10.43329 10.77688 11.12338 11.47285 11.82537 12.18111 12.54023 -9999 -9999 -9999 -9999 -9999 -9999 -9999
-9999 -9999 -9999 -9999 -9999 -9999 -9999 -9999 -9999 -9999 -9999 -9999 -9999 -9999 -9999 -9999 -9999 -9999 -9999 -9999 -9999 -9999 -9999 -9999 -9999 -9999 -9999 -9999 -9999 -9999 -9999 -9999 -9999 -9999 4.535541 4.658767 4.780783 4.886095 5.160259 5.567085 5.986481 6.405843 6.823622 7.240117 7.656085 8.072363 8.489778 8.9091 -9999 -9999 -9999 -9999 -9999 11.1222 11.47308 -9999 -9999 -9999 -9999 -9999 -9999 -9999 -9999 -9999 -9999
-9999 -9999 -9999 -9999 -9999 -9999 -9999 -9999 -9999 -9999 -9999 -9999 -9999 -9999 -9999 -9999 -9999 -9999 -9999 -9999 -9999 -9999 -9999 -9999 -9999 -9999 -9999 -9999 -9999 -9999 -9999 -9999 -9999 -9999 -9999 5.012374 5.105216 5.168068 5.364905 5.684348 6.069296 6.468622 6.872195 7.277559 7.684262 8.092529 -9999 8.915808 -9999 -9999 -9999 -9999 -9999 -9999 -9999 -9999 -9999 -9999 -9999 -9999 -9999 -9999 -9999 -9999 -9999
-9999 -9999 -9999 -9999 -9999 -9999 -9999 -9999 -9999 -9999 -9999 -9999 -9999 -9999 -9999 -9999 -9999 -9999 -9999 -9999 -9999 -9999 -9999 -9999 -9999 -9999 -9999 -9999 -9999 -9999 -9999 -9999 -9999 -9999 -9999 -9999 5.422706 5.46142 5.652892 5.857743 6.184657 6.553118 6.936327 7.326507 7.721045 -9999 -9999 -9999 -9999 -9999 -9999 -9999 -9999 -9999 -9999 -9999 -9999 -9999 -9999 -9999 -9999 -9999 -9999 -9999 -9999
-9999 -9999 -9999 -9999 -9999 -9999 -9999 -9999 -9999 -9999 -9999 -9999 -9999 -9999 -9999 -9999 -9999 -9999 -9999 -9999 -9999 -9999 -9999 -9999 -9999 -9999 -9999 -9999 -9999 -9999 -9999 -9999 -9999 -9999 -9999 -9999 -9999 5.7641 5.95099 6.103123 -9999 -9999 -9999 -9999 -9999 -9999 -9999 -9999 -9999 -9999 -9999 -9999 -9999 -9999 -9999 -9999 -9999 -9999 -9999 -9999 -9999 -9999 -9999 -9999 -9999
-9999 -9999 -9999 -9999 -9999 -9999 -9999 -9999 -9999 -9999 -9999 -9999 -9999 -9999 -9999 -9999 -9999 -9999 -9999 -9999 -9999 -9999 -9999 -9999 -9999 -9999 -9999 -9999 -9999 -9999 -9999 -9999 -9999 -9999 -9999 -9999 -9999 -9999 -9999 -9999 -9999 -9999 -9999 -9999 -9999 -9999 -9999 -9999 -9999 -9999 -9999 -9999 -9999 -9999 -9999 -9999 -9999 -9999 -9999 -9999 -9999 -9999 -9999 -9999 -9999
-9999 -9999 -9999 -9999 -9999 -9999 -9999 -9999 -9999 -9999 -9999 -9999 -9999 -9999 -9999 -9999 -9999 -9999 -9999 -9999 -9999 -9999 -9999 -9999 -9999 -9999 -9999 -9999 -9999 -9999 -9999 -9999 -9999 -9999 -9999 -9999 -9999 -9999 -9999 -9999 -9999 -9999 -9999 -9999 -9999 -9999 -9999 -9999 -9999 -9999 -9999 -9999 -9999 -9999 -9999 -9999 -9999 -9999 -9999 -9999 -9999 -9999 -9999 -9999 -9999
