Spatial_Analysis/Downscaled_EnvironmentalLayers/RCP8_5/2080/speed_future85.asc
ncols         639
nrows         313
xllcorner     -103
yllcorner     4.021
cellsize      0.083
NODATA_value  -9999
[rows 174 to 202 of 313, columns 455 to 519 of 639]
10.87492 10.91806 10.98715 11.0793 11.19249 11.32545 11.47754 11.64866 11.8375 11.95066 11.97548 12.03615 12.12585 12.2377 12.36585 12.50526 12.65132 12.79963 12.94569 13.08464 13.2111 13.37228 13.57489 13.77583 13.97599 14.17572 14.37532 14.57505 14.77518 14.97599 15.17778 15.38092 15.58618 15.50145 15.09591 14.68375 14.2693 13.855 13.44314 13.03597 12.63589 12.24559 11.86818 11.50744 11.16771 -9999 -9999 -9999 10.82828 10.79038 10.76546 10.75574 10.76392 10.79342 10.84851 10.93461 11.05778 11.20166 11.09925 11.04486 11.03236 11.05082 11.0909 11.14435 11.20359
10.9213 10.97103 11.04301 11.13557 11.24686 11.37486 11.51621 11.66 11.75719 11.88037 11.99837 12.08632 12.18725 12.30509 12.43689 12.57871 12.72647 12.87607 13.02331 13.16417 13.2975 13.46281 13.67062 13.87959 14.08663 14.29301 14.49916 14.70541 14.91204 15.11934 15.32775 15.53845 15.75369 15.64167 15.2551 14.85369 14.44578 14.03688 13.6298 13.22684 12.83024 12.44219 12.06458 11.69709 11.3215 11.09351 -9999 -9999 10.89809 10.82659 10.76573 10.71831 10.68691 10.67402 10.6813 10.70509 10.70195 10.73985 10.82099 10.83563 10.86285 10.91276 10.98093 11.06095 11.14615
10.8902 10.96724 11.05111 11.14538 11.24891 11.3564 11.45443 11.54718 11.62812 11.76326 11.91818 12.06383 12.20616 12.34448 12.48703 12.63453 12.78506 12.93571 13.08333 13.22897 13.37817 13.55617 13.75701 13.96468 14.17302 14.38057 14.58753 14.7944 15.00155 15.20943 15.4184 15.62607 15.83324 15.71588 15.32965 14.93441 14.53929 14.14058 13.74105 13.34331 12.94892 12.55805 12.1669 11.77155 11.4006 11.15183 -9999 -9999 10.84967 10.75257 10.65621 10.5661 10.48429 10.4094 10.33152 10.24488 10.13775 10.14773 10.31629 10.42969 10.54045 10.64515 10.75409 10.86855 10.98574
10.71898 10.81914 10.9193 11.01946 11.11962 11.21978 11.31994 11.41835 11.50441 11.65103 11.82535 11.98862 12.15127 12.31391 12.47656 12.6392 12.80185 12.96449 13.12714 13.28929 13.44928 13.63823 13.84609 14.05271 14.25962 14.46653 14.67345 14.88036 15.08727 15.29418 15.5011 15.70816 15.90772 15.7882 15.40449 15.0098 14.61228 14.21476 13.81724 13.41972 13.0222 12.62468 12.22716 11.83203 11.48202 11.20787 11.00827 -9999 10.72254 10.58403 10.44551 10.307 10.16849 10.02997 9.891457 9.752525 9.584593 9.584908 9.799871 9.974457 10.13894 10.30343 10.46792 10.63241 10.7969
10.54001 10.64758 10.75515 10.86273 10.9703 11.07788 11.18545 11.28959 11.38561 11.54359 11.73241 11.91342 12.09307 12.27271 12.45236 12.63201 12.81166 12.99131 13.17095 13.34715 13.51283 13.71236 13.93176 14.14073 14.34688 14.55303 14.75919 14.96534 15.17149 15.37764 15.5838 15.78805 15.98026 15.85929 15.47859 15.08519 14.68551 14.28582 13.88614 13.48646 13.08677 12.68709 12.28741 11.8985 11.55958 11.259 10.99581 10.78415 10.59376 10.40337 10.21297 10.02258 9.832184 9.641789 9.451396 9.259061 9.049045 9.043571 9.290977 9.51922 9.735871 9.952522 10.16917 10.38582 10.60247
10.36103 10.47602 10.59101 10.706 10.82098 10.93597 11.05096 11.16256 11.27016 11.43943 11.64097 11.83821 12.03486 12.23151 12.42817 12.62481 12.82147 13.01812 13.21477 13.40266 13.57255 13.78255 14.01465 14.22875 14.43414 14.63954 14.84493 15.05032 15.25571 15.4611 15.6665 15.86693 16.05255 15.9304 15.55264 15.16054 14.75874 14.35689 13.95504 13.5532 13.15135 12.74951 12.34766 11.96429 11.63166 11.30419 10.98107 10.70729 10.46498 10.2227 9.980429 9.738155 9.495882 9.253608 9.011335 8.769724 8.525521 8.515598 8.790827 9.06366 9.332797 9.60161 9.870423 10.13924 10.40805
10.18206 10.30446 10.42686 10.54927 10.67167 10.79407 10.91647 11.03675 11.1565 11.33702 11.55059 11.76303 11.97666 12.19031 12.40397 12.61762 12.83127 13.04493 13.25858 13.45803 13.63215 13.85257 14.09727 14.31681 14.5214 14.72604 14.93067 15.1353 15.33993 15.54456 15.74919 15.94624 16.12595 16.00278 15.62761 15.23581 14.83196 14.42795 14.02395 13.61994 13.21593 12.81192 12.40791 12.02653 11.69718 11.34252 10.96174 10.63081 10.33619 10.04204 9.747885 9.453732 9.15958 8.865426 8.571275 8.283243 8.007441 7.993549 8.295156 8.608568 8.929723 9.250698 9.571673 9.892649 10.21362
10.00309 10.1329 10.26272 10.39253 10.52235 10.65217 10.78198 10.91126 11.04316 11.23486 11.46028 11.6878 11.91846 12.14911 12.37977 12.61043 12.84108 13.07174 13.30239 13.51583 13.69528 13.92613 14.18236 14.40482 14.60867 14.81254 15.01641 15.22028 15.42415 15.62802 15.83189 16.02711 16.20181 16.07771 15.70447 15.31132 14.90519 14.49902 14.09285 13.68668 13.28051 12.87434 12.46816 12.08388 11.75505 11.3729 10.93654 10.55367 10.20741 9.861376 9.515343 9.169311 8.823278 8.477245 8.131212 7.795925 7.488201 7.470359 7.798707 8.15354 8.526649 8.899786 9.272923 9.646061 10.0192
9.824116 9.961346 10.09857 10.2358 10.37303 10.51026 10.64749 10.78514 10.92868 11.13145 11.36901 11.6126 11.86025 12.10792 12.35557 12.60323 12.85089 13.09855 13.34621 13.57832 13.76567 14.00701 14.27233 14.49282 14.69593 14.89904 15.10215 15.30526 15.50837 15.71148 15.91459 16.11035 16.28149 16.15654 15.78403 15.38676 14.97842 14.57009 14.16175 13.75342 13.34509 12.93675 12.52842 12.13598 11.80404 11.39402 10.90478 10.47654 10.07862 -9999 9.2828 8.884888 8.486977 8.089065 7.691152 7.304051 6.96117 6.938956 7.296288 7.698261 8.123575 8.548874 8.974174 9.399473 9.824772
9.645144 9.789785 9.934429 10.07907 10.22371 10.36836 10.513 10.65784 10.81157 11.02522 11.2759 11.53739 11.80205 12.06671 12.33138 12.59604 12.8607 13.12536 13.39002 13.6464 13.84721 14.09919 14.36839 14.58084 14.78319 14.98554 15.18789 15.39024 15.59259 15.79494 15.99729 16.19606 16.36642 16.24077 15.86649 15.46215 15.05165 14.64115 14.23066 13.82016 13.40966 12.99916 12.58867 12.18426 11.84285 11.40426 10.86681 10.39963 -9999 -9999 -9999 8.600466 8.150673 7.700882 7.251091 6.806058 6.41963 6.391891 6.78381 7.24304 7.720501 8.197963 8.675423 9.152884 9.630346
9.466169 9.617552 9.769714 9.922071 10.07475 10.22646 10.37851 10.53038 10.69041 10.91449 11.181 11.46219 11.74385 12.0231 12.30193 12.58393 12.86897 13.15217 13.43383 13.7154 13.94383 14.20682 14.46671 14.66887 14.87046 15.07028 15.27036 15.47299 15.67656 15.8784 16.07999 16.28158 16.45802 16.33192 15.94976 15.53754 15.12488 14.71159 14.29749 13.88412 13.47268 13.06158 12.64892 12.23626 11.87055 11.40179 10.82697 10.32273 9.821055 -9999 -9999 -9999 7.822505 7.312701 6.81103 6.30936 5.857388 5.821063 6.262282 6.787804 7.317427 7.850235 8.386838 8.914865 9.43857
9.290443 9.448175 9.602032 9.755167 9.910984 10.07251 10.24069 10.40417 10.56471 10.79758 11.08815 11.36241 11.63461 11.9119 12.19753 12.49366 12.80195 13.12316 13.45479 13.77719 14.05691 14.33232 14.55606 14.73149 14.90961 15.10176 15.3064 15.51961 15.7369 15.95355 16.16466 16.36485 16.55647 16.43079 16.02776 15.60952 15.18803 14.7613 14.33284 13.90695 13.48792 13.07958 12.68383 12.29269 11.89017 11.38556 10.79937 10.24877 9.726718 9.23213 -9999 -9999 -9999 7.136682 6.494838 5.827427 5.274802 5.218469 5.750782 6.400267 7.081747 7.704218 8.270114 8.798819 9.313358
9.136164 9.286964 9.432096 9.576193 9.723801 9.879635 10.04888 10.23732 10.44807 10.6496 10.90444 11.16697 11.43795 11.71872 12.01078 12.31595 12.63651 12.97529 13.33584 13.72244 14.13643 14.413 14.52588 14.67784 14.86117 15.06799 15.29151 15.52574 15.76516 16.00437 16.23776 16.45916 16.66106 16.51567 16.10555 15.67743 15.23526 14.7853 14.3332 13.88433 13.44406 13.01812 12.61289 12.23573 11.89389 11.37566 10.73571 10.18849 9.70722 9.262406 -9999 -9999 -9999 7.327278 6.67067 5.881404 4.924637 4.628277 5.65828 6.524855 7.235556 7.831178 8.347616 8.816729 9.268177
9.063885 9.205509 9.342283 9.478167 9.61718 9.763266 9.919699 10.08463 10.23127 10.46517 10.76403 11.04869 11.33708 11.63311 11.93909 12.25697 12.58876 12.93634 13.30053 13.67496 14.00644 14.32827 14.57338 14.78794 15.02119 15.27362 15.54082 15.81774 16.09935 16.38055 16.65607 16.92013 17.16936 17.05801 16.59949 16.13226 15.65626 15.17362 14.68904 14.20737 13.73351 13.27231 12.82813 12.40142 11.96143 11.44282 10.96524 10.53228 10.14791 9.795872 9.453166 9.096616 8.70312 -9999 7.715322 7.096677 6.538444 6.486566 6.933024 7.53037 8.060419 8.500889 8.872524 9.201496 9.51441
9.032652 9.155481 9.277269 9.398832 9.52179 9.646475 9.76841 9.890804 10.03384 10.26162 10.561 10.88954 11.21116 11.52941 11.85142 12.17992 12.51559 12.85588 13.18931 13.51785 13.80366 14.16291 14.53936 14.8691 15.19294 15.51529 15.84356 16.17711 16.51303 16.84762 17.17724 17.50698 17.78708 17.6814 17.23388 16.71251 16.18966 15.66471 15.13865 14.61415 14.09382 13.57854 13.06289 12.54152 12.11374 11.68388 11.25201 11.01831 10.78831 10.57193 10.36273 10.14661 9.910571 9.649682 9.387753 9.154762 8.89354 8.843534 9.075319 9.212749 9.36025 9.5261 9.670811 9.793966 9.908348
9.014107 9.111773 9.209438 9.307104 9.404772 9.502439 9.600105 9.700764 9.845558 10.06396 10.34451 10.67291 11.00723 11.34155 11.67588 12.01019 12.34452 12.67884 13.01316 13.34241 13.61403 14.01344 14.47944 14.8869 15.28858 15.69025 16.09192 16.49359 16.89527 17.29694 17.69861 18.0941 18.37755 18.27953 17.84692 17.28675 16.7082 16.12965 15.55109 14.97254 14.39399 13.81544 13.23689 12.66595 12.34346 11.9899 11.59368 11.51176 11.48883 11.4659 11.44297 11.42004 11.39711 11.37418 11.35125 11.32619 11.14204 11.07304 11.20186 11.10827 10.96356 10.81884 10.67413 10.52941 10.3847
8.994158 9.067099 9.140039 9.21298 9.285921 9.35886 9.431801 9.518526 9.659037 9.867374 10.13455 10.45628 10.79638 11.13649 11.47659 11.8167 12.1568 12.4969 12.837 13.16302 13.44077 13.88087 14.41692 14.90471 15.37832 15.85193 16.32553 16.79915 17.27276 17.74637 18.21997 18.66171 18.9588 18.8691 18.43951 17.86099 17.22526 16.58953 15.9538 15.31807 14.68234 14.04661 13.41088 12.83494 12.60215 12.32137 11.98274 12.00521 12.19229 12.37938 12.56646 12.75355 12.94063 13.12771 13.31479 13.46084 13.31947 13.2285 13.27008 13.0038 12.57873 12.15366 11.72859 11.30353 10.87846
8.974211 9.022427 9.070639 9.118855 9.167067 9.215282 9.263494 9.337364 9.470192 9.668198 9.924719 10.23965 10.58554 10.93142 11.27731 11.62319 11.96908 12.31496 12.66085 12.98874 13.28014 13.76111 14.36012 14.92251 15.46806 16.0136 16.55915 17.1047 17.65025 18.19579 18.74134 19.22505 19.5435 19.46262 19.02968 18.43514 17.74233 17.04942 16.35651 15.6636 14.97069 14.27779 13.58488 13.01837 12.85631 12.64596 12.37764 12.50087 12.89576 13.29285 13.68995 14.08705 -9999 14.88124 15.27834 15.56923 15.47232 15.35989 15.31431 14.89433 14.1939 13.48848 12.78306 12.07764 11.37222
8.954266 8.977752 9.001241 9.024728 9.048214 9.071703 9.09519 9.152983 9.275467 9.462992 9.711159 10.02307 10.37469 10.72636 11.07803 11.42969 11.78136 12.13302 12.48469 12.81977 13.1281 13.64998 14.30875 14.94046 15.55779 16.17528 16.79277 17.41025 18.02774 18.64522 19.26271 19.79615 20.14316 20.07172 19.62969 19.00812 18.25939 17.50931 16.75922 16.00913 15.25905 14.50896 13.75887 13.18568 13.07579 12.93328 12.74769 13.00113 13.59922 14.20633 14.81344 -9999 16.02766 16.63477 17.24188 17.68462 17.64553 17.51404 17.37374 16.77991 15.80907 14.8233 13.83753 12.85176 11.86598
8.934319 8.933082 8.931841 8.930603 8.929364 8.928123 8.926886 8.962255 9.071327 9.248255 9.490873 9.806391 10.16384 10.52129 10.87874 11.23619 11.59364 11.95109 12.30854 12.6541 12.98076 13.54352 14.26055 14.95819 15.64754 16.33696 17.02638 17.71581 18.40523 19.09465 19.78407 20.38427 20.76922 20.70808 20.24964 19.58293 18.77646 17.96919 17.16193 16.35466 15.5474 14.74013 13.93287 13.31361 13.23098 13.15274 13.06639 13.49244 14.30268 15.11981 -9999 -9999 17.57118 18.3883 19.20543 19.83808 19.88321 19.73723 19.48654 18.67746 17.42425 16.15812 14.89199 13.62587 12.35975
8.914374 8.888407 8.862441 8.836477 8.81051 8.784545 8.758581 8.76303 8.85404 9.020252 9.261679 9.589762 9.952993 10.31622 10.67946 11.04269 11.40592 11.76915 12.13238 12.48923 12.8344 13.4379 14.2127 14.97592 15.73728 16.49864 17.26 18.02136 18.78272 19.54408 20.30544 20.99554 21.43351 21.38415 20.89768 20.15796 19.29352 18.42908 17.56464 16.70019 15.83575 14.97131 14.10686 13.38748 13.29153 13.27168 13.31125 13.97901 15.00615 16.03328 -9999 -9999 19.11469 20.14183 21.16897 22.05153 22.22996 22.07788 21.68748 20.5853 19.03942 17.49294 15.94646 14.39998 12.85351
8.894428 8.843734 8.793041 8.742351 8.691658 8.640965 8.590275 8.555321 8.619581 8.774894 9.023372 9.373131 9.742144 10.11116 10.48017 10.84919 11.2182 11.58721 11.95622 12.32289 12.6853 13.32923 14.16234 14.99372 15.82702 16.66031 17.49361 18.32691 19.16021 19.99351 20.82681 21.62848 22.14843 22.11368 21.57711 20.73221 19.81059 18.88897 17.96735 17.04572 16.12411 15.20248 14.28086 13.4143 13.22648 13.25372 13.47031 14.47246 15.70961 16.94676 -9999 -9999 20.65821 21.89536 23.13251 24.31918 24.73062 24.5891 23.99984 22.48142 20.65459 18.82776 17.00093 15.1741 13.34727
8.87448 8.803066 8.73642 8.660606 8.576304 8.497388 8.42197 8.347144 8.363943 8.507962 8.783187 9.156498 9.531294 9.908507 10.28997 10.66499 11.03359 11.40528 11.78007 12.15466 12.52974 13.21334 14.10739 15.01152 15.91676 16.82129 17.72365 18.62701 19.53537 20.44293 21.34817 22.25339 22.92516 22.91173 22.27232 21.30645 20.32765 19.34693 18.36393 17.38679 16.41185 15.43366 14.45485 13.47606 13.01027 13.05793 13.57362 14.96591 16.41307 17.85914 19.29932 20.74206 22.19521 23.64889 25.09605 26.54322 27.42169 27.33074 26.39875 24.37694 22.26976 20.16118 18.04847 15.94355 13.84068
9.032326 9.006192 8.940786 8.835155 8.691345 8.514243 8.317123 8.15352 8.08648 8.217895 8.559291 8.992064 9.451178 9.887105 10.29216 10.667 11.01476 11.34038 11.65351 11.98467 12.36518 13.08574 14.05215 15.03665 16.00838 16.95238 17.88202 18.81532 19.77063 20.76431 21.80353 22.84672 23.75856 23.78998 22.91667 21.82514 20.71657 19.65304 18.63162 17.63739 16.65269 15.6595 14.64151 13.5944 12.67102 12.64557 13.80218 15.45541 17.07653 18.66146 20.23376 21.82089 23.44994 25.14482 26.91635 28.71025 30.26363 30.36427 28.66 26.20519 23.7049 21.28207 18.9319 16.62439 14.3243
9.570316 9.53768 9.449018 9.308704 9.119307 8.881722 8.595355 8.258924 7.882671 7.987282 8.604392 9.165408 9.666206 10.11519 10.51961 10.8851 11.21589 11.5151 11.78492 12.02719 12.24849 12.95475 14.09245 15.13983 16.11498 17.04568 17.95722 18.8734 19.81785 20.8154 21.89344 23.08262 24.4052 24.60858 23.21966 21.95615 20.80947 19.74932 18.74854 17.78278 16.82925 15.86541 14.86762 13.80993 12.66513 12.21576 14.13285 15.93504 17.64697 19.30811 20.95446 22.62013 24.33932 26.14832 28.08748 30.20248 32.53246 33.49968 30.35455 27.4026 24.66816 22.09191 19.61987 17.20327 14.79607
10.42404 10.34232 10.21061 10.03139 9.807051 9.539896 9.234242 8.907976 8.682104 8.754896 9.145288 9.628089 10.0814 10.49313 10.86524 11.20158 11.50599 11.78222 12.0351 12.27648 12.57181 13.25128 14.17864 15.11812 16.0072 16.85782 17.69103 18.52852 19.39201 20.30328 21.28249 22.335 23.33084 23.44114 22.53262 21.48043 20.49691 19.58506 18.72635 17.89981 17.08454 16.25961 15.40405 14.49956 13.5673 13.49216 15.13014 16.96879 18.73934 20.46437 22.17541 23.90413 25.68216 27.54134 29.51146 31.60305 33.64069 34.04749 31.70341 28.84987 26.1123 23.50406 20.98863 18.52402 16.06808
11.62217 11.44455 11.2483 11.02569 10.77816 10.51571 10.26952 10.04898 9.911205 9.932698 10.13572 10.43075 10.74561 11.07297 11.38636 11.68015 11.95609 12.22151 12.49592 12.79094 13.06343 13.62982 14.37654 15.09791 15.8184 16.53111 17.23534 17.94203 18.66314 19.40454 20.14752 20.86884 21.47416 21.55135 21.12578 20.49656 19.84865 19.19465 18.56156 17.94612 17.33694 16.72143 16.09236 15.46279 15.17922 15.50598 16.45791 18.23004 -9999 21.74728 23.48632 25.23471 27.01094 28.82362 30.64587 32.42122 33.80389 33.79728 32.42387 29.97132 27.49078 24.99513 22.53321 20.0984 17.66861
13.1516 12.88025 12.60889 12.33754 12.06618 11.79483 11.52347 11.26271 11.14079 11.10785 11.19218 11.42021 11.6623 11.90439 12.14648 12.38857 12.63066 12.87275 13.11484 13.35256 13.51988 13.96696 14.57839 15.11319 15.63918 16.16518 16.69118 17.21717 17.74317 18.26917 18.79516 19.31541 19.68731 19.78685 19.63491 19.30529 18.94912 18.59294 18.23676 17.88059 17.52441 17.16823 16.81205 16.47042 16.81545 17.32121 17.95113 19.48179 -9999 -9999 24.57104 26.26747 27.96388 29.6603 31.35672 33.04092 33.90189 33.81407 32.87061 30.79364 28.48625 26.17886 23.87147 21.56408 19.25668
14.71043 14.38826 14.06609 13.74393 13.42176 13.09959 12.77742 12.49381 12.35524 12.26721 12.26532 12.40966 12.59882 12.78798 12.97713 13.16629 13.35545 13.5446 13.73376 13.8978 13.95395 14.28068 14.75976 15.12847 15.4591 15.78972 16.12035 16.45097 16.7816 17.11222 17.44285 17.7582 17.99149 18.12409 18.16202 18.11403 18.0309 17.94777 17.86463 17.7815 17.69836 17.61523 17.53209 17.56247 18.30736 18.94761 19.46068 20.73354 -9999 23.97142 25.59035 27.20929 28.82823 30.44717 32.06612 33.5584 34.17415 34.07204 33.31458 31.61596 29.46105 27.30613 25.15121 22.9963 20.84138
