Spatial_Analysis/Downscaled_EnvironmentalLayers/RCP8_5/2080/speed_future85.asc
ncols         639
nrows         313
xllcorner     -103
yllcorner     4.021
cellsize      0.083
NODATA_value  -9999
[rows 87 to 115 of 313, columns 260 to 324 of 639]
-9999 -9999 -9999 -9999 -9999 -9999 -9999 -9999 -9999 -9999 -9999 -9999 -9999 -9999 -9999 -9999 -9999 -9999 -9999 -9999 -9999 9.028416 -9999 8.462354 8.590969 8.713562 8.833164 8.952766 9.07237 9.191972 9.311574 9.431177 9.550779 9.670432 9.82859 10.03331 10.26217 10.55419 10.86417 11.17415 11.48413 11.79411 12.10409 12.41407 12.72405 13.03403 13.32782 13.55803 13.67355 13.75718 13.82947 13.90176 13.97405 14.04634 14.11863 14.19092 14.26322 14.33551 14.41797 14.40835 14.02346 13.6597 13.30395 12.9482 12.59245
-9999 -9999 -9999 -9999 -9999 -9999 -9999 -9999 -9999 -9999 -9999 -9999 -9999 -9999 -9999 -9999 -9999 -9999 -9999 -9999 -9999 -9999 9.003367 8.845765 -9999 9.014626 9.089112 9.158146 9.229926 9.306132 9.385589 9.466234 9.54601 9.622571 9.712875 9.884119 10.14309 10.46342 10.78687 11.11101 11.4348 11.75773 12.07922 12.39922 12.71943 13.04196 13.36065 13.61504 13.74062 13.84157 13.94222 14.04456 14.14526 14.24405 14.34151 14.43866 14.53704 14.63676 14.73756 14.73196 14.32921 13.93639 13.54513 13.15656 12.76859
-9999 -9999 -9999 -9999 -9999 -9999 -9999 -9999 -9999 -9999 -9999 -9999 -9999 -9999 -9999 -9999 -9999 -9999 -9999 -9999 -9999 -9999 -9999 9.240833 9.281273 9.280305 9.285666 9.305193 9.336933 9.377715 9.424246 9.473256 9.521476 9.565844 9.607145 9.72684 10.04081 10.38052 10.72009 11.06038 11.4004 11.739 12.07499 12.40722 12.73464 13.05723 13.38456 13.66541 13.80193 13.94283 14.07933 14.21016 14.33622 14.4587 14.5788 14.6977 14.81668 14.93736 15.06429 15.06807 14.64294 14.22219 13.80561 13.39173 12.97773
-9999 -9999 -9999 -9999 -9999 -9999 -9999 -9999 -9999 -9999 -9999 -9999 -9999 -9999 -9999 -9999 -9999 -9999 -9999 -9999 -9999 -9999 -9999 -9999 9.566681 9.514963 9.48737 9.47869 9.484155 9.499617 9.521352 9.545835 9.569541 -9999 -9999 -9999 -9999 10.37224 10.71546 11.05973 11.40374 11.7462 12.08583 12.42121 12.75077 13.0727 13.38536 13.66334 13.83902 14.00507 14.16197 14.31173 14.45608 14.59649 14.7343 14.87075 15.00704 15.14448 15.28468 15.30956 14.86882 14.43023 13.99783 13.56828 13.13848
-9999 -9999 -9999 -9999 -9999 -9999 -9999 -9999 -9999 -9999 -9999 -9999 -9999 -9999 -9999 -9999 -9999 -9999 -9999 -9999 -9999 -9999 -9999 -9999 -9999 10.13461 10.12199 10.1165 10.12042 10.132 10.14857 10.16723 10.18508 10.20007 10.21163 10.30437 10.5281 10.78898 -9999 -9999 11.57265 11.83249 12.0901 12.3446 12.59578 12.84634 13.10402 13.32894 13.471 13.61381 13.76007 13.90284 14.04177 14.17762 14.31141 14.44426 14.57753 14.71333 14.85254 14.86562 14.46454 14.05453 13.64905 13.24605 12.84315
-9999 -9999 -9999 -9999 -9999 -9999 -9999 -9999 -9999 -9999 -9999 -9999 -9999 -9999 -9999 -9999 -9999 -9999 -9999 -9999 -9999 -9999 -9999 -9999 -9999 -9999 -9999 -9999 -9999 -9999 -9999 -9999 -9999 -9999 10.8268 10.90989 11.0405 11.21523 11.39504 -9999 -9999 11.93535 12.11464 12.29406 12.47391 12.65373 12.83291 12.99798 13.12998 13.25918 13.38783 13.51669 13.64603 13.77463 13.90266 14.03101 14.15971 14.28836 14.41373 14.42379 14.06735 13.69702 13.32395 12.95105 12.57913
-9999 -9999 -9999 -9999 -9999 -9999 -9999 -9999 -9999 -9999 -9999 -9999 -9999 -9999 -9999 -9999 -9999 -9999 -9999 -9999 -9999 -9999 -9999 -9999 -9999 -9999 -9999 -9999 -9999 -9999 -9999 -9999 -9999 -9999 -9999 -9999 11.5563 11.64477 11.7468 11.84883 11.95086 -9999 12.15492 12.25695 12.35898 12.46104 12.56292 12.66947 12.78959 12.90921 13.02835 13.14749 13.26663 13.38577 13.50491 13.62405 13.7432 13.86232 13.97396 13.98381 13.66894 13.34221 13.0088 12.67539 12.34198
-9999 -9999 -9999 -9999 -9999 -9999 -9999 -9999 -9999 -9999 -9999 10.67457 -9999 -9999 -9999 -9999 -9999 -9999 -9999 -9999 -9999 -9999 -9999 -9999 -9999 -9999 -9999 -9999 -9999 -9999 -9999 -9999 -9999 -9999 -9999 -9999 -9999 -9999 12.09856 12.12281 12.14705 -9999 -9999 12.2198 12.24405 12.26851 12.29412 12.34249 12.45028 12.55921 12.66887 12.7785 12.88814 12.99777 13.10741 13.21704 13.32668 13.43557 13.53508 13.54553 13.27135 12.98694 12.69365 12.39989 12.10613
11.29797 11.17406 11.10641 11.0397 -9999 -9999 -9999 -9999 -9999 -9999 10.54452 10.55574 -9999 -9999 -9999 -9999 -9999 -9999 -9999 -9999 -9999 -9999 -9999 -9999 -9999 -9999 -9999 -9999 -9999 -9999 -9999 -9999 -9999 -9999 -9999 -9999 -9999 -9999 -9999 -9999 -9999 12.28971 -9999 -9999 -9999 12.07621 12.02593 12.01623 12.11156 12.20938 12.30939 12.40952 12.50965 12.60977 12.7099 12.81003 12.91016 13.00874 13.09746 13.10889 12.87498 12.63149 12.3785 12.12439 11.87029
11.18018 11.05368 10.98283 10.91337 10.84391 10.77445 10.70499 10.63553 10.56608 10.49267 10.40794 10.44117 -9999 -9999 -9999 -9999 -9999 -9999 -9999 -9999 -9999 -9999 -9999 -9999 -9999 -9999 -9999 -9999 -9999 -9999 -9999 -9999 -9999 -9999 -9999 -9999 -9999 -9999 -9999 -9999 -9999 12.40813 12.27681 -9999 -9999 -9999 11.75772 11.68996 11.77285 11.85958 11.94991 12.04053 12.13115 12.22178 12.3124 12.40302 12.49364 12.58246 12.66123 12.67386 12.47995 12.2765 12.06334 11.84889 11.63444
11.05368 10.93182 10.85924 10.78704 10.71483 10.64263 10.57043 10.49823 10.42602 10.35214 10.2727 10.32803 10.57493 10.81648 -9999 -9999 -9999 -9999 -9999 -9999 -9999 -9999 -9999 -9999 -9999 -9999 -9999 -9999 -9999 -9999 -9999 -9999 -9999 -9999 -9999 -9999 -9999 -9999 -9999 -9999 -9999 -9999 12.31744 12.10834 11.89925 11.69123 -9999 11.36294 11.43352 11.50958 11.59043 11.67155 11.75266 11.83378 11.91489 11.99601 12.07712 12.15685 12.22645 12.24051 12.08634 11.92208 11.74819 11.57339 11.39859
10.92011 10.8106 10.73565 10.66071 10.58576 10.51081 10.43587 10.36092 10.28597 10.21092 10.13623 10.21355 10.50426 10.79546 11.08729 11.37912 -9999 -9999 -9999 -9999 -9999 -9999 -9999 -9999 -9999 -9999 -9999 -9999 -9999 -9999 -9999 -9999 -9999 -9999 -9999 -9999 -9999 -9999 -9999 -9999 -9999 -9999 -9999 -9999 11.78431 11.49802 11.21865 -9999 11.09302 11.15937 11.23095 11.30256 11.37417 11.44578 11.51739 11.58899 11.6606 11.73171 11.79318 11.80895 11.69417 11.56798 11.43304 11.29789 11.16275
10.78254 10.68976 10.61207 10.53438 10.45669 10.37899 10.3013 10.22361 10.14592 10.06826 9.99596 10.09481 10.43061 10.77441 11.12037 11.46632 11.81228 -9999 12.50419 -9999 -9999 -9999 -9999 -9999 -9999 -9999 -9999 -9999 -9999 -9999 -9999 -9999 -9999 -9999 -9999 -9999 -9999 -9999 -9999 -9999 -9999 -9999 -9999 -9999 -9999 -9999 -9999 -9999 -9999 10.80937 10.87147 10.93358 10.99568 11.05778 11.11988 11.18198 11.24409 11.30619 11.36137 11.37937 11.30333 11.21338 11.11789 11.02239 10.9269
10.64965 10.56892 10.48825 10.40614 10.32507 10.24527 10.16599 10.08631 10.00587 9.925432 9.849651 9.968649 10.35364 10.75336 11.15316 11.5531 11.95272 12.35232 12.75254 13.15364 13.55402 13.95402 -9999 -9999 -9999 -9999 -9999 -9999 -9999 -9999 -9999 -9999 -9999 -9999 -9999 -9999 -9999 -9999 -9999 -9999 -9999 -9999 -9999 -9999 -9999 -9999 -9999 -9999 10.40756 -9999 -9999 10.55556 10.60127 10.65169 10.70753 10.76762 10.82724 10.88016 10.93052 10.95203 10.9131 10.85858 10.80244 10.74427 10.68851
10.53129 10.43789 10.34743 10.26254 10.182 10.10416 10.02726 9.949575 9.869408 9.785362 9.699458 9.831766 10.27769 10.73449 11.1891 11.64079 12.09078 12.54053 12.99153 13.44526 13.903 14.36471 14.82019 15.13648 15.22441 -9999 -9999 -9999 15.54597 15.63565 15.73349 15.84159 15.96159 -9999 -9999 -9999 -9999 -9999 -9999 -9999 -9999 -9999 -9999 -9999 -9999 -9999 -9999 -9999 -9999 10.0773 10.08756 10.10647 -9999 10.17471 10.22408 10.28351 10.35262 10.42921 10.49723 10.52731 10.51981 10.48532 10.45736 10.44281 10.438
10.35159 10.25466 10.16796 10.08877 10.01469 9.943624 9.873609 9.802721 9.728953 9.650095 9.563658 9.695116 10.20405 10.7067 11.2034 11.69624 12.18707 12.6776 13.16953 13.66461 14.16477 14.6722 15.1891 15.52697 15.60076 15.67668 15.75305 15.832 15.91558 16.00592 16.10532 16.21643 16.3424 16.48699 -9999 -9999 -9999 -9999 -9999 -9999 -9999 -9999 -9999 -9999 -9999 -9999 -9999 -9999 -9999 -9999 9.632 -9999 -9999 -9999 9.728714 9.781539 9.846336 9.924086 10.01591 10.10349 10.08776 10.08723 10.1121 10.15492 10.2091
9.925299 9.868173 9.80792 9.751348 9.698418 9.64786 9.598156 9.547756 9.495244 9.440025 9.38681 9.546425 10.00208 10.47267 10.94382 11.41297 11.88071 12.34826 12.81692 13.28791 13.7619 14.23661 14.70587 15.04244 15.14705 15.25336 15.35386 15.45476 15.55885 15.66833 15.78513 15.91079 16.04553 16.18318 -9999 -9999 -9999 -9999 -9999 -9999 -9999 -9999 -9999 -9999 -9999 -9999 -9999 -9999 -9999 -9999 -9999 -9999 -9999 -9999 -9999 9.757919 9.810951 9.866148 9.903502 9.944105 10.01587 10.08427 10.14664 10.21741 10.2958
9.478684 9.450114 9.424015 9.397779 9.371214 9.345184 9.319445 9.293518 9.267424 9.241325 9.226364 9.395444 9.810139 10.24938 10.69046 11.13135 11.5723 12.01336 12.45471 12.89597 13.33695 13.77803 14.22493 14.55204 14.65878 14.78212 14.90727 15.03144 15.15444 15.27891 15.40568 15.53305 15.65818 15.78333 15.89562 -9999 -9999 -9999 -9999 -9999 -9999 -9999 -9999 -9999 -9999 -9999 -9999 -9999 -9999 -9999 -9999 -9999 -9999 -9999 9.631826 -9999 -9999 -9999 9.748213 9.803825 9.900343 10.01452 10.13152 10.24776 10.36315
9.041689 9.028912 9.030695 9.032476 9.03426 9.036043 9.037827 9.03961 9.041393 9.044003 9.063883 9.238577 9.621641 10.02629 10.43807 10.84985 11.26163 11.67341 12.08519 12.49697 12.90874 13.32098 13.74598 14.06056 14.17288 14.30177 14.43666 14.57154 14.70643 14.84132 14.9762 15.11109 15.24598 15.38012 15.49097 -9999 -9999 -9999 -9999 -9999 -9999 -9999 -9999 -9999 -9999 -9999 -9999 -9999 -9999 -9999 -9999 -9999 -9999 -9999 -9999 -9999 -9999 -9999 9.604202 -9999 -9999 -9999 10.09298 10.25221 10.41136
8.602324 8.607706 8.637373 8.667038 8.696703 8.726368 8.756033 8.785698 8.815363 8.848127 8.897678 9.076937 9.431499 9.803221 10.18568 10.56816 10.95063 11.33311 11.71559 12.09807 12.48054 12.86582 13.26648 13.56769 13.6867 13.82141 13.96604 14.11066 14.25528 14.39991 14.54453 14.68915 14.83377 14.97441 15.08949 -9999 -9999 -9999 -9999 -9999 -9999 -9999 -9999 -9999 -9999 -9999 -9999 -9999 -9999 -9999 -9999 -9999 -9999 -9999 -9999 -9999 -9999 -9999 -9999 -9999 -9999 -9999 -9999 -9999 10.44853
8.15762 8.186893 8.24405 8.301598 8.359144 8.416691 8.474239 8.531786 8.589333 8.651332 8.728197 8.911587 9.238946 9.580458 9.933288 10.28646 10.63964 10.99282 11.34599 11.69917 12.05234 12.41071 12.78554 13.07302 13.19934 13.34129 13.49542 13.64978 13.80414 13.9585 14.11286 14.26721 14.42157 14.56931 14.69161 -9999 -9999 -9999 -9999 -9999 -9999 -9999 -9999 -9999 -9999 -9999 -9999 -9999 -9999 -9999 -9999 -9999 -9999 -9999 -9999 -9999 -9999 -9999 -9999 -9999 -9999 -9999 -9999 -9999 -9999
7.707781 7.765957 7.850729 7.936158 8.021587 8.107016 8.192444 8.277874 8.363302 8.453178 8.556145 8.743444 9.044289 9.357448 9.680898 10.00477 10.32865 10.65252 10.97639 11.30027 11.62414 11.95456 12.30254 12.57611 12.71028 12.86095 13.02481 13.1889 13.35299 13.51709 13.68118 13.84527 14.00937 14.16603 14.29738 14.2467 -9999 -9999 -9999 -9999 -9999 -9999 -9999 -9999 -9999 -9999 -9999 -9999 -9999 -9999 -9999 -9999 -9999 -9999 -9999 -9999 -9999 -9999 -9999 -9999 -9999 -9999 -9999 -9999 -9999
7.253811 7.34431 7.457407 7.570718 7.684029 7.79734 7.91065 8.023961 8.137272 8.253929 8.382241 8.573318 8.848097 9.134089 9.428507 9.72308 10.01765 10.31222 10.60679 10.90137 11.19594 11.49679 11.81692 12.07641 12.21911 12.38024 12.55419 12.72802 12.90185 13.07568 13.24951 13.42334 13.59716 13.76482 13.90683 13.86983 13.47833 13.0622 -9999 -9999 -9999 -9999 -9999 -9999 -9999 -9999 -9999 -9999 -9999 -9999 -9999 -9999 -9999 -9999 -9999 -9999 -9999 -9999 -9999 -9999 -9999 -9999 -9999 -9999 -9999
6.797055 6.922893 7.064086 7.205278 7.346471 7.487664 7.628857 7.770049 7.911242 8.054122 8.207185 8.401951 8.651042 8.910845 9.176116 9.441386 9.706656 9.971926 10.2372 10.50247 10.76774 11.03717 11.32804 11.57333 11.72564 11.89994 12.08358 12.26714 12.4507 12.63427 12.81783 13.0014 13.18496 13.3653 13.51998 13.49708 13.12571 12.72687 12.31161 -9999 -9999 -9999 -9999 -9999 -9999 -9999 -9999 -9999 -9999 -9999 -9999 -9999 -9999 -9999 -9999 -9999 -9999 -9999 -9999 -9999 -9999 -9999 -9999 -9999 -9999
6.33931 6.501689 6.670764 6.839839 7.008914 7.177988 7.347062 7.516138 7.685212 7.854533 8.031687 8.230068 8.453939 8.687757 8.923725 9.159695 9.395662 9.631631 9.867599 10.10357 10.33954 10.57629 10.83525 11.06614 11.2302 11.41966 11.61296 11.80626 11.99956 12.19286 12.38616 12.57946 12.77276 12.96585 13.1368 13.12869 12.7756 12.39079 11.99726 11.60374 -9999 -9999 -9999 -9999 -9999 -9999 -9999 -9999 -9999 -9999 -9999 -9999 -9999 -9999 -9999 -9999 -9999 -9999 -9999 -9999 -9999 -9999 -9999 -9999 -9999
5.883876 6.080486 6.279551 6.483994 6.686477 6.884139 7.076453 7.265447 7.459182 7.656138 7.856535 8.058442 8.258033 8.464668 8.673735 8.889065 9.101469 9.308203 9.509388 9.707685 9.911334 10.118 10.338 10.55405 10.73551 10.93931 11.14442 11.35873 11.57241 11.77954 11.97743 12.16729 12.36056 12.56359 12.75665 12.76503 12.4256 12.05476 11.68437 11.3294 10.97319 10.60601 10.2262 9.837244 9.451912 9.080028 8.713531 8.469584 8.502319 8.560973 -9999 -9999 -9999 -9999 -9999 -9999 -9999 -9999 -9999 -9999 -9999 -9999 -9999 -9999 -9999
5.439852 5.69546 5.949882 6.197083 6.4353 6.663533 6.880912 7.086688 7.280929 7.468554 7.682896 7.888085 8.070415 8.286671 8.498075 8.698158 8.88623 9.062611 9.227764 9.382272 9.527481 9.66904 9.837866 10.03702 10.25102 10.50527 10.76449 11.01899 11.26347 11.49363 11.70544 11.89499 12.05946 12.20243 12.37389 12.40637 12.07027 11.79099 11.5206 11.22882 10.91166 10.56907 10.20162 9.810097 9.396222 8.966993 8.567331 8.330061 8.387975 8.507504 8.62436 -9999 -9999 -9999 -9999 -9999 -9999 -9999 -9999 -9999 -9999 -9999 -9999 -9999 -9999
5.104863 5.406768 5.697948 5.978566 6.24844 6.507017 6.753335 6.985971 7.202942 7.4016 7.578989 7.776868 8.005529 8.212525 8.401327 8.574219 8.732826 8.878206 9.01091 9.131024 9.238171 9.331491 9.410057 9.584175 9.890455 10.19275 10.49004 10.77861 11.05482 11.31474 11.55398 11.76738 11.94868 12.09018 12.18268 12.12954 11.97571 11.7888 11.56232 11.301 11.00833 10.68655 10.3368 9.959198 9.552866 9.115837 8.64532 8.281686 8.492257 8.661757 8.781061 8.862791 -9999 -9999 -9999 -9999 -9999 -9999 -9999 -9999 -9999 -9999 -9999 -9999 -9999
5.043082 5.308068 5.578174 5.843009 6.099871 6.347503 6.585085 6.81226 7.030303 7.24868 7.492935 7.690181 7.818499 7.969466 8.125183 8.272249 8.408617 8.53417 8.649324 8.754955 8.853423 8.954288 9.083118 9.269959 9.524604 9.823771 10.13639 10.44666 10.74823 11.03663 11.308 11.55918 11.78934 12.00878 12.26915 12.36292 12.10683 11.85426 11.63403 11.4003 11.14464 10.86564 10.56359 10.23962 9.896999 9.548069 9.24299 9.040834 9.060414 9.110323 9.185252 9.249754 -9999 -9999 -9999 -9999 -9999 -9999 -9999 -9999 -9999 -9999 -9999 -9999 -9999
