Spatial_Analysis/Downscaled_EnvironmentalLayers/RCP8_5/2080/speed_future85.asc
ncols         639
nrows         313
xllcorner     -103
yllcorner     4.021
cellsize      0.083
NODATA_value  -9999
[rows 145 to 173 of 313, columns 0 to 64 of 639]
6.283575 6.270017 6.256458 6.2429 6.229411 6.216391 6.156742 6.040264 5.916193 5.783558 -9999 5.486646 5.319465 5.137418 -9999 -9999 -9999 -9999 -9999 -9999 -9999 -9999 -9999 -9999 -9999 -9999 -9999 -9999 -9999 -9999 -9999 -9999 -9999 -9999 -9999 -9999 -9999 -9999 -9999 -9999 -9999 -9999 -9999 -9999 -9999 -9999 -9999 -9999 -9999 -9999 -9999 -9999 -9999 -9999 -9999 -9999 -9999 -9999 -9999 -9999 -9999 -9999 -9999 -9999 -9999
6.098748 6.084289 6.069831 6.055374 6.040885 6.026479 5.964575 5.845983 5.721146 5.589503 5.450247 5.302614 5.145733 4.978611 4.800108 -9999 -9999 -9999 -9999 -9999 -9999 -9999 -9999 -9999 -9999 -9999 -9999 -9999 -9999 -9999 -9999 -9999 -9999 -9999 -9999 -9999 -9999 -9999 -9999 -9999 -9999 -9999 -9999 -9999 -9999 -9999 -9999 -9999 -9999 -9999 -9999 -9999 -9999 -9999 -9999 -9999 -9999 -9999 -9999 -9999 -9999 -9999 -9999 -9999 -9999
5.913921 5.898563 5.883204 5.867846 5.852458 5.836769 5.774147 5.656682 5.534336 5.407062 5.274559 5.136449 4.992313 4.841693 4.684079 4.518909 -9999 -9999 -9999 -9999 -9999 -9999 -9999 -9999 -9999 -9999 -9999 -9999 -9999 -9999 -9999 -9999 -9999 -9999 -9999 -9999 -9999 -9999 -9999 -9999 -9999 -9999 -9999 -9999 -9999 -9999 -9999 -9999 -9999 -9999 -9999 -9999 -9999 -9999 -9999 -9999 -9999 -9999 -9999 -9999 -9999 -9999 -9999 -9999 -9999
5.732855 5.715479 5.697173 5.68032 5.664063 5.647415 5.585638 5.47226 5.355308 5.23533 5.113742 4.989603 4.860596 4.726047 4.586539 4.444711 -9999 -9999 -9999 -9999 -9999 -9999 -9999 -9999 -9999 -9999 -9999 -9999 -9999 -9999 -9999 -9999 -9999 -9999 -9999 -9999 -9999 -9999 -9999 -9999 -9999 -9999 -9999 -9999 -9999 -9999 -9999 -9999 -9999 -9999 -9999 -9999 -9999 -9999 -9999 -9999 -9999 -9999 -9999 -9999 -9999 -9999 -9999 -9999 -9999
5.579163 5.559369 5.535633 5.508324 5.479333 5.458433 5.399235 5.292153 5.19177 5.094631 4.993747 4.887626 4.775691 4.657584 4.53307 4.402313 4.2674 4.140366 -9999 -9999 -9999 -9999 -9999 -9999 -9999 -9999 -9999 -9999 -9999 -9999 -9999 -9999 -9999 -9999 -9999 -9999 -9999 -9999 -9999 -9999 -9999 -9999 -9999 -9999 -9999 -9999 -9999 -9999 -9999 -9999 -9999 -9999 -9999 -9999 -9999 -9999 -9999 -9999 -9999 -9999 -9999 -9999 -9999 -9999 -9999
5.452304 5.431271 5.405369 5.374248 5.337341 5.293806 5.218305 5.152086 5.07968 5.001543 4.918 4.829169 4.73497 4.635127 4.529161 4.416347 4.295659 4.165689 4.108105 4.210144 -9999 -9999 -9999 -9999 -9999 -9999 -9999 -9999 -9999 -9999 -9999 -9999 -9999 -9999 -9999 -9999 -9999 -9999 -9999 -9999 -9999 -9999 -9999 -9999 -9999 -9999 -9999 -9999 -9999 -9999 -9999 -9999 -9999 -9999 -9999 -9999 -9999 -9999 -9999 -9999 -9999 -9999 -9999 -9999 -9999
5.382062 5.360786 5.335441 5.306292 5.27488 5.25092 5.201299 5.116449 5.041969 4.970611 4.89648 4.818338 4.735708 4.648276 4.555801 4.458356 4.357615 4.265487 4.249341 4.324888 4.414072 4.508153 -9999 -9999 -9999 -9999 -9999 -9999 -9999 -9999 -9999 -9999 -9999 -9999 -9999 -9999 -9999 -9999 -9999 -9999 -9999 -9999 -9999 -9999 -9999 -9999 -9999 -9999 -9999 -9999 -9999 -9999 -9999 -9999 -9999 -9999 -9999 -9999 -9999 -9999 -9999 -9999 -9999 -9999 -9999
5.342001 5.321638 5.300036 5.279736 5.26065 5.241158 5.196829 5.125315 5.052737 4.980126 4.909879 4.839873 4.768123 4.69414 4.618587 4.54444 4.471828 4.399493 4.397361 4.488915 4.580902 4.672886 4.767954 -9999 -9999 -9999 -9999 -9999 -9999 -9999 -9999 -9999 -9999 -9999 -9999 -9999 -9999 -9999 -9999 -9999 -9999 -9999 -9999 -9999 -9999 -9999 -9999 -9999 -9999 -9999 -9999 -9999 -9999 -9999 -9999 -9999 -9999 -9999 -9999 -9999 -9999 -9999 -9999 -9999 -9999
5.330163 5.310569 5.290975 5.271381 5.25178 5.231632 5.19288 5.133754 5.073872 5.013771 4.953669 4.893567 4.833466 4.773364 4.713263 4.653161 4.593099 4.533954 4.546018 4.652952 4.76101 4.869323 4.977635 5.085948 -9999 -9999 -9999 -9999 -9999 -9999 -9999 -9999 -9999 -9999 -9999 -9999 -9999 -9999 -9999 -9999 -9999 -9999 -9999 -9999 -9999 -9999 -9999 -9999 -9999 -9999 -9999 -9999 -9999 -9999 -9999 -9999 -9999 -9999 -9999 -9999 -9999 -9999 -9999 -9999 -9999
5.323331 5.303229 5.283127 5.263026 5.242894 5.222416 5.189307 5.142342 5.095006 5.047417 4.999827 4.952238 4.904649 4.857059 4.80947 4.76188 4.714559 4.66873 4.695025 4.817294 4.941119 5.065763 5.190408 5.315053 5.439698 5.564342 5.688987 -9999 -9999 -9999 -9999 -9999 -9999 -9999 -9999 -9999 -9999 -9999 -9999 -9999 -9999 -9999 -9999 -9999 -9999 -9999 -9999 -9999 -9999 -9999 -9999 -9999 -9999 -9999 -9999 -9999 -9999 -9999 -9999 -9999 -9999 -9999 -9999 -9999 -9999
5.316498 5.295889 5.27528 5.254671 5.234082 5.21341 5.185968 5.151086 5.116131 5.081063 5.045986 5.010909 4.975832 4.940754 4.905677 4.8706 4.836111 4.803598 4.844128 4.981743 5.121255 5.262205 5.403181 5.544158 5.685134 5.826111 5.967088 6.108064 6.247997 6.383477 -9999 -9999 -9999 -9999 -9999 -9999 -9999 -9999 -9999 -9999 -9999 -9999 -9999 -9999 -9999 -9999 -9999 -9999 -9999 -9999 -9999 -9999 -9999 -9999 -9999 -9999 -9999 -9999 -9999 -9999 -9999 -9999 -9999 -9999 -9999
5.309666 5.288549 5.267433 5.246316 5.225318 5.204498 5.182732 5.159909 5.137265 5.114709 5.092145 5.069579 5.047015 5.02445 5.001885 4.97932 4.957602 4.938336 4.993092 5.146098 5.301413 5.458645 5.615954 5.773263 5.930571 6.08788 6.245189 6.402497 6.558816 6.711648 6.82987 6.898732 6.972609 -9999 -9999 -9999 -9999 -9999 -9999 -9999 -9999 -9999 -9999 -9999 -9999 -9999 -9999 -9999 -9999 -9999 -9999 -9999 -9999 -9999 -9999 -9999 -9999 -9999 -9999 -9999 -9999 -9999 -9999 -9999 -9999
5.302834 5.28121 5.259585 5.237961 5.216536 5.195562 5.179473 5.168718 5.158404 5.148356 5.138303 5.128251 5.118198 5.108145 5.098092 5.088039 5.078885 5.072724 5.141681 5.310163 5.481504 5.655086 5.828727 6.002367 6.176008 6.349649 6.52329 6.69693 6.869925 7.040341 7.175218 7.258262 7.346294 7.440584 7.544177 -9999 -9999 -9999 -9999 -9999 -9999 -9999 -9999 -9999 -9999 -9999 -9999 -9999 -9999 -9999 -9999 -9999 -9999 -9999 -9999 -9999 -9999 -9999 -9999 -9999 -9999 -9999 -9999 -9999 -9999
5.296001 5.27387 5.251738 5.229607 5.20767 5.186486 5.176067 5.177424 5.179543 5.182002 5.184462 5.186921 5.189381 5.19184 5.1943 5.19676 5.199864 5.206538 5.289648 5.473763 5.661555 5.851526 6.041499 6.231472 6.421445 6.611418 6.801391 6.991364 7.181085 7.369153 7.520118 7.615561 7.715575 7.821353 7.934692 8.056362 8.187239 8.32832 -9999 -9999 -9999 -9999 -9999 -9999 -9999 -9999 -9999 -9999 -9999 -9999 -9999 -9999 -9999 -9999 -9999 -9999 -9999 -9999 -9999 -9999 -9999 -9999 -9999 -9999 -9999
5.289169 5.26653 5.243891 5.221251 5.198694 5.177149 5.172384 5.185958 5.200677 5.215649 5.230621 5.245592 5.260564 5.275536 5.290508 5.305479 5.320616 5.339556 5.43672 5.636794 5.841663 6.047967 6.254272 6.460577 6.666882 6.873187 7.079492 7.285797 7.492074 7.697681 7.864133 7.970336 8.080603 8.19587 8.316774 8.443729 8.577194 8.717672 8.865724 -9999 -9999 -9999 -9999 -9999 -9999 -9999 -9999 -9999 -9999 -9999 -9999 -9999 -9999 -9999 -9999 -9999 -9999 -9999 -9999 -9999 -9999 -9999 -9999 -9999 -9999
5.264255 5.247913 5.234778 5.212896 5.18975 5.167442 5.16828 5.19436 5.221811 5.249295 5.270823 5.288703 5.313696 5.347575 5.385133 5.414199 5.441684 5.471621 5.582589 5.799439 6.021771 6.244408 6.461385 6.673902 6.893464 7.122341 7.355581 7.58023 7.802866 8.025538 8.206789 8.322355 8.44167 8.564594 8.685559 8.804836 8.935577 9.080933 9.236161 9.387012 9.540209 9.697357 -9999 -9999 -9999 -9999 -9999 -9999 -9999 -9999 -9999 -9999 -9999 -9999 -9999 -9999 -9999 -9999 -9999 -9999 -9999 -9999 -9999 -9999 -9999
5.07744 5.07244 5.090248 5.127459 5.168501 5.157384 5.163627 5.202955 5.199758 5.173591 5.162203 5.172509 5.20608 5.26315 5.343115 5.44293 5.548213 5.603139 5.726944 5.962912 6.160848 6.331629 6.516268 6.722645 6.952854 7.207559 7.486557 7.787203 8.095568 8.352594 8.547554 8.671875 8.757656 8.812129 8.882232 8.977419 9.100491 9.252615 9.434024 9.642366 9.863485 10.03216 10.17014 10.2929 10.37058 10.41025 10.46595 10.54745 -9999 -9999 -9999 -9999 -9999 -9999 -9999 -9999 -9999 -9999 -9999 -9999 -9999 -9999 -9999 -9999 -9999
4.726276 4.725167 4.753183 4.812089 4.904889 5.035666 5.136707 5.016423 4.934346 4.888342 4.874646 4.89078 4.93544 5.008385 5.110421 5.243464 5.410684 5.6164 5.856548 5.935905 6.051455 6.202638 6.386121 6.599818 6.842812 7.115274 7.418464 7.754829 8.128176 8.543647 8.877785 8.821107 8.80055 8.817739 8.869539 8.954096 9.070799 9.220211 9.4041 9.62556 9.889235 10.20136 10.49553 10.40287 10.35261 10.34788 10.38334 10.45524 10.56133 10.70062 10.87335 -9999 -9999 -9999 -9999 -9999 -9999 -9999 -9999 -9999 -9999 -9999 -9999 -9999 -9999
4.750244 4.746876 4.768188 4.812325 4.869371 4.879468 4.885571 4.921526 4.890446 4.854238 4.838061 4.845994 4.878746 4.93641 5.018803 5.124372 5.244066 5.320361 5.43901 5.663708 5.822739 5.972933 6.142513 6.336349 6.555634 6.800881 7.072326 7.368852 7.681916 7.953134 8.142354 8.267088 8.321182 8.361677 8.422094 8.508436 8.622446 8.765074 8.936974 9.13739 9.357834 9.536325 9.662766 9.78972 9.837143 9.868058 9.922247 10.0054 10.11814 10.26014 10.4308 10.62826 -9999 -9999 -9999 -9999 -9999 -9999 -9999 -9999 -9999 -9999 -9999 -9999 -9999
4.707075 4.69439 4.689414 4.676238 4.654093 4.632799 4.631559 4.652124 4.674267 4.694654 4.700654 4.708634 4.727414 4.758406 4.797489 4.829354 4.85151 4.87579 4.971804 5.161231 5.35612 5.549773 5.728531 5.908458 6.099264 6.30284 6.515353 6.721374 6.91641 7.112183 7.278542 7.394773 7.513653 7.631571 7.733252 7.835254 7.94886 8.076578 8.214661 8.346777 8.465795 8.582814 8.704108 8.84276 8.974376 9.104858 9.218351 9.331742 9.457294 9.597315 9.747795 9.89316 10.02442 -9999 -9999 -9999 -9999 -9999 -9999 -9999 -9999 -9999 -9999 -9999 -9999
4.489832 4.468761 4.44769 4.42662 4.405617 4.385966 4.377107 4.379925 4.384352 4.389091 4.393828 4.398567 4.403306 4.408044 4.412782 4.417521 4.422358 4.431043 4.503093 4.658005 4.818028 4.979331 5.140634 5.301937 5.46324 5.624544 5.785847 5.94715 6.108468 6.271472 6.414219 6.522157 6.632586 6.743777 6.854967 6.966157 7.077348 7.188538 7.299728 7.410919 7.522079 7.629411 7.747825 7.894666 8.035763 8.175064 8.314363 8.453664 8.592964 8.732265 8.871565 9.010864 9.150145 9.270763 9.341633 -9999 -9999 -9999 -9999 -9999 -9999 -9999 -9999 -9999 -9999
4.236989 4.216992 4.196997 4.177001 4.157271 4.138807 4.122267 4.107698 4.094437 4.081759 4.06908 4.056401 4.043723 4.031044 4.018366 4.005687 3.993617 3.985358 4.033143 4.154532 4.279936 4.407506 4.535076 4.662646 4.790216 4.917787 5.045357 5.172927 5.30074 5.430495 5.549459 5.649447 5.751521 5.854882 5.958245 6.061608 6.164971 6.268334 6.371697 6.47506 6.578008 6.677286 6.793331 6.947222 7.097142 7.244496 7.391842 7.539187 7.686532 7.833878 7.981224 8.128569 8.274191 8.399498 8.481197 8.487167 8.470533 8.437674 8.404612 -9999 -9999 -9999 -9999 -9999 -9999
3.984146 3.965224 3.946303 3.927382 3.908843 3.891373 3.867128 3.835308 3.804523 3.774426 3.744331 3.714236 3.68414 3.654045 3.623949 3.593854 3.564706 3.538845 3.562249 3.65049 3.741891 3.83568 3.929518 4.023355 4.117192 4.211029 4.304866 4.398703 4.49301 4.589211 4.684324 4.776503 4.870503 4.965988 5.061523 5.157059 5.252595 5.348131 5.443666 5.539203 5.634119 5.726219 5.840083 6.000612 6.158428 6.313929 6.469319 6.624711 6.780101 6.935493 7.090884 7.246275 7.398469 7.533214 7.626907 7.642673 7.641477 7.624925 7.607315 7.589706 7.572097 -9999 -9999 -9999 -9999
3.731302 3.713456 3.69561 3.677763 3.6603 3.643733 3.611772 3.562766 3.514615 3.467094 3.419582 3.372069 3.324557 3.277045 3.229533 3.18202 3.13548 3.091703 3.090674 3.14595 3.203831 3.263855 3.323959 3.384064 3.444168 3.504272 3.564375 3.62448 3.68515 3.747636 3.818865 3.903312 3.989463 4.077094 4.164802 4.252511 4.340219 4.427927 4.515636 4.603344 4.690547 4.775844 4.887608 5.054596 5.2198 5.383361 5.546797 5.710234 5.87367 6.037107 6.200543 6.363979 6.52422 6.670549 6.776775 6.80147 6.813103 6.812174 6.810019 6.807862 6.805706 6.803549 -9999 -9999 -9999
3.478459 3.461688 3.444916 3.428144 3.411671 3.395955 3.356272 3.290117 3.224693 3.159762 3.094833 3.029904 2.964974 2.900045 2.835116 2.770187 2.706003 2.644142 2.618649 2.641064 2.665696 2.69203 2.718401 2.744772 2.771143 2.797514 2.823885 2.850256 2.877138 2.905797 2.953117 3.029895 3.108362 3.188199 3.26808 3.347961 3.427842 3.507724 3.587605 3.667486 3.747139 3.825772 3.935468 4.108849 4.281256 4.452793 4.624275 4.795756 4.967239 5.138721 5.310202 5.481684 5.651054 5.81 5.929017 5.962216 5.985424 5.999425 6.012722 6.026018 6.039315 6.052613 6.065908 6.079206 6.093953
3.225616 3.209919 3.194222 3.178526 3.162998 3.148103 3.100696 3.017417 2.934776 2.85243 2.770084 2.687738 2.605392 2.523046 2.4407 2.358354 2.276408 2.196364 2.146393 2.136012 2.127566 2.120204 2.112843 2.105482 2.098119 2.090757 2.083394 2.076033 2.068997 2.063712 2.087107 2.156283 2.227249 2.299304 2.371358 2.443413 2.515466 2.58752 2.659574 2.731628 2.80368 2.875616 2.983239 3.163032 3.342693 3.522225 3.701753 3.88128 4.060808 4.240334 4.419861 4.599389 4.778128 4.950048 5.08194 5.123487 5.157814 5.186676 5.215425 5.244174 5.272923 5.301674 5.330423 5.359173 5.388692
2.972773 2.95815 2.943529 2.928907 2.914335 2.900245 2.845114 2.744727 2.644861 2.545098 2.445335 2.345572 2.245809 2.146046 2.046283 1.94652 1.846854 1.748572 1.674121 1.630992 1.589475 1.548379 1.507285 1.466189 1.425094 1.383999 1.342904 1.301809 1.2608 1.221407 1.220851 1.282536 1.346184 1.41041 1.474637 1.538863 1.60309 1.667317 1.731543 1.795769 1.860022 1.924992 2.030483 2.216824 2.404086 2.591659 2.779231 2.966804 3.154377 3.341949 3.529521 3.717093 3.904613 4.089169 4.233838 4.28385 4.329723 4.373925 4.418128 4.46233 4.506534 4.550735 4.594938 4.639141 4.683336
2.731687 2.71279 2.692978 2.679288 2.665741 2.652446 2.589598 2.472122 2.354946 2.237766 2.124197 2.013891 1.898217 1.775887 1.652132 1.534687 1.417507 1.300973 1.202061 1.126228 1.051383 0.9765544 0.9051299 0.8376484 0.7648058 0.6848617 0.6028652 0.527586 0.4527583 0.3789172 0.3543682 0.4088001 0.4651165 0.5215154 0.5811896 0.645679 0.7046528 0.7558389 0.8042421 0.859911 0.9163108 0.9735436 1.076731 1.270036 1.465474 1.66109 1.859747 2.064063 2.262808 2.453254 2.640261 2.834798 3.030416 3.225912 3.382883 3.442022 3.50152 3.561175 3.62327 3.691047 3.753778 3.808914 3.860729 3.919108 3.978764
2.623043 2.594183 2.546594 2.483812 2.422239 2.40477 2.334232 2.199627 2.098919 2.018003 1.925339 1.814713 1.684579 1.534657 1.36557 1.180552 0.9949689 0.8537545 0.7304759 0.6218519 0.5457492 0.493329 0.4297671 0.3479104 0.2457728 0.1227384 -0.02087545 -0.1821222 -0.3460541 -0.4636226 -0.5123115 -0.4645228 -0.3837872 -0.2742133 -0.175838 -0.09703207 -0.0401516 -0.005975723 0.005706787 -0.002226353 -0.01491547 0.02127886 0.1214533 0.3231969 0.5582085 0.8273869 1.084909 1.32131 1.534234 1.723136 1.888497 2.033371 2.172095 2.359817 2.527004 2.598209 2.700848 2.839026 2.96463 3.068663 3.150023 3.209518 3.248873 3.271808 3.290355
