Spatial_Analysis/Downscaled_EnvironmentalLayers/RCP8_5/2080/sst_future85.asc
ncols         639
nrows         313
xllcorner     -103
yllcorner     4.021
cellsize      0.083
NODATA_value  -9999
[rows 87 to 115 of 313, columns 65 to 129 of 639]
29.51079 29.52834 29.58043 29.6326 29.68486 29.73719 29.78961 29.84212 29.89479 29.94773 30.00102 30.05467 30.10876 30.15588 30.17104 30.18692 30.20372 30.2217 30.24071 30.26057 30.28132 30.30321 30.32703 30.35602 30.3899 30.42344 30.42263 30.41298 30.40269 30.39157 30.37975 30.36732 30.3542 30.34005 30.32403 30.30282 30.27681 30.24981 30.24422 30.2445 30.24461 30.24472 30.24484 30.24495 30.24506 30.24518 30.24529 30.2454 30.24559 30.24609 30.24572 30.24571 30.24597 30.24623 30.24649 30.24674 30.247 30.24726 30.24752 30.24778 30.24754 30.24563 30.23948 30.23168 30.22289
29.51851 29.53615 29.58826 29.64045 29.69273 29.7451 29.79757 29.85024 29.90319 29.95648 30.01017 30.06429 30.11892 30.16668 30.18275 30.19967 30.2177 30.2369 30.25709 30.27837 30.30094 30.32519 30.35222 30.38488 30.42197 30.4597 30.45659 30.44574 30.43415 30.42219 30.40956 30.39575 30.38036 30.36294 30.34258 30.31718 30.28799 30.25704 30.25244 30.25285 30.25323 30.25366 30.25396 30.25416 30.25442 30.25485 30.25544 30.25586 30.25622 30.25677 30.25648 30.25657 30.25672 30.25649 30.2563 30.25635 30.25668 30.25721 30.25779 30.25807 30.25819 30.25669 30.25033 30.242 30.23333
29.52613 29.54386 29.59597 29.64818 29.70047 29.7529 29.80555 29.85852 29.91185 29.96557 30.01972 30.07437 30.12958 30.17804 30.19505 30.21304 30.2322 30.25232 30.27345 30.29576 30.31966 30.34596 30.37662 30.4128 30.4532 30.49653 30.4901 30.4796 30.46897 30.45731 30.44423 30.42937 30.41224 30.39194 30.36648 30.33497 30.29961 30.26349 30.26057 30.2618 30.26262 30.26282 30.26265 30.26237 30.26224 30.26249 30.26334 30.26493 30.2669 30.26753 30.26732 30.26592 30.26428 30.26317 30.26263 30.26262 30.2631 30.26402 30.26532 30.26689 30.26836 30.26792 30.26086 30.25149 30.2419
29.53265 29.55045 29.60253 29.6547 29.70706 29.75968 29.81264 29.86595 29.91965 29.97378 30.02839 30.08354 30.13931 30.18847 30.20653 30.22566 30.24568 30.26657 30.2885 30.31175 30.33684 30.36477 30.39749 30.43499 30.47836 30.52872 30.53003 30.52054 30.50978 30.49753 30.48354 30.46747 30.44875 30.42625 30.39799 30.36428 30.32423 30.27795 30.27006 30.27122 30.2713 30.27071 30.26975 30.26871 30.26786 30.26744 30.26772 30.26898 30.27151 30.2743 30.27193 30.26911 30.2672 30.26608 30.26565 30.26581 30.2665 30.26767 30.26929 30.27134 30.27379 30.27603 30.26718 30.25691 30.2473
29.53289 29.5507 29.60254 29.6546 29.70696 29.75965 29.8127 29.86613 29.91997 29.97428 30.0291 30.08453 30.14064 30.19042 30.20996 30.2303 30.25141 30.27343 30.29657 30.32118 30.34784 30.37776 30.41191 30.45025 30.49385 30.53708 30.55904 30.56672 30.55466 30.54051 30.52496 30.50741 30.48713 30.46282 30.4337 30.40052 30.36399 30.32592 30.29657 30.27749 30.27556 30.27431 30.27266 30.27088 30.26921 30.26786 30.26699 30.26654 30.26564 30.265 30.26461 30.26513 30.26476 30.26451 30.26467 30.26529 30.26632 30.26772 30.26941 30.27116 30.27225 30.27204 30.26522 30.25673 30.24764
29.53302 29.55095 29.60273 29.65482 29.70723 29.75999 29.81313 29.86667 29.92067 29.97516 30.03022 30.08594 30.14241 30.19271 30.21336 30.2347 30.25685 30.27997 30.3043 30.33023 30.35844 30.39007 30.4251 30.464 30.50714 30.54482 30.56877 30.58754 30.59745 30.58972 30.57217 30.55296 30.53122 30.50586 30.47743 30.44548 30.40939 30.37381 30.34159 30.31147 30.28733 30.2771 30.27431 30.27147 30.26863 30.26583 30.26301 30.26019 30.25758 30.25646 30.25556 30.25637 30.25773 30.25909 30.26035 30.26164 30.26306 30.26453 30.2659 30.26727 30.26844 30.26835 30.26168 30.25363 30.24518
29.53325 29.55145 29.60326 29.65538 29.70785 29.76069 29.81393 29.8676 29.92175 29.97644 30.03175 30.08772 30.14438 30.1949 30.21649 30.23881 30.26199 30.28619 30.3117 30.33894 30.36868 30.40145 30.43721 30.47644 30.51849 30.55223 30.5768 30.5985 30.6159 30.62636 30.62284 30.60271 30.57958 30.55336 30.5243 30.49191 30.45576 30.42177 30.3878 30.35383 30.32142 30.29359 30.27622 30.27149 30.26701 30.26254 30.25806 30.25359 30.24999 30.24831 30.24692 30.24742 30.24934 30.2513 30.25326 30.25521 30.25717 30.25913 30.26109 30.26304 30.26451 30.26497 30.25821 30.25043 30.24196
29.53379 29.5523 29.60413 29.6563 29.70884 29.76176 29.81509 29.86889 29.92321 29.97809 30.03354 30.0896 30.14622 30.19683 30.21935 30.24263 30.26682 30.29209 30.31876 30.3473 30.37838 30.41195 30.44828 30.48758 30.52795 30.55936 30.58418 30.60713 30.62744 30.64388 30.65407 30.65127 30.62835 30.60149 30.57189 30.53921 30.50339 30.47006 30.43459 30.39811 30.36126 30.32625 30.29495 30.27274 30.26537 30.25924 30.25311 30.24702 30.24259 30.2403 30.23842 30.23866 30.24096 30.24351 30.24606 30.24861 30.25116 30.25372 30.25627 30.2588 30.2607 30.26183 30.2549 30.24718 30.23873
29.53469 29.55351 29.60538 29.6576 29.7102 29.7632 29.81664 29.87055 29.92496 29.97988 30.03533 30.0913 30.1478 30.19849 30.22193 30.24616 30.27134 30.29767 30.32548 30.3553 30.38731 30.42156 30.45831 30.49746 30.53523 30.56612 30.59104 30.61463 30.63639 30.6556 30.67098 30.67992 30.67571 30.65024 30.62021 30.5874 30.55268 30.51891 30.48204 30.44343 30.40336 30.36379 30.32581 30.29107 30.2654 30.25595 30.24817 30.24055 30.23513 30.23217 30.22985 30.22995 30.23257 30.23572 30.23886 30.24201 30.24516 30.2483 30.25145 30.25454 30.25701 30.25887 30.25174 30.24395 30.23551
29.53597 29.55511 29.60702 29.65929 29.71194 29.76499 29.81845 29.87236 29.92675 29.98162 30.03695 30.09276 30.14912 30.19988 30.22423 30.2494 30.27556 30.30294 30.33189 30.36275 30.3955 30.43031 30.46737 30.50606 30.54129 30.57247 30.59738 30.62127 30.6438 30.6645 30.68248 30.69648 30.70452 30.69823 30.66929 30.63664 30.6032 30.56853 30.5303 30.48968 30.44686 30.40377 30.36122 30.31996 30.28178 30.25384 30.24322 30.234 30.22741 30.2237 30.221 30.22111 30.22418 30.22792 30.23167 30.23541 30.23915 30.24289 30.24663 30.2503 30.25343 30.25604 30.24869 30.24077 30.23229
29.53767 29.55713 29.60906 29.66131 29.71391 29.7669 29.8203 29.87416 29.92846 29.98316 30.03832 30.09397 30.15018 30.20099 30.22624 30.25234 30.27948 30.30789 30.33791 30.36955 30.40294 30.43828 30.47548 30.51328 30.54693 30.5784 30.60321 30.62718 30.65007 30.6715 30.69093 30.70804 30.72174 30.729 30.71894 30.68708 30.65458 30.61911 30.5795 30.53683 30.49143 30.44541 30.3993 30.3534 30.30852 30.26703 30.23846 30.22733 30.21924 30.21468 30.21165 30.21205 30.2158 30.22013 30.22447 30.22881 30.23314 30.23748 30.24181 30.2461 30.24993 30.25329 30.24572 30.23762 30.22907
-9999 29.55944 29.61125 29.66339 29.71589 29.76878 29.82212 29.87585 29.92996 29.98447 30.03944 30.09493 30.15098 30.20184 30.22798 30.255 30.28309 30.31252 30.34337 30.37572 30.40975 30.44549 30.4826 30.51893 30.55215 30.5839 30.60853 30.63244 30.65542 30.67713 30.69755 30.71654 30.73357 30.74747 30.75406 30.73877 30.70692 30.67082 30.62977 30.58484 30.53691 30.48832 30.43925 30.38978 30.34019 30.29132 30.24684 30.22058 30.21048 30.20487 30.20167 30.20275 30.20741 30.21234 30.21727 30.2222 30.22713 30.23207 30.237 30.24192 30.24646 30.2506 30.24278 30.23448 30.22584
-9999 29.56174 29.61341 29.66542 29.71781 29.77062 29.8238 29.87733 29.93122 29.98554 30.04033 30.09563 30.15152 30.20242 30.22943 30.25737 30.28641 30.3167 30.3483 30.38135 30.41592 30.45193 30.48866 30.52343 30.55695 30.58894 30.61334 30.63707 30.65992 30.68183 30.7029 30.72301 30.74201 30.75957 30.77488 30.78267 30.76022 30.72385 30.68119 30.63349 30.58323 30.5323 30.48066 30.42826 30.37512 30.32146 30.26821 30.22141 30.20112 30.19404 30.19091 30.1935 30.19902 30.20455 30.21007 30.2156 30.22113 30.22665 30.23218 30.2377 30.24301 30.2479 30.23984 30.23128 30.22262
29.54398 -9999 29.6155 29.66739 29.71967 29.7723 29.82526 29.87857 29.93225 29.98637 30.04096 30.09608 30.1518 30.20272 30.23061 30.25944 30.28936 30.32043 30.35277 30.38644 30.42147 30.45756 30.49359 30.52754 30.56129 30.5935 30.6176 30.64105 30.66374 30.6858 30.70723 30.72801 30.74817 30.76787 30.7876 30.80706 30.81311 30.77839 30.73362 30.68268 30.63036 30.57709 30.52296 30.46801 30.41214 30.35518 30.29714 30.23936 30.19243 30.18194 30.17951 30.18451 30.19064 30.19692 30.20314 30.20922 30.2152 30.22122 30.22734 30.23348 30.23954 30.24518 30.23682 30.22808 30.21939
29.54599 29.56613 -9999 29.66925 29.72135 29.77376 29.8265 29.87958 29.93305 29.98695 30.04134 30.09627 30.15181 30.20276 30.23151 30.26122 30.29194 30.32377 30.35678 30.39102 30.42637 30.46237 30.49737 30.53131 30.56519 30.59756 30.62131 30.64444 30.66704 30.68912 30.71068 30.73178 30.7526 30.77358 30.79584 30.81971 30.84241 30.83462 30.7861 30.7318 30.67644 30.62067 30.56446 30.5076 30.44977 30.39066 30.32998 30.26742 30.2048 30.16832 30.16882 30.17633 30.184 30.19109 30.19763 30.20377 30.20973 30.21571 30.22197 30.22871 30.23592 30.2424 30.2336 30.22427 30.21459
29.5465 29.56677 29.61799 -9999 29.72147 29.77367 29.82619 29.87907 29.93234 29.98605 30.04025 30.095 30.15038 30.20139 30.23104 30.26158 30.2931 30.32567 30.35934 30.39408 30.42968 30.46538 30.49978 30.53391 30.56791 30.6003 30.62358 30.6463 30.66844 30.69002 30.71107 30.73173 30.75229 30.77341 30.79638 30.82112 30.84753 30.87388 30.83371 30.77662 30.71978 30.66295 30.60589 30.54826 30.48973 30.42987 30.3682 30.30414 30.23747 30.16948 30.16366 30.17268 30.18051 30.18737 30.1935 30.19916 30.2046 30.21005 30.21581 30.22218 30.2295 30.23791 30.22758 30.21728 30.20757
-9999 29.55297 -9999 29.65584 29.70775 29.75995 29.81248 29.86536 29.91864 29.97236 30.02658 30.08138 30.13683 30.18813 30.21891 30.25056 30.28314 30.31672 30.35129 30.38675 30.42274 30.45821 30.49292 30.52749 30.56174 30.5941 30.61683 30.63911 30.66078 30.68183 30.70231 30.72235 30.7423 30.76292 30.78469 30.80731 30.83013 30.84846 30.84175 30.80676 30.75614 30.69989 30.64317 30.58586 30.52773 30.46849 30.40783 30.34554 30.28217 30.22346 30.18714 30.17672 30.17842 30.18396 30.18909 30.19388 30.1985 30.20314 30.20802 30.21325 30.21855 30.22409 30.21598 30.20918 30.20189
-9999 -9999 -9999 29.64191 29.69382 29.74601 29.79853 29.85141 29.9047 29.95845 30.01271 30.06757 30.12309 30.17463 30.20652 30.23925 30.27287 30.3074 30.34281 30.3789 30.41513 30.45057 30.48568 30.52046 30.55483 30.5872 30.60932 30.63091 30.65193 30.67233 30.69211 30.7114 30.73056 30.75024 30.77029 30.79064 30.81067 30.82613 30.82873 30.80719 30.77546 30.7334 30.67985 30.6235 30.56638 30.50836 30.44942 30.3896 30.32964 30.27466 30.22951 30.20637 30.19165 30.18467 30.18637 30.18967 30.19293 30.19621 30.19951 30.2028 30.20624 30.21163 30.20387 30.1983 30.1936
-9999 -9999 29.57613 29.62776 29.67965 29.73184 29.78436 29.83726 29.89057 29.94435 29.99867 30.05359 30.10914 30.16089 30.19388 30.22767 30.2623 30.29775 30.33393 30.37054 30.40682 30.44253 30.47791 30.51288 30.54744 30.57984 30.60136 30.62227 30.64253 30.66213 30.68107 30.69954 30.71798 30.73671 30.75559 30.77454 30.79233 30.80651 30.81248 30.7997 30.77696 30.74754 30.71 30.66103 30.60522 30.54872 30.49154 30.43374 30.37679 30.32333 30.27491 30.24305 30.21998 30.20182 30.18968 30.18622 30.1877 30.18919 30.19068 30.19216 30.19464 30.19986 30.19237 30.18738 30.18452
-9999 -9999 -9999 29.61338 29.66528 29.71747 29.77001 29.82292 29.87626 29.93009 29.98445 30.03941 30.09498 30.14695 30.18102 30.21585 30.25146 30.28779 30.32467 30.36163 30.39803 30.43407 30.46973 30.50497 30.53973 30.57219 30.59311 30.61338 30.63294 30.65179 30.66998 30.68779 30.70568 30.72362 30.74157 30.75937 30.77565 30.78906 30.79633 30.78986 30.77316 30.75123 30.72395 30.6896 30.64425 30.58922 30.5336 30.4776 30.4227 30.37009 30.32027 30.28221 30.25301 30.22778 30.2064 30.19027 30.18255 30.18217 30.18184 30.18154 30.1834 30.18837 30.18116 30.17677 30.17544
-9999 -9999 -9999 29.59882 29.65072 29.70293 29.75548 29.80841 29.86178 29.91565 29.97006 30.02505 30.08064 30.13282 30.16796 30.20382 30.24038 30.27754 30.315 30.35216 30.38892 30.42532 30.46131 30.49682 30.5318 30.56433 30.58471 30.60436 30.62327 30.64145 30.65903 30.6764 30.69375 30.71105 30.72825 30.74512 30.76045 30.77338 30.78144 30.77936 30.76733 30.75053 30.73003 30.70492 30.67309 30.62966 30.57552 30.52111 30.46755 30.41545 30.36469 30.32224 30.28803 30.25757 30.2297 30.20518 30.1857 30.1752 30.17301 30.17104 30.17214 30.17679 30.16988 30.16625 30.16636
-9999 -9999 -9999 -9999 29.63598 29.6882 29.74076 29.79372 29.84714 29.90106 29.95552 30.01054 30.06615 30.11853 30.15474 30.19162 30.2291 30.26702 30.30491 30.34244 30.37962 30.4164 30.45272 30.48853 30.52374 30.55636 30.5762 30.59528 30.61359 30.6312 30.64834 30.66534 30.68225 30.69903 30.71561 30.73179 30.74651 30.75912 30.76775 30.76874 30.76031 30.74764 30.73208 30.71343 30.69054 30.66072 30.61726 30.56422 30.51164 30.45988 30.40833 30.36262 30.32432 30.28935 30.25644 30.2257 30.19807 30.17576 30.16418 30.16049 30.16054 30.16477 30.15822 30.15553 30.15728
-9999 -9999 -9999 -9999 29.62106 29.67329 29.72588 29.77889 29.83236 29.88634 29.94086 29.99591 30.05154 30.10414 30.14141 30.17929 30.21767 30.25623 30.29458 30.33259 30.3702 30.40737 30.44403 30.48012 30.51558 30.54831 30.56764 30.58618 30.60395 30.62111 30.63792 30.65461 30.67116 30.68752 30.70361 30.71926 30.73359 30.74601 30.75511 30.75806 30.75267 30.74347 30.73174 30.71795 30.7015 30.6809 30.6524 30.60701 30.55528 30.50376 30.45147 30.40335 30.36136 30.32235 30.28524 30.24952 30.2157 30.18501 30.16053 30.14977 30.14832 30.15196 30.14585 30.14445 30.1482
-9999 -9999 -9999 -9999 -9999 29.65821 29.71086 29.76393 29.81747 29.87152 29.92609 29.98119 30.03686 30.08967 30.12802 30.16691 30.20612 30.24531 30.28418 30.32267 30.36072 30.39827 30.43526 30.47165 30.50736 30.54021 30.55904 30.57707 30.59437 30.61116 30.62777 30.64422 30.66048 30.6765 30.69219 30.70741 30.7215 30.73382 30.7433 30.74759 30.74469 30.73841 30.72977 30.7198 30.70822 30.69432 30.67607 30.64738 30.59873 30.54745 30.49441 30.44419 30.39886 30.35623 30.31546 30.27556 30.23674 30.19966 30.16598 30.14071 30.13524 30.13801 30.13248 30.13294 30.13912
-9999 -9999 -9999 -9999 -9999 29.64302 29.69573 29.74888 29.8025 29.85664 29.91128 29.96645 30.02218 30.07523 30.11467 30.15455 30.19459 30.23436 30.27375 30.31271 30.35119 30.38912 30.42645 30.46312 30.49908 30.53204 30.55039 30.56792 30.58482 30.60145 30.61791 30.63416 30.65019 30.66593 30.68129 30.69614 30.71006 30.72235 30.73213 30.7374 30.73648 30.73257 30.72656 30.71963 30.71185 30.70295 30.69202 30.67604 30.64219 30.59127 30.53739 30.48503 30.43671 30.39088 30.34678 30.30326 30.26028 30.2181 30.17752 30.14106 30.12124 30.12253 30.11787 30.12134 30.13004
-9999 -9999 -9999 -9999 -9999 29.62773 29.68053 29.73377 29.7875 29.84175 29.89649 29.95176 30.00758 30.06091 30.10149 30.14237 30.18308 30.22341 30.26331 30.30274 30.34163 30.37994 30.41759 30.45454 30.49072 30.52378 30.54162 30.55869 30.57543 30.59197 30.60832 30.62443 30.64027 30.65578 30.67087 30.6854 30.69913 30.71141 30.72143 30.72742 30.72805 30.72606 30.72226 30.71778 30.71295 30.7078 30.7021 30.69477 30.68015 30.63555 30.58058 30.52574 30.47486 30.42618 30.37904 30.33236 30.28584 30.23954 30.19368 30.14923 30.11123 30.10511 30.10204 30.1103 30.12097
-9999 -9999 -9999 -9999 -9999 -9999 29.66529 29.71865 29.77252 29.82691 29.8818 29.93722 29.9932 30.04688 30.08864 30.13031 30.1716 30.21248 30.25288 30.29276 30.33205 30.37071 30.40866 30.44585 30.48223 30.51534 30.53266 30.54955 30.56625 30.58274 30.599 30.61501 30.6307 30.64603 30.66089 30.67514 30.68859 30.70085 30.71104 30.71754 30.71938 30.71896 30.71697 30.71444 30.71187 30.70942 30.70725 30.70534 30.70272 30.68055 30.62354 30.56649 30.51332 30.46207 30.41216 30.36265 30.31315 30.26352 30.21371 30.16384 30.11482 30.08536 30.08673 30.0993 30.11189
-9999 -9999 -9999 -9999 -9999 -9999 -9999 29.7044 29.75843 29.81298 29.86803 29.9236 29.97971 30.03372 30.07632 30.11854 30.16035 30.20169 30.24252 30.28276 30.32237 30.36128 30.39943 30.43676 30.47321 30.50626 30.52337 30.54029 30.557 30.57348 30.58971 30.60564 30.62124 30.63643 30.65111 30.66514 30.67832 30.69039 30.70076 30.70784 30.71093 30.71216 30.71203 30.71137 30.71074 30.71029 30.7102 30.7107 30.71207 30.71365 30.66133 30.60102 30.54502 30.49142 30.43962 30.38864 30.3378 30.28685 30.23551 30.18351 30.13055 30.07762 30.07931 30.09628 30.11234
-9999 -9999 -9999 -9999 -9999 -9999 -9999 -9999 29.76276 29.81649 29.87021 29.92399 29.97783 30.02918 30.07101 30.11243 30.15338 30.19381 30.23366 30.27288 30.3114 30.34915 30.38607 30.42209 30.45717 30.48938 30.5069 30.52422 30.54131 30.55815 30.57472 30.59097 30.60685 30.62228 30.63715 30.65137 30.66488 30.67742 30.68817 30.69605 30.70052 30.70345 30.70518 30.70642 30.70776 30.70933 30.7113 30.71269 30.70697 30.69359 30.66198 30.61617 30.5638 30.51064 30.45887 30.40777 30.35672 30.30554 30.25405 30.20377 30.16468 30.13743 30.11632 30.11391 30.12514
