Spatial_Analysis/Downscaled_EnvironmentalLayers/RCP8_5/2080/sst_future85.asc
ncols         639
nrows         313
xllcorner     -103
yllcorner     4.021
cellsize      0.083
NODATA_value  -9999
[rows 203 to 231 of 313, columns 130 to 194 of 639]
32.34095 32.3431 32.34525 32.3474 32.34956 32.35172 32.35386 32.35593 32.35796 32.35345 32.34852 32.34355 32.3386 32.33365 32.3287 32.32375 32.3188 32.31385 32.30889 32.30332 32.297 32.29018 32.28268 32.27439 32.26593 32.25747 32.24901 32.24055 32.23209 32.22363 32.21516 32.20641 32.19729 32.19453 32.19262 32.19032 32.18794 32.18557 32.18319 32.18081 32.17843 32.17605 32.17367 32.171 32.16794 32.16586 32.16374 32.16122 32.1586 32.15598 32.15335 32.15073 32.14811 32.14548 32.14287 32.1401 32.1372 32.121 -9999 -9999 -9999 -9999 -9999 -9999 -9999
32.31708 32.31892 32.32075 32.32259 32.32442 32.32626 32.32807 32.3298 32.33144 32.32675 32.32162 32.31641 32.31121 32.306 32.3008 32.2956 32.2904 32.28519 32.27996 32.27412 32.2676 32.26055 32.25288 32.24447 32.23586 32.22724 32.21862 32.21001 32.20139 32.19278 32.18415 32.17519 32.16585 32.16307 32.16116 32.15885 32.15642 32.15398 32.15155 32.14911 32.14668 32.14425 32.1418 32.13903 32.13585 32.13304 32.13005 32.12663 32.12305 32.11948 32.11591 32.11234 32.10877 32.1052 32.10162 -9999 -9999 32.0752 32.04974 -9999 -9999 -9999 -9999 -9999 -9999
32.29321 32.29473 32.29625 32.29776 32.29928 32.3008 32.3023 32.30367 32.30494 32.30006 32.29472 32.28927 32.28381 32.27836 32.2729 32.26745 32.26199 32.25654 32.25105 32.24501 32.23832 32.23103 32.22314 32.21455 32.20578 32.19701 32.18824 32.17947 32.17069 32.16192 32.15314 32.14401 32.13448 32.13167 32.12974 32.12738 32.12489 32.1224 32.11991 32.11742 32.11493 32.11244 32.10994 32.1071 32.10382 32.10029 32.09639 32.09202 32.0875 32.08298 32.07847 32.07395 32.06944 32.06491 32.06039 -9999 -9999 32.02975 32.00177 -9999 -9999 -9999 -9999 -9999 -9999
32.26935 32.27055 32.27174 32.27294 32.27414 32.27534 32.27653 32.27757 32.27847 32.27339 32.26783 32.26213 32.25642 32.25071 32.245 32.2393 32.23359 32.22787 32.22216 32.21598 32.20913 32.20161 32.19344 32.18463 32.1757 32.16678 32.15785 32.14892 32.13999 32.13107 32.12214 32.1129 32.10317 32.10034 32.09836 32.0959 32.09336 32.09081 32.08827 32.08572 32.08318 32.08064 32.07809 32.07524 32.07188 32.06761 32.06277 32.05742 32.05196 32.04649 32.04102 32.03556 32.03009 32.02463 32.01917 -9999 -9999 -9999 -9999 -9999 -9999 -9999 -9999 -9999 -9999
32.24548 32.24636 32.24724 32.24812 32.249 32.24988 32.25076 32.25151 32.25203 32.24677 32.24095 32.23499 32.22903 32.22306 32.2171 32.21114 32.20518 32.19922 32.19325 32.187 32.18003 32.17225 32.16376 32.15471 32.14563 32.13654 32.12746 32.11838 32.1093 32.10022 32.09113 32.08184 32.07196 32.06909 32.067 32.06443 32.06183 32.05923 32.05663 32.05403 32.05143 32.04883 32.04623 32.04344 32.04003 32.03503 32.02919 32.02282 32.01641 32.00999 32.00358 31.99717 31.99076 31.98434 31.97793 31.9714 31.96449 -9999 -9999 -9999 -9999 -9999 -9999 -9999 -9999
32.22161 32.22215 32.22269 32.22327 32.22386 32.22443 32.22498 32.22549 32.22567 32.22019 32.21406 32.20785 32.20163 32.1954 32.18915 32.18295 32.17677 32.17056 32.16434 32.15804 32.151 32.14294 32.13403 32.12479 32.11555 32.1063 32.09703 32.0878 32.0786 32.06936 32.06012 32.05082 32.04086 32.03793 32.03561 32.03296 32.0303 32.02764 32.02496 32.0223 32.01968 32.01703 32.01437 32.01167 32.0083 32.00254 31.99558 31.98822 31.98086 31.97349 31.96612 31.95876 31.95141 31.94406 31.93669 31.92931 31.92149 31.89565 -9999 -9999 -9999 -9999 -9999 -9999 -9999
32.19687 32.19677 32.19685 32.19712 32.19761 32.19828 32.19905 32.19946 32.19941 32.19364 32.18716 32.18025 32.17327 32.16647 32.15987 32.15347 32.14728 32.14124 32.13525 32.12896 32.12204 32.11361 32.10426 32.0945 32.08464 32.07491 32.06535 32.05598 32.04681 32.03781 32.02891 32.01972 32.00991 32.00684 32.0042 32.00114 31.99799 31.99497 31.99213 31.98948 31.98698 31.98462 31.98232 31.9798 31.97671 31.97014 31.96193 31.95343 31.94485 31.93638 31.92803 31.91978 31.91161 31.90348 31.89536 31.88715 31.8786 31.85174 31.81794 -9999 -9999 -9999 -9999 -9999 -9999
32.17039 32.16979 32.16945 32.16935 32.16954 32.17004 32.17088 32.1721 32.17327 32.16642 32.15824 32.15041 32.14294 32.1358 32.12895 32.12238 32.11606 32.10999 32.10419 32.09865 32.09307 32.08365 32.07284 32.06227 32.05197 32.04193 32.03214 32.0226 32.01332 32.00432 31.99562 31.98724 31.97899 31.9752 31.97112 31.96735 31.96392 31.96079 31.95792 31.95528 31.95286 31.95065 31.94863 31.94681 31.94507 31.93736 31.92723 31.91736 31.90776 31.89838 31.88918 31.88011 31.87115 31.86225 31.85339 31.84453 31.83565 31.80805 31.77379 31.73961 -9999 -9999 -9999 -9999 -9999
32.13794 32.13704 32.13637 32.13594 32.13577 32.13587 32.13625 32.13677 32.13637 32.12975 32.12178 32.11361 32.10569 32.09805 32.09068 32.08357 32.07669 32.07005 32.06361 32.05724 32.05006 32.04062 32.02992 32.01894 32.00814 31.99756 31.9872 31.97709 31.96721 31.95758 31.9482 31.93896 31.92895 31.92509 31.92124 31.91708 31.91315 31.90947 31.90603 31.90281 31.89979 31.89695 31.89428 31.89168 31.88851 31.88074 31.87091 31.86087 31.851 31.84132 31.83181 31.82241 31.81311 31.80388 31.79467 31.78544 31.776 31.74867 31.71509 31.68155 31.64815 -9999 -9999 -9999 -9999
32.10159 32.10055 32.09962 32.09883 32.09819 32.09763 32.09692 32.09609 32.09491 32.08779 32.07996 32.07204 32.06393 32.05581 32.04783 32.03999 32.03229 32.02466 32.01689 32.009 32.00054 31.99059 31.97978 31.96882 31.95767 31.9465 31.93544 31.92451 31.91372 31.90302 31.89221 31.88126 31.86971 31.86526 31.86132 31.85718 31.85284 31.8485 31.84426 31.84015 31.83615 31.83222 31.82821 31.82407 31.81931 31.81165 31.80247 31.79302 31.78346 31.7739 31.76439 31.75497 31.74559 31.73624 31.72686 31.71741 31.70759 31.68102 31.6485 31.61578 31.58309 31.55042 -9999 -9999 -9999
32.0636 32.0624 32.06121 32.06001 32.05882 32.05762 32.05642 32.05513 32.05355 32.04579 32.03739 32.02885 32.02032 32.01178 32.00324 31.99471 31.98617 31.97763 31.9691 31.96041 31.95111 31.94045 31.92908 31.91733 31.90557 31.89381 31.88206 31.8703 31.85855 31.84679 31.83504 31.82315 31.8106 31.80536 31.80087 31.7959 31.79094 31.78597 31.78101 31.77604 31.77108 31.76611 31.76115 31.75606 31.75021 31.74249 31.73371 31.72433 31.71495 31.70556 31.69617 31.68678 31.6774 31.66801 31.65862 31.64918 31.63927 31.61338 31.58192 31.55008 31.51824 31.48639 31.45454 31.4227 -9999
32.02536 32.02379 32.02222 32.02065 32.01907 32.0175 32.01593 32.01421 32.01227 32.00383 31.99482 31.98564 31.97645 31.96725 31.95806 31.94887 31.93968 31.93049 31.9213 31.91181 31.90177 31.89036 31.87833 31.86581 31.85325 31.84069 31.82812 31.81556 31.80299 31.79043 31.77786 31.76502 31.75162 31.74555 31.74035 31.73462 31.72883 31.72304 31.71725 31.71146 31.70567 31.69988 31.69409 31.68801 31.68123 31.67341 31.66486 31.65565 31.64632 31.637 31.62768 31.61835 31.60903 31.59971 31.59039 31.58092 31.57106 31.54582 31.51529 31.4844 31.45343 31.42246 31.39149 31.36053 31.32956
31.98712 31.98517 31.98322 31.98128 31.97933 31.97738 31.97542 31.97331 31.97105 31.96192 31.95225 31.94242 31.93257 31.92273 31.91288 31.90304 31.89319 31.88334 31.87349 31.86325 31.85251 31.84033 31.82757 31.81431 31.80093 31.78756 31.77418 31.76081 31.74743 31.73406 31.72068 31.70695 31.69274 31.68582 31.67983 31.67334 31.66673 31.66011 31.6535 31.64688 31.64026 31.63365 31.62703 31.62 31.61234 31.60443 31.59601 31.58696 31.5777 31.56844 31.55918 31.54992 31.54067 31.53141 31.52215 31.5127 31.50292 31.47833 31.44868 31.4187 31.38862 31.35853 31.32845 31.29836 31.26827
31.94888 31.94656 31.94423 31.94191 31.93958 31.93726 31.93492 31.93245 31.92987 31.92004 31.90969 31.8992 31.8887 31.8782 31.8677 31.8572 31.8467 31.8362 31.82568 31.81474 31.80333 31.79037 31.77683 31.76279 31.74861 31.73443 31.72025 31.70606 31.69188 31.6777 31.6635 31.64894 31.63394 31.62617 31.61935 31.61206 31.60462 31.59718 31.58974 31.5823 31.57486 31.56741 31.55997 31.55206 31.54356 31.53553 31.52721 31.51827 31.50908 31.49988 31.49069 31.48149 31.4723 31.46311 31.45391 31.44452 31.43485 31.4109 31.3821 31.35302 31.32381 31.2946 31.26539 31.23619 31.20698
31.91065 31.90795 31.90524 31.90254 31.89984 31.89714 31.89443 31.89161 31.88871 31.87818 31.86713 31.85598 31.84483 31.83368 31.82252 31.81137 31.80021 31.78906 31.77788 31.7663 31.75423 31.74048 31.72614 31.71128 31.69629 31.6813 31.66631 31.65132 31.63632 31.62133 31.60633 31.59099 31.57522 31.5666 31.55891 31.55079 31.54252 31.53425 31.52598 31.51772 31.50945 31.50118 31.49291 31.48419 31.47488 31.46674 31.45847 31.44958 31.44045 31.43132 31.42219 31.41306 31.40393 31.3948 31.38568 31.37637 31.36683 31.34352 31.31555 31.28733 31.259 31.23067 31.20234 31.17402 31.14569
31.87241 31.86933 31.86625 31.86318 31.8601 31.85702 31.85394 31.85078 31.84756 31.83633 31.82458 31.81277 31.80096 31.78915 31.77734 31.76553 31.75372 31.74191 31.7301 31.71791 31.70521 31.69067 31.67548 31.65977 31.64397 31.62817 31.61237 31.59657 31.58077 31.56496 31.54916 31.53308 31.51657 31.50708 31.49851 31.48951 31.48041 31.47132 31.46223 31.45313 31.44404 31.43495 31.42586 31.4164 31.40629 31.39803 31.38979 31.3809 31.37183 31.36276 31.3537 31.34464 31.33557 31.3265 31.31744 31.30825 31.29884 31.27617 31.24902 31.22164 31.19419 31.16674 31.1393 31.11185 31.0844
31.83417 31.83072 31.82726 31.82381 31.82036 31.8169 31.81345 31.80995 31.80641 31.79448 31.78202 31.76955 31.75709 31.74462 31.73216 31.71969 31.70723 31.69477 31.6823 31.66959 31.65628 31.64093 31.62484 31.60826 31.59165 31.57504 31.55843 31.54182 31.52521 31.5086 31.49199 31.47521 31.45797 31.44761 31.43812 31.42823 31.41831 31.40839 31.39847 31.38855 31.37864 31.36872 31.3588 31.34866 31.3378 31.32942 31.32113 31.31221 31.30321 31.29421 31.2852 31.2762 31.2672 31.2582 31.2492 31.24014 31.23087 31.20884 31.1825 31.15595 31.12938 31.10281 31.07624 31.04967 31.02311
31.79593 31.7921 31.78827 31.78444 31.78061 31.77678 31.77295 31.76911 31.76524 31.7526 31.73945 31.72633 31.71321 31.70009 31.68697 31.67385 31.66074 31.64762 31.6345 31.62131 31.60744 31.59127 31.57417 31.55675 31.53933 31.52191 31.50449 31.48707 31.46965 31.45224 31.43482 31.41735 31.39942 31.38818 31.37769 31.36695 31.3562 31.34546 31.33472 31.32397 31.31323 31.30248 31.29174 31.28095 31.26942 31.2609 31.25245 31.24352 31.23458 31.22565 31.21672 31.20778 31.19884 31.1899 31.18096 31.17202 31.1629 31.14151 31.11595 31.09026 31.06457 31.03889 31.01322 30.98752 30.96181
31.7575 31.75322 31.74898 31.74479 31.74065 31.73653 31.73242 31.72825 31.72403 31.71068 31.69689 31.68307 31.66921 31.65537 31.64156 31.62778 31.61404 31.60034 31.58666 31.57293 31.55871 31.54164 31.52347 31.50521 31.48693 31.46866 31.45043 31.43222 31.41401 31.39582 31.37761 31.35942 31.34091 31.32876 31.31724 31.30571 31.29417 31.28262 31.27107 31.2595 31.24791 31.2363 31.22468 31.21311 31.20115 31.19244 31.1837 31.17493 31.1662 31.15745 31.14867 31.13982 31.13089 31.12187 31.11279 31.10385 31.09491 31.07416 31.04939 31.02477 31.0003 30.97577 30.95113 30.92635 30.9014
31.71859 31.71392 31.70933 31.70479 31.70031 31.69588 31.69149 31.68714 31.68278 31.66873 31.65407 31.63944 31.62486 31.61033 31.59584 31.5814 31.56702 31.55268 31.53841 31.5242 31.51004 31.49181 31.47255 31.45336 31.43425 31.41521 31.3962 31.37723 31.35827 31.33932 31.32034 31.30134 31.28239 31.26926 31.25691 31.24457 31.23223 31.2199 31.20755 31.19519 31.18279 31.17036 31.15787 31.14532 31.13282 31.12387 31.11536 31.10685 31.09833 31.08978 31.08117 31.07247 31.06367 31.05472 31.04559 31.03625 31.02686 31.00691 30.9838 30.96063 30.93733 30.91389 30.89028 30.86648 30.84245
31.67711 31.67195 31.66685 31.6618 31.65681 31.65186 31.64695 31.64206 31.63705 31.62235 31.60716 31.59189 31.57665 31.56146 31.54631 31.53121 31.51615 31.50115 31.48619 31.47128 31.45614 31.4372 31.41723 31.39721 31.37724 31.35733 31.33746 31.31761 31.29778 31.27795 31.2581 31.23825 31.21834 31.20416 31.19079 31.17738 31.16398 31.15057 31.13715 31.12372 31.11025 31.09676 31.08321 31.06964 31.05611 31.04748 31.0396 31.03177 31.02394 31.01608 31.00817 31.00017 30.99207 30.98384 30.97545 30.96693 30.95869 30.94193 30.92266 30.9036 30.88447 30.86521 30.84579 30.82619 30.80638
31.63382 31.6281 31.62242 31.61677 31.61115 31.60554 31.59992 31.59426 31.58866 31.57325 31.55744 31.54166 31.52585 31.51003 31.49422 31.47845 31.4627 31.44698 31.43125 31.41548 31.39916 31.37959 31.35894 31.33816 31.31734 31.29653 31.27574 31.25496 31.23419 31.21342 31.19266 31.17188 31.15078 31.13557 31.12099 31.10633 31.09169 31.07703 31.06237 31.0477 31.03301 31.01831 31.00364 30.98896 30.97379 30.96599 30.9593 30.95238 30.94553 30.93868 30.93181 30.92488 30.9179 30.91086 30.90386 30.89693 30.88999 30.87827 30.86497 30.85168 30.83855 30.82544 30.81225 30.79895 30.78553
31.59009 31.58384 31.5776 31.57135 31.56511 31.55886 31.55262 31.54639 31.54028 31.52418 31.50762 31.49117 31.47472 31.45827 31.44182 31.42537 31.40893 31.39248 31.37603 31.35946 31.34232 31.32189 31.30057 31.27889 31.25721 31.23553 31.21385 31.19217 31.17049 31.14881 31.12713 31.10539 31.08329 31.06693 31.05128 31.03539 31.0195 31.00361 30.98773 30.97184 30.95595 30.94007 30.92418 30.90821 30.89161 30.88447 30.87918 30.8734 30.86761 30.86182 30.85604 30.85025 30.84446 30.83867 30.83288 30.82709 30.82133 30.81466 30.80771 30.80078 30.79385 30.78693 30.78 30.77308 30.76615
31.54628 31.53945 31.53263 31.5258 31.51897 31.51215 31.50532 31.49854 31.49189 31.4751 31.45782 31.44068 31.42355 31.40643 31.3893 31.37218 31.35505 31.33792 31.3208 31.30343 31.28559 31.26427 31.24215 31.21962 31.19705 31.17447 31.1519 31.12932 31.10675 31.08418 31.0616 31.03889 31.01587 30.99833 30.98153 30.96445 30.94735 30.93025 30.91314 30.89604 30.87893 30.86183 30.84472 30.8274 30.80955 30.80305 30.799 30.79444 30.78979 30.78514 30.78049 30.77584 30.7712 30.76655 30.7619 30.75727 30.75271 30.75109 30.75046 30.7499 30.74935 30.7488 30.74825 30.74771 30.74716
31.50247 31.49506 31.48766 31.48025 31.47284 31.46543 31.45802 31.4507 31.44349 31.426 31.40803 31.39018 31.37238 31.35458 31.33678 31.31898 31.30117 31.28337 31.26556 31.24745 31.22896 31.20672 31.18374 31.16036 31.13689 31.11342 31.08995 31.06648 31.04301 31.01954 30.99607 30.97241 30.9485 30.92978 30.91178 30.89352 30.8752 30.85688 30.83855 30.82023 30.80191 30.78359 30.76526 30.74666 30.7276 30.72173 30.71883 30.71547 30.71196 30.70846 30.70495 30.70144 30.69793 30.69443 30.69092 30.68746 30.68411 30.68752 30.69321 30.69901 30.70484 30.71067 30.71651 30.72234 30.72817
31.45867 31.45067 31.44268 31.43469 31.4267 31.41871 31.41072 31.40284 31.39508 31.37689 31.35822 31.33969 31.32121 31.30274 31.28426 31.26578 31.2473 31.22882 31.21033 31.19153 31.17241 31.14925 31.12535 31.10109 31.07673 31.05236 31.028 31.00363 30.97927 30.9549 30.93053 30.90597 30.88118 30.86127 30.84205 30.82259 30.80305 30.78351 30.76397 30.74443 30.72489 30.70535 30.6858 30.66596 30.64574 30.6405 30.63871 30.63651 30.63414 30.63177 30.6294 30.62704 30.62467 30.6223 30.61994 30.61766 30.61551 30.62397 30.63597 30.64812 30.66033 30.67254 30.68476 30.69697 30.70918
31.41486 31.40628 31.39771 31.38914 31.38057 31.37199 31.36342 31.35497 31.34665 31.32777 31.30841 31.2892 31.27004 31.25089 31.23174 31.21258 31.19342 31.17427 31.1551 31.13566 31.11591 31.09183 31.06699 31.04183 31.01656 30.99131 30.96605 30.94079 30.91553 30.89026 30.865 30.83956 30.8139 30.7928 30.77234 30.75165 30.73089 30.71014 30.68938 30.66862 30.64786 30.62711 30.60635 30.58532 30.56394 30.55932 30.55862 30.55754 30.55631 30.55509 30.55386 30.55264 30.55141 30.55018 30.54896 30.54784 30.5469 30.56039 30.57872 30.59723 30.61583 30.63442 30.65301 30.6716 30.69019
31.37105 31.3619 31.35274 31.34358 31.33443 31.32528 31.31612 31.30707 31.29819 31.27862 31.25858 31.2387 31.21888 31.19905 31.17921 31.15938 31.13955 31.11972 31.09988 31.07983 31.05946 31.03445 31.00866 30.98256 30.9564 30.93025 30.90409 30.87794 30.85178 30.82563 30.79947 30.77317 30.74665 30.72436 30.70264 30.68072 30.65874 30.63677 30.61479 30.59282 30.57084 30.54887 30.52689 30.50472 30.4822 30.4782 30.47856 30.47857 30.47849 30.4784 30.47832 30.47823 30.47815 30.47806 30.47798 30.478 30.47825 30.49678 30.52145 30.54635 30.57132 30.59629 30.62126 30.64623 30.6712
31.32724 31.31751 31.30777 31.29803 31.2883 31.27856 31.26882 31.25916 31.24969 31.22944 31.20874 31.18821 31.16771 31.1472 31.12669 31.10618 31.08567 31.06517 31.04466 31.02401 31.00305 30.97711 30.95033 30.92329 30.89624 30.8692 30.84214 30.81509 30.78804 30.76099 30.73394 30.7068 30.67943 30.65594 30.63296 30.60978 30.58659 30.5634 30.54021 30.51701 30.49382 30.47063 30.44744 30.42414 30.40049 30.39711 30.39852 30.39961 30.40066 30.40172 30.40277 30.40383 30.40488 30.40594 30.40699 30.40812 30.40954 30.43312 30.46415 30.49546 30.52681 30.55816 30.58951 30.62086 30.65221
