Spatial_Analysis/Downscaled_EnvironmentalLayers/RCP8_5/2080/sst_future85.asc
ncols         639
nrows         313
xllcorner     -103
yllcorner     4.021
cellsize      0.083
NODATA_value  -9999
[rows 203 to 231 of 313, columns 260 to 324 of 639]
30.84793 30.83716 30.8224 30.80761 30.79282 30.77803 30.76317 30.74845 30.73366 30.71903 30.70483 30.6906 30.6762 30.6622 30.64843 30.63465 30.62087 30.60709 30.59339 30.57953 30.56575 30.55239 30.54081 30.53089 30.52257 30.51597 30.51075 30.50556 30.50037 30.49518 30.49 30.48481 30.47962 30.47405 30.46635 30.45683 30.44576 30.43262 30.41768 30.40263 30.38759 30.37254 30.3575 30.34246 30.32742 30.31242 30.29724 30.28177 30.26588 30.2498 30.23344 30.21703 30.20062 30.18421 30.1678 30.15138 30.13497 30.11957 30.11173 30.11101 30.11557 30.12813 30.14772 30.16789 30.18905
30.84003 30.82955 30.81488 30.8001 30.78532 30.77055 30.75576 30.74098 30.7262 30.71161 30.69743 30.68325 30.6689 30.65494 30.64124 30.62754 30.61383 30.60012 30.58643 30.57272 30.55902 30.54585 30.53448 30.52477 30.51667 30.51027 30.50535 30.50051 30.49567 30.49083 30.48599 30.48115 30.47632 30.47094 30.46333 30.45389 30.44291 30.42983 30.41478 30.39956 30.38433 30.36911 30.35388 30.33866 30.32344 30.30824 30.29283 30.27706 30.26081 30.24434 30.22756 30.21069 30.19383 30.17697 30.16011 30.14324 30.12638 30.11095 30.10342 30.10303 30.10785 30.12085 30.14131 30.1635 30.18965
30.83281 30.82205 30.80736 30.79259 30.77791 30.76305 30.74827 30.7335 30.71873 30.70415 30.68998 30.67583 30.66155 30.64767 30.63406 30.62043 30.6067 30.59317 30.57954 30.56592 30.55229 30.53917 30.5279 30.51837 30.51056 30.50451 30.49995 30.49546 30.49097 30.48648 30.48199 30.4775 30.47301 30.46799 30.46063 30.45131 30.44034 30.42714 30.41189 30.39648 30.38108 30.36567 30.35027 30.33486 30.31946 30.30408 30.28844 30.27239 30.25578 30.2389 30.22167 30.20436 30.18704 30.16973 30.15242 30.13511 30.11779 30.10181 30.09394 30.09368 30.09902 30.11316 30.13529 30.16261 30.19237
30.82618 30.8146 30.79984 30.78521 30.77032 30.75556 30.74079 30.72603 30.71127 30.69664 30.68246 30.66835 30.65416 30.64042 30.62687 30.61318 30.59977 30.58622 30.57266 30.55911 30.54556 30.53235 30.52104 30.51167 30.50422 30.49871 30.49455 30.49041 30.48627 30.48212 30.47799 30.47384 30.4697 30.46522 30.45829 30.44913 30.4381 30.42454 30.409 30.39341 30.37783 30.36224 30.34665 30.33107 30.31548 30.29992 30.2841 30.26778 30.2508 30.2335 30.21578 30.19802 30.18025 30.16249 30.14473 30.12697 30.1092 30.09218 30.08322 30.08281 30.08897 30.10513 30.13256 30.16389 30.19637
30.81998 30.80707 30.79246 30.77757 30.76281 30.74806 30.73331 30.71856 30.70381 30.68911 30.67488 30.6608 30.64673 30.63316 30.61953 30.60621 30.59273 30.57926 30.56578 30.55231 30.53883 30.52545 30.51389 30.50463 30.49765 30.49295 30.48916 30.48536 30.48157 30.47777 30.47398 30.47018 30.46639 30.46253 30.45635 30.44744 30.4362 30.42188 30.40611 30.39034 30.37457 30.3588 30.34303 30.32727 30.3115 30.29575 30.27981 30.26326 30.24591 30.2281 30.20989 30.19168 30.17347 30.15525 30.13704 30.11883 30.10061 30.08246 30.0712 30.07024 30.07775 30.09949 30.1323 30.16657 30.2013
30.81386 30.79968 30.7848 30.77005 30.75531 30.74057 30.72583 30.71108 30.69634 30.6816 30.66723 30.65317 30.6393 30.62575 30.6125 30.5991 30.5857 30.5723 30.5589 30.5455 30.5321 30.5187 30.50645 30.49721 30.49095 30.48721 30.48376 30.48031 30.47687 30.47342 30.46998 30.46653 30.46308 30.45963 30.45483 30.44632 30.43457 30.41917 30.40322 30.38727 30.37131 30.35535 30.33941 30.32347 30.30752 30.29157 30.27559 30.25885 30.2411 30.22267 30.204 30.18534 30.16668 30.14804 30.12937 30.11069 30.09203 30.07337 30.0581 30.05573 30.06595 30.09744 30.13369 30.17031 30.20697
30.80687 30.79194 30.77715 30.76241 30.74774 30.73308 30.71842 30.70372 30.68897 30.67415 30.65952 30.64547 30.63182 30.61864 30.60537 30.59208 30.57874 30.56538 30.55202 30.53867 30.52536 30.51206 30.4989 30.48936 30.48456 30.48142 30.4783 30.47524 30.47221 30.46919 30.46616 30.46307 30.45991 30.4567 30.45344 30.4459 30.43259 30.41645 30.4003 30.38406 30.36776 30.35146 30.33523 30.31915 30.30323 30.28739 30.27132 30.2546 30.23634 30.21716 30.19793 30.17893 30.16012 30.14135 30.1225 30.10342 30.08402 30.0644 30.04535 30.039 30.05907 30.09755 30.13617 30.17447 30.21257
30.79882 30.78395 30.76923 30.75463 30.74009 30.72558 30.71107 30.69651 30.68187 30.66711 30.65217 30.63773 30.62479 30.61174 30.59854 30.58525 30.57189 30.55849 30.5451 30.53173 30.51843 30.50523 30.49215 30.48125 30.47822 30.47542 30.47275 30.47017 30.46763 30.4651 30.46255 30.45993 30.4572 30.45432 30.45125 30.44617 30.43022 30.41395 30.3974 30.38066 30.36384 30.34703 30.33031 30.31378 30.29754 30.28171 30.26637 30.25063 30.23055 30.21057 30.19127 30.17243 30.15384 30.13531 30.11667 30.09772 30.07827 30.05808 30.03695 30.01978 30.05813 30.09908 30.13915 30.17865 30.21785
30.79354 30.779 30.7646 30.75028 30.73604 30.72182 30.7076 30.69333 30.67899 30.66454 30.65 30.63614 30.62282 30.60964 30.59639 30.58307 30.56968 30.55627 30.54285 30.52946 30.51612 30.50286 30.48956 30.4795 30.47651 30.47431 30.47222 30.47021 30.46824 30.46627 30.46429 30.46224 30.4601 30.45783 30.45546 30.44976 30.43439 30.41752 30.40047 30.38326 30.36597 30.34869 30.3315 30.31449 30.29774 30.28129 30.26492 30.24812 30.23021 30.21155 30.19334 30.17552 30.15793 30.1404 30.12277 30.10485 30.08647 30.0675 30.0482 30.03822 30.0735 30.115 30.15586 30.19619 30.23617
30.78931 30.77546 30.76156 30.74768 30.73384 30.72002 30.70619 30.69233 30.67844 30.66457 30.65085 30.63728 30.62374 30.61029 30.59684 30.5834 30.56995 30.55649 30.54302 30.52956 30.51611 30.50265 30.48989 30.48124 30.47705 30.47565 30.47427 30.47291 30.47158 30.47026 30.46892 30.46755 30.46614 30.46476 30.46255 30.45494 30.442 30.42441 30.40667 30.3889 30.3711 30.35331 30.33556 30.31791 30.3003 30.2826 30.26509 30.24825 30.23191 30.21584 30.19969 30.18357 30.16757 30.1516 30.13557 30.11939 30.10307 30.08688 30.07144 30.07046 30.09838 30.13895 30.17993 30.2207 30.26071
30.78439 30.77163 30.75828 30.74492 30.73156 30.7182 30.70485 30.69149 30.67813 30.66479 30.65157 30.6382 30.62462 30.61109 30.5975 30.58392 30.57034 30.55675 30.54317 30.52958 30.516 30.50242 30.49086 30.4828 30.4782 30.47684 30.47622 30.47561 30.475 30.47439 30.47379 30.47318 30.47256 30.47196 30.46847 30.4603 30.44843 30.43137 30.41286 30.39436 30.37585 30.35735 30.33884 30.32034 30.30183 30.28333 30.26564 30.24914 30.23379 30.21958 30.20556 30.19154 30.17752 30.16349 30.14947 30.13544 30.12142 30.1074 30.09558 30.1002 30.12552 30.16325 30.20422 30.24486 30.2843
30.77956 30.76781 30.75495 30.7421 30.72925 30.71639 30.70354 30.69069 30.67784 30.66501 30.65213 30.63897 30.62547 30.61188 30.59817 30.58446 30.57074 30.55703 30.54332 30.52961 30.51589 30.50246 30.49174 30.48409 30.47954 30.47802 30.47816 30.4783 30.47844 30.47858 30.47873 30.47887 30.47901 30.47882 30.4744 30.466 30.45459 30.43832 30.41904 30.39976 30.38047 30.36119 30.34191 30.32262 30.30334 30.2842 30.26653 30.25046 30.23609 30.22331 30.2114 30.19947 30.18755 30.17562 30.16369 30.15176 30.13984 30.12806 30.11924 30.12784 30.15224 30.18764 30.22854 30.26855 30.30737
30.77516 30.76397 30.75163 30.73928 30.72693 30.71458 30.70223 30.68989 30.67754 30.66518 30.6526 30.63965 30.62626 30.61266 30.59883 30.58499 30.57115 30.55731 30.54347 30.52963 30.51579 30.5026 30.49235 30.48504 30.48072 30.47927 30.48009 30.48099 30.48188 30.48277 30.48367 30.48456 30.48545 30.48546 30.48069 30.47217 30.46097 30.4451 30.42522 30.40516 30.3851 30.36503 30.34497 30.32491 30.30485 30.2852 30.26756 30.25193 30.23855 30.22711 30.21724 30.20741 30.19757 30.18774 30.17792 30.16808 30.15825 30.14885 30.14231 30.15371 30.17792 30.21235 30.2526 30.2919 30.33017
30.77111 30.76013 30.74831 30.73646 30.72462 30.71277 30.70093 30.68908 30.67724 30.66533 30.65306 30.64031 30.62704 30.61344 30.5995 30.58553 30.57156 30.55759 30.54362 30.52965 30.51568 30.5026 30.49261 30.48559 30.48162 30.48054 30.48203 30.48367 30.48532 30.48696 30.48861 30.49025 30.49189 30.49227 30.48751 30.47897 30.46783 30.45187 30.4314 30.41056 30.38972 30.36888 30.34804 30.3272 30.30635 30.28617 30.2685 30.25331 30.24096 30.23095 30.22308 30.21534 30.20761 30.19987 30.19214 30.1844 30.17667 30.16947 30.16486 30.17806 30.20252 30.23689 30.2763 30.31495 30.35272
30.76723 30.75632 30.74499 30.73365 30.72231 30.71096 30.69962 30.68828 30.67694 30.66549 30.65355 30.64101 30.62786 30.61423 30.60016 30.58607 30.57197 30.55787 30.54377 30.52967 30.51557 30.50236 30.49243 30.48567 30.48214 30.48171 30.48396 30.48636 30.48875 30.49115 30.49355 30.49594 30.49834 30.49945 30.49504 30.48656 30.47532 30.45885 30.43758 30.41596 30.39434 30.37272 30.3511 30.32948 30.30786 30.28698 30.26912 30.25434 30.2431 30.23471 30.22891 30.22328 30.21764 30.212 30.20636 30.20073 30.19509 30.18989 30.18701 30.20108 30.22616 30.26092 30.29966 30.33771 30.39252
30.76333 30.7525 30.74167 30.73083 30.71999 30.70916 30.69831 30.68748 30.67664 30.66571 30.65414 30.64183 30.62877 30.61505 30.60083 30.58661 30.57238 30.55815 30.54392 30.5297 30.51546 30.50186 30.49174 30.48519 30.48222 30.48278 30.4859 30.48904 30.49219 30.49534 30.49848 30.50163 30.50478 30.50706 30.50345 30.49513 30.4836 30.46604 30.44376 30.42136 30.39896 30.37656 30.35417 30.33177 30.30937 30.28751 30.2692 30.25476 30.24475 30.23835 30.23475 30.23121 30.22767 30.22413 30.22059 30.21704 30.2135 30.21019 30.20888 30.22295 30.24903 30.28439 30.32268 30.37646 30.47104
30.7592 30.74868 30.73834 30.72801 30.71768 30.70734 30.69701 30.68668 30.67634 30.66598 30.65489 30.64283 30.6298 30.61585 30.6015 30.58714 30.57278 30.55843 30.54407 30.52971 30.51536 30.50118 30.49047 30.48404 30.48184 30.48393 30.48783 30.49173 30.49563 30.49953 30.50342 30.50732 30.51122 30.51492 30.51288 30.5049 30.49273 30.47312 30.44994 30.42676 30.40359 30.38041 30.35723 30.33405 30.31087 30.28783 30.26852 30.2543 30.24575 30.24203 30.24059 30.23914 30.2377 30.23626 30.23481 30.23337 30.23192 30.2305 30.2306 30.24379 30.27136 30.30757 30.35829 30.45892 30.5639
30.75477 30.74485 30.73502 30.7252 30.71536 30.70553 30.6957 30.68587 30.67604 30.66622 30.65585 30.64409 30.63097 30.61665 30.60216 30.58768 30.57326 30.55882 30.54425 30.52974 30.51525 30.50077 30.48857 30.48207 30.48112 30.48512 30.48977 30.49442 30.49911 30.50379 30.50838 30.51301 30.51766 30.52231 30.5234 30.51616 30.50259 30.48007 30.45612 30.43216 30.40816 30.38418 30.36028 30.33634 30.31238 30.28843 30.26693 30.25262 30.24611 30.24578 30.24643 30.24708 30.24773 30.24838 30.24903 30.24969 30.25034 30.25099 30.25232 30.26375 30.29331 30.33778 30.4446 30.55712 30.66223
30.75035 30.74109 30.73185 30.72249 30.71307 30.70361 30.69414 30.68481 30.67562 30.66642 30.65699 30.64571 30.63206 30.61776 30.60462 30.59159 30.57812 30.56399 30.54908 30.5333 30.51681 30.50056 30.48633 30.47914 30.4809 30.48663 30.49348 30.50002 30.50589 30.51112 30.51586 30.52029 30.52471 30.52953 30.53442 30.52924 30.51177 30.48677 30.46082 30.435 30.40973 30.38499 30.36058 30.33667 30.31304 30.28913 30.26476 30.24933 30.24677 30.24952 30.25226 30.25501 30.2577 30.26039 30.26322 30.26601 30.26875 30.2715 30.27429 30.28294 30.31608 30.42806 30.54903 30.66063 30.76246
30.74723 30.7403 30.73278 30.72467 30.71604 30.70696 30.69751 30.68774 30.67772 30.66752 30.65764 30.64768 30.63567 30.6245 30.61281 30.60046 30.58737 30.57346 30.55864 30.54281 30.52581 30.50751 30.48773 30.47537 30.48468 30.49478 30.50349 30.51096 30.51737 30.52289 30.52769 30.53194 30.53581 30.53953 30.5435 30.54425 30.51807 30.49379 30.46988 30.4458 30.4214 30.39655 30.37115 30.34512 30.3184 30.29102 30.26373 30.24418 30.24751 30.25184 30.25705 30.26212 30.26698 30.27165 30.27619 30.28068 30.28522 30.29004 30.29649 30.30158 30.41034 30.53718 30.65202 30.75625 30.85225
30.75752 30.74983 30.74214 30.7342 30.72586 30.71712 30.70805 30.69871 30.68922 30.6797 30.67071 30.66222 30.65137 30.64005 30.6284 30.61605 30.60297 30.58913 30.57443 30.55875 30.54215 30.52473 30.50781 30.49919 30.50327 30.51298 30.52193 30.52975 30.53656 30.54252 30.54781 30.5526 30.55737 30.56259 30.56828 30.5642 30.54497 30.52206 30.49854 30.47433 30.44967 30.42464 30.39913 30.37308 30.34611 30.31812 30.28991 30.27483 30.27445 30.27878 30.28465 30.29135 30.29819 30.30484 30.31137 30.31785 30.32435 30.33097 30.33797 30.38458 30.50258 30.62113 30.72951 30.82827 30.91979
30.77699 30.76688 30.75754 30.7487 30.74002 30.73145 30.72292 30.71438 30.70597 30.69813 30.69066 30.68225 30.67281 30.66214 30.65021 30.63799 30.62519 30.61149 30.59722 30.58271 30.56828 30.55499 30.54315 30.53683 30.53663 30.54105 30.54792 30.55534 30.5624 30.569 30.5756 30.58245 30.5898 30.59609 30.59626 30.58878 30.57536 30.55503 30.53302 30.51004 30.4862 30.46141 30.43538 30.40838 30.38037 30.35369 30.33478 30.32324 30.3202 30.32187 30.32564 30.33115 30.33801 30.34605 30.35461 30.36313 30.37161 30.38008 30.39564 30.48911 30.59216 30.69782 30.79738 30.89117 30.97884
30.79738 30.78636 30.77631 30.76669 30.75751 30.74884 30.74061 30.73272 30.72514 30.71799 30.71062 30.70258 30.69389 30.68462 30.67442 30.6631 30.65125 30.63912 30.62658 30.61357 30.60086 30.58856 30.57869 30.57315 30.572 30.57489 30.57987 30.58643 30.59339 30.60093 30.60893 30.61733 30.62435 30.62701 30.6242 30.61625 30.60528 30.5879 30.56783 30.54646 30.52363 30.49869 30.47199 30.4436 30.41672 30.39612 30.38045 30.37013 30.36693 30.36755 30.37074 30.37563 30.38211 30.39003 30.39922 30.40904 30.41861 30.42797 30.487 30.58532 30.67815 30.771 30.86114 30.94706 31.02942
30.8177 30.80567 30.79533 30.78556 30.77639 30.76772 30.75948 30.75178 30.74471 30.73791 30.73076 30.72313 30.71504 30.70659 30.69761 30.68799 30.67781 30.66739 30.65669 30.64546 30.63353 30.62205 30.6134 30.60832 30.60698 30.60901 30.61333 30.61923 30.62706 30.63548 30.64429 30.65241 30.65688 30.65806 30.65407 30.64626 30.63659 30.62152 30.60291 30.58235 30.55911 30.53376 30.50654 30.47936 30.45708 30.43924 30.42509 30.41557 30.41287 30.41325 30.41631 30.42124 30.4278 30.43583 30.44468 30.45423 30.46433 30.49207 30.57808 30.67301 30.75757 30.84044 30.92254 31.00187 31.07824
30.83747 30.8247 30.81431 30.80466 30.79556 30.78694 30.77879 30.7713 30.76441 30.75788 30.75104 30.74383 30.73628 30.72849 30.72045 30.7122 30.70358 30.69464 30.68554 30.67608 30.66588 30.65524 30.64725 30.64252 30.64125 30.64296 30.64729 30.65351 30.66155 30.67076 30.67997 30.68624 30.68959 30.69012 30.68589 30.67844 30.66966 30.6561 30.63819 30.61695 30.5932 30.56746 30.5406 30.51742 30.49805 30.48178 30.46856 30.45971 30.45771 30.45839 30.46162 30.46683 30.47365 30.48138 30.48987 30.49908 30.5102 30.57326 30.66293 30.75241 30.8301 30.90632 30.98112 31.05478 31.12633
30.85658 30.84352 30.83332 30.82382 30.81484 30.80632 30.79837 30.79105 30.78428 30.7779 30.77141 30.76463 30.75759 30.75041 30.74326 30.73605 30.72871 30.72112 30.71341 30.70549 30.69706 30.68795 30.68035 30.67588 30.67484 30.6767 30.68182 30.68863 30.69686 30.70652 30.71489 30.72021 30.72313 30.72348 30.71949 30.71251 30.70442 30.69158 30.67288 30.65095 30.62678 30.60089 30.57646 30.55593 30.53845 30.52348 30.51093 30.50265 30.50145 30.5027 30.50637 30.51193 30.51857 30.52608 30.53436 30.54337 30.57574 30.6535 30.74087 30.82477 30.89672 30.9677 31.0371 31.10555 31.17288
30.87501 30.86223 30.85228 30.84297 30.83414 30.82579 30.81805 30.81089 30.80424 30.798 30.79183 30.78549 30.77893 30.77241 30.76602 30.75969 30.75337 30.74698 30.7405 30.73396 30.72712 30.71976 30.71277 30.70853 30.7078 30.71061 30.71669 30.72416 30.73279 30.74226 30.74979 30.75476 30.7576 30.75815 30.75467 30.74825 30.74068 30.72705 30.70734 30.68481 30.66039 30.63511 30.61309 30.5943 30.57811 30.56416 30.55224 30.54449 30.54415 30.54614 30.55037 30.55591 30.56242 30.56981 30.57801 30.59067 30.64942 30.72937 30.81212 30.89118 30.95828 31.02478 31.09018 31.15434 31.21776
30.8929 30.8808 30.87115 30.86205 30.8534 30.84527 30.83774 30.83074 30.82424 30.81816 30.81227 30.80635 30.80029 30.7944 30.78869 30.78312 30.77766 30.77228 30.76692 30.76163 30.75623 30.75042 30.74462 30.74053 30.74042 30.74469 30.75176 30.75994 30.76905 30.77798 30.78508 30.79002 30.793 30.79398 30.79126 30.78548 30.77792 30.76253 30.74182 30.71884 30.69429 30.67036 30.64992 30.63231 30.61705 30.60387 30.59257 30.58534 30.5859 30.5887 30.59319 30.59872 30.60522 30.61261 30.62082 30.65274 30.72198 30.79946 30.87766 30.95251 31.01543 31.07808 31.14 31.20102 31.26061
30.91037 30.89929 30.88993 30.88105 30.87259 30.8647 30.85737 30.85055 30.84421 30.83833 30.83271 30.82718 30.82164 30.81633 30.81123 30.80632 30.80161 30.79709 30.79273 30.78856 30.78448 30.78014 30.77571 30.77199 30.77306 30.77898 30.78699 30.79587 30.80547 30.81399 30.82091 30.82603 30.82928 30.83081 30.82908 30.82404 30.81538 30.79797 30.77644 30.75313 30.7286 30.70605 30.68666 30.66988 30.65531 30.64272 30.63195 30.62527 30.62675 30.63022 30.63483 30.64044 30.64701 30.65449 30.66698 30.71969 30.79069 30.86415 30.93832 31.00942 31.06871 31.12802 31.18691 31.24483 31.30119
