Spatial_Analysis/Downscaled_EnvironmentalLayers/RCP8_5/2080/sst_future85.asc
ncols         639
nrows         313
xllcorner     -103
yllcorner     4.021
cellsize      0.083
NODATA_value  -9999
[rows 145 to 173 of 313, columns 195 to 259 of 639]
31.11298 31.09922 31.08892 31.08325 31.07601 31.06852 31.06199 31.05628 31.05119 31.04667 31.04266 31.0391 31.03595 31.03316 31.03044 31.02757 31.02328 31.0179 31.01189 31.00552 30.9991 30.99261 30.98602 30.9793 30.97241 30.96532 30.958 30.95046 30.94255 30.9343 30.92573 30.9168 30.90741 30.89742 30.88661 30.87476 30.86259 30.85006 30.83785 30.82802 30.82028 30.81469 30.81163 30.81054 30.81067 30.81237 30.8162 30.82273 30.83048 30.83957 30.85091 30.86491 30.88053 30.8978 30.91757 30.93943 30.96132 30.98321 31.0051 31.02699 31.04888 31.07077 31.09056 31.10416 31.11367
31.12773 31.1158 31.10715 31.10164 31.09412 31.08625 31.07919 31.07278 31.06695 31.06167 31.05688 31.05254 31.0486 31.04504 31.04174 31.03804 31.03303 31.02706 31.02064 31.01416 31.00764 31.00107 30.99442 30.98768 30.98081 30.97378 30.96654 30.95906 30.95117 30.94292 30.93438 30.92551 30.91622 30.90642 30.89593 30.88449 30.87198 30.85919 30.84619 30.835 30.82586 30.81883 30.81425 30.81121 30.80922 30.80855 30.80964 30.81316 30.81952 30.82698 30.83684 30.85071 30.86676 30.88502 30.90662 30.93014 30.95367 30.97719 31.00072 31.02425 31.04777 31.0713 31.09338 31.10854 31.1187
31.14248 31.13219 31.12501 31.11925 31.11147 31.10326 31.09572 31.08877 31.08237 31.07647 31.07104 31.06605 31.06145 31.05724 31.05306 31.04852 31.04284 31.03635 31.0297 31.02304 31.01636 31.00964 31.00286 30.99602 30.98908 30.98202 30.97481 30.96737 30.95948 30.95121 30.94266 30.9338 30.92457 30.91488 30.9046 30.89353 30.8813 30.86813 30.85478 30.84223 30.83174 30.82347 30.81753 30.81266 30.80869 30.80588 30.80455 30.80526 30.80889 30.81511 30.82265 30.83573 30.85215 30.87171 30.89569 30.92085 30.94602 30.97118 30.99634 31.02151 31.04667 31.07183 31.09659 31.11421 31.12517
31.15734 31.14857 31.14213 31.13616 31.12814 31.11964 31.11172 31.10433 31.09745 31.09104 31.08508 31.07953 31.07438 31.06947 31.06438 31.05902 31.05274 31.04586 31.03897 31.03209 31.0252 31.01829 31.01134 31.00435 30.99729 30.99014 30.98288 30.97545 30.96754 30.95922 30.95064 30.94178 30.93257 30.92295 30.9128 30.90195 30.89014 30.87697 30.86325 30.8497 30.83787 30.82865 30.82134 30.81472 30.8089 30.80409 30.80057 30.79879 30.79946 30.80361 30.80956 30.81976 30.8364 30.85812 30.88476 30.91156 30.93837 30.96517 30.99195 31.01875 31.04556 31.07236 31.09916 31.12135 31.13342
31.17242 31.16499 31.15859 31.15247 31.14422 31.13547 31.12724 31.1195 31.11222 31.10538 31.09895 31.09292 31.08726 31.08158 31.0757 31.06958 31.06273 31.05555 31.0484 31.04127 31.03414 31.02701 31.01986 31.01269 31.00547 30.99819 30.99083 30.98336 30.9754 30.96702 30.9584 30.9495 30.94028 30.93069 30.92062 30.90993 30.8984 30.88565 30.8716 30.85742 30.84428 30.83449 30.82553 30.8172 30.80963 30.80297 30.79747 30.79347 30.79155 30.79268 30.79725 30.80328 30.81923 30.8454 30.87398 30.90249 30.93089 30.9592 30.98749 31.0158 31.04418 31.07268 31.10129 31.12927 31.14369
31.18781 31.18103 31.17452 31.16821 31.1598 31.15085 31.14236 31.13431 31.12669 31.11948 31.11265 31.10619 31.09995 31.09358 31.087 31.08019 31.07285 31.0654 31.058 31.05065 31.04332 31.03598 31.02863 31.02124 31.01381 31.00632 30.99876 30.99114 30.9831 30.97461 30.96586 30.95685 30.94754 30.9379 30.92786 30.91729 30.90599 30.89365 30.87973 30.86515 30.85144 30.84033 30.82983 30.81996 30.81079 30.80244 30.7951 30.78908 30.78488 30.78331 30.78567 30.79004 30.80299 30.83358 30.86381 30.89378 30.92358 30.95329 30.98295 31.01265 31.04243 31.07237 31.10256 31.13309 31.152
31.20507 31.19793 31.19094 31.1841 31.17512 31.16553 31.15636 31.14757 31.13917 31.13114 31.12346 31.11613 31.10881 31.10133 31.09368 31.08583 31.07815 31.07069 31.0633 31.05596 31.04864 31.04132 31.03398 31.0266 31.01917 31.01167 31.00406 30.99629 30.98826 30.98 30.9716 30.96305 30.95425 30.94515 30.93571 30.92582 30.91531 30.90389 30.89104 30.87667 30.86282 30.85131 30.83996 30.82903 30.81869 30.80906 30.80032 30.79275 30.78678 30.78314 30.78314 30.78756 30.80281 30.83095 30.86185 30.89266 30.92334 30.95394 30.98451 31.0151 31.04577 31.07656 31.10748 31.13797 31.15348
31.22224 31.21462 31.20709 31.19967 31.19011 31.17985 31.16996 31.16041 31.15121 31.14234 31.13379 31.12549 31.11711 31.10863 31.10001 31.09119 31.08323 31.07579 31.06844 31.06113 31.05386 31.04659 31.03931 31.03198 31.02458 31.01699 31.00923 31.0013 30.99333 30.98526 30.97701 30.96865 30.96029 30.95177 30.94295 30.93375 30.924 30.91345 30.90163 30.88817 30.87408 30.86201 30.85034 30.83891 30.82767 30.81693 30.80695 30.798 30.79049 30.78511 30.78302 30.78964 30.80651 30.83018 30.86138 30.89271 30.92406 30.95538 30.9867 31.01802 31.04937 31.08071 31.11204 31.13808 31.15134
31.23913 31.23101 31.22294 31.21492 31.20478 31.19389 31.1833 31.17302 31.16304 31.15335 31.14395 31.13474 31.12546 31.11609 31.10655 31.09683 31.0886 31.0812 31.07389 31.06664 31.05943 31.05223 31.04501 31.03768 31.03014 31.02242 31.01452 31.00645 30.99858 30.99076 30.98269 30.97443 30.96605 30.95773 30.94947 30.94089 30.93187 30.92216 30.91136 30.89905 30.88481 30.87201 30.8599 30.8481 30.83658 30.82522 30.81414 30.80394 30.79497 30.78785 30.78398 30.79194 30.80931 30.83107 30.86109 30.89301 30.92495 30.95687 30.98881 31.02074 31.05267 31.0846 31.11608 31.13787 31.15031
31.25579 31.24716 31.23854 31.22993 31.2192 31.20769 31.19643 31.18543 31.17469 31.1642 31.15405 31.14402 31.13391 31.12369 31.11329 31.10271 31.09424 31.08689 31.07963 31.07244 31.0653 31.05818 31.05091 31.04344 31.03579 31.02796 31.01994 31.01175 31.004 30.99645 30.98862 30.98053 30.97223 30.96381 30.95548 30.94745 30.9391 30.93018 30.92036 30.90919 30.89487 30.88136 30.86877 30.85653 30.84463 30.83302 30.82156 30.8102 30.79981 30.791 30.78632 30.79379 30.81119 30.83221 30.86079 30.89332 30.92585 30.95838 30.9909 31.02343 31.05596 31.08849 31.11893 31.13866 31.15065
31.27225 31.26311 31.25394 31.24474 31.23343 31.22132 31.2094 31.19769 31.1862 31.17503 31.16419 31.15338 31.14247 31.13143 31.1202 31.10879 31.10009 31.0928 31.0856 31.07849 31.07143 31.06424 31.05685 31.04928 31.04152 31.03358 31.02547 31.01718 31.00957 31.00233 30.99478 30.98692 30.97877 30.97038 30.96188 30.95356 30.94576 30.93759 30.92866 30.9185 30.90429 30.89013 30.877 30.86424 30.85188 30.83989 30.82821 30.81661 30.80496 30.79449 30.78894 30.79529 30.8121 30.83282 30.86055 30.89363 30.92675 30.95988 30.993 31.02612 31.05925 31.09237 31.12197 31.14076 31.15244
31.28854 31.27891 31.26919 31.25942 31.24753 31.23482 31.22226 31.20985 31.19772 31.18591 31.17438 31.16281 31.15114 31.13931 31.12729 31.11505 31.10612 31.0989 31.09178 31.08476 31.07764 31.07033 31.06284 31.05516 31.04731 31.03929 31.03109 31.02272 31.0153 31.00838 31.00114 30.99355 30.98561 30.97736 30.96884 30.96022 30.95194 30.94442 30.93633 30.92709 30.91309 30.89835 30.88463 30.87132 30.85842 30.84595 30.83389 30.82212 30.81029 30.7983 30.79135 30.79615 30.81194 30.83264 30.86035 30.89393 30.92765 30.96137 30.9951 31.02882 31.06254 31.09626 31.12578 31.14432 31.1558
31.30471 31.29459 31.28436 31.27401 31.26156 31.24826 31.23504 31.22202 31.2093 31.19687 31.18464 31.17235 31.15993 31.14733 31.13452 31.12148 31.11233 31.10517 31.09813 31.09109 31.08387 31.07645 31.06886 31.06109 31.05316 31.04507 31.0368 31.02838 31.02114 31.01459 31.00768 31.00039 30.99273 30.98467 30.97626 30.96754 30.95876 30.95068 30.9434 30.93503 30.92134 30.90603 30.89171 30.87779 30.86431 30.85129 30.83873 30.82658 30.81468 30.80241 30.79331 30.79613 30.8106 30.83152 30.85999 30.89424 30.92855 30.96288 30.99719 31.03151 31.06583 31.10015 31.13058 31.14949 31.16086
31.32078 31.31021 31.29947 31.28858 31.27557 31.26168 31.24787 31.2343 31.22099 31.20793 31.19501 31.182 31.16884 31.15549 31.1419 31.12806 31.11866 31.11158 31.10459 31.09743 31.0901 31.08259 31.07491 31.06707 31.05907 31.05092 31.04261 31.03414 31.02712 31.02093 31.01438 31.00743 31.00006 30.99227 30.98405 30.97539 30.96639 30.95741 30.94989 30.9424 30.92903 30.91322 30.89826 30.8837 30.86959 30.85595 30.8428 30.83016 30.81793 30.80581 30.79482 30.79498 30.80792 30.82941 30.85962 30.89454 30.92945 30.96437 30.99929 31.03421 31.06912 31.10404 31.13636 31.15645 31.16782
31.33678 31.3258 31.31459 31.30318 31.28962 31.27517 31.26085 31.24674 31.23283 31.21912 31.20552 31.1918 31.1779 31.16379 31.14943 31.13476 31.12511 31.1181 31.11102 31.10377 31.09634 31.08875 31.08099 31.07309 31.06503 31.05684 31.04849 31.04 31.03321 31.0274 31.02122 31.01462 31.0076 31.00012 30.99215 30.98367 30.97465 30.96523 30.95614 30.94924 30.9362 30.91991 30.90429 30.88907 30.87429 30.85999 30.84619 30.83293 30.8202 30.80787 30.79593 30.79252 30.80371 30.82643 30.85933 30.89484 30.93036 30.96588 31.00139 31.0369 31.07242 31.10793 31.1427 31.16537 31.17695
31.35276 31.34141 31.32978 31.3179 31.30381 31.28885 31.27403 31.25937 31.24486 31.2305 31.2162 31.20176 31.18711 31.17224 31.15707 31.14158 31.13164 31.12462 31.11744 31.1101 31.10258 31.09492 31.0871 31.07914 31.07105 31.06281 31.05445 31.04595 31.03942 31.034 31.02819 31.02197 31.0153 31.00817 31.00052 30.9923 30.98343 30.97388 30.96383 30.95554 30.94287 30.92611 30.90982 30.89392 30.87856 30.86371 30.84925 30.83517 30.82163 30.80881 30.79633 30.78873 30.79774 30.82327 30.85904 30.89515 30.93126 30.96735 31.00342 31.03954 31.0757 31.11182 31.14793 31.1763 31.18855
31.36874 31.35709 31.34511 31.3328 31.31822 31.30281 31.2875 31.27228 31.25715 31.24211 31.22709 31.2119 31.19649 31.18082 31.16483 31.14848 31.13821 31.13112 31.12385 31.11642 31.10884 31.1011 31.09324 31.08524 31.07711 31.06886 31.06049 31.052 31.04574 31.0407 31.03527 31.02944 31.02316 31.01641 31.00912 31.00123 30.99264 30.98322 30.97284 30.96192 30.94916 30.93184 30.91568 30.90016 30.88483 30.86961 30.8545 30.83951 30.82469 30.81012 30.79608 30.78406 30.78982 30.82203 30.85894 30.89574 30.93225 30.96861 31.00492 31.04134 31.07801 31.11503 31.15232 31.18813 31.20282
31.38478 31.3729 31.36064 31.34798 31.33299 31.31715 31.30133 31.28553 31.26976 31.254 31.23823 31.22226 31.20605 31.18954 31.17268 31.15542 31.14477 31.13762 31.13033 31.12289 31.11529 31.10753 31.09962 31.09157 31.08338 31.07507 31.06665 31.05815 31.05215 31.04746 31.04234 31.03682 31.03088 31.0245 31.01762 31.01016 31.00201 30.99299 30.98286 30.97126 30.95577 30.94043 30.92491 30.90926 30.89353 30.87777 30.86201 30.84628 30.83057 30.81488 30.79914 30.78329 30.78407 30.82248 30.86002 30.89691 30.93339 30.96965 31.00586 31.04221 31.07887 31.11603 31.15395 31.19286 31.21399
31.40126 31.38955 31.37738 31.36474 31.34939 -9999 31.31644 31.29989 31.28327 31.2666 31.24985 31.23289 31.21564 31.19806 31.18013 31.16185 31.1511 31.14429 31.13731 31.13015 31.12282 31.11531 31.10764 31.09981 31.09183 31.08372 31.07543 31.06692 31.06071 31.0558 31.05062 31.04513 31.03928 31.03304 31.02634 31.01911 31.01124 31.00258 30.99294 30.98245 30.97153 30.95321 30.93615 30.91941 30.90274 30.88611 30.86951 30.85296 30.83648 30.82013 30.80409 30.78956 30.78967 30.82308 30.86009 30.89684 30.93327 30.96951 31.00571 31.04203 31.07862 31.1156 31.15299 31.18974 31.20502
31.41797 31.40662 31.39471 -9999 31.3666 31.34952 31.33229 31.31491 31.29739 31.27971 31.26187 31.24378 31.22541 31.20682 31.1879 31.16857 31.15783 31.1514 31.14477 31.13795 31.13094 31.12374 31.11636 31.10881 31.10106 31.09294 31.08456 31.076 31.06955 31.06433 31.05886 31.05319 31.04737 31.04125 31.03473 31.02775 31.02021 31.01202 31.00325 30.99546 30.98753 30.96894 30.95034 30.93197 30.914 30.8963 30.87883 30.86159 30.84469 30.82843 30.81263 30.80184 30.79996 30.82513 30.86102 30.89702 30.93303 30.96898 31.00492 31.04091 31.07699 31.11305 31.14906 31.17825 31.18973
31.43492 31.42411 31.41265 31.40041 31.38453 31.36687 31.34888 31.33063 31.31213 31.29336 31.27432 31.25512 31.23576 31.21611 31.19604 31.17569 31.16495 31.15894 31.15267 31.14619 31.1395 31.13261 31.12554 31.11807 31.11014 31.1019 31.09348 31.08489 31.07824 31.07278 31.06709 31.06119 31.05515 31.04902 31.04273 31.03606 31.02895 31.02145 31.01402 31.00963 31.00206 30.98368 30.96468 30.94591 30.92732 30.90884 30.89054 30.87263 30.85511 30.8379 30.82105 30.81186 30.80947 30.82928 30.86227 30.89759 30.93291 30.96822 31.00354 31.03886 31.07417 31.10949 31.14431 31.16669 31.1768
31.45219 31.44222 31.43141 31.41944 31.40335 31.38519 31.3664 31.34722 31.32764 31.30768 31.28755 31.26726 31.24671 31.22577 31.20437 31.18316 31.17242 31.16688 31.16097 31.15482 31.14846 31.14188 31.13469 31.12696 31.11889 31.11062 31.10224 31.09359 31.08679 31.08113 31.07527 31.06923 31.06304 31.05675 31.05044 31.04413 31.03758 31.03098 31.02547 31.02366 31.01567 30.99734 30.97791 30.95873 30.93975 30.92093 30.90216 30.88339 30.86488 30.84646 30.82943 30.81923 30.81698 30.83363 30.86353 30.89816 30.93279 30.96742 31.00205 31.03667 31.0713 31.10592 31.13809 31.15698 31.16628
31.46996 31.46123 31.45115 31.43952 31.42328 31.40464 31.38511 31.3649 31.34414 31.32314 31.30186 31.28019 31.25811 31.23554 31.21299 31.19093 31.1802 31.17513 31.16963 31.16382 31.15776 31.1509 31.14339 31.13549 31.12738 31.11915 31.11076 31.10206 31.09516 31.08935 31.08337 31.07725 31.071 31.06466 31.05831 31.05208 31.04619 31.04082 31.03745 31.03687 31.02846 31.00996 30.99007 30.97043 30.95101 30.93176 30.91259 30.89334 30.87379 30.85398 30.83575 30.82475 30.82245 30.83717 30.86485 30.89874 30.93267 30.96661 31.00055 31.03449 31.06843 31.10236 31.1322 31.14924 31.15797
31.48847 31.48134 31.47209 31.46093 31.44458 31.42547 31.40526 31.38396 31.36217 31.34 -9999 31.2938 31.26967 31.24537 31.22188 31.19895 31.18824 31.18364 31.17858 31.17313 31.1667 31.15943 31.1517 31.14373 31.13565 31.12746 31.119 31.11031 31.10332 31.0974 31.09136 31.08521 31.07898 31.0727 31.06646 31.0604 31.05496 31.05109 31.0498 31.0493 31.04046 31.02158 31.0012 30.98107 30.96114 30.94138 30.9217 30.90192 30.88169 30.86015 30.83947 30.82844 30.82597 30.83968 30.86621 30.89931 30.93256 30.96581 30.99906 31.0323 31.06555 31.0988 31.12732 31.14341 31.1517
31.50796 31.50263 31.49454 31.48403 31.46762 31.44802 31.42705 31.40499 31.38208 31.35833 31.3336 -9999 -9999 -9999 31.231 31.20718 31.1965 31.19236 31.18775 31.18206 31.17509 -9999 -9999 -9999 31.14372 31.13543 31.12693 31.11828 31.11126 31.10527 31.09921 31.09309 31.08695 31.08083 31.07483 31.06917 31.06439 31.06165 31.06161 31.06093 31.05167 31.03219 31.0113 30.99064 30.97017 30.94983 30.92952 30.90905 30.88795 30.86464 30.84171 30.83036 30.8276 30.84115 30.8674 30.89988 30.93244 30.965 30.99756 31.03012 31.06268 31.09524 31.12355 31.13943 31.14737
31.52799 31.52527 31.51891 31.5093 31.4929 31.47276 31.45101 -9999 -9999 -9999 -9999 -9999 -9999 -9999 -9999 -9999 -9999 -9999 -9999 -9999 -9999 -9999 -9999 -9999 -9999 -9999 31.13453 31.12595 -9999 31.11291 31.10689 31.10086 31.09489 31.08903 31.08343 31.0784 31.07451 31.07273 31.07252 31.07176 31.06209 31.0418 31.02038 30.99916 30.97808 30.95709 30.93604 30.91467 30.89216 30.86722 30.84303 30.83055 30.82741 30.84164 30.86858 30.90045 30.93232 30.96419 30.99606 31.02794 31.05981 31.09168 31.12078 31.13722 31.14495
-9999 -9999 -9999 -9999 -9999 -9999 -9999 -9999 -9999 -9999 -9999 -9999 -9999 -9999 -9999 -9999 -9999 -9999 -9999 -9999 -9999 -9999 -9999 -9999 -9999 -9999 -9999 -9999 -9999 -9999 -9999 -9999 31.10277 31.09729 31.09227 31.08808 31.08522 31.08373 31.08257 31.08175 31.07166 31.05038 31.0284 31.00659 30.98486 30.96313 30.94119 30.91851 30.89438 30.86875 30.84381 30.82908 30.8254 30.84136 30.86984 30.90102 30.93221 30.96339 30.99457 31.02575 31.05693 31.08812 31.11848 31.13676 31.14445
-9999 -9999 -9999 -9999 -9999 -9999 -9999 -9999 -9999 -9999 -9999 -9999 -9999 -9999 -9999 -9999 -9999 -9999 -9999 -9999 -9999 -9999 -9999 -9999 -9999 -9999 -9999 -9999 -9999 -9999 -9999 -9999 -9999 31.10564 31.1014 31.09815 31.09616 31.09427 31.09233 31.09081 31.0803 31.05791 31.03535 31.01289 30.99048 30.96788 30.94473 30.92056 30.89505 30.8697 30.84472 30.82617 30.82169 30.84102 30.8711 30.9016 30.93206 30.96252 30.99301 31.02353 31.05406 31.08455 31.11504 31.13787 31.14592
-9999 -9999 -9999 -9999 -9999 -9999 -9999 -9999 -9999 -9999 -9999 -9999 -9999 -9999 -9999 -9999 -9999 -9999 -9999 -9999 -9999 -9999 -9999 -9999 -9999 -9999 -9999 -9999 -9999 -9999 -9999 -9999 -9999 -9999 31.11081 31.10851 31.10646 31.10425 31.10176 31.09904 31.08764 31.06434 31.0414 31.01855 30.99539 30.9717 30.94717 30.92144 30.89564 30.8703 30.84561 30.82264 30.81716 30.84256 30.87213 30.90161 30.93119 30.96088 30.99069 31.02061 31.05062 31.0807 31.11077 31.13945 31.14931
