Spatial_Analysis/Maxent_Outputs/Output4_NearFuture_RCP8.5/coral.asc
ncols         638
nrows         314
xllcorner     -102.97071042
yllcorner     3.973116569
cellsize      0.083
NODATA_value  -9999
[rows 81 to 107 of 314, columns 240 to 299 of 638]
6.75408E-1 6.77108E-1 6.78811E-1 6.80516E-1 6.82222E-1 6.83944E-1 6.8493E-1 6.83998E-1 6.81957E-1 6.79955E-1 6.77961E-1 6.75969E-1 6.73977E-1 6.71984E-1 6.69991E-1 6.68001E-1 6.66012E-1 6.64046E-1 6.60645E-1 6.5287E-1 6.41994E-1 6.3115E-1 6.20339E-1 6.09575E-1 5.98872E-1 5.88242E-1 5.77698E-1 5.67257E-1 5.5693E-1 5.46734E-1 5.37733E-1 5.32006E-1 5.28724E-1 5.25422E-1 5.22127E-1 5.18849E-1 5.15591E-1 5.12346E-1 5.09118E-1 5.0591E-1 5.0272E-1 4.99529E-1 4.97278E-1 4.97945E-1 5.01076E-1 5.04241E-1 5.0743E-1 5.10633E-1 5.13851E-1 5.1708E-1 5.20321E-1 5.23575E-1 5.26843E-1 5.30163E-1 5.33204E-1 5.3517E-1 5.362E-1 5.37357E-1 5.38548E-1 5.39741E-1
6.63652E-1 6.64553E-1 6.65457E-1 6.66364E-1 6.67275E-1 6.68208E-1 6.68616E-1 6.70924E-1 6.75105E-1 6.73261E-1 6.7143E-1 6.69599E-1 -9999 6.65942E-1 6.61478E-1 6.57466E-1 6.60474E-1 6.56294E-1 6.48864E-1 6.41818E-1 6.31883E-1 6.23576E-1 6.15008E-1 6.02293E-1 5.92525E-1 5.82823E-1 5.73196E-1 5.63655E-1 5.5421E-1 5.44867E-1 5.36665E-1 5.31417E-1 5.28284E-1 5.25132E-1 5.21974E-1 5.18829E-1 5.15697E-1 5.12579E-1 5.09474E-1 5.06384E-1 5.03304E-1 5.00224E-1 4.9801E-1 4.98574E-1 5.01533E-1 5.04519E-1 5.07535E-1 5.10562E-1 5.13604E-1 5.16656E-1 5.19719E-1 5.22795E-1 5.25884E-1 5.29038E-1 5.31922E-1 5.33853E-1 5.35003E-1 5.3626E-1 5.37564E-1 5.3887E-1
6.51979E-1 6.52075E-1 6.52173E-1 6.52273E-1 6.52377E-1 6.52508E-1 6.55622E-1 -9999 -9999 -9999 -9999 -9999 -9999 -9999 -9999 -9999 -9999 -9999 6.43717E-1 6.36925E-1 -9999 6.15039E-1 6.01969E-1 5.95139E-1 5.87229E-1 5.79929E-1 5.70621E-1 5.61391E-1 5.52253E-1 5.43254E-1 5.35622E-1 5.30849E-1 5.27859E-1 5.24849E-1 5.21826E-1 5.18813E-1 5.15809E-1 5.12815E-1 5.09831E-1 5.06858E-1 5.0389E-1 5.00924E-1 4.98743E-1 4.99203E-1 5.01989E-1 5.04798E-1 5.0764E-1 5.10492E-1 5.13357E-1 5.16231E-1 5.19116E-1 5.22011E-1 5.24924E-1 5.27902E-1 5.30606E-1 5.32502E-1 5.3379E-1 5.35163E-1 5.36578E-1 5.37997E-1
6.44545E-1 6.42279E-1 -9999 -9999 -9999 -9999 -9999 -9999 -9999 -9999 -9999 -9999 -9999 -9999 -9999 -9999 -9999 -9999 -9999 -9999 -9999 -9999 -9999 -9999 -9999 -9999 -9999 -9999 -9999 -9999 5.34473E-1 5.303E-1 5.27448E-1 5.24575E-1 5.21685E-1 5.18801E-1 5.15924E-1 5.13052E-1 5.10189E-1 5.07331E-1 5.04478E-1 5.01625E-1 4.99475E-1 4.99831E-1 5.02443E-1 5.05078E-1 5.07745E-1 5.10423E-1 5.13109E-1 5.15806E-1 5.18512E-1 5.21227E-1 5.23961E-1 5.26751E-1 5.29266E-1 5.31129E-1 5.32563E-1 5.34062E-1 5.35589E-1 5.3712E-1
-9999 -9999 -9999 -9999 -9999 -9999 -9999 -9999 -9999 -9999 -9999 -9999 -9999 -9999 -9999 -9999 -9999 -9999 -9999 -9999 -9999 -9999 -9999 -9999 -9999 -9999 -9999 -9999 -9999 -9999 -9999 -9999 5.26504E-1 5.23745E-1 5.20967E-1 -9999 5.15891E-1 5.13292E-1 5.10547E-1 5.07806E-1 5.05068E-1 5.02327E-1 5.00207E-1 5.00458E-1 5.02894E-1 5.05355E-1 5.07849E-1 5.10351E-1 5.12862E-1 5.15381E-1 5.17908E-1 5.20442E-1 5.22993E-1 5.2559E-1 5.27914E-1 5.29743E-1 5.31329E-1 5.32959E-1 5.34599E-1 5.36243E-1
-9999 -9999 -9999 -9999 -9999 -9999 -9999 -9999 -9999 -9999 -9999 -9999 -9999 -9999 -9999 -9999 -9999 -9999 -9999 -9999 -9999 -9999 -9999 -9999 -9999 -9999 -9999 -9999 -9999 -9999 -9999 -9999 -9999 -9999 -9999 -9999 -9999 5.13128E-1 5.10905E-1 5.08281E-1 5.05658E-1 5.03029E-1 5.00938E-1 5.01081E-1 5.03341E-1 5.05633E-1 5.07952E-1 5.10279E-1 5.12613E-1 5.14954E-1 5.17302E-1 5.19656E-1 5.2202E-1 5.24425E-1 5.26559E-1 5.28355E-1 5.30097E-1 5.31854E-1 5.33607E-1 5.35363E-1
-9999 -9999 -9999 -9999 -9999 -9999 -9999 -9999 -9999 -9999 -9999 -9999 -9999 -9999 -9999 -9999 -9999 -9999 -9999 -9999 -9999 -9999 -9999 -9999 -9999 -9999 -9999 -9999 -9999 -9999 -9999 -9999 -9999 -9999 -9999 -9999 -9999 -9999 -9999 -9999 5.05823E-1 5.03061E-1 5.01241E-1 5.01702E-1 5.03786E-1 5.05911E-1 5.08056E-1 5.10207E-1 5.12363E-1 5.14527E-1 5.16695E-1 5.1887E-1 5.21049E-1 5.23257E-1 5.25209E-1 5.26977E-1 5.28874E-1 5.30748E-1 5.32613E-1 5.34482E-1
-9999 -9999 -9999 -9999 5.74271E-1 5.70082E-1 5.66745E-1 5.66082E-1 5.67224E-1 5.68397E-1 5.6957E-1 5.7074E-1 5.71916E-1 5.73102E-1 5.74299E-1 -9999 -9999 -9999 -9999 -9999 -9999 -9999 -9999 -9999 -9999 -9999 -9999 -9999 -9999 -9999 -9999 -9999 -9999 -9999 -9999 -9999 -9999 -9999 -9999 -9999 -9999 5.04177E-1 5.02705E-1 5.01707E-1 5.03881E-1 5.06189E-1 5.08161E-1 5.10132E-1 5.12107E-1 5.14088E-1 5.16078E-1 5.18075E-1 5.20081E-1 5.22088E-1 5.23872E-1 5.25624E-1 5.27663E-1 5.29643E-1 5.31623E-1 5.33608E-1
-9999 -9999 5.70457E-1 5.67732E-1 5.66511E-1 5.61905E-1 5.58262E-1 5.57643E-1 5.59049E-1 5.60459E-1 5.61869E-1 5.63282E-1 5.64704E-1 5.66138E-1 5.67587E-1 5.67446E-1 -9999 -9999 -9999 -9999 -9999 -9999 -9999 -9999 -9999 -9999 -9999 -9999 -9999 -9999 -9999 -9999 -9999 -9999 -9999 -9999 -9999 -9999 -9999 -9999 -9999 -9999 5.02696E-1 5.03059E-1 5.04943E-1 5.06462E-1 5.08238E-1 5.10016E-1 5.11803E-1 5.13603E-1 5.15415E-1 5.17237E-1 5.19066E-1 5.20904E-1 5.2254E-1 5.2432E-1 5.26476E-1 5.28558E-1 5.30649E-1 5.32757E-1
5.71689E-1 5.67828E-1 5.64969E-1 5.59749E-1 5.54539E-1 5.49339E-1 5.45271E-1 5.44697E-1 5.46471E-1 5.48239E-1 5.5001E-1 5.51789E-1 5.53578E-1 5.55385E-1 5.57211E-1 5.59062E-1 5.60394E-1 -9999 -9999 -9999 -9999 -9999 -9999 -9999 -9999 -9999 -9999 -9999 -9999 -9999 -9999 -9999 -9999 -9999 -9999 -9999 -9999 -9999 -9999 -9999 -9999 -9999 -9999 5.03429E-1 5.05871E-1 5.07422E-1 5.08983E-1 5.10558E-1 5.12147E-1 5.13753E-1 5.15374E-1 5.17015E-1 5.18376E-1 5.20042E-1 5.21714E-1 -9999 5.25345E-1 5.2784E-1 5.29973E-1 5.32139E-1
5.73812E-1 5.68606E-1 5.63409E-1 5.58221E-1 5.53038E-1 5.4785E-1 5.43815E-1 5.43348E-1 5.45238E-1 5.47122E-1 5.4772E-1 5.47268E-1 5.49192E-1 5.51132E-1 5.53092E-1 -9999 -9999 -9999 -9999 -9999 -9999 -9999 -9999 -9999 -9999 -9999 -9999 -9999 -9999 -9999 -9999 -9999 -9999 -9999 -9999 -9999 -9999 -9999 -9999 -9999 -9999 -9999 -9999 -9999 5.08504E-1 5.13661E-1 5.1495E-1 5.1625E-1 5.17564E-1 5.18894E-1 5.2024E-1 5.21606E-1 5.24099E-1 5.27467E-1 5.28408E-1 5.29343E-1 5.29055E-1 5.29155E-1 5.29473E-1 5.32014E-1
5.77337E-1 5.72598E-1 5.6786E-1 5.63122E-1 5.58383E-1 5.5364E-1 5.49964E-1 5.49599E-1 5.51425E-1 5.5326E-1 5.56011E-1 5.58763E-1 -9999 -9999 -9999 -9999 -9999 -9999 -9999 -9999 -9999 -9999 -9999 -9999 -9999 -9999 -9999 -9999 -9999 -9999 -9999 -9999 -9999 -9999 -9999 -9999 -9999 -9999 -9999 -9999 -9999 -9999 -9999 -9999 -9999 -9999 -9999 -9999 -9999 -9999 -9999 -9999 -9999 5.27959E-1 5.31322E-1 5.31883E-1 5.3269E-1 5.3397E-1 5.35374E-1 -9999
5.80926E-1 5.76656E-1 5.72383E-1 5.68106E-1 5.63827E-1 5.59543E-1 5.56239E-1 5.55976E-1 5.57733E-1 5.59499E-1 5.61263E-1 5.63925E-1 5.67321E-1 5.68322E-1 -9999 -9999 -9999 -9999 -9999 -9999 -9999 -9999 -9999 -9999 -9999 -9999 -9999 -9999 -9999 -9999 -9999 -9999 -9999 -9999 -9999 -9999 -9999 -9999 -9999 -9999 -9999 -9999 -9999 -9999 -9999 -9999 -9999 -9999 -9999 -9999 -9999 -9999 -9999 -9999 -9999 5.33972E-1 5.36365E-1 5.36384E-1 5.36798E-1 5.37439E-1
5.84488E-1 5.80685E-1 5.76878E-1 5.73065E-1 5.69248E-1 5.65424E-1 5.62481E-1 5.62322E-1 5.64015E-1 5.65707E-1 5.67396E-1 5.69084E-1 5.70771E-1 5.73329E-1 5.76598E-1 5.78248E-1 5.79889E-1 5.81505E-1 5.82263E-1 -9999 -9999 -9999 -9999 -9999 -9999 -9999 -9999 -9999 -9999 -9999 -9999 5.5927E-1 -9999 -9999 -9999 -9999 -9999 -9999 -9999 -9999 -9999 -9999 -9999 -9999 -9999 -9999 -9999 -9999 -9999 -9999 -9999 -9999 -9999 -9999 -9999 -9999 -9999 5.37646E-1 5.38594E-1 5.37857E-1
5.88046E-1 5.84705E-1 5.8136E-1 5.78009E-1 5.74651E-1 5.7128E-1 5.68693E-1 5.68637E-1 5.7027E-1 5.71891E-1 5.73507E-1 5.7512E-1 5.76733E-1 5.78342E-1 5.79949E-1 5.81554E-1 5.83153E-1 5.84728E-1 5.85483E-1 5.854E-1 5.85171E-1 5.83336E-1 5.81337E-1 5.79931E-1 -9999 -9999 -9999 -9999 -9999 -9999 5.65789E-1 5.63485E-1 -9999 -9999 -9999 -9999 -9999 -9999 -9999 -9999 -9999 -9999 -9999 -9999 -9999 -9999 -9999 -9999 -9999 -9999 -9999 -9999 -9999 -9999 -9999 -9999 -9999 -9999 -9999 5.37887E-1
5.91601E-1 5.88716E-1 5.85829E-1 5.82937E-1 5.80035E-1 5.77112E-1 5.74879E-1 5.74925E-1 5.76499E-1 5.78051E-1 5.79593E-1 5.81132E-1 5.82669E-1 5.84204E-1 5.85737E-1 5.87268E-1 5.88793E-1 5.90297E-1 5.91039E-1 5.90217E-1 5.88508E-1 5.86771E-1 5.85018E-1 5.84218E-1 5.84238E-1 5.82554E-1 5.8087E-1 5.79182E-1 5.77488E-1 5.74665E-1 5.71587E-1 5.71324E-1 -9999 -9999 -9999 -9999 -9999 -9999 -9999 -9999 -9999 -9999 -9999 -9999 -9999 -9999 -9999 -9999 -9999 -9999 -9999 -9999 -9999 -9999 -9999 -9999 -9999 -9999 -9999 -9999
5.94373E-1 5.9041E-1 5.87717E-1 5.86075E-1 5.854E-1 5.82924E-1 5.81041E-1 5.81189E-1 5.82703E-1 5.84185E-1 5.85652E-1 5.87118E-1 5.8858E-1 5.90042E-1 5.91501E-1 5.92958E-1 5.9441E-1 5.95845E-1 5.96574E-1 5.95868E-1 5.94355E-1 5.92817E-1 5.91267E-1 5.89716E-1 5.88164E-1 5.86611E-1 5.85057E-1 5.835E-1 5.81939E-1 5.80352E-1 5.79394E-1 5.79969E-1 5.81207E-1 -9999 -9999 -9999 -9999 -9999 -9999 -9999 -9999 -9999 -9999 -9999 -9999 -9999 -9999 -9999 -9999 -9999 -9999 -9999 -9999 -9999 -9999 -9999 -9999 -9999 -9999 -9999
-9999 -9999 -9999 -9999 5.88809E-1 5.88716E-1 5.87183E-1 5.8743E-1 5.88881E-1 5.9029E-1 5.91684E-1 5.93076E-1 5.94465E-1 5.95853E-1 5.97239E-1 5.98623E-1 6.00003E-1 6.01369E-1 6.02087E-1 6.01494E-1 6.00174E-1 5.98834E-1 5.97484E-1 5.96136E-1 5.94786E-1 5.93435E-1 5.92083E-1 5.90729E-1 5.89372E-1 5.87992E-1 5.87165E-1 5.86656E-1 5.85827E-1 5.862E-1 5.87431E-1 -9999 -9999 -9999 -9999 -9999 -9999 -9999 -9999 -9999 -9999 -9999 -9999 -9999 -9999 -9999 -9999 -9999 -9999 -9999 -9999 -9999 -9999 -9999 -9999 -9999
-9999 -9999 -9999 -9999 -9999 5.92394E-1 5.93309E-1 5.93653E-1 5.95032E-1 5.96365E-1 5.97685E-1 5.99004E-1 6.0032E-1 6.01634E-1 6.02947E-1 6.04258E-1 6.05567E-1 6.06867E-1 6.07574E-1 6.07093E-1 6.05963E-1 6.04819E-1 6.03671E-1 6.02522E-1 6.01372E-1 6.00221E-1 5.9907E-1 5.97918E-1 5.96764E-1 5.95589E-1 5.94898E-1 5.94474E-1 5.93756E-1 5.93005E-1 5.92247E-1 5.92798E-1 5.94367E-1 -9999 5.92833E-1 -9999 -9999 -9999 -9999 -9999 -9999 -9999 -9999 -9999 -9999 -9999 -9999 -9999 -9999 -9999 -9999 -9999 -9999 -9999 -9999 -9999
-9999 -9999 -9999 -9999 -9999 5.99027E-1 5.9942E-1 5.99856E-1 6.01156E-1 6.02404E-1 6.03628E-1 6.04834E-1 6.06055E-1 6.07301E-1 6.0857E-1 6.09846E-1 6.11103E-1 6.12335E-1 6.1303E-1 6.12662E-1 6.11721E-1 6.10768E-1 6.09795E-1 6.08803E-1 6.07826E-1 6.06876E-1 6.05953E-1 6.0504E-1 6.04109E-1 6.03142E-1 6.02591E-1 6.02249E-1 6.01636E-1 6.00993E-1 6.00337E-1 5.99673E-1 6.00344E-1 6.00828E-1 5.99226E-1 6.0126E-1 6.00789E-1 5.99445E-1 -9999 -9999 -9999 -9999 -9999 -9999 -9999 -9999 -9999 -9999 -9999 -9999 -9999 -9999 -9999 -9999 -9999 -9999
6.09285E-1 -9999 -9999 -9999 -9999 6.05189E-1 6.05514E-1 6.06026E-1 6.07154E-1 6.08157E-1 6.09167E-1 6.10213E-1 6.11323E-1 6.12503E-1 6.13755E-1 6.15062E-1 6.16399E-1 6.17712E-1 6.18453E-1 6.18188E-1 6.17364E-1 6.16432E-1 6.15504E-1 6.14609E-1 6.13781E-1 6.13027E-1 6.12351E-1 6.1174E-1 6.11166E-1 6.10571E-1 6.10236E-1 6.09965E-1 6.09385E-1 6.08702E-1 6.08047E-1 6.07447E-1 6.06921E-1 6.06463E-1 6.06058E-1 6.05688E-1 6.05326E-1 6.06462E-1 6.08521E-1 6.05615E-1 6.03884E-1 -9999 -9999 -9999 5.9211E-1 5.89458E-1 5.88302E-1 5.85722E-1 -9999 -9999 -9999 -9999 -9999 -9999 -9999 -9999
-9999 -9999 -9999 -9999 -9999 6.11829E-1 6.10914E-1 6.11473E-1 6.12215E-1 6.12951E-1 6.13771E-1 6.14691E-1 6.15709E-1 6.16824E-1 6.18036E-1 6.19348E-1 6.20757E-1 6.2223E-1 6.23202E-1 6.23028E-1 6.22084E-1 6.21127E-1 6.20253E-1 6.19479E-1 6.18807E-1 6.18238E-1 6.17774E-1 6.17419E-1 6.17179E-1 6.17017E-1 6.17093E-1 6.16918E-1 6.16146E-1 6.15409E-1 6.148E-1 6.14319E-1 6.13951E-1 6.13676E-1 6.13473E-1 6.13328E-1 6.13222E-1 6.1312E-1 6.12637E-1 6.10889E-1 6.09238E-1 6.08594E-1 6.05595E-1 6.01493E-1 5.96499E-1 5.93701E-1 5.9092E-1 5.8815E-1 5.86344E-1 -9999 -9999 -9999 -9999 -9999 -9999 -9999
6.1076E-1 6.10721E-1 6.10744E-1 6.10847E-1 6.11186E-1 6.11696E-1 6.11923E-1 6.12536E-1 6.13358E-1 6.14146E-1 6.14959E-1 6.15852E-1 6.16833E-1 6.17902E-1 6.19062E-1 6.20308E-1 6.21625E-1 6.22957E-1 6.23819E-1 6.23736E-1 6.23043E-1 6.22327E-1 6.21633E-1 6.21015E-1 6.2049E-1 6.2006E-1 6.19727E-1 6.19491E-1 6.19337E-1 6.19209E-1 6.19236E-1 6.19122E-1 6.18578E-1 6.18059E-1 6.17597E-1 6.17241E-1 6.16988E-1 6.16822E-1 6.16727E-1 6.16683E-1 6.16671E-1 6.16653E-1 6.16263E-1 6.14579E-1 6.11697E-1 6.08794E-1 6.05901E-1 6.03033E-1 6.00192E-1 5.97371E-1 5.94565E-1 5.91768E-1 5.88973E-1 5.86995E-1 -9999 -9999 -9999 -9999 -9999 -9999
6.09693E-1 6.09685E-1 6.09717E-1 6.09777E-1 6.09851E-1 6.09888E-1 6.09967E-1 6.1063E-1 6.11706E-1 6.12686E-1 6.13645E-1 6.1462E-1 6.15624E-1 6.16676E-1 6.1777E-1 6.18891E-1 6.20019E-1 6.21117E-1 6.21801E-1 6.2181E-1 6.21473E-1 6.21087E-1 6.20675E-1 6.20279E-1 6.19914E-1 6.19598E-1 6.19332E-1 6.19097E-1 6.18872E-1 6.1862E-1 6.1851E-1 6.18477E-1 6.18311E-1 6.18139E-1 6.17961E-1 6.17819E-1 6.17719E-1 6.1767E-1 6.17662E-1 6.17678E-1 6.17702E-1 6.17704E-1 6.1736E-1 6.15872E-1 6.13319E-1 6.10682E-1 6.08027E-1 6.05375E-1 6.02728E-1 6.00088E-1 5.97456E-1 5.94823E-1 5.92183E-1 5.90173E-1 -9999 -9999 -9999 -9999 -9999 -9999
6.07604E-1 6.07651E-1 6.07706E-1 6.07761E-1 6.0781E-1 6.07835E-1 6.07945E-1 6.08642E-1 6.09759E-1 6.10816E-1 6.11862E-1 6.129E-1 6.13938E-1 6.14984E-1 6.16036E-1 6.17084E-1 6.18125E-1 6.19164E-1 6.19869E-1 6.19963E-1 6.19763E-1 6.19566E-1 6.19366E-1 6.19162E-1 6.18956E-1 6.18758E-1 6.18571E-1 6.18381E-1 6.18182E-1 6.17998E-1 6.18019E-1 6.18112E-1 6.18119E-1 6.18203E-1 6.18312E-1 6.18429E-1 6.18555E-1 6.187E-1 6.18862E-1 6.19032E-1 6.19208E-1 6.19363E-1 6.19172E-1 6.17892E-1 6.15599E-1 6.13198E-1 6.10766E-1 6.08326E-1 6.0588E-1 6.03432E-1 6.00981E-1 5.98524E-1 5.96061E-1 5.93602E-1 -9999 -9999 -9999 -9999 -9999 -9999
6.05334E-1 6.05435E-1 6.05538E-1 6.05643E-1 6.05744E-1 6.05813E-1 6.05972E-1 6.06697E-1 6.07821E-1 6.08886E-1 6.09932E-1 6.10976E-1 6.1202E-1 6.13063E-1 6.14106E-1 6.15146E-1 6.16186E-1 6.17226E-1 6.17958E-1 6.18134E-1 6.18052E-1 6.17972E-1 6.17895E-1 6.17818E-1 6.17739E-1 6.17662E-1 6.17584E-1 6.17505E-1 6.1743E-1 6.17398E-1 6.1757E-1 6.17785E-1 6.17934E-1 6.18197E-1 6.18518E-1 6.1885E-1 6.19193E-1 6.19547E-1 6.19912E-1 6.2029E-1 6.20671E-1 6.21005E-1 6.2097E-1 6.19896E-1 6.17858E-1 6.15682E-1 6.13443E-1 6.11199E-1 6.08951E-1 6.06697E-1 6.0444E-1 6.02178E-1 5.99912E-1 5.97647E-1 5.96549E-1 -9999 -9999 -9999 -9999 -9999
6.03077E-1 6.03234E-1 6.03394E-1 6.03555E-1 6.03709E-1 6.0383E-1 6.04047E-1 6.04798E-1 6.05918E-1 6.06986E-1 6.08029E-1 6.09071E-1 6.10112E-1 6.11152E-1 6.12192E-1 6.13231E-1 6.14269E-1 6.15308E-1 6.16064E-1 6.16323E-1 6.16357E-1 6.16395E-1 6.16437E-1 6.16477E-1 6.16518E-1 6.16559E-1 6.16599E-1 6.1664E-1 6.16692E-1 6.16819E-1 6.17141E-1 6.17479E-1 6.17765E-1 6.18201E-1 6.18729E-1 6.1927E-1 6.19823E-1 6.20388E-1 6.20964E-1 6.2155E-1 6.22136E-1 6.22646E-1 6.22769E-1 6.21899E-1 6.20111E-1 6.18162E-1 6.16118E-1 6.14066E-1 6.1201E-1 6.09951E-1 6.07887E-1 6.05819E-1 6.03749E-1 6.01673E-1 6.0065E-1 -9999 -9999 -9999 -9999 -9999
