Spatial_Analysis/Maxent_Outputs/Output4_NearFuture_RCP8.5/coral.asc
ncols         638
nrows         314
xllcorner     -102.97071042
yllcorner     3.973116569
cellsize      0.083
NODATA_value  -9999
[rows 0 to 26 of 314, columns 480 to 539 of 638]
1.33059E-1 1.3285E-1 1.32641E-1 1.32432E-1 1.32224E-1 1.32016E-1 1.31789E-1 1.31572E-1 1.31427E-1 1.31322E-1 1.31215E-1 1.31109E-1 1.31004E-1 1.30898E-1 1.30792E-1 1.30686E-1 1.3058E-1 1.30473E-1 1.30426E-1 1.3041E-1 1.30315E-1 1.3017E-1 1.30023E-1 1.29875E-1 1.29728E-1 1.2958E-1 1.29433E-1 1.29286E-1 1.29139E-1 1.28992E-1 1.28805E-1 1.28595E-1 1.28438E-1 1.28319E-1 1.28198E-1 1.28075E-1 1.27954E-1 1.27832E-1 1.2771E-1 1.27588E-1 1.27466E-1 1.27343E-1 1.27194E-1 1.27038E-1 1.26953E-1 1.26925E-1 1.26893E-1 1.26859E-1 1.26825E-1 1.26791E-1 1.26758E-1 1.26724E-1 1.2669E-1 1.26658E-1 1.26601E-1 1.26518E-1 1.26446E-1 1.26381E-1 1.26315E-1 1.26246E-1
1.32799E-1 1.32582E-1 1.32366E-1 1.32149E-1 1.31934E-1 1.31718E-1 1.31488E-1 1.3127E-1 1.31124E-1 1.31017E-1 1.3091E-1 1.30802E-1 1.30695E-1 1.30588E-1 1.30481E-1 1.30373E-1 1.30266E-1 1.30159E-1 1.30111E-1 1.30095E-1 1.3E-1 1.29854E-1 1.29707E-1 1.29559E-1 1.29411E-1 1.29263E-1 1.29116E-1 1.28968E-1 1.28821E-1 1.28674E-1 1.28487E-1 1.28278E-1 1.28122E-1 1.28003E-1 1.27883E-1 1.27761E-1 1.2764E-1 1.27519E-1 1.27397E-1 1.27276E-1 1.27155E-1 1.27034E-1 1.26887E-1 1.26737E-1 1.26656E-1 1.26631E-1 1.26603E-1 1.26574E-1 1.26545E-1 1.26515E-1 1.26486E-1 1.26457E-1 1.26428E-1 1.26399E-1 1.2635E-1 1.26278E-1 1.26215E-1 1.26161E-1 1.26104E-1 1.26045E-1
1.32539E-1 1.32315E-1 1.32091E-1 1.31867E-1 1.31644E-1 1.31421E-1 1.31187E-1 1.30969E-1 1.30822E-1 1.30714E-1 1.30605E-1 1.30496E-1 1.30387E-1 1.30279E-1 1.3017E-1 1.30062E-1 1.29953E-1 1.29845E-1 1.29797E-1 1.29781E-1 1.29686E-1 1.2954E-1 1.29392E-1 1.29243E-1 1.29095E-1 1.28947E-1 1.28799E-1 1.28651E-1 1.28503E-1 1.28356E-1 1.2817E-1 1.27961E-1 1.27806E-1 1.27688E-1 1.27568E-1 1.27448E-1 1.27327E-1 1.27207E-1 1.27086E-1 1.26966E-1 1.26845E-1 1.26725E-1 1.26582E-1 1.26436E-1 1.26359E-1 1.26338E-1 1.26315E-1 1.2629E-1 1.26265E-1 1.2624E-1 1.26215E-1 1.26191E-1 1.26166E-1 1.26141E-1 1.26099E-1 1.26038E-1 1.25986E-1 1.25942E-1 1.25895E-1 1.25845E-1
1.3228E-1 1.32048E-1 1.31817E-1 1.31586E-1 1.31355E-1 1.31125E-1 1.30887E-1 1.30668E-1 1.30519E-1 1.3041E-1 1.303E-1 1.30191E-1 1.3008E-1 1.2997E-1 1.2986E-1 1.29751E-1 1.29641E-1 1.29531E-1 1.29483E-1 1.29468E-1 1.29373E-1 1.29225E-1 1.29077E-1 1.28928E-1 1.28779E-1 1.28631E-1 1.28483E-1 1.28335E-1 1.28187E-1 1.28039E-1 1.27853E-1 1.27645E-1 1.27491E-1 1.27374E-1 1.27255E-1 1.27135E-1 1.27015E-1 1.26895E-1 1.26775E-1 1.26656E-1 1.26536E-1 1.26417E-1 1.26277E-1 1.26136E-1 1.26064E-1 1.26046E-1 1.26026E-1 1.26006E-1 1.25985E-1 1.25965E-1 1.25945E-1 1.25925E-1 1.25904E-1 1.25884E-1 1.25848E-1 1.25799E-1 1.25758E-1 1.25724E-1 1.25685E-1 1.25645E-1
1.32012E-1 1.31771E-1 1.31532E-1 1.31297E-1 1.31062E-1 1.30828E-1 1.30588E-1 1.30369E-1 1.30219E-1 1.30107E-1 1.29994E-1 1.29879E-1 1.29764E-1 1.29651E-1 1.2954E-1 1.29432E-1 1.29325E-1 1.29218E-1 1.29171E-1 1.29156E-1 1.2906E-1 1.28911E-1 1.2876E-1 1.28607E-1 1.28455E-1 1.28305E-1 1.28157E-1 1.28011E-1 1.27866E-1 1.27721E-1 1.27536E-1 1.2733E-1 1.27177E-1 1.2706E-1 1.2694E-1 1.26817E-1 1.26695E-1 1.26575E-1 1.26456E-1 1.26339E-1 1.26223E-1 1.26108E-1 1.25972E-1 1.25837E-1 1.25769E-1 1.25754E-1 1.25738E-1 1.25718E-1 1.25699E-1 1.25682E-1 1.25665E-1 1.25651E-1 1.25638E-1 1.25626E-1 1.25598E-1 1.25561E-1 1.25531E-1 1.25506E-1 1.25475E-1 1.25441E-1
1.31719E-1 1.31469E-1 1.31223E-1 1.30983E-1 1.30745E-1 1.30513E-1 1.30282E-1 1.30069E-1 1.29914E-1 1.2979E-1 1.29665E-1 1.29542E-1 1.29422E-1 1.29306E-1 1.29195E-1 1.29088E-1 1.28985E-1 1.28885E-1 1.28851E-1 1.28845E-1 1.28744E-1 1.28585E-1 1.28423E-1 1.28263E-1 1.28107E-1 1.27955E-1 1.27807E-1 1.27663E-1 1.27524E-1 1.27386E-1 1.27212E-1 1.27015E-1 1.26863E-1 1.26737E-1 1.26607E-1 1.26479E-1 1.26353E-1 1.26232E-1 1.26114E-1 1.26E-1 1.2589E-1 1.25782E-1 1.25659E-1 1.25538E-1 1.25472E-1 1.25454E-1 1.25432E-1 1.2541E-1 1.25391E-1 1.25375E-1 1.25363E-1 1.25355E-1 1.25351E-1 1.2535E-1 1.25339E-1 1.2532E-1 1.25305E-1 1.25279E-1 1.25247E-1 1.25216E-1
1.32284E-1 1.32031E-1 1.31783E-1 1.31539E-1 1.31302E-1 1.3107E-1 1.30844E-1 1.30643E-1 1.30495E-1 1.30377E-1 1.30258E-1 1.30142E-1 1.30032E-1 1.29927E-1 1.29827E-1 1.29731E-1 1.29641E-1 1.29556E-1 1.2954E-1 1.29549E-1 1.29451E-1 1.29284E-1 1.29115E-1 1.2895E-1 1.28792E-1 1.28638E-1 1.28489E-1 1.28344E-1 1.28205E-1 1.2807E-1 1.279E-1 1.27709E-1 1.27557E-1 1.27429E-1 1.27295E-1 1.27166E-1 1.27042E-1 1.26922E-1 1.26807E-1 1.26696E-1 1.2659E-1 1.26488E-1 1.26376E-1 1.26267E-1 1.26204E-1 1.26184E-1 1.26157E-1 1.26135E-1 1.26118E-1 1.26105E-1 1.26096E-1 1.26092E-1 1.26092E-1 1.26098E-1 1.26101E-1 1.26099E-1 1.26096E-1 1.26081E-1 1.26059E-1 1.26041E-1
1.34468E-1 1.34221E-1 1.33979E-1 1.33741E-1 1.33507E-1 1.33274E-1 1.33046E-1 1.32855E-1 1.32739E-1 1.32666E-1 1.3259E-1 1.32513E-1 1.32439E-1 1.32369E-1 1.32303E-1 1.3224E-1 1.3218E-1 1.32123E-1 1.32131E-1 1.32162E-1 1.32077E-1 1.31917E-1 1.31753E-1 1.31589E-1 1.31428E-1 1.3127E-1 1.31117E-1 1.30968E-1 1.30821E-1 1.30676E-1 1.30494E-1 1.30293E-1 1.30143E-1 1.30029E-1 1.2991E-1 1.29791E-1 1.29675E-1 1.29561E-1 1.29451E-1 1.29346E-1 1.29243E-1 1.29143E-1 1.29029E-1 1.28918E-1 1.28861E-1 1.2885E-1 1.28833E-1 1.28817E-1 1.28803E-1 1.28792E-1 1.28784E-1 1.28781E-1 1.2878E-1 1.28782E-1 1.28782E-1 1.28783E-1 1.28797E-1 1.28821E-1 1.28839E-1 1.28858E-1
1.37396E-1 1.37169E-1 1.36945E-1 1.36722E-1 1.36499E-1 1.36277E-1 1.36062E-1 1.35891E-1 1.35817E-1 1.358E-1 1.3578E-1 1.3576E-1 1.35739E-1 1.3572E-1 1.35701E-1 1.35684E-1 1.35668E-1 1.35652E-1 1.357E-1 1.35766E-1 1.35696E-1 1.35536E-1 1.35374E-1 1.3521E-1 1.35047E-1 1.34885E-1 1.34725E-1 1.34566E-1 1.34408E-1 1.3425E-1 1.34055E-1 1.33844E-1 1.33698E-1 1.33598E-1 1.33496E-1 1.33392E-1 1.33288E-1 1.33185E-1 1.33083E-1 1.32982E-1 1.32883E-1 1.32784E-1 1.3267E-1 1.3256E-1 1.32508E-1 1.32502E-1 1.32494E-1 1.32483E-1 1.32472E-1 1.32463E-1 1.32454E-1 1.32448E-1 1.32442E-1 1.32436E-1 1.32426E-1 1.32422E-1 1.32453E-1 1.32517E-1 1.32575E-1 1.32632E-1
1.40361E-1 1.40162E-1 1.39963E-1 1.39765E-1 1.39567E-1 1.39369E-1 1.39178E-1 1.39036E-1 1.39009E-1 1.39046E-1 1.39081E-1 1.39116E-1 1.39152E-1 1.39188E-1 1.39223E-1 1.39258E-1 1.39294E-1 1.39329E-1 1.39428E-1 1.39535E-1 1.39477E-1 1.3931E-1 1.39142E-1 1.38973E-1 1.38805E-1 1.38637E-1 1.38469E-1 1.38301E-1 1.38133E-1 1.37967E-1 1.37765E-1 1.3755E-1 1.37407E-1 1.37317E-1 1.37225E-1 1.37133E-1 1.37039E-1 1.36947E-1 1.36853E-1 1.36761E-1 1.36669E-1 1.36576E-1 1.36469E-1 1.36365E-1 1.36316E-1 1.3631E-1 1.363E-1 1.3629E-1 1.3628E-1 1.36269E-1 1.36259E-1 1.36249E-1 1.36238E-1 1.36229E-1 1.36213E-1 1.36203E-1 1.36244E-1 1.36333E-1 1.36419E-1 1.36503E-1
1.43375E-1 1.43203E-1 1.43032E-1 1.42861E-1 1.4269E-1 1.42519E-1 1.42353E-1 1.42243E-1 1.42263E-1 1.42356E-1 1.42448E-1 1.42539E-1 1.42631E-1 1.42722E-1 1.42814E-1 1.42906E-1 1.42998E-1 1.43089E-1 1.43243E-1 1.43392E-1 1.43346E-1 1.43173E-1 1.42997E-1 1.42821E-1 1.42645E-1 1.42469E-1 1.42294E-1 1.42119E-1 1.41944E-1 1.41769E-1 1.4156E-1 1.41341E-1 1.41203E-1 1.41123E-1 1.41042E-1 1.40959E-1 1.40875E-1 1.40792E-1 1.40708E-1 1.40625E-1 1.40542E-1 1.40458E-1 1.4036E-1 1.40264E-1 1.40217E-1 1.40209E-1 1.40198E-1 1.40186E-1 1.40174E-1 1.40161E-1 1.40149E-1 1.40137E-1 1.40124E-1 1.40112E-1 1.4009E-1 1.40074E-1 1.40128E-1 1.40244E-1 1.40357E-1 1.40467E-1
1.46442E-1 1.463E-1 1.46157E-1 1.46015E-1 1.45872E-1 1.45729E-1 1.4559E-1 1.45513E-1 1.45582E-1 1.45733E-1 1.45883E-1 1.46033E-1 1.46183E-1 1.46333E-1 1.46483E-1 1.46633E-1 1.46784E-1 1.46934E-1 1.47146E-1 1.47339E-1 1.47306E-1 1.47125E-1 1.46941E-1 1.46757E-1 1.46574E-1 1.4639E-1 1.46207E-1 1.46024E-1 1.45841E-1 1.45659E-1 1.45443E-1 1.45221E-1 1.45087E-1 1.45018E-1 1.44947E-1 1.44874E-1 1.44801E-1 1.44727E-1 1.44654E-1 1.4458E-1 1.44507E-1 1.44433E-1 1.44345E-1 1.44256E-1 1.44212E-1 1.44203E-1 1.4419E-1 1.44176E-1 1.44162E-1 1.44147E-1 1.44133E-1 1.44118E-1 1.44103E-1 1.44089E-1 1.4406E-1 1.44039E-1 1.44105E-1 1.44249E-1 1.4439E-1 1.44529E-1
1.49565E-1 1.49452E-1 1.49339E-1 1.49226E-1 1.49113E-1 1.48999E-1 1.48889E-1 1.48845E-1 1.48965E-1 1.49176E-1 1.49387E-1 1.49598E-1 1.49808E-1 1.5002E-1 1.50231E-1 1.50442E-1 1.50654E-1 1.50865E-1 1.51136E-1 1.51377E-1 1.51357E-1 1.51168E-1 1.50976E-1 1.50784E-1 1.50592E-1 1.50401E-1 1.50209E-1 1.50018E-1 1.49828E-1 1.49638E-1 1.49415E-1 1.49189E-1 1.49061E-1 1.49002E-1 1.48943E-1 1.4888E-1 1.48817E-1 1.48754E-1 1.48691E-1 1.48629E-1 1.48566E-1 1.48502E-1 1.48424E-1 1.48344E-1 1.48303E-1 1.48292E-1 1.48277E-1 1.48261E-1 1.48244E-1 1.48228E-1 1.48211E-1 1.48194E-1 1.48177E-1 1.4816E-1 1.48125E-1 1.48099E-1 1.48177E-1 1.4835E-1 1.48521E-1 1.48689E-1
1.52743E-1 1.5266E-1 1.52578E-1 1.52496E-1 1.52413E-1 1.5233E-1 1.5225E-1 1.52241E-1 1.52413E-1 1.52687E-1 1.52961E-1 1.53234E-1 1.53508E-1 1.53783E-1 1.54058E-1 1.54333E-1 1.54608E-1 1.54883E-1 1.55217E-1 1.55506E-1 1.555E-1 1.55302E-1 1.55102E-1 1.54902E-1 1.54701E-1 1.54501E-1 1.54302E-1 1.54103E-1 1.53904E-1 1.53706E-1 1.53477E-1 1.53248E-1 1.53125E-1 1.53078E-1 1.53029E-1 1.52977E-1 1.52926E-1 1.52874E-1 1.52822E-1 1.52771E-1 1.52719E-1 1.52667E-1 1.526E-1 1.52529E-1 1.52491E-1 1.52478E-1 1.5246E-1 1.52442E-1 1.52423E-1 1.52404E-1 1.52385E-1 1.52366E-1 1.52347E-1 1.52327E-1 1.52286E-1 1.52255E-1 1.52346E-1 1.52549E-1 1.52749E-1 1.52948E-1
1.55977E-1 1.55926E-1 1.55875E-1 1.55825E-1 1.55774E-1 1.55723E-1 1.55674E-1 1.55701E-1 1.55928E-1 1.56267E-1 1.56605E-1 1.56944E-1 1.57284E-1 1.57623E-1 1.57964E-1 1.58305E-1 1.58647E-1 1.5899E-1 1.59389E-1 1.59728E-1 1.59737E-1 1.5953E-1 1.59321E-1 1.59112E-1 1.58902E-1 1.58693E-1 1.58486E-1 1.58278E-1 1.58071E-1 1.57864E-1 1.57628E-1 1.57397E-1 1.5728E-1 1.57245E-1 1.57208E-1 1.57167E-1 1.57127E-1 1.57088E-1 1.57048E-1 1.57008E-1 1.56968E-1 1.56927E-1 1.56873E-1 1.56812E-1 1.56776E-1 1.56761E-1 1.56741E-1 1.56719E-1 1.56698E-1 1.56677E-1 1.56656E-1 1.56634E-1 1.56613E-1 1.56591E-1 1.56544E-1 1.56507E-1 1.56612E-1 1.56846E-1 1.57078E-1 1.57308E-1
1.59266E-1 1.59249E-1 1.59231E-1 1.59213E-1 1.59196E-1 1.59178E-1 1.59161E-1 1.59227E-1 1.59509E-1 1.59915E-1 1.60321E-1 1.60727E-1 1.61135E-1 1.61542E-1 1.61952E-1 1.62362E-1 1.62773E-1 1.63184E-1 1.63652E-1 1.64044E-1 1.64068E-1 1.63851E-1 1.63632E-1 1.63414E-1 1.63196E-1 1.62979E-1 1.62762E-1 1.62546E-1 1.6233E-1 1.62115E-1 1.61871E-1 1.61638E-1 1.61528E-1 1.61505E-1 1.61479E-1 1.61451E-1 1.61423E-1 1.61395E-1 1.61367E-1 1.6134E-1 1.61313E-1 1.61285E-1 1.61244E-1 1.61194E-1 1.61161E-1 1.61142E-1 1.61119E-1 1.61096E-1 1.61071E-1 1.61048E-1 1.61024E-1 1.61001E-1 1.60977E-1 1.60953E-1 1.60899E-1 1.60857E-1 1.60976E-1 1.61243E-1 1.61507E-1 1.6177E-1
1.62609E-1 1.62623E-1 1.62639E-1 1.62656E-1 1.62675E-1 1.62694E-1 1.62712E-1 1.62818E-1 1.63157E-1 1.63632E-1 1.64108E-1 1.64582E-1 1.65056E-1 1.65533E-1 1.66013E-1 1.66495E-1 1.6698E-1 1.67467E-1 1.68007E-1 1.68455E-1 1.68493E-1 1.68265E-1 1.68037E-1 1.67807E-1 1.67576E-1 1.67348E-1 1.67121E-1 1.66897E-1 1.66676E-1 1.66456E-1 1.66206E-1 1.65971E-1 1.65869E-1 1.65858E-1 1.65844E-1 1.65824E-1 1.65805E-1 1.65787E-1 1.65772E-1 1.65759E-1 1.65748E-1 1.65737E-1 1.65714E-1 1.65676E-1 1.65646E-1 1.65622E-1 1.65595E-1 1.65564E-1 1.65533E-1 1.65505E-1 1.65478E-1 1.65455E-1 1.65433E-1 1.65412E-1 1.65353E-1 1.65306E-1 1.6544E-1 1.65739E-1 1.66035E-1 1.66328E-1
1.65989E-1 1.66036E-1 1.66086E-1 1.66141E-1 1.66198E-1 1.66257E-1 1.66318E-1 1.66473E-1 1.66873E-1 1.67414E-1 1.67951E-1 1.68489E-1 1.6903E-1 1.69577E-1 1.7013E-1 1.70689E-1 1.71253E-1 1.71821E-1 1.72443E-1 1.7296E-1 1.73014E-1 1.7277E-1 1.72518E-1 1.72268E-1 1.72021E-1 1.7178E-1 1.71544E-1 1.71313E-1 1.71089E-1 1.70868E-1 1.70621E-1 1.70397E-1 1.70305E-1 1.70297E-1 1.70279E-1 1.70262E-1 1.70248E-1 1.70239E-1 1.70237E-1 1.7024E-1 1.7025E-1 1.70263E-1 1.70268E-1 1.70258E-1 1.70228E-1 1.70189E-1 1.70143E-1 1.70098E-1 1.70058E-1 1.70025E-1 1.69996E-1 1.69974E-1 1.69957E-1 1.69944E-1 1.69894E-1 1.69854E-1 1.70001E-1 1.70323E-1 1.7064E-1 1.70959E-1
1.69533E-1 1.69608E-1 1.69686E-1 1.6977E-1 1.69858E-1 1.69951E-1 1.70048E-1 1.70243E-1 1.70691E-1 1.71284E-1 1.71873E-1 1.72468E-1 1.73069E-1 1.73677E-1 1.74292E-1 1.74915E-1 1.75545E-1 1.76182E-1 1.76877E-1 1.7745E-1 1.77513E-1 1.77245E-1 1.7697E-1 1.767E-1 1.76438E-1 1.76183E-1 1.75934E-1 1.75693E-1 1.7546E-1 1.75235E-1 1.7499E-1 1.7477E-1 1.74673E-1 1.74652E-1 1.7462E-1 1.74596E-1 1.74579E-1 1.74568E-1 1.74565E-1 1.7457E-1 1.74582E-1 1.74602E-1 1.74619E-1 1.74621E-1 1.74596E-1 1.74557E-1 1.7451E-1 1.7447E-1 1.74439E-1 1.74415E-1 1.74398E-1 1.74388E-1 1.74385E-1 1.74388E-1 1.74355E-1 1.74328E-1 1.7449E-1 1.74831E-1 1.75166E-1 1.75507E-1
1.73397E-1 1.73484E-1 1.73576E-1 1.73672E-1 1.73772E-1 1.73875E-1 1.73976E-1 1.74176E-1 1.74653E-1 1.75287E-1 1.75921E-1 1.76557E-1 1.77197E-1 1.77842E-1 1.78494E-1 1.79153E-1 1.79819E-1 1.80491E-1 1.81211E-1 1.81796E-1 1.81856E-1 1.81576E-1 1.81294E-1 1.81013E-1 1.80735E-1 1.80463E-1 1.80197E-1 1.79937E-1 1.79685E-1 1.79438E-1 1.79169E-1 1.78919E-1 1.78792E-1 1.7875E-1 1.78703E-1 1.78655E-1 1.78612E-1 1.78573E-1 1.78541E-1 1.78515E-1 1.78494E-1 1.78478E-1 1.78452E-1 1.78418E-1 1.78409E-1 1.78422E-1 1.78429E-1 1.78436E-1 1.78446E-1 1.78463E-1 1.78486E-1 1.78514E-1 1.78547E-1 1.78582E-1 1.78569E-1 1.78557E-1 1.78737E-1 1.79096E-1 1.79449E-1 1.79803E-1
1.77368E-1 1.77457E-1 1.77548E-1 1.77641E-1 1.77735E-1 1.77828E-1 1.77917E-1 1.78116E-1 1.7861E-1 1.79275E-1 1.7994E-1 1.80605E-1 1.81271E-1 1.81942E-1 1.82616E-1 1.83295E-1 1.83978E-1 1.84661E-1 1.8539E-1 1.85978E-1 1.86035E-1 1.85749E-1 1.8546E-1 1.85169E-1 1.84879E-1 1.84592E-1 1.84309E-1 1.84028E-1 1.8375E-1 1.83474E-1 1.83175E-1 1.82895E-1 1.82738E-1 1.8267E-1 1.82595E-1 1.82518E-1 1.82441E-1 1.82366E-1 1.82295E-1 1.82224E-1 1.82156E-1 1.82088E-1 1.82001E-1 1.81918E-1 1.81922E-1 1.81994E-1 1.82062E-1 1.82128E-1 1.82194E-1 1.82261E-1 1.82331E-1 1.82404E-1 1.82477E-1 1.82549E-1 1.8257E-1 1.82589E-1 1.82787E-1 1.8315E-1 1.83511E-1 1.8387E-1
1.81317E-1 1.81399E-1 1.81482E-1 1.81565E-1 1.81648E-1 1.8173E-1 1.81814E-1 1.82015E-1 1.82524E-1 1.83209E-1 1.83896E-1 1.84584E-1 1.85274E-1 1.85966E-1 1.86661E-1 1.87358E-1 1.88056E-1 1.88757E-1 1.89506E-1 1.90108E-1 1.90163E-1 1.89861E-1 1.89558E-1 1.89254E-1 1.88952E-1 1.88651E-1 1.88351E-1 1.88051E-1 1.87753E-1 1.87456E-1 1.87143E-1 1.86849E-1 1.86665E-1 1.8656E-1 1.86452E-1 1.86342E-1 1.86233E-1 1.86124E-1 1.86016E-1 1.85906E-1 1.85797E-1 1.85688E-1 1.85549E-1 1.85422E-1 1.85429E-1 1.85545E-1 1.85658E-1 1.8577E-1 1.85882E-1 1.85995E-1 1.86107E-1 1.86219E-1 1.86332E-1 1.86444E-1 1.86509E-1 1.86568E-1 1.86784E-1 1.87145E-1 1.87503E-1 1.87862E-1
1.85324E-1 1.85399E-1 1.85474E-1 1.85549E-1 1.85624E-1 1.85698E-1 1.85777E-1 1.85981E-1 1.86504E-1 1.87209E-1 1.87916E-1 1.88624E-1 1.89336E-1 1.90048E-1 1.90763E-1 1.9148E-1 1.92199E-1 1.92921E-1 1.93691E-1 1.9431E-1 1.9436E-1 1.94043E-1 1.93723E-1 1.93402E-1 1.93083E-1 1.92766E-1 1.92449E-1 1.92133E-1 1.91818E-1 1.91504E-1 1.91178E-1 1.90869E-1 1.90657E-1 1.90515E-1 1.90369E-1 1.90222E-1 1.90075E-1 1.89928E-1 1.89782E-1 1.89635E-1 1.89488E-1 1.8934E-1 1.89152E-1 1.88978E-1 1.88989E-1 1.89149E-1 1.89306E-1 1.89462E-1 1.89618E-1 1.89775E-1 1.89931E-1 1.90088E-1 1.90245E-1 1.90402E-1 1.90513E-1 1.90615E-1 1.90851E-1 1.91208E-1 1.91562E-1 1.91917E-1
1.894E-1 1.89466E-1 1.89533E-1 1.896E-1 1.89667E-1 1.89734E-1 1.89807E-1 1.90014E-1 1.90551E-1 1.91277E-1 1.92004E-1 1.92733E-1 1.93465E-1 1.94198E-1 1.94934E-1 1.95672E-1 1.96412E-1 1.97154E-1 1.97947E-1 1.98583E-1 1.9863E-1 1.98295E-1 1.97957E-1 1.97619E-1 1.97283E-1 1.96948E-1 1.96615E-1 1.96281E-1 1.95949E-1 1.95619E-1 1.95279E-1 1.94957E-1 1.94715E-1 1.94534E-1 1.94349E-1 1.94163E-1 1.93978E-1 1.93792E-1 1.93606E-1 1.93421E-1 1.93235E-1 1.93049E-1 1.9281E-1 1.92589E-1 1.92603E-1 1.92808E-1 1.9301E-1 1.93211E-1 1.93413E-1 1.93615E-1 1.93817E-1 1.9402E-1 1.94222E-1 1.94425E-1 1.94584E-1 1.94731E-1 1.94986E-1 1.95338E-1 1.95688E-1 1.96039E-1
1.93545E-1 1.93602E-1 1.9366E-1 1.93718E-1 1.93776E-1 1.93834E-1 1.93903E-1 1.94113E-1 1.94665E-1 1.95411E-1 1.96159E-1 1.9691E-1 1.97662E-1 1.98417E-1 1.99174E-1 1.99933E-1 2.00694E-1 2.01458E-1 2.02274E-1 2.02927E-1 2.0297E-1 2.02616E-1 2.02261E-1 2.01906E-1 2.01552E-1 2.012E-1 2.00848E-1 2.00498E-1 2.00148E-1 1.998E-1 1.99447E-1 1.9911E-1 1.9884E-1 1.98618E-1 1.98393E-1 1.98167E-1 1.97941E-1 1.97715E-1 1.97489E-1 1.97264E-1 1.97038E-1 1.96812E-1 1.96521E-1 1.96252E-1 1.9627E-1 1.9652E-1 1.96769E-1 1.97017E-1 1.97265E-1 1.97514E-1 1.97763E-1 1.98013E-1 1.98262E-1 1.98512E-1 1.98723E-1 1.98915E-1 1.9919E-1 1.99537E-1 1.99882E-1 2.00228E-1
1.97758E-1 1.97807E-1 1.97856E-1 1.97905E-1 1.97954E-1 1.98003E-1 1.98067E-1 1.9828E-1 1.98846E-1 1.99614E-1 2.00383E-1 2.01154E-1 2.01928E-1 2.02704E-1 2.03483E-1 2.04263E-1 2.05047E-1 2.05832E-1 2.06672E-1 2.07342E-1 2.07381E-1 2.07008E-1 2.06635E-1 2.06262E-1 2.0589E-1 2.05519E-1 2.05149E-1 2.04781E-1 2.04414E-1 2.04047E-1 2.03682E-1 2.03331E-1 2.0303E-1 2.02766E-1 2.025E-1 2.02232E-1 2.01964E-1 2.01698E-1 2.01431E-1 2.01164E-1 2.00897E-1 2.00631E-1 2.00287E-1 1.99969E-1 1.9999E-1 2.00287E-1 2.00583E-1 2.00878E-1 2.01175E-1 2.01472E-1 2.01769E-1 2.02067E-1 2.02366E-1 2.02665E-1 2.02927E-1 2.03168E-1 2.03463E-1 2.03804E-1 2.04144E-1 2.04484E-1
2.0204E-1 2.0208E-1 2.0212E-1 2.02159E-1 2.02199E-1 2.02239E-1 2.02298E-1 2.02514E-1 2.03094E-1 2.03884E-1 2.04674E-1 2.05467E-1 2.06262E-1 2.0706E-1 2.0786E-1 2.08663E-1 2.09469E-1 2.10276E-1 2.1114E-1 2.11829E-1 2.11863E-1 2.11472E-1 2.11079E-1 2.10688E-1 2.10297E-1 2.09908E-1 2.09519E-1 2.09133E-1 2.08748E-1 2.08363E-1 2.07983E-1 2.07619E-1 2.07287E-1 2.0698E-1 2.0667E-1 2.0636E-1 2.0605E-1 2.0574E-1 2.05431E-1 2.05122E-1 2.04813E-1 2.04505E-1 2.04107E-1 2.03738E-1 2.03762E-1 2.04107E-1 2.04452E-1 2.04797E-1 2.05143E-1 2.0549E-1 2.05837E-1 2.06185E-1 2.06534E-1 2.06884E-1 2.072E-1 2.07491E-1 2.07805E-1 2.0814E-1 2.08474E-1 2.08809E-1
