Spatial_Analysis/Maxent_Outputs/Output4_NearFuture_RCP8.5/coral.asc
ncols         638
nrows         314
xllcorner     -102.97071042
yllcorner     3.973116569
cellsize      0.083
NODATA_value  -9999
[rows 0 to 26 of 314, columns 240 to 299 of 638]
-9999 -9999 -9999 -9999 -9999 -9999 -9999 -9999 -9999 -9999 -9999 -9999 -9999 -9999 -9999 -9999 -9999 -9999 -9999 -9999 -9999 7.72861E-2 8.74278E-2 9.89543E-2 1.11851E-1 1.26221E-1 1.4219E-1 1.59931E-1 1.79706E-1 2.01676E-1 2.27452E-1 2.60559E-1 3.00611E-1 3.44132E-1 3.90879E-1 4.40175E-1 4.91186E-1 5.42903E-1 5.94289E-1 6.44291E-1 6.91788E-1 7.35894E-1 7.65704E-1 7.57914E-1 7.15798E-1 6.70657E-1 6.23465E-1 5.75285E-1 5.27146E-1 4.8003E-1 4.34808E-1 3.9218E-1 3.52566E-1 3.16182E-1 2.86148E-1 2.69763E-1 2.64874E-1 2.60087E-1 2.55388E-1 2.50749E-1
-9999 -9999 -9999 -9999 -9999 -9999 -9999 -9999 -9999 -9999 -9999 -9999 -9999 -9999 -9999 -9999 -9999 -9999 -9999 -9999 -9999 7.74973E-2 8.79425E-2 9.94814E-2 1.12394E-1 1.26816E-1 1.42915E-1 1.60846E-1 1.80672E-1 2.02385E-1 2.27638E-1 2.60221E-1 3.00018E-1 3.43425E-1 3.90062E-1 4.39304E-1 4.90335E-1 5.42159E-1 5.93664E-1 6.43653E-1 6.91081E-1 7.35086E-1 7.64796E-1 7.56881E-1 7.14668E-1 6.69578E-1 6.22518E-1 5.74506E-1 5.26565E-1 4.79676E-1 4.34684E-1 3.92215E-1 3.52678E-1 3.1635E-1 2.86375E-1 2.70081E-1 2.65316E-1 2.60657E-1 2.56085E-1 2.51568E-1
-9999 -9999 -9999 -9999 -9999 -9999 -9999 -9999 -9999 -9999 -9999 -9999 -9999 -9999 -9999 -9999 -9999 -9999 -9999 -9999 -9999 -9999 8.8407E-2 9.99641E-2 1.12923E-1 1.27445E-1 1.43637E-1 1.61534E-1 1.8114E-1 2.02531E-1 2.27463E-1 2.59769E-1 2.9939E-1 3.42675E-1 3.89231E-1 4.38478E-1 4.8959E-1 5.41486E-1 5.92942E-1 6.42783E-1 6.90049E-1 7.33974E-1 7.63696E-1 7.55765E-1 7.13521E-1 6.68503E-1 6.21584E-1 5.73754E-1 5.26037E-1 4.7939E-1 4.34596E-1 3.92252E-1 3.52793E-1 3.16519E-1 2.866E-1 2.70395E-1 2.65758E-1 2.61233E-1 2.56788E-1 2.52394E-1
-9999 -9999 -9999 -9999 -9999 -9999 -9999 -9999 -9999 -9999 -9999 -9999 -9999 -9999 -9999 -9999 -9999 -9999 -9999 -9999 -9999 -9999 8.88141E-2 1.00428E-1 1.13454E-1 1.2794E-1 1.43963E-1 1.61622E-1 1.80988E-1 2.02185E-1 2.26997E-1 2.59199E-1 2.98698E-1 3.41895E-1 3.88468E-1 4.37799E-1 4.88877E-1 5.40577E-1 5.91795E-1 6.41481E-1 6.88684E-1 7.32629E-1 7.62443E-1 7.54572E-1 7.12353E-1 6.67439E-1 6.20688E-1 5.73087E-1 5.25623E-1 4.79184E-1 4.34533E-1 3.9229E-1 3.52909E-1 3.16688E-1 2.86814E-1 2.70699E-1 2.66197E-1 2.61814E-1 2.57498E-1 2.5323E-1
-9999 -9999 -9999 -9999 -9999 -9999 -9999 -9999 -9999 -9999 -9999 -9999 -9999 -9999 -9999 -9999 -9999 -9999 -9999 -9999 -9999 -9999 8.90506E-2 1.0076E-1 1.13664E-1 1.27983E-1 1.4382E-1 1.61332E-1 1.80617E-1 2.01748E-1 2.26481E-1 2.58575E-1 2.97986E-1 3.41213E-1 3.878E-1 4.3697E-1 4.87816E-1 5.39333E-1 5.90418E-1 6.40016E-1 6.87199E-1 7.31213E-1 7.61141E-1 7.53339E-1 7.11182E-1 6.66444E-1 6.19965E-1 5.72632E-1 5.25368E-1 4.79059E-1 4.34503E-1 3.92341E-1 3.53032E-1 3.1686E-1 2.87019E-1 2.70991E-1 2.66638E-1 2.62386E-1 2.58164E-1 2.53978E-1
-9999 -9999 -9999 -9999 -9999 -9999 -9999 -9999 -9999 -9999 -9999 -9999 -9999 -9999 -9999 -9999 -9999 -9999 -9999 -9999 -9999 -9999 9.65792E-2 1.00773E-1 1.13541E-1 1.27761E-1 1.43545E-1 1.60998E-1 1.80214E-1 2.0127E-1 2.25921E-1 2.57939E-1 2.97302E-1 3.40452E-1 3.86936E-1 4.35994E-1 4.86766E-1 5.38246E-1 5.89327E-1 6.38918E-1 6.86052E-1 7.29967E-1 7.59826E-1 7.52114E-1 7.10258E-1 6.65882E-1 6.19665E-1 5.72503E-1 5.25331E-1 4.79076E-1 4.34559E-1 3.92431E-1 3.53163E-1 3.17041E-1 2.8723E-1 2.71247E-1 2.67014E-1 2.62817E-1 2.58631E-1 2.54479E-1
-9999 -9999 -9999 -9999 -9999 -9999 -9999 -9999 -9999 -9999 -9999 -9999 -9999 -9999 -9999 -9999 -9999 -9999 -9999 -9999 -9999 -9999 -9999 1.00989E-1 1.14315E-1 1.28576E-1 1.44332E-1 1.6167E-1 1.80661E-1 2.01327E-1 2.25465E-1 2.57297E-1 2.96739E-1 3.39943E-1 3.86474E-1 4.35659E-1 4.86608E-1 5.38276E-1 5.89537E-1 6.3928E-1 6.86514E-1 7.30459E-1 7.60354E-1 7.52821E-1 7.11284E-1 6.67197E-1 6.21154E-1 5.74081E-1 5.26956E-1 4.80713E-1 4.36177E-1 3.94007E-1 3.54679E-1 3.1848E-1 2.88598E-1 2.72619E-1 2.68437E-1 2.64244E-1 2.60056E-1 2.55904E-1
-9999 -9999 -9999 -9999 -9999 -9999 -9999 -9999 -9999 -9999 -9999 -9999 -9999 -9999 -9999 -9999 -9999 -9999 -9999 -9999 -9999 -9999 -9999 1.12049E-1 1.17046E-1 1.315E-1 1.47253E-1 1.64308E-1 1.8263E-1 2.02278E-1 2.25474E-1 2.56975E-1 2.96656E-1 3.40125E-1 3.86987E-1 4.36559E-1 4.87932E-1 5.40037E-1 5.91727E-1 6.41872E-1 6.89489E-1 7.33795E-1 7.63986E-1 7.56703E-1 7.15345E-1 6.71369E-1 6.25459E-1 5.78497E-1 5.31427E-1 4.85177E-1 4.40569E-1 3.98267E-1 3.58751E-1 3.22318E-1 2.92236E-1 2.76147E-1 2.71901E-1 2.6769E-1 2.63483E-1 2.59302E-1
-9999 -9999 -9999 -9999 -9999 -9999 -9999 -9999 -9999 -9999 -9999 -9999 -9999 -9999 -9999 -9999 -9999 -9999 -9999 -9999 -9999 -9999 -9999 -9999 1.19406E-1 1.35612E-1 1.51244E-1 1.67811E-1 1.85264E-1 2.03773E-1 2.25796E-1 2.56778E-1 2.96851E-1 3.40745E-1 3.88081E-1 4.38177E-1 4.90112E-1 5.42794E-1 5.95049E-1 6.45718E-1 6.93779E-1 7.38412E-1 7.68827E-1 7.61819E-1 7.20753E-1 6.76963E-1 6.31194E-1 5.84321E-1 5.37282E-1 4.90991E-1 4.46267E-1 4.0378E-1 3.64021E-1 3.27311E-1 2.96955E-1 2.80639E-1 2.7622E-1 2.7188E-1 2.67575E-1 2.63305E-1
-9999 -9999 -9999 -9999 -9999 -9999 -9999 -9999 -9999 -9999 -9999 -9999 -9999 -9999 -9999 -9999 -9999 -9999 -9999 -9999 -9999 -9999 -9999 -9999 1.34437E-1 1.40061E-1 1.55451E-1 1.71399E-1 1.88026E-1 2.05456E-1 2.2615E-1 2.56548E-1 2.97016E-1 3.41394E-1 3.89274E-1 4.39962E-1 4.92517E-1 5.45814E-1 5.98641E-1 6.49802E-1 6.98224E-1 7.43037E-1 7.73544E-1 7.66814E-1 7.26181E-1 6.82691E-1 6.37112E-1 5.90336E-1 5.43309E-1 4.9695E-1 4.52083E-1 4.09387E-1 3.69369E-1 3.32368E-1 3.01701E-1 2.85122E-1 2.80505E-1 2.7596E-1 2.71467E-1 2.67021E-1
3.81126E-2 3.82092E-2 3.82801E-2 -9999 -9999 -9999 -9999 -9999 -9999 -9999 -9999 -9999 -9999 -9999 -9999 -9999 -9999 -9999 -9999 -9999 -9999 -9999 -9999 -9999 -9999 1.42866E-1 1.59921E-1 1.75292E-1 1.9117E-1 2.07297E-1 2.26526E-1 2.56336E-1 2.97185E-1 3.42049E-1 3.90492E-1 4.41801E-1 4.94999E-1 5.48919E-1 6.02305E-1 6.53919E-1 7.02655E-1 7.47607E-1 7.78168E-1 7.71712E-1 7.31549E-1 6.88397E-1 6.43049E-1 5.96401E-1 5.494E-1 5.02973E-1 4.57956E-1 4.15043E-1 3.74763E-1 3.37467E-1 3.06476E-1 2.89631E-1 2.84828E-1 2.80078E-1 2.75376E-1 2.70723E-1
3.90152E-2 3.90686E-2 3.93419E-2 3.97135E-2 -9999 -9999 -9999 -9999 -9999 -9999 -9999 -9999 -9999 -9999 -9999 -9999 -9999 -9999 -9999 -9999 -9999 -9999 -9999 -9999 -9999 1.59281E-1 1.64912E-1 1.79768E-1 1.94605E-1 2.09198E-1 2.26921E-1 2.56139E-1 2.97362E-1 3.42705E-1 3.91711E-1 4.43641E-1 4.97484E-1 5.52026E-1 6.05966E-1 6.58026E-1 7.0706E-1 7.52129E-1 7.82721E-1 7.76537E-1 7.36859E-1 6.9407E-1 6.48965E-1 6.02459E-1 5.55498E-1 5.09016E-1 4.63859E-1 4.20738E-1 3.802E-1 3.42608E-1 3.11288E-1 2.94177E-1 2.89188E-1 2.84237E-1 2.79322E-1 2.74461E-1
4.06637E-2 4.06358E-2 4.0602E-2 4.0545E-2 -9999 -9999 -9999 -9999 -9999 -9999 -9999 -9999 -9999 -9999 -9999 -9999 -9999 -9999 -9999 -9999 -9999 -9999 -9999 -9999 -9999 -9999 1.6815E-1 1.84743E-1 1.98219E-1 2.1116E-1 2.2733E-1 2.55954E-1 2.97546E-1 3.43362E-1 3.92931E-1 4.45484E-1 4.99971E-1 5.55135E-1 6.09624E-1 6.62121E-1 7.11444E-1 7.56617E-1 7.87228E-1 7.8131E-1 7.42122E-1 6.99709E-1 6.5486E-1 6.08509E-1 5.61602E-1 5.15075E-1 4.69789E-1 4.26471E-1 3.85681E-1 3.47794E-1 3.16146E-1 2.98767E-1 2.93591E-1 2.88436E-1 2.83306E-1 2.78233E-1
4.23457E-2 4.22266E-2 4.2098E-2 4.21659E-2 4.24642E-2 -9999 -9999 -9999 -9999 -9999 -9999 -9999 -9999 -9999 -9999 -9999 -9999 -9999 -9999 -9999 -9999 -9999 -9999 -9999 -9999 -9999 -9999 1.87698E-1 2.02026E-1 2.13182E-1 2.27747E-1 2.55775E-1 2.97731E-1 3.44019E-1 3.94153E-1 4.47331E-1 5.02462E-1 5.58245E-1 6.1328E-1 6.66205E-1 7.15814E-1 7.61088E-1 7.91712E-1 7.86056E-1 7.47354E-1 7.05315E-1 6.60733E-1 6.1455E-1 5.67709E-1 5.21149E-1 4.75745E-1 4.32238E-1 3.91203E-1 3.53031E-1 3.21058E-1 3.0341E-1 2.98044E-1 2.92679E-1 2.87329E-1 2.82039E-1
4.40474E-2 4.38192E-2 4.358E-2 4.33294E-2 4.31348E-2 -9999 -9999 -9999 -9999 -9999 -9999 -9999 -9999 -9999 -9999 -9999 -9999 -9999 -9999 -9999 -9999 -9999 -9999 -9999 -9999 -9999 -9999 2.02149E-1 2.06042E-1 2.15263E-1 2.28168E-1 2.55597E-1 2.97915E-1 3.44676E-1 3.95376E-1 4.49179E-1 5.04956E-1 5.61356E-1 6.1693E-1 6.70276E-1 7.20168E-1 7.65555E-1 7.96196E-1 7.90795E-1 7.52561E-1 7.10886E-1 6.66579E-1 6.20578E-1 5.73815E-1 5.27237E-1 4.81726E-1 4.38039E-1 3.96769E-1 3.5832E-1 3.26034E-1 3.08119E-1 3.02555E-1 2.96966E-1 2.9139E-1 2.8588E-1
4.57495E-2 4.54092E-2 4.50628E-2 4.47127E-2 4.44572E-2 -9999 -9999 -9999 -9999 -9999 -9999 -9999 -9999 -9999 -9999 -9999 -9999 -9999 -9999 -9999 -9999 -9999 -9999 -9999 -9999 -9999 -9999 -9999 2.0826E-1 2.17405E-1 2.28586E-1 2.55415E-1 2.98097E-1 3.45335E-1 3.96602E-1 4.5103E-1 5.07452E-1 5.64467E-1 6.20576E-1 6.74335E-1 7.24498E-1 7.70021E-1 8.00702E-1 7.95544E-1 7.57746E-1 7.16415E-1 6.72398E-1 6.26591E-1 5.79922E-1 5.33337E-1 4.8773E-1 4.43872E-1 4.02375E-1 3.63661E-1 3.31086E-1 3.12905E-1 3.07128E-1 3.01292E-1 2.95487E-1 2.89755E-1
4.74737E-2 4.70288E-2 4.65825E-2 4.61354E-2 4.5817E-2 -9999 -9999 -9999 -9999 -9999 -9999 -9999 -9999 -9999 -9999 -9999 -9999 -9999 -9999 -9999 -9999 -9999 -9999 -9999 -9999 -9999 -9999 2.06558E-1 -9999 2.18342E-1 2.28999E-1 2.55224E-1 2.98278E-1 3.45997E-1 3.97808E-1 4.52825E-1 5.09853E-1 5.6746E-1 6.24109E-1 6.78313E-1 7.28776E-1 7.74472E-1 8.05245E-1 8.00303E-1 7.62895E-1 7.21881E-1 6.78102E-1 6.32438E-1 5.85841E-1 5.39267E-1 4.93614E-1 4.49656E-1 4.07998E-1 3.6905E-1 3.36218E-1 3.17782E-1 3.11757E-1 3.05655E-1 2.99607E-1 2.93647E-1
4.92537E-2 4.87031E-2 4.8154E-2 4.76057E-2 4.72197E-2 -9999 -9999 -9999 -9999 -9999 -9999 -9999 -9999 -9999 -9999 -9999 -9999 -9999 -9999 -9999 -9999 -9999 -9999 -9999 -9999 -9999 -9999 -9999 -9999 -9999 -9999 2.55039E-1 2.98475E-1 3.46607E-1 3.98885E-1 4.54418E-1 5.1199E-1 5.70137E-1 6.27288E-1 6.81926E-1 7.32736E-1 7.78717E-1 8.09768E-1 8.05018E-1 7.67798E-1 7.26956E-1 6.83337E-1 6.37793E-1 5.91273E-1 5.44732E-1 4.99073E-1 4.55077E-1 4.13356E-1 3.74334E-1 3.41378E-1 3.22753E-1 3.16359E-1 3.09935E-1 3.03642E-1 2.97484E-1
5.13628E-2 5.07166E-2 5.00734E-2 4.94358E-2 4.89787E-2 -9999 -9999 -9999 -9999 -9999 -9999 -9999 -9999 -9999 -9999 -9999 -9999 -9999 -9999 -9999 -9999 -9999 -9999 -9999 -9999 -9999 -9999 -9999 -9999 2.30325E-1 2.43475E-1 2.58527E-1 3.02422E-1 3.50982E-1 4.03657E-1 4.59526E-1 5.17342E-1 5.75617E-1 6.32768E-1 6.87283E-1 7.37877E-1 7.83592E-1 8.14442E-1 8.09736E-1 7.72644E-1 7.31877E-1 6.88289E-1 6.42717E-1 5.96098E-1 5.49399E-1 5.03539E-1 4.59323E-1 4.17399E-1 3.78222E-1 3.4512E-1 3.26327E-1 3.19731E-1 3.13157E-1 3.06773E-1 3.00554E-1
5.41342E-2 5.34294E-2 5.27344E-2 5.205E-2 5.15388E-2 -9999 -9999 -9999 -9999 -9999 -9999 -9999 -9999 -9999 -9999 -9999 -9999 -9999 -9999 -9999 -9999 -9999 -9999 -9999 -9999 -9999 -9999 -9999 -9999 2.37841E-1 2.54167E-1 2.69774E-1 3.14348E-1 3.63463E-1 4.16433E-1 4.72279E-1 5.29727E-1 5.873E-1 6.43458E-1 6.96755E-1 7.45973E-1 7.90206E-1 8.19771E-1 8.14722E-1 7.77895E-1 7.37155E-1 6.93371E-1 6.47425E-1 6.00306E-1 5.53029E-1 5.06558E-1 4.61734E-1 4.19219E-1 3.79478E-1 3.45953E-1 3.27036E-1 3.20737E-1 3.14417E-1 3.0821E-1 3.02129E-1
5.74003E-2 5.6661E-2 5.59294E-2 5.45094E-2 -9999 -9999 -9999 -9999 -9999 -9999 -9999 -9999 -9999 -9999 -9999 -9999 -9999 -9999 -9999 -9999 -9999 -9999 -9999 -9999 -9999 -9999 -9999 -9999 -9999 -9999 2.69258E-1 2.85186E-1 3.30487E-1 3.80065E-1 4.33131E-1 4.88644E-1 5.45312E-1 6.01681E-1 6.56288E-1 7.07798E-1 7.5513E-1 7.97433E-1 8.25407E-1 8.19806E-1 7.83151E-1 7.42293E-1 6.98163E-1 6.51687E-1 6.0389E-1 5.55838E-1 5.08551E-1 4.62926E-1 4.19671E-1 3.79308E-1 3.45347E-1 3.26432E-1 3.20554E-1 3.14632E-1 3.08755E-1 3.02953E-1
6.0952E-2 6.01518E-2 5.93476E-2 5.87364E-2 -9999 -9999 -9999 -9999 -9999 -9999 -9999 -9999 -9999 -9999 -9999 -9999 -9999 -9999 -9999 -9999 -9999 -9999 -9999 -9999 -9999 -9999 -9999 -9999 -9999 2.75266E-1 2.85003E-1 3.01223E-1 3.47116E-1 3.96971E-1 4.49946E-1 5.04937E-1 5.60653E-1 6.15692E-1 6.6868E-1 7.18404E-1 7.63915E-1 8.04414E-1 8.30933E-1 8.24797E-1 7.88184E-1 7.47132E-1 7.02569E-1 6.55512E-1 6.07012E-1 5.58184E-1 5.1011E-1 4.63739E-1 4.19843E-1 3.79E-1 3.44754E-1 3.25883E-1 3.20309E-1 3.1474E-1 3.09202E-1 3.03721E-1
6.47351E-2 6.38407E-2 6.29341E-2 6.22489E-2 -9999 -9999 -9999 -9999 -9999 -9999 -9999 -9999 -9999 -9999 -9999 -9999 -9999 -9999 -9999 -9999 -9999 -9999 -9999 -9999 -9999 -9999 -9999 -9999 -9999 -9999 3.01377E-1 3.17856E-1 3.64224E-1 4.14205E-1 4.66928E-1 5.21234E-1 5.75862E-1 6.29481E-1 6.80814E-1 7.2877E-1 7.72488E-1 8.11239E-1 8.36387E-1 8.29735E-1 7.93136E-1 7.519E-1 7.06878E-1 6.59204E-1 6.09982E-1 5.60387E-1 5.11558E-1 4.64498E-1 4.2002E-1 3.78729E-1 3.44238E-1 3.25419E-1 3.20116E-1 3.14864E-1 3.09645E-1 3.04475E-1
6.86988E-2 6.76906E-2 6.66746E-2 6.58083E-2 -9999 -9999 -9999 -9999 -9999 -9999 -9999 -9999 -9999 -9999 -9999 -9999 -9999 -9999 -9999 -9999 -9999 -9999 -9999 -9999 -9999 -9999 -9999 -9999 -9999 -9999 -9999 3.35052E-1 3.81771E-1 4.31742E-1 4.84068E-1 5.37563E-1 5.91E-1 6.43122E-1 6.92761E-1 7.38937E-1 7.80876E-1 8.17932E-1 8.41779E-1 8.34634E-1 7.98034E-1 7.56609E-1 7.11154E-1 6.62878E-1 6.12944E-1 5.62588E-1 5.1301E-1 4.65268E-1 4.20215E-1 3.78495E-1 3.43785E-1 3.25017E-1 3.1997E-1 3.15015E-1 3.10109E-1 3.05244E-1
7.28346E-2 7.1724E-2 6.97594E-2 -9999 -9999 6.89744E-2 6.84048E-2 -9999 -9999 -9999 -9999 -9999 -9999 -9999 -9999 -9999 -9999 -9999 -9999 -9999 -9999 -9999 -9999 -9999 -9999 -9999 -9999 -9999 -9999 -9999 -9999 3.45913E-1 3.99713E-1 4.4954E-1 5.01329E-1 5.53889E-1 6.06035E-1 6.56595E-1 7.04505E-1 7.48897E-1 7.89089E-1 8.24512E-1 8.47113E-1 8.39501E-1 8.02898E-1 7.61271E-1 7.15398E-1 6.66534E-1 6.15898E-1 5.64787E-1 5.14467E-1 4.66047E-1 4.20426E-1 3.78287E-1 3.43369E-1 3.24657E-1 3.1986E-1 3.15192E-1 3.10592E-1 3.0603E-1
7.72021E-2 7.60194E-2 7.51444E-2 -9999 7.17335E-2 7.16277E-2 7.1686E-2 7.2988E-2 -9999 -9999 -9999 -9999 -9999 -9999 -9999 -9999 -9999 -9999 -9999 -9999 -9999 -9999 -9999 -9999 -9999 -9999 -9999 -9999 -9999 -9999 -9999 -9999 4.10926E-1 4.67552E-1 5.18672E-1 5.70174E-1 6.20939E-1 6.6988E-1 7.16034E-1 7.58642E-1 7.97124E-1 8.30983E-1 8.5239E-1 8.44341E-1 8.07735E-1 7.65892E-1 7.19609E-1 6.7017E-1 6.18842E-1 5.66985E-1 5.15927E-1 4.66836E-1 4.20647E-1 3.78089E-1 3.4297E-1 3.24316E-1 3.19773E-1 3.15392E-1 3.11095E-1 3.06833E-1
8.1899E-2 8.06846E-2 7.9578E-2 -9999 -9999 7.44838E-2 7.5811E-2 7.5598E-2 -9999 -9999 -9999 -9999 -9999 -9999 -9999 -9999 -9999 -9999 -9999 -9999 -9999 -9999 -9999 -9999 -9999 -9999 -9999 -9999 -9999 -9999 -9999 -9999 4.67058E-1 4.85736E-1 5.3605E-1 5.86383E-1 6.35685E-1 6.82956E-1 7.27337E-1 7.68165E-1 8.04976E-1 8.37342E-1 8.57617E-1 8.49157E-1 8.12541E-1 7.70462E-1 7.23785E-1 6.73788E-1 6.21777E-1 5.6918E-1 5.17391E-1 4.67634E-1 4.20878E-1 3.7789E-1 3.42566E-1 3.23978E-1 3.19699E-1 3.15614E-1 3.11619E-1 3.07651E-1
