Spatial_Analysis/Maxent_Outputs/Output4_NearFuture_RCP8.5/coral.asc
ncols         638
nrows         314
xllcorner     -102.97071042
yllcorner     3.973116569
cellsize      0.083
NODATA_value  -9999
[rows 27 to 53 of 314, columns 420 to 479 of 638]
2.49313E-1 2.48385E-1 2.47459E-1 2.46536E-1 2.45614E-1 2.44695E-1 2.43866E-1 2.43041E-1 2.42036E-1 2.40989E-1 2.39944E-1 2.38904E-1 2.37866E-1 2.36831E-1 2.358E-1 2.34771E-1 2.33747E-1 2.32725E-1 2.31598E-1 2.30419E-1 2.29365E-1 2.28353E-1 2.27343E-1 2.26335E-1 2.2533E-1 2.2433E-1 2.23333E-1 2.2234E-1 2.21349E-1 2.20362E-1 2.19461E-1 2.18627E-1 2.17758E-1 2.16881E-1 2.16004E-1 2.15129E-1 2.14258E-1 2.13389E-1 2.12523E-1 2.11659E-1 2.10798E-1 2.0994E-1 2.0905E-1 2.08305E-1 2.07976E-1 2.07823E-1 2.07669E-1 2.07516E-1 2.07362E-1 2.07208E-1 2.07054E-1 2.06901E-1 2.06747E-1 2.06594E-1 2.06427E-1 2.06291E-1 2.06268E-1 2.06301E-1 2.06331E-1 2.06362E-1
2.53872E-1 2.52891E-1 2.51913E-1 2.50939E-1 2.49967E-1 2.48998E-1 2.48131E-1 2.47292E-1 2.46291E-1 2.45255E-1 2.44223E-1 2.43194E-1 2.42166E-1 2.41141E-1 2.4012E-1 2.39102E-1 2.38087E-1 2.37077E-1 2.35943E-1 2.34739E-1 2.33653E-1 2.32605E-1 2.3156E-1 2.30516E-1 2.29476E-1 2.2844E-1 2.27406E-1 2.26378E-1 2.25352E-1 2.24332E-1 2.23405E-1 2.22558E-1 2.2168E-1 2.2079E-1 2.19902E-1 2.19014E-1 2.1813E-1 2.17249E-1 2.16371E-1 2.15496E-1 2.14625E-1 2.13757E-1 2.12853E-1 2.12106E-1 2.11817E-1 2.11721E-1 2.11624E-1 2.11524E-1 2.11426E-1 2.11328E-1 2.11231E-1 2.11135E-1 2.11041E-1 2.10946E-1 2.10836E-1 2.10744E-1 2.10729E-1 2.10751E-1 2.10771E-1 2.10789E-1
2.58471E-1 2.57438E-1 2.56408E-1 2.55383E-1 2.54362E-1 2.53343E-1 2.52443E-1 2.51591E-1 2.506E-1 2.49575E-1 2.4855E-1 2.47529E-1 2.46511E-1 2.45499E-1 2.44489E-1 2.43484E-1 2.42481E-1 2.4148E-1 2.40339E-1 2.39115E-1 2.38002E-1 2.36917E-1 2.35831E-1 2.34748E-1 2.3367E-1 2.32595E-1 2.31526E-1 2.30461E-1 2.29402E-1 2.28346E-1 2.27395E-1 2.2654E-1 2.25653E-1 2.24749E-1 2.23843E-1 2.2294E-1 2.2204E-1 2.21145E-1 2.20255E-1 2.1937E-1 2.18491E-1 2.17615E-1 2.16703E-1 2.15959E-1 2.1571E-1 2.15668E-1 2.15621E-1 2.15575E-1 2.15532E-1 2.15491E-1 2.15453E-1 2.15417E-1 2.15385E-1 2.15353E-1 2.1531E-1 2.15268E-1 2.15259E-1 2.15264E-1 2.15267E-1 2.15271E-1
2.62941E-1 2.61868E-1 2.60802E-1 2.59739E-1 2.58682E-1 2.5763E-1 2.56712E-1 2.55861E-1 2.5488E-1 2.53863E-1 2.52849E-1 2.5184E-1 2.50835E-1 2.49836E-1 2.48841E-1 2.4785E-1 2.46864E-1 2.45881E-1 2.4474E-1 2.43493E-1 2.42347E-1 2.41217E-1 2.40089E-1 2.38966E-1 2.37849E-1 2.36737E-1 2.35631E-1 2.34531E-1 2.33437E-1 2.3235E-1 2.31379E-1 2.30519E-1 2.29636E-1 2.28734E-1 2.27831E-1 2.26934E-1 2.26042E-1 2.25156E-1 2.24275E-1 2.234E-1 2.22531E-1 2.21669E-1 2.20768E-1 2.2004E-1 2.19826E-1 2.19822E-1 2.19817E-1 2.19815E-1 2.19817E-1 2.19823E-1 2.19831E-1 2.19844E-1 2.1986E-1 2.1988E-1 2.19891E-1 2.19888E-1 2.1988E-1 2.19864E-1 2.19846E-1 2.19834E-1
2.67049E-1 2.65973E-1 2.64903E-1 2.63838E-1 2.62777E-1 2.61721E-1 2.60811E-1 2.5998E-1 2.59015E-1 2.58019E-1 2.57026E-1 2.56036E-1 2.5505E-1 2.54068E-1 2.53091E-1 2.52118E-1 2.5115E-1 2.50189E-1 2.4905E-1 2.47774E-1 2.46581E-1 2.45414E-1 2.44252E-1 2.43094E-1 2.4194E-1 2.40792E-1 2.39649E-1 2.38513E-1 2.37384E-1 2.36261E-1 2.35265E-1 2.34404E-1 2.33561E-1 2.32723E-1 2.31888E-1 2.31054E-1 2.30224E-1 2.29399E-1 2.28579E-1 2.27763E-1 2.26953E-1 2.26149E-1 2.25296E-1 2.24604E-1 2.24414E-1 2.24432E-1 2.2445E-1 2.24468E-1 2.24487E-1 2.2451E-1 2.24536E-1 2.24565E-1 2.24596E-1 2.2463E-1 2.24651E-1 2.24651E-1 2.2463E-1 2.24597E-1 2.24562E-1 2.24527E-1
2.70972E-1 2.69923E-1 2.68879E-1 2.67838E-1 2.668E-1 2.65763E-1 2.64873E-1 2.64061E-1 2.63109E-1 2.62127E-1 2.61146E-1 2.60164E-1 2.59187E-1 2.58212E-1 2.57241E-1 2.56275E-1 2.55311E-1 2.54349E-1 2.53208E-1 2.51922E-1 2.50716E-1 2.49536E-1 2.48358E-1 2.47183E-1 2.46013E-1 2.44847E-1 2.43688E-1 2.42532E-1 2.41381E-1 2.40234E-1 2.39213E-1 2.38355E-1 2.37581E-1 2.36838E-1 2.36095E-1 2.35352E-1 2.34613E-1 2.33875E-1 2.33141E-1 2.3241E-1 2.31681E-1 2.30954E-1 2.30176E-1 2.29542E-1 2.29377E-1 2.29409E-1 2.29439E-1 2.29467E-1 2.29496E-1 2.29526E-1 2.29558E-1 2.2959E-1 2.29623E-1 2.29656E-1 2.29673E-1 2.29666E-1 2.2963E-1 2.29577E-1 2.29522E-1 2.29466E-1
2.74909E-1 2.73899E-1 2.72892E-1 2.71887E-1 2.70884E-1 2.69883E-1 2.69018E-1 2.68216E-1 2.67262E-1 2.66273E-1 2.65286E-1 2.64301E-1 2.63317E-1 2.62336E-1 2.61358E-1 2.60382E-1 2.59409E-1 2.58438E-1 2.57302E-1 2.56032E-1 2.54829E-1 2.53648E-1 2.52473E-1 2.513E-1 2.50133E-1 2.48968E-1 2.47807E-1 2.46649E-1 2.45495E-1 2.44345E-1 2.43314E-1 2.42461E-1 2.41753E-1 2.41098E-1 2.40444E-1 2.39791E-1 2.3914E-1 2.3849E-1 2.3784E-1 2.37193E-1 2.36547E-1 2.35902E-1 2.35209E-1 2.34647E-1 2.3451E-1 2.34554E-1 2.34596E-1 2.34637E-1 2.34679E-1 2.34721E-1 2.34762E-1 2.34804E-1 2.34846E-1 2.34887E-1 2.34912E-1 2.34904E-1 2.34853E-1 2.34777E-1 2.347E-1 2.34622E-1
2.78874E-1 2.77904E-1 2.76935E-1 2.75968E-1 2.75004E-1 2.74042E-1 2.73205E-1 2.72411E-1 2.71453E-1 2.70459E-1 2.69465E-1 2.68472E-1 2.67482E-1 2.66494E-1 2.65509E-1 2.64525E-1 2.63546E-1 2.62567E-1 2.61438E-1 2.60184E-1 2.58985E-1 2.57805E-1 2.56631E-1 2.55459E-1 2.54291E-1 2.53126E-1 2.51964E-1 2.50807E-1 2.49652E-1 2.48502E-1 2.4746E-1 2.46613E-1 2.45974E-1 2.4541E-1 2.44846E-1 2.44283E-1 2.4372E-1 2.43159E-1 2.42598E-1 2.42038E-1 2.41479E-1 2.40921E-1 2.40317E-1 2.39829E-1 2.39722E-1 2.39777E-1 2.3983E-1 2.39882E-1 2.39935E-1 2.39988E-1 2.4004E-1 2.40093E-1 2.40147E-1 2.40199E-1 2.40233E-1 2.40226E-1 2.40158E-1 2.40058E-1 2.39956E-1 2.39854E-1
2.82874E-1 2.81943E-1 2.81014E-1 2.80087E-1 2.79162E-1 2.7824E-1 2.77431E-1 2.76648E-1 2.75686E-1 2.74685E-1 2.73684E-1 2.72686E-1 2.71688E-1 2.70693E-1 2.69701E-1 2.68711E-1 2.67724E-1 2.66738E-1 2.65617E-1 2.64379E-1 2.63185E-1 2.62007E-1 2.60833E-1 2.59661E-1 2.58493E-1 2.57328E-1 2.56168E-1 2.55011E-1 2.53856E-1 2.52705E-1 2.51652E-1 2.50813E-1 2.50245E-1 2.49773E-1 2.49302E-1 2.4883E-1 2.48359E-1 2.47889E-1 2.47419E-1 2.46949E-1 2.4648E-1 2.46012E-1 2.45501E-1 2.45087E-1 2.45012E-1 2.45078E-1 2.45142E-1 2.45206E-1 2.4527E-1 2.45335E-1 2.45399E-1 2.45463E-1 2.45528E-1 2.45592E-1 2.45635E-1 2.45628E-1 2.45544E-1 2.45419E-1 2.45291E-1 2.45163E-1
2.86907E-1 2.86016E-1 2.85129E-1 2.84243E-1 2.83358E-1 2.82476E-1 2.81696E-1 2.80924E-1 2.79959E-1 2.78951E-1 2.77944E-1 2.76939E-1 2.75935E-1 2.74933E-1 2.73934E-1 2.72938E-1 2.71944E-1 2.70951E-1 2.69837E-1 2.68616E-1 2.67429E-1 2.66252E-1 2.65078E-1 2.63907E-1 2.62741E-1 2.61577E-1 2.60417E-1 2.59259E-1 2.58106E-1 2.56956E-1 2.55892E-1 2.55061E-1 2.54565E-1 2.54188E-1 2.5381E-1 2.53434E-1 2.53056E-1 2.52679E-1 2.52303E-1 2.51926E-1 2.5155E-1 2.51175E-1 2.50759E-1 2.50423E-1 2.50379E-1 2.50456E-1 2.50533E-1 2.50609E-1 2.50685E-1 2.50761E-1 2.50837E-1 2.50913E-1 2.50989E-1 2.51065E-1 2.51118E-1 2.51112E-1 2.5101E-1 2.50859E-1 2.50706E-1 2.50551E-1
2.90974E-1 2.90125E-1 2.89279E-1 2.88434E-1 2.87591E-1 2.8675E-1 2.85999E-1 2.85238E-1 2.8427E-1 2.83257E-1 2.82244E-1 2.81231E-1 2.80221E-1 2.79213E-1 2.78208E-1 2.77205E-1 2.76204E-1 2.75204E-1 2.74099E-1 2.72896E-1 2.71714E-1 2.70539E-1 2.69367E-1 2.68198E-1 2.67033E-1 2.65871E-1 2.64711E-1 2.63555E-1 2.62402E-1 2.61253E-1 2.60179E-1 2.59355E-1 2.58933E-1 2.58654E-1 2.58373E-1 2.58092E-1 2.57811E-1 2.57529E-1 2.57249E-1 2.56968E-1 2.56688E-1 2.56407E-1 2.56089E-1 2.55835E-1 2.55823E-1 2.55912E-1 2.56001E-1 2.56089E-1 2.56177E-1 2.56266E-1 2.56354E-1 2.56443E-1 2.56531E-1 2.56619E-1 2.56682E-1 2.56677E-1 2.56557E-1 2.56378E-1 2.56198E-1 2.56017E-1
2.95073E-1 2.94268E-1 2.93464E-1 2.92662E-1 2.91861E-1 2.91062E-1 2.90341E-1 2.89591E-1 2.88622E-1 2.87603E-1 2.86583E-1 2.85564E-1 2.84547E-1 2.83533E-1 2.82522E-1 2.81512E-1 2.80505E-1 2.79498E-1 2.78401E-1 2.77217E-1 2.76041E-1 2.74869E-1 2.73699E-1 2.72533E-1 2.71369E-1 2.70209E-1 2.69051E-1 2.67896E-1 2.66745E-1 2.65596E-1 2.64513E-1 2.63697E-1 2.6335E-1 2.63169E-1 2.62987E-1 2.62805E-1 2.62623E-1 2.62439E-1 2.62256E-1 2.62075E-1 2.61892E-1 2.6171E-1 2.61494E-1 2.61321E-1 2.61342E-1 2.61445E-1 2.61546E-1 2.61646E-1 2.61747E-1 2.61848E-1 2.61948E-1 2.62049E-1 2.62151E-1 2.62251E-1 2.62326E-1 2.62322E-1 2.62183E-1 2.61976E-1 2.61768E-1 2.6156E-1
2.99204E-1 2.98444E-1 2.97683E-1 2.96924E-1 2.96167E-1 2.9541E-1 2.94721E-1 2.93983E-1 2.93012E-1 2.91987E-1 2.9096E-1 2.89936E-1 2.88913E-1 2.87893E-1 2.86875E-1 2.85859E-1 2.84844E-1 2.83832E-1 2.82745E-1 2.8158E-1 2.80411E-1 2.79241E-1 2.78074E-1 2.7691E-1 2.75749E-1 2.7459E-1 2.73435E-1 2.72282E-1 2.71133E-1 2.69986E-1 2.68892E-1 2.68086E-1 2.67816E-1 2.67736E-1 2.67654E-1 2.67572E-1 2.67491E-1 2.67409E-1 2.67326E-1 2.67245E-1 2.67163E-1 2.67082E-1 2.66969E-1 2.66882E-1 2.66938E-1 2.67053E-1 2.67166E-1 2.67279E-1 2.67393E-1 2.67506E-1 2.6762E-1 2.67734E-1 2.67848E-1 2.67962E-1 2.68048E-1 2.68045E-1 2.67888E-1 2.67652E-1 2.67416E-1 2.67179E-1
3.03367E-1 3.02649E-1 3.01933E-1 3.01217E-1 3.00506E-1 2.99795E-1 2.99137E-1 2.98412E-1 2.97442E-1 2.96409E-1 2.95377E-1 2.94345E-1 2.93313E-1 2.92285E-1 2.9126E-1 2.90239E-1 2.89221E-1 2.88206E-1 2.87131E-1 2.85986E-1 2.84823E-1 2.83656E-1 2.82491E-1 2.81326E-1 2.80164E-1 2.79006E-1 2.77854E-1 2.76706E-1 2.75562E-1 2.7442E-1 2.73317E-1 2.72521E-1 2.72329E-1 2.72352E-1 2.72371E-1 2.72389E-1 2.72408E-1 2.72427E-1 2.72449E-1 2.72473E-1 2.72498E-1 2.72522E-1 2.72514E-1 2.72517E-1 2.72608E-1 2.72735E-1 2.72861E-1 2.72984E-1 2.73108E-1 2.73233E-1 2.7336E-1 2.7349E-1 2.7362E-1 2.7375E-1 2.73849E-1 2.73847E-1 2.7367E-1 2.73405E-1 2.73138E-1 2.7287E-1
3.07547E-1 3.06873E-1 3.06201E-1 3.05533E-1 3.04868E-1 3.04204E-1 3.03582E-1 3.0288E-1 3.01911E-1 3.00866E-1 2.99818E-1 2.98771E-1 2.97727E-1 2.96691E-1 2.95659E-1 2.94635E-1 2.93616E-1 2.92603E-1 2.91549E-1 2.90432E-1 2.89273E-1 2.88101E-1 2.86926E-1 2.85756E-1 2.84593E-1 2.83436E-1 2.82287E-1 2.81147E-1 2.80012E-1 2.78882E-1 2.77782E-1 2.77003E-1 2.76887E-1 2.77004E-1 2.77119E-1 2.77234E-1 2.77353E-1 2.77477E-1 2.77606E-1 2.77739E-1 2.77876E-1 2.78014E-1 2.78125E-1 2.78224E-1 2.78351E-1 2.78482E-1 2.78611E-1 2.7874E-1 2.78872E-1 2.79009E-1 2.7915E-1 2.79297E-1 2.79446E-1 2.79598E-1 2.79719E-1 2.79725E-1 2.79526E-1 2.79223E-1 2.78917E-1 2.78612E-1
3.11627E-1 3.1099E-1 3.10358E-1 3.09731E-1 3.09108E-1 3.08491E-1 3.07903E-1 3.07221E-1 3.06252E-1 3.05194E-1 3.04135E-1 3.03083E-1 3.02038E-1 3.01001E-1 2.9997E-1 2.98947E-1 2.97934E-1 2.96927E-1 2.95903E-1 2.94824E-1 2.9368E-1 2.92511E-1 2.91345E-1 2.90187E-1 2.89038E-1 2.87897E-1 2.86765E-1 2.85642E-1 2.84528E-1 2.83421E-1 2.82338E-1 2.81579E-1 2.81516E-1 2.81692E-1 2.81868E-1 2.82051E-1 2.82241E-1 2.82438E-1 2.8264E-1 2.82847E-1 2.8306E-1 2.83279E-1 2.83477E-1 2.83647E-1 2.83791E-1 2.83913E-1 2.84035E-1 2.84163E-1 2.84296E-1 2.84435E-1 2.84579E-1 2.84728E-1 2.84884E-1 2.85045E-1 2.85177E-1 2.85185E-1 2.84964E-1 2.84627E-1 2.84289E-1 2.83955E-1
3.15409E-1 3.14797E-1 3.14189E-1 3.13586E-1 3.12989E-1 3.12397E-1 3.11819E-1 3.11132E-1 3.10172E-1 3.09139E-1 3.08108E-1 3.07078E-1 3.06055E-1 3.05038E-1 3.04027E-1 3.03023E-1 3.02027E-1 3.01035E-1 3.00037E-1 2.99005E-1 2.9792E-1 2.96815E-1 2.95713E-1 2.94613E-1 2.9352E-1 2.92434E-1 2.91356E-1 2.90285E-1 2.89221E-1 2.88161E-1 2.87108E-1 2.86356E-1 2.86282E-1 2.86446E-1 2.86607E-1 2.86769E-1 2.86936E-1 2.87108E-1 2.87286E-1 2.87468E-1 2.87655E-1 2.87844E-1 2.88014E-1 2.88156E-1 2.88275E-1 2.88378E-1 2.88481E-1 2.88585E-1 2.88692E-1 2.88803E-1 2.8892E-1 2.8904E-1 2.89165E-1 2.89293E-1 2.89384E-1 2.89358E-1 2.89126E-1 2.8879E-1 2.88452E-1 2.88115E-1
3.19034E-1 3.18434E-1 3.17835E-1 3.17239E-1 3.16645E-1 3.1605E-1 3.15463E-1 3.14769E-1 3.1384E-1 3.12854E-1 3.11866E-1 3.10878E-1 3.09892E-1 3.0891E-1 3.07931E-1 3.06958E-1 3.05987E-1 3.05016E-1 3.04048E-1 3.03068E-1 3.02054E-1 3.01028E-1 3.00003E-1 2.98978E-1 2.97956E-1 2.96938E-1 2.95924E-1 2.94914E-1 2.93907E-1 2.92901E-1 2.9189E-1 2.91146E-1 2.91024E-1 2.9112E-1 2.91213E-1 2.91304E-1 2.91397E-1 2.91492E-1 2.91588E-1 2.91687E-1 2.91787E-1 2.91886E-1 2.91971E-1 2.92039E-1 2.92109E-1 2.92179E-1 2.92247E-1 2.92313E-1 2.9238E-1 2.92449E-1 2.92519E-1 2.92592E-1 2.92666E-1 2.9274E-1 2.92773E-1 2.927E-1 2.92458E-1 2.92134E-1 2.91807E-1 2.91479E-1
3.22669E-1 3.22069E-1 3.21471E-1 3.20873E-1 3.20274E-1 3.19678E-1 3.19088E-1 3.18399E-1 3.17498E-1 3.16551E-1 3.15604E-1 3.14656E-1 3.13711E-1 3.12766E-1 3.11823E-1 3.10882E-1 3.09943E-1 3.09004E-1 3.08075E-1 3.07145E-1 3.06188E-1 3.05222E-1 3.04258E-1 3.03295E-1 3.02333E-1 3.01373E-1 3.00415E-1 2.99459E-1 2.98504E-1 2.9755E-1 2.96588E-1 2.95861E-1 2.95683E-1 2.95698E-1 2.95711E-1 2.95724E-1 2.95737E-1 2.9575E-1 2.95764E-1 2.95777E-1 2.9579E-1 2.95805E-1 2.9581E-1 2.95812E-1 2.9583E-1 2.95854E-1 2.95879E-1 2.95903E-1 2.95928E-1 2.95953E-1 2.95977E-1 2.96002E-1 2.96027E-1 2.96052E-1 2.96035E-1 2.95922E-1 2.95669E-1 2.95348E-1 2.95025E-1 2.94702E-1
3.26315E-1 3.25716E-1 3.25117E-1 3.2452E-1 3.23921E-1 3.23327E-1 3.22735E-1 3.2205E-1 3.21181E-1 3.20272E-1 3.19362E-1 3.18452E-1 3.17544E-1 3.16637E-1 3.15731E-1 3.14826E-1 3.13923E-1 3.13021E-1 3.12133E-1 3.11253E-1 3.10353E-1 3.09448E-1 3.08543E-1 3.07639E-1 3.06736E-1 3.05834E-1 3.04934E-1 3.04035E-1 3.03138E-1 3.02241E-1 3.01332E-1 3.0062E-1 3.00384E-1 3.00315E-1 3.00244E-1 3.00174E-1 3.00104E-1 3.00033E-1 2.99962E-1 2.99891E-1 2.9982E-1 2.99751E-1 2.99676E-1 2.99611E-1 2.99577E-1 2.99555E-1 2.99533E-1 2.99511E-1 2.9949E-1 2.99469E-1 2.99446E-1 2.99425E-1 2.99404E-1 2.99382E-1 2.99317E-1 2.99164E-1 2.989E-1 2.9858E-1 2.98259E-1 2.97938E-1
3.29982E-1 3.29385E-1 3.28788E-1 3.28188E-1 3.2759E-1 3.26998E-1 3.26402E-1 3.25722E-1 3.24885E-1 3.24014E-1 3.23142E-1 3.22271E-1 3.21401E-1 3.20532E-1 3.19664E-1 3.18797E-1 3.17931E-1 3.17065E-1 3.16221E-1 3.15393E-1 3.14552E-1 3.13706E-1 3.12861E-1 3.12017E-1 3.11174E-1 3.10331E-1 3.0949E-1 3.0865E-1 3.07811E-1 3.06973E-1 3.06117E-1 3.05423E-1 3.05128E-1 3.04973E-1 3.04817E-1 3.04661E-1 3.04505E-1 3.04348E-1 3.04191E-1 3.04036E-1 3.0388E-1 3.03725E-1 3.0357E-1 3.03436E-1 3.03348E-1 3.03281E-1 3.03212E-1 3.03144E-1 3.03075E-1 3.03007E-1 3.02938E-1 3.02871E-1 3.02802E-1 3.02733E-1 3.02619E-1 3.02426E-1 3.0215E-1 3.01832E-1 3.01512E-1 3.01193E-1
3.33673E-1 3.33077E-1 3.32476E-1 3.31876E-1 3.31281E-1 3.30689E-1 3.3009E-1 3.29418E-1 3.28613E-1 3.27779E-1 3.26947E-1 3.26114E-1 3.25283E-1 3.24451E-1 3.23623E-1 3.22795E-1 3.21967E-1 3.21139E-1 3.20338E-1 3.19562E-1 3.18782E-1 3.17997E-1 3.17212E-1 3.16428E-1 3.15646E-1 3.14865E-1 3.14085E-1 3.13304E-1 3.12525E-1 3.11747E-1 3.10946E-1 3.10268E-1 3.09913E-1 3.09671E-1 3.09428E-1 3.09185E-1 3.08941E-1 3.08697E-1 3.08454E-1 3.08211E-1 3.07968E-1 3.07726E-1 3.07491E-1 3.07287E-1 3.07145E-1 3.0703E-1 3.06914E-1 3.06799E-1 3.06683E-1 3.06567E-1 3.06452E-1 3.06336E-1 3.0622E-1 3.06104E-1 3.0594E-1 3.05707E-1 3.05419E-1 3.05102E-1 3.04784E-1 3.04466E-1
3.37386E-1 3.36785E-1 3.36184E-1 3.35588E-1 3.34992E-1 3.344E-1 3.33798E-1 3.33132E-1 3.3236E-1 3.31567E-1 3.30774E-1 3.29981E-1 3.29189E-1 3.28397E-1 3.27608E-1 3.26819E-1 3.2603E-1 3.25241E-1 3.24485E-1 3.23762E-1 3.23041E-1 3.22319E-1 3.21597E-1 3.20875E-1 3.20154E-1 3.19434E-1 3.18715E-1 3.17996E-1 3.17278E-1 3.16561E-1 3.15816E-1 3.15156E-1 3.1474E-1 3.14408E-1 3.14077E-1 3.13745E-1 3.13412E-1 3.1308E-1 3.12748E-1 3.12417E-1 3.12086E-1 3.11756E-1 3.11438E-1 3.11163E-1 3.10966E-1 3.10804E-1 3.10641E-1 3.10477E-1 3.10313E-1 3.1015E-1 3.09987E-1 3.09822E-1 3.09658E-1 3.09495E-1 3.09281E-1 3.09007E-1 3.08706E-1 3.08391E-1 3.08075E-1 3.07759E-1
3.41113E-1 3.40512E-1 3.39915E-1 3.39319E-1 3.38724E-1 3.38132E-1 3.37527E-1 3.36867E-1 3.36129E-1 3.35378E-1 3.34625E-1 3.33872E-1 3.3312E-1 3.32368E-1 3.31617E-1 3.30868E-1 3.30119E-1 3.2937E-1 3.28659E-1 3.27991E-1 3.27331E-1 3.26672E-1 3.26013E-1 3.25354E-1 3.24695E-1 3.24039E-1 3.23382E-1 3.22725E-1 3.2207E-1 3.21414E-1 3.20728E-1 3.20086E-1 3.19607E-1 3.19184E-1 3.18761E-1 3.18339E-1 3.17917E-1 3.17495E-1 3.17074E-1 3.16652E-1 3.16232E-1 3.15812E-1 3.1541E-1 3.15064E-1 3.14812E-1 3.14602E-1 3.1439E-1 3.14177E-1 3.13964E-1 3.13753E-1 3.13541E-1 3.13328E-1 3.13116E-1 3.12905E-1 3.12641E-1 3.12325E-1 3.12012E-1 3.11698E-1 3.11383E-1 3.1107E-1
3.4486E-1 3.44263E-1 3.43667E-1 3.43071E-1 3.42476E-1 3.41882E-1 3.41274E-1 3.40621E-1 3.3992E-1 3.39209E-1 3.38497E-1 3.37785E-1 3.37073E-1 3.36362E-1 3.35652E-1 3.34943E-1 3.34234E-1 3.33526E-1 3.32862E-1 3.3225E-1 3.31651E-1 3.31056E-1 3.30461E-1 3.29865E-1 3.29271E-1 3.28677E-1 3.28084E-1 3.27492E-1 3.26899E-1 3.26308E-1 3.25681E-1 3.25056E-1 3.24513E-1 3.23997E-1 3.23482E-1 3.22968E-1 3.22454E-1 3.21941E-1 3.21429E-1 3.20917E-1 3.20407E-1 3.19895E-1 3.19408E-1 3.1899E-1 3.18683E-1 3.18423E-1 3.18162E-1 3.179E-1 3.17638E-1 3.17377E-1 3.17116E-1 3.16855E-1 3.16594E-1 3.16333E-1 3.16019E-1 3.15662E-1 3.15335E-1 3.15022E-1 3.1471E-1 3.14398E-1
3.48617E-1 3.48019E-1 3.47424E-1 3.46833E-1 3.46245E-1 3.45654E-1 3.4504E-1 3.44394E-1 3.43731E-1 3.43061E-1 3.42389E-1 3.41713E-1 3.41039E-1 3.40368E-1 3.39701E-1 3.39036E-1 3.38372E-1 3.37708E-1 3.37093E-1 3.36536E-1 3.36E-1 3.35469E-1 3.34936E-1 3.34402E-1 3.33869E-1 3.33339E-1 3.32812E-1 3.32288E-1 3.31764E-1 3.31237E-1 3.30672E-1 3.30066E-1 3.29457E-1 3.28847E-1 3.28236E-1 3.27626E-1 3.27017E-1 3.26411E-1 3.25807E-1 3.25206E-1 3.24606E-1 3.24005E-1 3.23431E-1 3.2294E-1 3.22578E-1 3.22268E-1 3.21954E-1 3.21641E-1 3.21329E-1 3.21016E-1 3.20707E-1 3.20399E-1 3.20091E-1 3.1978E-1 3.19415E-1 3.19015E-1 3.18675E-1 3.18365E-1 3.18054E-1 3.17742E-1
3.52348E-1 3.51749E-1 3.51157E-1 3.50575E-1 3.49998E-1 3.49424E-1 3.48816E-1 3.48188E-1 3.4756E-1 3.46918E-1 3.46271E-1 3.45627E-1 3.44989E-1 3.44359E-1 3.43735E-1 3.43117E-1 3.42505E-1 3.41896E-1 3.41344E-1 3.4085E-1 3.40371E-1 3.39894E-1 3.39414E-1 3.38937E-1 3.38465E-1 3.37999E-1 3.37539E-1 3.37085E-1 3.36636E-1 3.36189E-1 3.35698E-1 3.35114E-1 3.34432E-1 3.33718E-1 3.33003E-1 3.32291E-1 3.31585E-1 3.30884E-1 3.30189E-1 3.29499E-1 3.28812E-1 3.28129E-1 3.27476E-1 3.26915E-1 3.26493E-1 3.26124E-1 3.25752E-1 3.25384E-1 3.2502E-1 3.24658E-1 3.24299E-1 3.23944E-1 3.23591E-1 3.23238E-1 3.22826E-1 3.22387E-1 3.22031E-1 3.21717E-1 3.21404E-1 3.21091E-1
