Spatial_Analysis/SuitabilityMaps/Maxent_Outputs_ASCII/coral_present.asc
ncols         638
nrows         314
xllcorner     -102.97071042
yllcorner     3.973116569
cellsize      0.083
NODATA_value  -9999
[rows 162 to 188 of 314, columns 540 to 599 of 638]
3.37574E-1 3.33003E-1 3.259E-1 3.24541E-1 3.28741E-1 3.36252E-1 3.24672E-1 3.22102E-1 3.2012E-1 3.23658E-1 3.33857E-1 3.44104E-1 3.48322E-1 3.49142E-1 3.48741E-1 3.48675E-1 3.49644E-1 3.47375E-1 3.45384E-1 3.26096E-1 3.18283E-1 3.16869E-1 3.17166E-1 3.15541E-1 3.14897E-1 3.15394E-1 3.14848E-1 3.15782E-1 3.17435E-1 3.15662E-1 3.17209E-1 3.18865E-1 3.18641E-1 3.19725E-1 3.21967E-1 3.21466E-1 3.22724E-1 3.24527E-1 3.23724E-1 3.2498E-1 3.27115E-1 3.26396E-1 3.28078E-1 3.30395E-1 3.29943E-1 3.31893E-1 3.34589E-1 3.34222E-1 3.35945E-1 3.39577E-1 3.39074E-1 3.40593E-1 3.44193E-1 3.43127E-1 3.44293E-1 3.47748E-1 3.46141E-1 3.46781E-1 3.49741E-1 3.47562E-1
3.33498E-1 3.30129E-1 3.26857E-1 3.25963E-1 3.27549E-1 3.33095E-1 3.41085E-1 3.36436E-1 3.24374E-1 3.23093E-1 3.33036E-1 3.45242E-1 3.50585E-1 3.49816E-1 3.48946E-1 3.49167E-1 3.49304E-1 3.44983E-1 3.33204E-1 3.23425E-1 3.19463E-1 3.19163E-1 3.18983E-1 3.17615E-1 3.17595E-1 3.17785E-1 3.17431E-1 3.18316E-1 3.19433E-1 3.18536E-1 3.20349E-1 3.21882E-1 3.20785E-1 3.22284E-1 3.24327E-1 3.23067E-1 3.24512E-1 3.26363E-1 3.2519E-1 3.27283E-1 3.2862E-1 3.27689E-1 3.30112E-1 3.31599E-1 3.30657E-1 3.3292E-1 3.35289E-1 3.34481E-1 3.37781E-1 3.40069E-1 3.39263E-1 3.41952E-1 3.44636E-1 3.43618E-1 3.46593E-1 3.48403E-1 3.47146E-1 3.49527E-1 3.50852E-1 3.49331E-1
3.30869E-1 3.27991E-1 3.27099E-1 3.25783E-1 3.24683E-1 3.27059E-1 3.27915E-1 3.27181E-1 3.25484E-1 3.44697E-1 3.44385E-1 3.48786E-1 3.50533E-1 3.48779E-1 3.31898E-1 3.31603E-1 3.29272E-1 3.2961E-1 3.36987E-1 3.21943E-1 3.19578E-1 3.19875E-1 3.18904E-1 3.18488E-1 3.19152E-1 3.18957E-1 3.18735E-1 3.19792E-1 3.19821E-1 3.19789E-1 3.21336E-1 3.21571E-1 3.21413E-1 3.22766E-1 3.23021E-1 3.22768E-1 3.24131E-1 3.24557E-1 3.24371E-1 3.26353E-1 3.26748E-1 3.26563E-1 3.28939E-1 3.29453E-1 3.29287E-1 3.31513E-1 3.32732E-1 3.32669E-1 3.3534E-1 3.36891E-1 3.37005E-1 3.40094E-1 3.41329E-1 3.41255E-1 3.44188E-1 3.45183E-1 3.44986E-1 3.47719E-1 3.4815E-1 3.47739E-1
3.28491E-1 3.27725E-1 3.25807E-1 3.24214E-1 3.23333E-1 3.21965E-1 3.20504E-1 3.2273E-1 3.22929E-1 3.43421E-1 3.4692E-1 3.46297E-1 3.44364E-1 3.43757E-1 3.22314E-1 3.19363E-1 3.19384E-1 3.21256E-1 3.22788E-1 3.20822E-1 3.18049E-1 3.18114E-1 3.18611E-1 3.1745E-1 3.17603E-1 3.18869E-1 3.18518E-1 3.192E-1 3.19895E-1 3.19159E-1 3.19928E-1 3.21066E-1 3.20115E-1 3.20083E-1 3.21684E-1 3.20674E-1 3.21339E-1 3.22766E-1 3.21721E-1 3.22399E-1 3.24812E-1 3.23815E-1 3.24908E-1 3.27607E-1 3.26652E-1 3.27678E-1 3.30469E-1 3.29839E-1 3.31745E-1 3.34304E-1 3.33791E-1 3.35252E-1 3.38448E-1 3.37671E-1 3.39858E-1 3.42428E-1 3.41284E-1 3.42641E-1 3.45948E-1 3.44408E-1
3.30129E-1 3.29217E-1 3.27199E-1 3.25889E-1 3.24545E-1 3.22471E-1 3.2223E-1 3.26261E-1 3.34782E-1 3.42552E-1 3.33004E-1 3.28638E-1 3.27469E-1 3.25679E-1 3.205E-1 3.20072E-1 3.2003E-1 3.19531E-1 3.20758E-1 3.20304E-1 3.1957E-1 3.20136E-1 3.2002E-1 3.19331E-1 3.19515E-1 3.19732E-1 3.19407E-1 3.2084E-1 3.21816E-1 3.2067E-1 3.21999E-1 3.22713E-1 3.21242E-1 3.22381E-1 3.22832E-1 3.21393E-1 3.22483E-1 3.23598E-1 3.22326E-1 3.23996E-1 3.25613E-1 3.24533E-1 3.27032E-1 3.28369E-1 3.27335E-1 3.29344E-1 3.31185E-1 3.30306E-1 3.33419E-1 3.34918E-1 3.34112E-1 3.36787E-1 3.38891E-1 3.37779E-1 3.40404E-1 3.42544E-1 3.41314E-1 3.43782E-1 3.46036E-1 3.44782E-1
3.29482E-1 3.27534E-1 3.26445E-1 3.24819E-1 3.23066E-1 3.22177E-1 3.21022E-1 3.23017E-1 3.26016E-1 3.27093E-1 3.20808E-1 3.1828E-1 3.18989E-1 3.18197E-1 3.17627E-1 3.1924E-1 3.18422E-1 3.18337E-1 3.19116E-1 3.18867E-1 3.18834E-1 3.19759E-1 3.19276E-1 3.18865E-1 3.20054E-1 3.19895E-1 3.19725E-1 3.20707E-1 3.20377E-1 3.20197E-1 3.21351E-1 3.20768E-1 3.20301E-1 3.21163E-1 3.2058E-1 3.2014E-1 3.21391E-1 3.21115E-1 3.2083E-1 3.22952E-1 3.23006E-1 3.22829E-1 3.25262E-1 3.25737E-1 3.25572E-1 3.27769E-1 3.28768E-1 3.28644E-1 3.31189E-1 3.32252E-1 3.32295E-1 3.35599E-1 3.35941E-1 3.35601E-1 3.38431E-1 3.39181E-1 3.38886E-1 3.41701E-1 3.42575E-1 3.42335E-1
3.27582E-1 3.26551E-1 3.2443E-1 3.2312E-1 3.21992E-1 3.19845E-1 3.18396E-1 3.18714E-1 3.1739E-1 3.16967E-1 3.16035E-1 3.1512E-1 3.15236E-1 3.15796E-1 3.156E-1 3.15942E-1 3.16681E-1 3.15962E-1 3.16668E-1 3.17666E-1 3.16825E-1 3.17623E-1 3.18389E-1 3.17875E-1 3.18047E-1 3.19275E-1 3.19131E-1 3.17954E-1 3.18925E-1 3.18108E-1 3.18386E-1 3.188E-1 3.17521E-1 3.17775E-1 3.18518E-1 3.17206E-1 3.17873E-1 3.18899E-1 3.17839E-1 3.19011E-1 3.2052E-1 3.19716E-1 3.20839E-1 3.23447E-1 3.22592E-1 3.24477E-1 3.26754E-1 3.25945E-1 3.27339E-1 3.30264E-1 3.29514E-1 3.30982E-1 3.3358E-1 3.32401E-1 3.34429E-1 3.36572E-1 3.35291E-1 3.3746E-1 3.3977E-1 3.38661E-1
3.29405E-1 3.27756E-1 3.25466E-1 3.24303E-1 3.22974E-1 3.20969E-1 3.20255E-1 3.18996E-1 3.1747E-1 3.17585E-1 3.16855E-1 3.14971E-1 3.16016E-1 3.16077E-1 3.15965E-1 3.16874E-1 3.1728E-1 3.16839E-1 3.1795E-1 3.18376E-1 3.17838E-1 3.19016E-1 3.1926E-1 3.18683E-1 3.19508E-1 3.19818E-1 3.18549E-1 3.19608E-1 3.19804E-1 3.18454E-1 3.19572E-1 3.19336E-1 3.17835E-1 3.18519E-1 3.18903E-1 3.17476E-1 3.18582E-1 3.19329E-1 3.18085E-1 3.20236E-1 3.21077E-1 3.2014E-1 3.22911E-1 3.24256E-1 3.23471E-1 3.26419E-1 3.27725E-1 3.26983E-1 3.29869E-1 3.3124E-1 3.30289E-1 3.3247E-1 3.34252E-1 3.32746E-1 3.3505E-1 3.36864E-1 3.35196E-1 3.38483E-1 3.39845E-1 3.38399E-1
3.27949E-1 3.25859E-1 3.24435E-1 3.22278E-1 3.21189E-1 3.2032E-1 3.18987E-1 3.17482E-1 3.16775E-1 3.16476E-1 3.15382E-1 3.14843E-1 3.15213E-1 3.14349E-1 3.14423E-1 3.15518E-1 3.15577E-1 3.15587E-1 3.16396E-1 3.16868E-1 3.16907E-1 3.1779E-1 3.18071E-1 3.17848E-1 3.18316E-1 3.18472E-1 3.17661E-1 3.18173E-1 3.17532E-1 3.17194E-1 3.1784E-1 3.16818E-1 3.16416E-1 3.17354E-1 3.16439E-1 3.15935E-1 3.16907E-1 3.16894E-1 3.16597E-1 3.18333E-1 3.18692E-1 3.1862E-1 3.21243E-1 3.21795E-1 3.21783E-1 3.24551E-1 3.25449E-1 3.2534E-1 3.27901E-1 3.28933E-1 3.2885E-1 3.31534E-1 3.31811E-1 3.31279E-1 3.33631E-1 3.34054E-1 3.33477E-1 3.35632E-1 3.36594E-1 3.36312E-1
3.2576E-1 3.24676E-1 3.22427E-1 3.2085E-1 3.20045E-1 3.17991E-1 3.1671E-1 3.16171E-1 3.14501E-1 3.13694E-1 3.13906E-1 3.12866E-1 3.1266E-1 3.12881E-1 3.12385E-1 3.12939E-1 3.14107E-1 3.13449E-1 3.14203E-1 3.15786E-1 3.15142E-1 3.15654E-1 3.16928E-1 3.16613E-1 3.16813E-1 3.16778E-1 3.15662E-1 3.1521E-1 3.15747E-1 3.14635E-1 3.14479E-1 3.14584E-1 3.13297E-1 3.13673E-1 3.1437E-1 3.1307E-1 3.13618E-1 3.14774E-1 3.13824E-1 3.14952E-1 3.1653E-1 3.16017E-1 3.1777E-1 3.19606E-1 3.19132E-1 3.21364E-1 3.23579E-1 3.22793E-1 3.24588E-1 3.27525E-1 3.26368E-1 3.28505E-1 3.30304E-1 3.28677E-1 3.30637E-1 3.3229E-1 3.30732E-1 3.31894E-1 3.34398E-1 3.33304E-1
3.27436E-1 3.25903E-1 3.23696E-1 3.22826E-1 3.21314E-1 3.19299E-1 3.18548E-1 3.17309E-1 3.15712E-1 3.15444E-1 3.14099E-1 3.13511E-1 3.14007E-1 3.13681E-1 3.13473E-1 3.14661E-1 3.14916E-1 3.1436E-1 3.15439E-1 3.16576E-1 3.16047E-1 3.17038E-1 3.17401E-1 3.16917E-1 3.17509E-1 3.17461E-1 3.16075E-1 3.16339E-1 3.16259E-1 3.14846E-1 3.15084E-1 3.14864E-1 3.13406E-1 3.14182E-1 3.14667E-1 3.13279E-1 3.14746E-1 3.15233E-1 3.14292E-1 3.16321E-1 3.17268E-1 3.16826E-1 3.19479E-1 3.20648E-1 3.20164E-1 3.23356E-1 3.24742E-1 3.24013E-1 3.27175E-1 3.28618E-1 3.27457E-1 3.29611E-1 3.31293E-1 3.29487E-1 3.32232E-1 3.33246E-1 3.31284E-1 3.34031E-1 3.35251E-1 3.33585E-1
3.2577E-1 3.23625E-1 3.22575E-1 3.21078E-1 3.19248E-1 3.18345E-1 3.17151E-1 3.15602E-1 3.14756E-1 3.14062E-1 3.13213E-1 3.12457E-1 3.1353E-1 3.12668E-1 3.12122E-1 3.13363E-1 3.13249E-1 3.13318E-1 3.14365E-1 3.1476E-1 3.14816E-1 3.15797E-1 3.16038E-1 3.15703E-1 3.15978E-1 3.15337E-1 3.14771E-1 3.14838E-1 3.13857E-1 3.13404E-1 3.13839E-1 3.12587E-1 3.12109E-1 3.12767E-1 3.12168E-1 3.117E-1 3.1251E-1 3.12911E-1 3.12766E-1 3.14566E-1 3.15397E-1 3.15532E-1 3.18321E-1 3.18956E-1 3.19086E-1 3.22295E-1 3.22958E-1 3.22911E-1 3.25873E-1 3.26747E-1 3.26492E-1 3.2882E-1 3.29468E-1 3.28796E-1 3.30417E-1 3.31123E-1 3.30465E-1 3.31898E-1 3.327E-1 3.31347E-1
3.2264E-1 3.21585E-1 3.19567E-1 3.17792E-1 3.17444E-1 3.15458E-1 3.14123E-1 3.14016E-1 3.12349E-1 3.1188E-1 3.12413E-1 3.11451E-1 3.10867E-1 3.109E-1 3.10239E-1 3.10889E-1 3.11791E-1 3.11195E-1 3.12124E-1 3.13254E-1 3.12708E-1 3.13036E-1 3.14498E-1 3.13934E-1 3.13192E-1 3.13512E-1 3.12164E-1 3.11887E-1 3.11993E-1 3.10523E-1 3.10316E-1 3.10539E-1 3.09188E-1 3.09201E-1 3.0996E-1 3.08872E-1 3.09119E-1 3.10517E-1 3.09848E-1 3.10894E-1 3.1357E-1 3.13253E-1 3.14977E-1 3.17512E-1 3.17124E-1 3.19562E-1 3.21562E-1 3.20863E-1 3.22866E-1 3.25748E-1 3.22793E-1 3.25927E-1 3.28714E-1 3.27016E-1 3.28818E-1 3.29435E-1 3.27748E-1 3.28341E-1 3.28832E-1 3.2109E-1
3.23885E-1 3.22274E-1 3.20497E-1 3.19809E-1 3.18518E-1 3.16791E-1 3.16304E-1 3.15247E-1 3.1374E-1 3.13243E-1 3.12701E-1 3.12266E-1 3.13067E-1 3.12474E-1 3.11805E-1 3.13013E-1 3.13278E-1 3.12416E-1 3.138E-1 3.14406E-1 3.13844E-1 3.14625E-1 3.14352E-1 3.1374E-1 3.1417E-1 3.1406E-1 3.12586E-1 3.13162E-1 3.12466E-1 3.1086E-1 3.1107E-1 3.10933E-1 3.09371E-1 3.09975E-1 3.10479E-1 3.09161E-1 3.10071E-1 3.11056E-1 3.10658E-1 3.12529E-1 3.14352E-1 3.1455E-1 3.17322E-1 3.1865E-1 3.18385E-1 3.20806E-1 3.2283E-1 3.21976E-1 3.25205E-1 3.23717E-1 3.15337E-1 3.1955E-1 3.28082E-1 3.27276E-1 3.29404E-1 3.25594E-1 3.20436E-1 3.19857E-1 3.23525E-1 3.0976E-1
3.21468E-1 3.19462E-1 3.18814E-1 3.18088E-1 3.16124E-1 3.15485E-1 3.15042E-1 3.13446E-1 3.12834E-1 3.12786E-1 3.11663E-1 3.11551E-1 3.12672E-1 3.11545E-1 3.11427E-1 3.12542E-1 3.11958E-1 3.11694E-1 3.12406E-1 3.12602E-1 3.12177E-1 3.127E-1 3.12764E-1 3.12459E-1 3.12694E-1 3.11575E-1 3.10937E-1 3.11213E-1 3.09962E-1 3.09414E-1 3.0967E-1 3.08495E-1 3.07939E-1 3.08366E-1 3.07819E-1 3.07364E-1 3.08218E-1 3.08897E-1 3.09043E-1 3.11574E-1 3.12849E-1 3.13244E-1 3.16547E-1 3.17527E-1 3.17666E-1 3.20588E-1 3.21587E-1 3.21505E-1 3.24326E-1 3.19531E-1 3.05755E-1 3.11023E-1 3.26406E-1 3.26969E-1 3.25291E-1 3.13404E-1 3.05024E-1 3.05128E-1 3.11656E-1 3.06619E-1
3.17186E-1 3.16663E-1 3.14991E-1 3.13795E-1 3.13678E-1 3.12187E-1 3.1168E-1 3.11523E-1 3.10127E-1 3.10144E-1 3.10658E-1 3.09903E-1 3.09862E-1 3.1052E-1 3.09693E-1 3.10476E-1 3.10891E-1 3.09947E-1 3.10333E-1 3.11215E-1 3.10837E-1 3.10544E-1 3.11339E-1 3.09563E-1 3.09534E-1 3.09493E-1 3.07977E-1 3.07493E-1 3.07847E-1 3.06481E-1 3.06256E-1 3.06331E-1 3.04995E-1 3.0475E-1 3.05214E-1 3.04195E-1 3.04174E-1 3.06269E-1 3.05873E-1 3.07819E-1 3.11228E-1 3.11099E-1 3.1399E-1 3.16723E-1 3.16123E-1 3.18609E-1 3.20715E-1 3.19847E-1 3.22151E-1 3.20803E-1 3.11213E-1 3.20795E-1 3.26066E-1 3.24674E-1 3.16341E-1 3.00783E-1 2.98111E-1 2.99367E-1 3.02242E-1 3.09538E-1
3.18407E-1 3.16881E-1 3.15457E-1 3.15117E-1 3.14357E-1 3.13241E-1 3.13392E-1 3.12467E-1 3.10594E-1 3.11428E-1 3.11438E-1 3.11236E-1 3.12112E-1 3.12008E-1 3.11363E-1 3.12617E-1 3.12539E-1 3.11416E-1 3.12341E-1 3.12178E-1 3.11468E-1 3.1164E-1 3.11311E-1 3.09695E-1 3.10175E-1 3.0976E-1 3.08103E-1 3.08671E-1 3.08335E-1 3.06857E-1 3.07276E-1 3.06964E-1 3.05451E-1 3.06206E-1 3.05879E-1 3.04764E-1 3.06141E-1 3.06838E-1 3.06793E-1 3.09408E-1 3.11991E-1 3.12439E-1 3.15899E-1 3.17757E-1 3.17442E-1 3.20374E-1 3.21919E-1 3.20768E-1 3.23023E-1 3.24617E-1 3.22994E-1 3.26153E-1 3.27E-1 3.23794E-1 3.04779E-1 3.00027E-1 2.97789E-1 3.0365E-1 3.08637E-1 3.24938E-1
3.15703E-1 3.14033E-1 3.13565E-1 3.13191E-1 3.1199E-1 3.11707E-1 3.11878E-1 3.10806E-1 3.10213E-1 3.10944E-1 3.10096E-1 3.10113E-1 3.11438E-1 3.10926E-1 3.11E-1 3.12141E-1 3.11344E-1 3.11055E-1 3.1183E-1 3.11189E-1 3.10734E-1 3.10696E-1 3.09205E-1 3.08455E-1 3.08721E-1 3.0737E-1 3.06708E-1 3.07095E-1 3.05874E-1 3.05383E-1 3.0574E-1 3.04494E-1 3.04013E-1 3.04643E-1 3.03514E-1 3.03178E-1 3.04823E-1 3.05176E-1 3.05472E-1 3.0899E-1 3.10603E-1 3.11123E-1 3.15043E-1 3.16528E-1 3.16625E-1 3.19493E-1 3.20669E-1 3.20405E-1 3.22489E-1 3.23843E-1 3.23464E-1 3.25392E-1 3.25297E-1 3.23216E-1 3.06363E-1 2.99107E-1 2.9792E-1 3.02821E-1 3.14357E-1 3.20502E-1
3.12436E-1 3.11521E-1 3.10264E-1 3.0974E-1 3.09754E-1 3.08879E-1 3.09043E-1 3.0916E-1 3.0808E-1 3.08452E-1 3.0887E-1 3.08222E-1 3.08913E-1 3.09727E-1 3.08976E-1 3.0935E-1 3.10185E-1 3.09206E-1 3.08971E-1 3.09945E-1 3.09176E-1 3.08872E-1 3.07515E-1 3.05796E-1 3.05478E-1 3.05195E-1 3.03937E-1 3.03695E-1 3.03497E-1 3.02554E-1 3.02449E-1 3.02369E-1 3.01179E-1 3.0076E-1 3.0124E-1 3.00148E-1 3.00842E-1 3.02832E-1 3.02585E-1 3.05633E-1 3.08923E-1 3.08999E-1 3.12629E-1 3.15752E-1 3.15106E-1 3.17858E-1 3.2002E-1 3.18901E-1 3.20879E-1 3.22776E-1 3.20822E-1 3.2144E-1 3.18275E-1 3.15719E-1 3.13324E-1 2.98478E-1 2.96386E-1 2.97395E-1 3.00361E-1 3.0041E-1
3.13666E-1 3.12147E-1 3.11086E-1 3.11253E-1 3.10702E-1 3.10002E-1 3.10277E-1 3.09108E-1 3.08885E-1 3.09979E-1 3.09745E-1 3.09425E-1 3.10486E-1 3.10766E-1 3.10005E-1 3.10985E-1 3.11255E-1 3.09813E-1 3.10034E-1 3.09775E-1 3.08835E-1 3.08596E-1 3.06508E-1 3.04368E-1 3.04734E-1 3.04329E-1 3.03096E-1 3.04379E-1 3.03988E-1 3.02435E-1 3.0117E-1 2.99918E-1 3.00709E-1 3.01552E-1 3.02041E-1 3.00964E-1 3.02188E-1 3.03528E-1 3.03433E-1 3.06637E-1 3.09658E-1 3.10028E-1 3.14153E-1 3.16071E-1 3.16236E-1 3.19023E-1 3.21307E-1 3.19954E-1 3.22636E-1 3.2402E-1 3.20709E-1 3.21157E-1 3.00635E-1 2.98014E-1 2.98019E-1 2.98613E-1 2.96886E-1 2.99041E-1 3.00349E-1 2.99136E-1
3.11701E-1 3.10466E-1 3.10208E-1 3.10369E-1 3.09326E-1 3.09351E-1 3.09923E-1 3.08375E-1 3.07968E-1 3.09565E-1 3.08856E-1 3.08337E-1 3.09635E-1 3.09194E-1 3.09119E-1 3.09229E-1 3.08382E-1 3.03761E-1 3.04522E-1 3.07349E-1 3.07844E-1 3.06547E-1 3.0318E-1 3.0194E-1 3.02215E-1 3.01489E-1 3.01499E-1 3.03054E-1 3.01808E-1 3.01029E-1 2.9766E-1 2.8406E-1 2.9916E-1 3.00417E-1 3.00661E-1 2.99727E-1 3.0199E-1 3.02523E-1 3.02877E-1 3.06696E-1 3.08495E-1 3.09047E-1 3.11411E-1 3.1224E-1 3.14265E-1 3.18365E-1 3.19981E-1 3.19607E-1 3.21602E-1 3.22111E-1 3.18236E-1 3.16762E-1 2.96569E-1 2.94164E-1 2.95263E-1 2.96522E-1 2.96319E-1 2.98425E-1 2.99432E-1 2.99177E-1
3.09374E-1 3.09061E-1 3.08062E-1 3.07838E-1 3.07984E-1 3.07374E-1 3.07709E-1 3.0782E-1 3.07242E-1 3.07092E-1 3.07063E-1 3.06349E-1 3.0689E-1 3.07405E-1 3.05996E-1 3.03111E-1 3.02115E-1 2.81486E-1 2.81436E-1 3.01791E-1 3.03979E-1 3.01005E-1 2.97266E-1 2.95174E-1 2.97641E-1 2.98596E-1 2.98469E-1 2.98844E-1 2.98889E-1 2.99147E-1 2.98763E-1 2.98858E-1 2.95978E-1 2.95798E-1 2.9499E-1 2.94048E-1 2.98154E-1 3.01129E-1 3.00964E-1 3.03894E-1 3.0714E-1 3.07012E-1 3.08417E-1 2.97914E-1 3.12503E-1 3.1734E-1 3.19449E-1 3.18476E-1 3.19852E-1 3.21491E-1 3.15229E-1 3.00752E-1 2.97433E-1 2.94521E-1 2.93283E-1 2.95698E-1 2.94956E-1 2.96643E-1 2.98997E-1 2.98176E-1
3.11343E-1 3.10289E-1 3.09414E-1 3.09651E-1 3.0923E-1 3.08411E-1 3.08414E-1 3.08226E-1 3.07678E-1 3.08682E-1 3.07163E-1 3.06121E-1 3.07471E-1 3.08017E-1 3.06376E-1 3.03042E-1 3.00417E-1 2.78301E-1 2.78083E-1 2.82254E-1 3.01313E-1 2.9874E-1 2.92085E-1 2.76352E-1 2.76872E-1 2.95439E-1 2.96631E-1 2.96229E-1 2.83251E-1 2.96968E-1 2.98746E-1 2.98783E-1 2.9562E-1 2.94846E-1 2.75582E-1 2.75787E-1 2.78686E-1 2.99564E-1 3.01188E-1 3.0511E-1 3.08289E-1 3.08472E-1 3.12514E-1 3.15262E-1 3.15589E-1 3.18802E-1 3.21064E-1 3.19987E-1 3.21311E-1 3.22292E-1 3.20483E-1 3.234E-1 3.21015E-1 3.15544E-1 2.98086E-1 2.97201E-1 2.96496E-1 2.98661E-1 3.01468E-1 3.01034E-1
3.10733E-1 3.09384E-1 3.09141E-1 3.09003E-1 3.08325E-1 3.08186E-1 3.08255E-1 3.07304E-1 3.06938E-1 3.06902E-1 3.0156E-1 2.8972E-1 3.04909E-1 3.04485E-1 3.03314E-1 2.96788E-1 2.8408E-1 2.77537E-1 2.78441E-1 2.80334E-1 2.97175E-1 2.94805E-1 2.93603E-1 2.89526E-1 2.83149E-1 2.82298E-1 2.93926E-1 2.95917E-1 2.92743E-1 2.77104E-1 2.78853E-1 2.76964E-1 2.81345E-1 2.94171E-1 2.94294E-1 2.88134E-1 2.79702E-1 2.98532E-1 3.00239E-1 3.0541E-1 3.07896E-1 3.08352E-1 3.11938E-1 3.14908E-1 3.1456E-1 3.17273E-1 3.19474E-1 3.18462E-1 3.19335E-1 3.02356E-1 3.04796E-1 3.16018E-1 3.02278E-1 3.00037E-1 2.96289E-1 2.96529E-1 2.96485E-1 2.99418E-1 3.02168E-1 3.17585E-1
3.08621E-1 3.08347E-1 3.0734E-1 3.07139E-1 3.07276E-1 3.06458E-1 3.06193E-1 3.06369E-1 3.0491E-1 3.03293E-1 3.0166E-1 2.99398E-1 2.99279E-1 2.98669E-1 2.82336E-1 2.81321E-1 2.79336E-1 2.8765E-1 2.78552E-1 2.91892E-1 2.82232E-1 2.88694E-1 2.80719E-1 2.87609E-1 2.87599E-1 2.88937E-1 2.92747E-1 2.94466E-1 2.9277E-1 2.72623E-1 2.69794E-1 2.70749E-1 2.77323E-1 2.9261E-1 2.99912E-1 2.948E-1 2.93698E-1 2.85865E-1 2.96989E-1 3.03737E-1 3.07432E-1 3.07826E-1 3.10881E-1 3.14521E-1 3.12176E-1 3.0515E-1 3.16004E-1 3.13448E-1 3.0451E-1 3.10675E-1 2.95823E-1 2.95704E-1 2.96108E-1 2.94548E-1 2.95631E-1 2.97308E-1 2.96428E-1 2.9883E-1 3.01649E-1 3.0361E-1
3.10573E-1 3.09649E-1 3.08576E-1 3.08694E-1 3.08226E-1 3.06473E-1 3.07043E-1 3.05213E-1 3.02537E-1 2.90166E-1 3.0044E-1 2.9762E-1 2.84433E-1 2.82384E-1 2.78341E-1 2.91404E-1 2.92244E-1 2.80105E-1 2.78101E-1 2.77555E-1 2.74101E-1 2.73544E-1 2.7406E-1 2.74838E-1 2.78034E-1 2.83553E-1 2.93862E-1 2.95818E-1 2.93852E-1 2.7432E-1 2.71522E-1 2.71897E-1 2.78467E-1 2.9371E-1 3.0126E-1 2.9467E-1 2.84667E-1 2.85303E-1 2.9706E-1 3.05503E-1 3.09271E-1 3.09319E-1 3.13219E-1 3.16252E-1 3.14377E-1 3.14003E-1 3.17827E-1 3.02198E-1 3.02899E-1 3.14374E-1 2.97792E-1 2.97804E-1 2.99257E-1 3.06366E-1 3.00707E-1 3.09536E-1 3.00298E-1 3.00298E-1 3.02163E-1 3.02315E-1
3.10051E-1 3.08684E-1 3.08213E-1 3.08054E-1 3.0712E-1 3.0648E-1 3.05911E-1 2.9912E-1 2.87979E-1 2.79994E-1 2.8262E-1 2.80325E-1 2.7545E-1 2.74259E-1 2.76812E-1 2.8649E-1 2.93222E-1 2.77344E-1 2.75117E-1 2.70893E-1 2.69659E-1 2.69133E-1 2.71287E-1 2.80455E-1 2.86376E-1 2.9033E-1 2.94539E-1 2.95055E-1 2.84647E-1 2.7343E-1 2.73265E-1 2.73234E-1 2.76818E-1 2.81872E-1 2.97868E-1 2.93178E-1 2.83083E-1 2.94957E-1 3.00252E-1 3.07265E-1 3.09651E-1 3.10017E-1 3.13253E-1 3.159E-1 3.16347E-1 3.17782E-1 3.18875E-1 3.12933E-1 3.13802E-1 3.19543E-1 3.11769E-1 3.12223E-1 2.99366E-1 3.00162E-1 2.99841E-1 3.02597E-1 3.00027E-1 3.00017E-1 3.01936E-1 3.021E-1
