Spatial_Analysis/SuitabilityMaps/Maxent_Outputs_ASCII/coral_far85.asc
ncols         638
nrows         314
xllcorner     -102.97071042
yllcorner     3.973116569
cellsize      0.083
NODATA_value  -9999
[rows 162 to 188 of 314, columns 420 to 479 of 638]
3.73763E-1 3.73302E-1 3.72814E-1 3.7229E-1 3.71723E-1 3.71116E-1 3.70561E-1 3.69999E-1 3.69275E-1 3.68466E-1 3.67668E-1 3.66841E-1 3.65971E-1 3.65049E-1 3.64062E-1 3.63E-1 3.61855E-1 3.60635E-1 3.59304E-1 3.58144E-1 3.57513E-1 3.56995E-1 3.56448E-1 3.55822E-1 3.55111E-1 3.54319E-1 3.53448E-1 3.52504E-1 3.51489E-1 3.50424E-1 3.49335E-1 3.4863E-1 3.48774E-1 3.49189E-1 3.49564E-1 3.49861E-1 3.50084E-1 3.50246E-1 3.50361E-1 3.50441E-1 3.50499E-1 3.50557E-1 3.50645E-1 3.50868E-1 3.51257E-1 3.51615E-1 3.51934E-1 3.5221E-1 3.52463E-1 3.52709E-1 3.52967E-1 3.53254E-1 3.53586E-1 3.5398E-1 3.54428E-1 3.54371E-1 3.52865E-1 3.50483E-1 3.48111E-1 3.45773E-1
3.7234E-1 3.71765E-1 3.71163E-1 3.70524E-1 3.6984E-1 3.69113E-1 3.68464E-1 3.67869E-1 3.67156E-1 3.66405E-1 3.65666E-1 3.64897E-1 3.64084E-1 3.63216E-1 3.62285E-1 3.61278E-1 3.60185E-1 3.59012E-1 3.57749E-1 3.56675E-1 3.56098E-1 3.5567E-1 3.55227E-1 3.547E-1 3.54087E-1 3.53391E-1 3.52616E-1 3.51765E-1 3.50842E-1 3.49865E-1 3.48867E-1 3.48247E-1 3.4846E-1 3.48985E-1 3.49474E-1 3.49879E-1 3.50209E-1 3.50477E-1 3.50697E-1 3.50882E-1 3.51043E-1 3.512E-1 3.51402E-1 3.51734E-1 3.52225E-1 3.52717E-1 3.53156E-1 3.53546E-1 3.53913E-1 3.54272E-1 3.54641E-1 3.55039E-1 3.55483E-1 3.55988E-1 3.56556E-1 3.56622E-1 3.55288E-1 3.53138E-1 3.50955E-1 3.48805E-1
3.71771E-1 3.71192E-1 3.70594E-1 3.69976E-1 3.69343E-1 3.68705E-1 3.68173E-1 3.67644E-1 3.66886E-1 3.66088E-1 3.65314E-1 3.64542E-1 3.63756E-1 3.62935E-1 3.62072E-1 3.61165E-1 3.60232E-1 3.59292E-1 3.5831E-1 3.57384E-1 3.56629E-1 3.55952E-1 3.55306E-1 3.54649E-1 3.53963E-1 3.53225E-1 3.52435E-1 3.51601E-1 3.50747E-1 3.49898E-1 3.49061E-1 3.48514E-1 3.48556E-1 3.48883E-1 3.49249E-1 3.49596E-1 3.49912E-1 3.50188E-1 3.50431E-1 3.50654E-1 3.50874E-1 3.51104E-1 3.51381E-1 3.5174E-1 3.52174E-1 3.52657E-1 3.53134E-1 3.5359E-1 3.54026E-1 3.54453E-1 3.54887E-1 3.55338E-1 3.5581E-1 3.563E-1 3.56817E-1 3.56877E-1 3.55764E-1 3.54051E-1 3.52297E-1 3.5054E-1
3.71595E-1 3.71051E-1 3.70499E-1 3.69943E-1 3.69391E-1 3.68841E-1 3.68363E-1 3.6786E-1 3.67154E-1 3.66383E-1 3.65608E-1 3.64842E-1 3.64079E-1 3.63307E-1 3.62522E-1 3.61728E-1 3.60938E-1 3.60158E-1 3.59291E-1 3.58387E-1 3.57593E-1 3.56794E-1 3.55973E-1 3.55163E-1 3.54358E-1 3.53539E-1 3.52706E-1 3.51864E-1 3.51028E-1 3.50206E-1 3.49372E-1 3.48784E-1 3.48771E-1 3.48996E-1 3.49251E-1 3.49516E-1 3.49779E-1 3.50031E-1 3.50272E-1 3.50507E-1 3.50747E-1 3.50993E-1 3.51267E-1 3.51604E-1 3.52028E-1 3.52496E-1 3.5297E-1 3.53442E-1 3.53909E-1 3.54371E-1 3.54832E-1 3.55298E-1 3.55766E-1 3.5623E-1 3.56729E-1 3.56856E-1 3.55958E-1 3.54562E-1 3.53174E-1 3.51784E-1
3.71502E-1 3.71004E-1 3.70503E-1 3.70002E-1 3.69501E-1 3.68995E-1 3.68552E-1 3.68087E-1 3.67441E-1 3.66741E-1 3.66034E-1 3.65328E-1 3.64621E-1 3.63915E-1 3.63208E-1 3.62502E-1 3.61796E-1 3.6108E-1 3.60263E-1 3.59379E-1 3.58564E-1 3.57719E-1 3.56828E-1 3.55932E-1 3.55036E-1 3.54141E-1 3.53248E-1 3.52355E-1 3.51463E-1 3.50575E-1 3.49676E-1 3.49032E-1 3.48987E-1 3.49176E-1 3.49391E-1 3.4961E-1 3.49828E-1 3.50045E-1 3.5026E-1 3.50474E-1 3.50687E-1 3.509E-1 3.51139E-1 3.51452E-1 3.51878E-1 3.52355E-1 3.52832E-1 3.53304E-1 3.53776E-1 3.54245E-1 3.54713E-1 3.5518E-1 3.55645E-1 3.56112E-1 3.56634E-1 3.56854E-1 3.56167E-1 3.55054E-1 3.53967E-1 3.52888E-1
3.71421E-1 3.7097E-1 3.70517E-1 3.70064E-1 3.6961E-1 3.69152E-1 3.68748E-1 3.68324E-1 3.67733E-1 3.67099E-1 3.66463E-1 3.6583E-1 3.65195E-1 3.6456E-1 3.63925E-1 3.63291E-1 3.62655E-1 3.62E-1 3.6123E-1 3.6037E-1 3.59531E-1 3.5864E-1 3.57687E-1 3.5672E-1 3.55754E-1 3.54789E-1 3.53825E-1 3.52862E-1 3.519E-1 3.50941E-1 3.4997E-1 3.49264E-1 3.4919E-1 3.49352E-1 3.49532E-1 3.49718E-1 3.49902E-1 3.50085E-1 3.50267E-1 3.50448E-1 3.50627E-1 3.50805E-1 3.51005E-1 3.51289E-1 3.5172E-1 3.5221E-1 3.52692E-1 3.53167E-1 3.53641E-1 3.54113E-1 3.54584E-1 3.55053E-1 3.55521E-1 3.55995E-1 3.56547E-1 3.5686E-1 3.56385E-1 3.55548E-1 3.54757E-1 3.53983E-1
3.71337E-1 3.70935E-1 3.7053E-1 3.70125E-1 3.69718E-1 3.69308E-1 3.68948E-1 3.68565E-1 3.68029E-1 3.67459E-1 3.66893E-1 3.66333E-1 3.6577E-1 3.65207E-1 3.64643E-1 3.64079E-1 3.63514E-1 3.62922E-1 3.62201E-1 3.61365E-1 3.605E-1 3.59562E-1 3.58546E-1 3.57507E-1 3.5647E-1 3.55435E-1 3.544E-1 3.53367E-1 3.52335E-1 3.51304E-1 3.50256E-1 3.49487E-1 3.49385E-1 3.49525E-1 3.49672E-1 3.49824E-1 3.49974E-1 3.50124E-1 3.50272E-1 3.5042E-1 3.50566E-1 3.50707E-1 3.50865E-1 3.5112E-1 3.51558E-1 3.52064E-1 3.52551E-1 3.53029E-1 3.53506E-1 3.5398E-1 3.54453E-1 3.54925E-1 3.55395E-1 3.55878E-1 3.56459E-1 3.56866E-1 3.56603E-1 3.56042E-1 3.55544E-1 3.55075E-1
3.71252E-1 3.70899E-1 3.70542E-1 3.70185E-1 3.69825E-1 3.69464E-1 3.69147E-1 3.68807E-1 3.68325E-1 3.67818E-1 3.67323E-1 3.66835E-1 3.66345E-1 3.65853E-1 3.65362E-1 3.64868E-1 3.64374E-1 3.63848E-1 3.63183E-1 3.62373E-1 3.61481E-1 3.60487E-1 3.59404E-1 3.58295E-1 3.57186E-1 3.5608E-1 3.54975E-1 3.53871E-1 3.52769E-1 3.51665E-1 3.50538E-1 3.49704E-1 3.49575E-1 3.49694E-1 3.49811E-1 3.49929E-1 3.50047E-1 3.50163E-1 3.50278E-1 3.50391E-1 3.50504E-1 3.50609E-1 3.50726E-1 3.50951E-1 3.51396E-1 3.51917E-1 3.5241E-1 3.52891E-1 3.53369E-1 3.53846E-1 3.54322E-1 3.54797E-1 3.55269E-1 3.55757E-1 3.56363E-1 3.56863E-1 3.56811E-1 3.56531E-1 3.56329E-1 3.56164E-1
3.71166E-1 3.7086E-1 3.70553E-1 3.70243E-1 3.69932E-1 3.69619E-1 3.69343E-1 3.69045E-1 3.68617E-1 3.68175E-1 3.67753E-1 3.67338E-1 3.6692E-1 3.66501E-1 3.66081E-1 3.65659E-1 3.65235E-1 3.6478E-1 3.64181E-1 3.63401E-1 3.62477E-1 3.61419E-1 3.60262E-1 3.59081E-1 3.57902E-1 3.56724E-1 3.55548E-1 3.54374E-1 3.53201E-1 3.52025E-1 3.50821E-1 3.49923E-1 3.49766E-1 3.49863E-1 3.49949E-1 3.50034E-1 3.50117E-1 3.50199E-1 3.50281E-1 3.50361E-1 3.5044E-1 3.50511E-1 3.50591E-1 3.50788E-1 3.51239E-1 3.51772E-1 3.52268E-1 3.52751E-1 3.53232E-1 3.53712E-1 3.5419E-1 3.54667E-1 3.55143E-1 3.55632E-1 3.56255E-1 3.56843E-1 3.57003E-1 3.5701E-1 3.57112E-1 3.57252E-1
3.71078E-1 3.7082E-1 3.70561E-1 3.703E-1 3.70037E-1 3.69773E-1 3.69534E-1 3.69274E-1 3.68902E-1 3.6853E-1 3.68184E-1 3.67842E-1 3.67496E-1 3.6715E-1 3.668E-1 3.66449E-1 3.66096E-1 3.65719E-1 3.65203E-1 3.64458E-1 3.63496E-1 3.6236E-1 3.6112E-1 3.59867E-1 3.58617E-1 3.57367E-1 3.56121E-1 3.54876E-1 3.53633E-1 3.52387E-1 3.5111E-1 3.50148E-1 3.49962E-1 3.50033E-1 3.50085E-1 3.50136E-1 3.50187E-1 3.50235E-1 3.50283E-1 3.5033E-1 3.50375E-1 3.50415E-1 3.50464E-1 3.50635E-1 3.5109E-1 3.51631E-1 3.52125E-1 3.5261E-1 3.53094E-1 3.53576E-1 3.54057E-1 3.54537E-1 3.55014E-1 3.55501E-1 3.56127E-1 3.56794E-1 3.57171E-1 3.57478E-1 3.57893E-1 3.58335E-1
3.70994E-1 3.70791E-1 3.7058E-1 3.70361E-1 3.7014E-1 3.69924E-1 3.69718E-1 3.69491E-1 3.69179E-1 3.68883E-1 3.68615E-1 3.68338E-1 3.68053E-1 3.67773E-1 3.67504E-1 3.67236E-1 3.66957E-1 3.66663E-1 3.66249E-1 3.65552E-1 3.64535E-1 3.63299E-1 3.61976E-1 3.60643E-1 3.59296E-1 3.57963E-1 3.56657E-1 3.55365E-1 3.54063E-1 3.5275E-1 3.51408E-1 3.50386E-1 3.50163E-1 3.50202E-1 3.5022E-1 3.50229E-1 3.50222E-1 3.50222E-1 3.50247E-1 3.50285E-1 3.5031E-1 3.50319E-1 3.50344E-1 3.505E-1 3.50954E-1 3.51489E-1 3.51981E-1 3.52465E-1 3.5294E-1 3.53417E-1 3.53906E-1 3.54399E-1 3.54886E-1 3.55367E-1 3.55982E-1 3.56709E-1 3.57309E-1 3.57935E-1 3.58671E-1 3.59417E-1
3.71076E-1 3.70902E-1 3.707E-1 3.70491E-1 3.70291E-1 3.70097E-1 3.69898E-1 3.69691E-1 3.69438E-1 3.69183E-1 3.68902E-1 3.68615E-1 3.68334E-1 3.68084E-1 3.67883E-1 3.67737E-1 3.67639E-1 3.67547E-1 3.67304E-1 3.66687E-1 3.65583E-1 3.64141E-1 3.62546E-1 3.60963E-1 3.59429E-1 3.57979E-1 3.56629E-1 3.55371E-1 3.54182E-1 3.53006E-1 3.51714E-1 3.50641E-1 3.5037E-1 3.50284E-1 3.50057E-1 3.4984E-1 3.49686E-1 3.4962E-1 3.49653E-1 3.49769E-1 3.49938E-1 3.50111E-1 3.50227E-1 3.50387E-1 3.50829E-1 3.51297E-1 3.51659E-1 3.52039E-1 3.52474E-1 3.52968E-1 3.5351E-1 3.54078E-1 3.54648E-1 3.55199E-1 3.55827E-1 3.5658E-1 3.57422E-1 3.58401E-1 3.59448E-1 3.6049E-1
3.7147E-1 3.71245E-1 3.70981E-1 3.70711E-1 3.70468E-1 3.70273E-1 3.70124E-1 3.69887E-1 3.69488E-1 3.69178E-1 3.68824E-1 3.68471E-1 3.68144E-1 3.6787E-1 3.67677E-1 3.67591E-1 3.67634E-1 3.67802E-1 3.68023E-1 3.67696E-1 3.66155E-1 3.64174E-1 3.62201E-1 3.60334E-1 3.58605E-1 3.57023E-1 3.556E-1 3.54345E-1 3.53266E-1 3.52337E-1 3.51486E-1 3.50722E-1 3.5009E-1 3.49444E-1 3.48854E-1 3.4841E-1 3.48139E-1 3.48034E-1 3.48085E-1 3.48286E-1 3.48625E-1 3.49071E-1 3.49603E-1 3.50107E-1 3.50381E-1 3.5047E-1 3.50655E-1 3.50986E-1 3.51459E-1 3.52043E-1 3.52705E-1 3.53411E-1 3.5413E-1 3.54827E-1 3.55564E-1 3.56435E-1 3.57542E-1 3.58848E-1 3.6019E-1 3.61538E-1
3.73049E-1 3.72661E-1 3.72232E-1 3.71798E-1 3.71393E-1 3.71042E-1 3.70703E-1 3.70305E-1 3.69856E-1 3.69465E-1 3.69043E-1 3.68623E-1 3.68231E-1 3.67892E-1 3.67636E-1 3.67489E-1 3.67477E-1 3.67607E-1 3.67754E-1 3.67333E-1 3.65792E-1 3.63753E-1 3.61702E-1 3.59771E-1 3.57982E-1 3.56345E-1 3.54871E-1 3.53568E-1 3.52446E-1 3.51493E-1 3.50583E-1 3.49716E-1 3.49096E-1 3.48442E-1 3.4779E-1 3.47304E-1 3.46998E-1 3.46861E-1 3.46883E-1 3.47057E-1 3.47374E-1 3.47811E-1 3.48309E-1 3.48754E-1 3.49098E-1 3.49299E-1 3.49541E-1 3.49943E-1 3.50491E-1 3.51154E-1 3.51895E-1 3.52681E-1 3.53479E-1 3.54253E-1 3.55064E-1 3.56021E-1 3.57312E-1 3.58861E-1 3.60414E-1 3.61974E-1
3.75744E-1 3.75067E-1 3.74363E-1 3.73653E-1 3.72951E-1 3.7227E-1 3.71579E-1 3.70924E-1 3.70387E-1 3.69926E-1 3.69465E-1 3.68984E-1 3.68512E-1 3.68074E-1 3.67691E-1 3.67371E-1 3.67096E-1 3.66837E-1 3.66476E-1 3.65726E-1 3.6443E-1 3.62776E-1 3.61019E-1 3.59265E-1 3.5756E-1 3.55949E-1 3.54449E-1 3.53055E-1 3.51726E-1 3.50411E-1 3.49034E-1 3.47875E-1 3.4746E-1 3.47222E-1 3.46898E-1 3.46587E-1 3.46331E-1 3.46176E-1 3.46128E-1 3.46174E-1 3.4627E-1 3.46364E-1 3.46446E-1 3.46629E-1 3.47175E-1 3.47821E-1 3.48407E-1 3.49023E-1 3.49687E-1 3.50415E-1 3.51197E-1 3.52005E-1 3.52812E-1 3.5359E-1 3.54446E-1 3.55509E-1 3.56886E-1 3.58504E-1 3.60167E-1 3.61831E-1
3.78876E-1 3.77812E-1 3.7674E-1 3.75666E-1 3.74592E-1 3.73527E-1 3.72485E-1 3.71546E-1 3.7076E-1 3.70117E-1 3.6954E-1 3.68951E-1 3.68359E-1 3.67776E-1 3.67207E-1 3.6665E-1 3.66089E-1 3.65501E-1 3.64821E-1 3.63886E-1 3.62613E-1 3.61122E-1 3.59548E-1 3.57951E-1 3.56351E-1 3.54778E-1 3.53239E-1 3.5173E-1 3.5022E-1 3.48685E-1 3.47148E-1 3.45959E-1 3.45541E-1 3.45402E-1 3.4527E-1 3.45115E-1 3.4495E-1 3.44808E-1 3.44698E-1 3.44611E-1 3.44521E-1 3.44402E-1 3.44326E-1 3.44498E-1 3.45136E-1 3.45983E-1 3.46844E-1 3.47693E-1 3.48537E-1 3.49394E-1 3.50266E-1 3.51143E-1 3.52014E-1 3.52875E-1 3.53839E-1 3.55033E-1 3.56495E-1 3.58145E-1 3.59863E-1 3.61587E-1
3.82188E-1 3.80706E-1 3.79227E-1 3.77749E-1 3.76274E-1 3.74818E-1 3.73423E-1 3.72178E-1 3.71123E-1 3.70233E-1 3.69453E-1 3.6869E-1 3.67924E-1 3.67157E-1 3.66388E-1 3.65617E-1 3.64845E-1 3.64052E-1 3.63166E-1 3.62085E-1 3.60777E-1 3.59299E-1 3.57732E-1 3.56158E-1 3.54587E-1 3.5302E-1 3.51455E-1 3.49895E-1 3.48337E-1 3.46782E-1 3.45256E-1 3.44079E-1 3.43615E-1 3.4343E-1 3.4328E-1 3.4314E-1 3.42999E-1 3.42856E-1 3.42711E-1 3.42566E-1 3.42419E-1 3.42273E-1 3.42203E-1 3.42419E-1 3.43121E-1 3.44066E-1 3.45064E-1 3.46077E-1 3.47088E-1 3.48097E-1 3.49103E-1 3.50108E-1 3.51111E-1 3.52112E-1 3.53202E-1 3.545E-1 3.56067E-1 3.57795E-1 3.59567E-1 3.61352E-1
3.85531E-1 3.83634E-1 3.8174E-1 3.7985E-1 3.77962E-1 3.76114E-1 3.74366E-1 3.72803E-1 3.71484E-1 3.70353E-1 3.69357E-1 3.68399E-1 3.67439E-1 3.66479E-1 3.65517E-1 3.64555E-1 3.63592E-1 3.62603E-1 3.61527E-1 3.60318E-1 3.58958E-1 3.57473E-1 3.55903E-1 3.54319E-1 3.52738E-1 3.51159E-1 3.49584E-1 3.48012E-1 3.46444E-1 3.44885E-1 3.43382E-1 3.4222E-1 3.41707E-1 3.41467E-1 3.41284E-1 3.41126E-1 3.40967E-1 3.40805E-1 3.40642E-1 3.40477E-1 3.4031E-1 3.40155E-1 3.40105E-1 3.40373E-1 3.41133E-1 3.42164E-1 3.43285E-1 3.44443E-1 3.456E-1 3.46754E-1 3.47905E-1 3.49055E-1 3.50203E-1 3.51345E-1 3.52542E-1 3.53922E-1 3.55602E-1 3.57434E-1 3.59271E-1 3.61118E-1
3.88885E-1 3.86569E-1 3.84258E-1 3.81954E-1 3.79655E-1 3.7741E-1 3.75298E-1 3.73412E-1 3.71832E-1 3.70466E-1 3.69258E-1 3.68105E-1 3.66951E-1 3.65797E-1 3.64643E-1 3.63489E-1 3.62335E-1 3.61155E-1 3.59907E-1 3.58577E-1 3.57157E-1 3.5565E-1 3.54073E-1 3.52478E-1 3.50886E-1 3.49298E-1 3.47713E-1 3.46131E-1 3.44552E-1 3.42992E-1 3.41514E-1 3.40367E-1 3.39804E-1 3.39507E-1 3.39292E-1 3.39116E-1 3.38938E-1 3.38758E-1 3.38576E-1 3.38393E-1 3.38208E-1 3.38045E-1 3.38019E-1 3.38337E-1 3.39156E-1 3.40268E-1 3.41509E-1 3.42812E-1 3.44113E-1 3.45413E-1 3.4671E-1 3.48004E-1 3.49297E-1 3.50575E-1 3.51867E-1 3.53321E-1 3.55117E-1 3.57062E-1 3.58976E-1 3.60884E-1
3.92249E-1 3.89513E-1 3.86785E-1 3.84063E-1 3.8135E-1 3.78699E-1 3.76208E-1 3.73993E-1 3.72154E-1 3.70565E-1 3.69156E-1 3.67807E-1 3.66458E-1 3.6511E-1 3.63764E-1 3.62419E-1 3.61074E-1 3.59709E-1 3.58298E-1 3.56849E-1 3.55368E-1 3.5383E-1 3.52239E-1 3.50635E-1 3.49034E-1 3.47437E-1 3.45842E-1 3.4425E-1 3.42662E-1 3.41098E-1 3.39641E-1 3.38507E-1 3.37896E-1 3.37546E-1 3.37304E-1 3.37109E-1 3.36913E-1 3.36715E-1 3.36515E-1 3.36313E-1 3.36109E-1 3.35936E-1 3.35928E-1 3.36291E-1 3.3717E-1 3.3837E-1 3.39738E-1 3.41186E-1 3.4263E-1 3.44073E-1 3.45516E-1 3.46954E-1 3.48391E-1 3.49806E-1 3.51192E-1 3.52719E-1 3.5463E-1 3.56689E-1 3.5868E-1 3.60649E-1
3.95623E-1 3.92464E-1 3.89316E-1 3.86177E-1 3.83047E-1 3.79979E-1 3.77086E-1 3.74536E-1 3.72444E-1 3.70648E-1 3.6905E-1 3.67505E-1 3.65962E-1 3.64421E-1 3.62882E-1 3.61344E-1 3.59809E-1 3.58262E-1 3.56692E-1 3.55126E-1 3.53582E-1 3.5201E-1 3.50404E-1 3.48791E-1 3.47182E-1 3.45575E-1 3.43971E-1 3.42369E-1 3.40772E-1 3.39201E-1 3.37752E-1 3.36627E-1 3.3597E-1 3.35578E-1 3.35318E-1 3.35106E-1 3.34892E-1 3.34677E-1 3.34459E-1 3.34239E-1 3.34017E-1 3.33825E-1 3.33815E-1 3.34215E-1 3.35156E-1 3.36461E-1 3.37971E-1 3.39562E-1 3.41151E-1 3.42738E-1 3.44323E-1 3.45906E-1 3.47486E-1 3.49042E-1 3.50533E-1 3.52136E-1 3.54158E-1 3.56322E-1 3.58383E-1 3.60415E-1
3.99005E-1 3.95424E-1 3.91854E-1 3.88294E-1 3.84748E-1 3.8125E-1 3.77925E-1 3.75026E-1 3.72692E-1 3.70714E-1 3.68941E-1 3.672E-1 3.65462E-1 3.63727E-1 3.61995E-1 3.60265E-1 3.5854E-1 3.5681E-1 3.55082E-1 3.53398E-1 3.51791E-1 3.50187E-1 3.48567E-1 3.46946E-1 3.45327E-1 3.43712E-1 3.421E-1 3.4049E-1 3.38884E-1 3.37297E-1 3.35838E-1 3.3471E-1 3.34012E-1 3.33597E-1 3.33337E-1 3.33107E-1 3.32876E-1 3.32642E-1 3.32407E-1 3.32169E-1 3.31929E-1 3.31709E-1 3.31668E-1 3.32087E-1 3.33097E-1 3.34533E-1 3.36208E-1 3.37942E-1 3.39674E-1 3.41405E-1 3.43133E-1 3.44859E-1 3.46583E-1 3.48287E-1 3.49903E-1 3.51591E-1 3.53719E-1 3.5597E-1 3.58086E-1 3.6018E-1
4.02429E-1 3.98442E-1 3.94435E-1 3.90428E-1 3.86451E-1 3.82512E-1 3.78725E-1 3.75451E-1 3.729E-1 3.70778E-1 3.68829E-1 3.66901E-1 3.64996E-1 3.63086E-1 3.61145E-1 3.59195E-1 3.57267E-1 3.55352E-1 3.5346E-1 3.51655E-1 3.49987E-1 3.48358E-1 3.46728E-1 3.45105E-1 3.43499E-1 3.41893E-1 3.40265E-1 3.38624E-1 3.36998E-1 3.35391E-1 3.33899E-1 3.32742E-1 3.32018E-1 3.31613E-1 3.31358E-1 3.31114E-1 3.30876E-1 3.30636E-1 3.30381E-1 3.30113E-1 3.29847E-1 3.29593E-1 3.29491E-1 3.29887E-1 3.30983E-1 3.32595E-1 3.3445E-1 3.36323E-1 3.38193E-1 3.40065E-1 3.41939E-1 3.43813E-1 3.45681E-1 3.4754E-1 3.49308E-1 3.51109E-1 3.53325E-1 3.55627E-1 3.57789E-1 3.59942E-1
4.06592E-1 4.0227E-1 3.97823E-1 3.93254E-1 3.88592E-1 3.83929E-1 3.79515E-1 3.75804E-1 3.7308E-1 3.70969E-1 3.6914E-1 3.67313E-1 3.65392E-1 3.6334E-1 3.6114E-1 3.58816E-1 3.5642E-1 3.54031E-1 3.51824E-1 3.49888E-1 3.48166E-1 3.46598E-1 3.45191E-1 3.438E-1 3.42336E-1 3.40774E-1 3.39095E-1 3.37317E-1 3.35476E-1 3.33624E-1 3.31951E-1 3.30713E-1 3.29992E-1 3.29678E-1 3.29555E-1 3.29441E-1 3.29263E-1 3.29013E-1 3.28697E-1 3.28335E-1 3.27953E-1 3.27566E-1 3.27307E-1 3.27601E-1 3.28819E-1 3.30662E-1 3.3266E-1 3.34653E-1 3.36624E-1 3.38589E-1 3.40575E-1 3.42598E-1 3.44663E-1 3.4675E-1 3.48734E-1 3.50705E-1 3.52974E-1 3.55238E-1 3.57371E-1 3.59555E-1
4.1211E-1 4.07515E-1 4.02705E-1 3.97649E-1 3.9232E-1 3.86752E-1 3.81074E-1 3.76386E-1 3.73985E-1 3.72575E-1 3.71102E-1 3.69411E-1 3.67446E-1 3.6521E-1 3.62722E-1 3.59998E-1 3.57058E-1 3.53964E-1 3.50879E-1 3.48289E-1 3.46799E-1 3.45896E-1 3.44929E-1 3.43797E-1 3.42448E-1 3.40888E-1 3.39133E-1 3.37195E-1 3.35093E-1 3.32866E-1 3.30641E-1 3.28853E-1 3.28241E-1 3.2846E-1 3.28587E-1 3.28561E-1 3.28363E-1 3.28023E-1 3.27576E-1 3.27057E-1 3.26498E-1 3.25931E-1 3.25431E-1 3.25398E-1 3.26615E-1 3.28771E-1 3.30863E-1 3.32883E-1 3.3486E-1 3.36833E-1 3.38844E-1 3.40932E-1 3.43135E-1 3.45469E-1 3.47881E-1 3.5022E-1 3.52349E-1 3.54369E-1 3.56511E-1 3.58824E-1
4.20083E-1 4.15254E-1 4.10203E-1 4.04893E-1 3.99287E-1 3.93378E-1 3.8738E-1 3.8242E-1 3.79678E-1 3.78013E-1 3.76323E-1 3.74345E-1 3.72066E-1 3.69506E-1 3.66684E-1 3.63615E-1 3.60312E-1 3.56813E-1 3.53346E-1 3.50512E-1 3.48829E-1 3.47815E-1 3.46807E-1 3.45573E-1 3.44101E-1 3.42409E-1 3.40514E-1 3.3843E-1 3.36172E-1 3.33763E-1 3.31362E-1 3.29489E-1 3.28743E-1 3.28783E-1 3.28818E-1 3.28659E-1 3.28318E-1 3.27829E-1 3.27231E-1 3.2656E-1 3.25852E-1 3.25141E-1 3.24492E-1 3.24382E-1 3.25558E-1 3.2762E-1 3.29677E-1 3.31664E-1 3.33609E-1 3.35554E-1 3.37538E-1 3.39604E-1 3.41795E-1 3.44143E-1 3.4656E-1 3.48963E-1 3.51376E-1 3.53756E-1 3.56286E-1 3.59026E-1
4.30532E-1 4.25514E-1 4.20345E-1 4.15014E-1 4.09568E-1 4.04087E-1 3.98758E-1 3.94151E-1 3.90586E-1 3.87642E-1 3.84915E-1 3.82166E-1 3.79316E-1 3.76293E-1 3.73089E-1 3.69729E-1 3.66284E-1 3.62843E-1 3.59585E-1 3.56808E-1 3.54571E-1 3.52669E-1 3.50932E-1 3.49175E-1 3.47346E-1 3.45383E-1 3.4328E-1 3.41057E-1 3.38761E-1 3.36467E-1 3.34329E-1 3.32626E-1 3.31505E-1 3.3083E-1 3.30308E-1 3.29753E-1 3.29143E-1 3.28448E-1 3.27678E-1 3.2686E-1 3.26027E-1 3.25219E-1 3.24538E-1 3.2443E-1 3.25438E-1 3.27206E-1 3.29118E-1 3.31001E-1 3.32874E-1 3.34749E-1 3.36654E-1 3.3861E-1 3.40618E-1 3.42667E-1 3.4466E-1 3.46869E-1 3.49901E-1 3.53312E-1 3.56736E-1 3.60231E-1
