Spatial_Analysis/SuitabilityMaps/Maxent_Outputs_ASCII/coral_present.asc
ncols         638
nrows         314
xllcorner     -102.97071042
yllcorner     3.973116569
cellsize      0.083
NODATA_value  -9999
[rows 0 to 26 of 314, columns 180 to 239 of 638]
2.08739E-3 2.62843E-3 3.28944E-3 3.72612E-3 4.40784E-3 5.42661E-3 6.38799E-3 7.37264E-3 8.81147E-3 1.08554E-2 1.32864E-2 1.56591E-2 1.81579E-2 2.08088E-2 2.33716E-2 2.50013E-2 2.58454E-2 2.76798E-2 2.53328E-2 2.5297E-2 2.62464E-2 2.64932E-2 2.37001E-2 2.65922E-2 2.57375E-2 2.1812E-2 2.14082E-2 2.00147E-2 1.84207E-2 1.66398E-2 1.66739E-2 1.81425E-2 -9999 -9999 -9999 -9999 -9999 -9999 -9999 -9999 -9999 -9999 2.65696E-2 2.79613E-2 2.86252E-2 2.66333E-2 2.55438E-2 2.37832E-2 2.35421E-2 2.35562E-2 2.3241E-2 2.34583E-2 -9999 -9999 -9999 -9999 -9999 -9999 -9999 -9999
2.93907E-3 3.31763E-3 4.08989E-3 4.68309E-3 5.272E-3 6.55575E-3 7.72962E-3 8.92499E-3 1.10925E-2 1.32173E-2 1.56915E-2 1.88361E-2 2.12633E-2 2.42188E-2 2.71472E-2 2.84329E-2 2.99625E-2 3.12523E-2 2.87015E-2 2.86353E-2 2.86215E-2 2.87834E-2 2.6886E-2 2.86472E-2 2.75349E-2 2.34883E-2 2.2053E-2 2.07977E-2 1.89351E-2 1.74723E-2 1.80594E-2 1.87384E-2 -9999 -9999 -9999 -9999 -9999 -9999 -9999 -9999 -9999 2.73534E-2 2.66018E-2 2.67096E-2 2.68002E-2 2.68962E-2 2.58831E-2 2.43779E-2 2.37525E-2 2.38986E-2 2.35381E-2 2.36281E-2 2.3696E-2 -9999 -9999 -9999 -9999 -9999 -9999 -9999
4.23832E-3 4.7207E-3 5.48434E-3 6.23253E-3 7.04102E-3 8.32955E-3 9.82474E-3 1.15737E-2 1.38851E-2 1.63528E-2 1.92891E-2 2.24166E-2 2.50787E-2 2.82419E-2 3.09914E-2 3.24247E-2 3.42982E-2 3.53781E-2 3.41471E-2 3.29343E-2 3.24104E-2 3.12154E-2 3.02823E-2 3.14468E-2 2.95146E-2 2.56495E-2 2.43603E-2 2.25097E-2 2.03865E-2 1.92745E-2 1.85164E-2 1.94576E-2 1.9748E-2 -9999 -9999 -9999 -9999 -9999 2.3652E-2 2.43918E-2 2.57043E-2 2.73862E-2 2.68976E-2 2.70861E-2 2.72792E-2 2.64892E-2 2.55958E-2 2.47928E-2 2.43508E-2 2.44031E-2 2.44241E-2 2.40387E-2 2.40104E-2 2.44868E-2 -9999 -9999 -9999 -9999 -9999 -9999
6.23677E-3 6.87054E-3 7.77972E-3 8.80854E-3 9.82928E-3 1.12949E-2 1.33053E-2 1.5463E-2 1.79764E-2 2.11579E-2 2.44028E-2 2.75925E-2 3.08694E-2 3.39579E-2 3.67735E-2 3.8536E-2 3.99662E-2 4.1358E-2 4.06842E-2 4.01863E-2 4.02911E-2 3.83557E-2 3.69765E-2 3.70639E-2 3.44255E-2 3.10518E-2 2.98441E-2 2.66786E-2 2.39343E-2 2.23032E-2 2.11169E-2 2.17564E-2 2.19682E-2 2.26919E-2 2.37842E-2 2.42137E-2 2.46086E-2 2.28775E-2 2.41911E-2 2.4742E-2 2.60811E-2 2.73601E-2 2.72207E-2 2.70336E-2 2.71604E-2 2.6126E-2 2.57118E-2 2.57068E-2 2.56274E-2 2.54862E-2 2.53933E-2 2.53108E-2 2.51961E-2 2.50902E-2 2.56324E-2 2.58736E-2 -9999 -9999 -9999 -9999
8.70023E-3 9.24396E-3 1.06878E-2 1.19975E-2 1.2927E-2 1.51005E-2 1.73801E-2 1.95755E-2 2.30184E-2 2.63049E-2 2.96277E-2 3.37174E-2 3.68525E-2 3.99306E-2 4.31544E-2 4.46813E-2 4.60232E-2 4.73366E-2 4.68816E-2 4.65087E-2 4.62517E-2 4.43306E-2 4.29446E-2 4.20208E-2 3.96466E-2 3.67249E-2 3.37828E-2 3.18975E-2 2.82577E-2 2.5394E-2 2.404E-2 2.33939E-2 2.24879E-2 2.35169E-2 2.38909E-2 2.42688E-2 2.54501E-2 2.56714E-2 2.44864E-2 2.54317E-2 2.61298E-2 2.67308E-2 2.70095E-2 2.68976E-2 2.71469E-2 2.71314E-2 2.69701E-2 2.68534E-2 2.68356E-2 2.64811E-2 2.62677E-2 2.63748E-2 2.62764E-2 2.59334E-2 2.58767E-2 2.5729E-2 -9999 -9999 -9999 -9999
1.16524E-2 1.26198E-2 1.40793E-2 1.54818E-2 1.69292E-2 1.91131E-2 2.14755E-2 2.41715E-2 2.76596E-2 3.10531E-2 3.48459E-2 3.88721E-2 4.19536E-2 4.52515E-2 4.81006E-2 4.93677E-2 5.07446E-2 5.1748E-2 5.11171E-2 5.06888E-2 5.02539E-2 4.82291E-2 4.64904E-2 4.54805E-2 4.31145E-2 4.06021E-2 3.8749E-2 3.6468E-2 3.26161E-2 2.91334E-2 2.64754E-2 2.46622E-2 2.34926E-2 2.36131E-2 2.35454E-2 2.53704E-2 2.5686E-2 2.45893E-2 2.48953E-2 2.61008E-2 2.65181E-2 2.73192E-2 2.78726E-2 2.8098E-2 2.84215E-2 2.84328E-2 2.8232E-2 2.81889E-2 2.79541E-2 2.74824E-2 2.72632E-2 2.7186E-2 2.69313E-2 2.67519E-2 2.67655E-2 2.64116E-2 2.66519E-2 -9999 -9999 -9999
1.58873E-2 1.71776E-2 1.86926E-2 2.04346E-2 2.2214E-2 2.44072E-2 2.72252E-2 3.01872E-2 3.36243E-2 3.75979E-2 4.14008E-2 4.52068E-2 4.86929E-2 5.16715E-2 5.43935E-2 5.58205E-2 5.68947E-2 5.81783E-2 5.74322E-2 5.6514E-2 5.68648E-2 5.47067E-2 5.24222E-2 5.23379E-2 4.96705E-2 4.76268E-2 4.73497E-2 4.39388E-2 3.97917E-2 3.54537E-2 3.15592E-2 2.92182E-2 2.80561E-2 2.65795E-2 2.59158E-2 2.64532E-2 2.63576E-2 2.66133E-2 2.80565E-2 2.89717E-2 2.97315E-2 3.07313E-2 3.10189E-2 3.12847E-2 3.15766E-2 3.1242E-2 3.0938E-2 3.08152E-2 3.01787E-2 2.9474E-2 2.9107E-2 2.87096E-2 2.83577E-2 2.81267E-2 2.80054E-2 2.81856E-2 2.81427E-2 2.92304E-2 -9999 -9999
2.06453E-2 2.19326E-2 2.42769E-2 2.62783E-2 2.79536E-2 3.09585E-2 3.38219E-2 3.66564E-2 4.0853E-2 4.45221E-2 4.79687E-2 5.23223E-2 5.54534E-2 5.79834E-2 6.09917E-2 6.24405E-2 6.33577E-2 6.45324E-2 6.41322E-2 6.35917E-2 6.34802E-2 6.16886E-2 6.01208E-2 5.93785E-2 5.69117E-2 5.47948E-2 5.3683E-2 5.08898E-2 4.66697E-2 4.13493E-2 3.75383E-2 3.49967E-2 3.30458E-2 3.12712E-2 3.03262E-2 3.01709E-2 2.98977E-2 3.03009E-2 3.15554E-2 3.23086E-2 3.28988E-2 3.38039E-2 3.43468E-2 3.43184E-2 3.43287E-2 3.40856E-2 3.35185E-2 3.29749E-2 3.23033E-2 3.14967E-2 3.08056E-2 3.02452E-2 2.9892E-2 2.94784E-2 2.90614E-2 2.93382E-2 2.91005E-2 2.93148E-2 2.93465E-2 -9999
2.57883E-2 2.79215E-2 3.03144E-2 3.22222E-2 3.47139E-2 3.765E-2 4.02355E-2 4.37859E-2 4.77708E-2 5.09636E-2 5.47125E-2 5.88196E-2 6.15925E-2 6.44386E-2 6.7103E-2 6.82026E-2 6.94136E-2 7.02039E-2 6.95423E-2 6.94342E-2 6.88732E-2 6.68075E-2 6.52478E-2 6.41929E-2 6.18946E-2 6.0124E-2 5.88112E-2 5.57764E-2 5.22104E-2 5.00005E-2 4.32446E-2 4.03602E-2 3.85079E-2 3.6443E-2 3.46783E-2 3.43035E-2 3.40964E-2 3.40995E-2 3.48573E-2 3.5548E-2 3.59371E-2 3.66114E-2 3.69123E-2 3.66294E-2 3.66083E-2 3.6177E-2 3.53331E-2 3.48089E-2 3.39639E-2 3.29677E-2 3.23045E-2 3.15662E-2 3.0944E-2 3.04023E-2 2.98297E-2 3.00881E-2 3.09059E-2 2.91427E-2 3.10204E-2 3.2035E-2
3.32214E-2 3.58274E-2 3.82541E-2 4.05289E-2 4.31982E-2 4.60305E-2 4.88691E-2 5.23355E-2 5.6031E-2 5.93755E-2 6.29243E-2 6.66938E-2 6.94949E-2 7.20257E-2 7.45781E-2 7.56477E-2 7.66465E-2 7.76986E-2 7.6805E-2 7.63353E-2 7.64787E-2 7.42412E-2 7.23231E-2 7.2365E-2 6.99361E-2 6.79952E-2 6.7945E-2 6.4533E-2 6.0284E-2 5.99785E-2 5.26837E-2 4.98559E-2 4.7955E-2 4.61657E-2 4.28341E-2 4.17927E-2 4.14504E-2 4.07311E-2 4.13567E-2 4.16984E-2 4.16508E-2 4.2007E-2 4.16052E-2 4.08713E-2 4.0725E-2 3.98922E-2 3.87416E-2 3.82529E-2 3.67343E-2 3.53888E-2 3.47347E-2 3.33023E-2 3.20032E-2 3.08531E-2 3.02175E-2 3.09645E-2 3.05011E-2 3.00916E-2 3.20749E-2 3.37966E-2
4.20067E-2 4.43658E-2 4.79123E-2 5.05689E-2 5.26809E-2 5.62181E-2 5.90043E-2 6.14157E-2 6.54904E-2 6.86302E-2 7.11241E-2 7.50317E-2 7.76777E-2 7.93147E-2 8.19903E-2 8.33464E-2 8.37364E-2 8.47567E-2 8.44914E-2 8.38155E-2 8.37301E-2 8.22803E-2 8.1133E-2 8.07517E-2 7.86636E-2 7.72226E-2 7.64305E-2 7.35942E-2 6.92164E-2 6.88562E-2 6.34859E-2 5.94414E-2 5.90298E-2 5.77968E-2 5.39401E-2 5.02718E-2 4.9015E-2 4.78725E-2 4.78043E-2 4.76401E-2 4.71877E-2 4.69709E-2 4.62082E-2 4.5279E-2 4.45417E-2 4.34688E-2 4.19674E-2 4.07214E-2 3.76735E-2 3.60872E-2 3.5107E-2 3.41241E-2 3.27637E-2 3.05497E-2 3.01663E-2 3.07437E-2 3.042E-2 3.0271E-2 3.22771E-2 3.34561E-2
5.17704E-2 5.51229E-2 5.86926E-2 6.11351E-2 6.38913E-2 6.69562E-2 6.92309E-2 7.20672E-2 7.5259E-2 7.76207E-2 8.03806E-2 8.35131E-2 8.54883E-2 8.73998E-2 8.9516E-2 9.03686E-2 9.08446E-2 9.14829E-2 9.10587E-2 9.03639E-2 8.98058E-2 8.84209E-2 8.77091E-2 8.66326E-2 8.43882E-2 8.30357E-2 8.15599E-2 7.87757E-2 7.32411E-2 7.16589E-2 7.11045E-2 6.808E-2 6.74416E-2 6.14581E-2 5.85653E-2 5.5481E-2 5.36995E-2 5.21878E-2 5.19375E-2 5.11519E-2 5.02338E-2 5.00156E-2 4.89415E-2 4.77094E-2 4.70822E-2 4.5701E-2 4.3671E-2 4.23784E-2 3.80257E-2 3.6301E-2 3.68761E-2 3.59317E-2 3.40535E-2 3.33072E-2 3.17797E-2 3.08026E-2 3.03086E-2 3.01093E-2 3.13658E-2 3.15689E-2
6.43811E-2 6.788E-2 7.14233E-2 7.41698E-2 7.65686E-2 7.93189E-2 8.1544E-2 8.38303E-2 8.65283E-2 8.85571E-2 9.08578E-2 9.36346E-2 9.52231E-2 9.67406E-2 9.87508E-2 9.92671E-2 9.94098E-2 1.00276E-1 9.95983E-2 9.84444E-2 9.83779E-2 9.68364E-2 9.55162E-2 9.52087E-2 9.29474E-2 9.11894E-2 9.08764E-2 8.78743E-2 8.30898E-2 8.23199E-2 8.07134E-2 7.77955E-2 7.72804E-2 7.14788E-2 6.52845E-2 6.35371E-2 6.14589E-2 5.93494E-2 5.92921E-2 5.75961E-2 5.56292E-2 5.53954E-2 5.3939E-2 5.18759E-2 5.14031E-2 4.98217E-2 4.76105E-2 4.68424E-2 4.41315E-2 4.20485E-2 4.15426E-2 3.78915E-2 3.60352E-2 3.52688E-2 3.43329E-2 3.31871E-2 3.22142E-2 3.17939E-2 3.21065E-2 3.15782E-2
7.8398E-2 8.07946E-2 8.54624E-2 8.86408E-2 8.97093E-2 9.29641E-2 9.52715E-2 9.58261E-2 9.86289E-2 1.00661E-1 1.01248E-1 1.0385E-1 1.05537E-1 1.0576E-1 1.07605E-1 1.08486E-1 1.07862E-1 1.0855E-1 1.08452E-1 1.07077E-1 1.06809E-1 1.05896E-1 1.04324E-1 1.03809E-1 1.02412E-1 1.01165E-1 1.00296E-1 9.76185E-2 8.93067E-2 8.76911E-2 8.39875E-2 8.1461E-2 7.95284E-2 7.76716E-2 7.79537E-2 7.16646E-2 6.94351E-2 6.70996E-2 6.58731E-2 6.39925E-2 6.1734E-2 6.04446E-2 5.88795E-2 5.67742E-2 5.54406E-2 5.38187E-2 5.19512E-2 5.06068E-2 4.86017E-2 4.65993E-2 4.46955E-2 3.9817E-2 3.82976E-2 3.72638E-2 3.64997E-2 3.57398E-2 3.46678E-2 3.41281E-2 3.42492E-2 3.38122E-2
9.30996E-2 9.65771E-2 1.00721E-1 1.03309E-1 1.05113E-1 1.07501E-1 1.09043E-1 1.09912E-1 1.11407E-1 1.12533E-1 1.1327E-1 1.14548E-1 1.1537E-1 1.15787E-1 1.16595E-1 1.16774E-1 1.16651E-1 1.16705E-1 1.15997E-1 1.15296E-1 1.1471E-1 1.13318E-1 1.11984E-1 1.11039E-1 1.09448E-1 1.08036E-1 1.0625E-1 1.03677E-1 9.54574E-2 9.33681E-2 8.84156E-2 8.53227E-2 8.34691E-2 8.17559E-2 8.30567E-2 7.66126E-2 7.35474E-2 7.09576E-2 6.96595E-2 6.7278E-2 6.47354E-2 6.35327E-2 6.15453E-2 5.91898E-2 5.79732E-2 5.60304E-2 5.39898E-2 5.28052E-2 5.04953E-2 4.82134E-2 4.64158E-2 4.15216E-2 4.00283E-2 3.91761E-2 3.83781E-2 3.76137E-2 3.68901E-2 3.63624E-2 3.62796E-2 3.58072E-2
1.09702E-1 1.13023E-1 1.16907E-1 1.19569E-1 1.2107E-1 1.23158E-1 1.24456E-1 1.24796E-1 1.25806E-1 1.26349E-1 1.26579E-1 1.27524E-1 1.27698E-1 1.27777E-1 1.2837E-1 1.27885E-1 1.27567E-1 1.27766E-1 1.26592E-1 1.25895E-1 1.25731E-1 1.23856E-1 1.22317E-1 1.21917E-1 1.19551E-1 1.17037E-1 1.13971E-1 1.11338E-1 1.08125E-1 1.06715E-1 9.71472E-2 9.32488E-2 9.24263E-2 8.95158E-2 8.63495E-2 8.54535E-2 8.16298E-2 7.84328E-2 7.7695E-2 7.40313E-2 7.04288E-2 6.96784E-2 6.70935E-2 6.39887E-2 6.30102E-2 5.95322E-2 5.61056E-2 5.56382E-2 5.27539E-2 4.80162E-2 4.63809E-2 4.4856E-2 4.3034E-2 4.2403E-2 4.16756E-2 4.06833E-2 3.99717E-2 3.96068E-2 3.91769E-2 3.81257E-2
1.26485E-1 1.279E-1 1.32646E-1 1.35937E-1 1.35834E-1 1.38439E-1 1.40266E-1 1.39097E-1 1.40257E-1 1.41062E-1 1.3956E-1 1.3991E-1 1.40853E-1 1.39492E-1 1.39865E-1 1.39917E-1 1.38405E-1 1.38434E-1 1.38172E-1 1.36636E-1 1.36277E-1 1.34649E-1 1.3317E-1 1.31607E-1 1.2877E-1 1.25558E-1 1.16973E-1 1.14489E-1 1.11437E-1 1.09974E-1 1.06739E-1 1.03696E-1 1.0196E-1 9.88696E-2 9.57901E-2 9.3758E-2 9.02224E-2 8.69463E-2 8.47528E-2 8.10662E-2 7.73968E-2 7.53372E-2 7.2833E-2 6.87195E-2 6.55831E-2 5.95249E-2 5.64919E-2 5.51191E-2 5.33232E-2 5.09031E-2 4.93393E-2 4.81985E-2 4.64323E-2 4.5295E-2 4.47872E-2 4.36532E-2 4.26519E-2 4.26029E-2 4.19506E-2 4.07565E-2
1.42635E-1 1.45006E-1 1.48695E-1 1.51255E-1 1.52166E-1 1.53983E-1 1.55079E-1 1.54716E-1 1.54936E-1 1.54941E-1 1.52487E-1 1.49404E-1 1.51417E-1 1.51413E-1 1.50972E-1 1.5039E-1 1.49648E-1 1.49144E-1 1.48408E-1 1.47314E-1 1.44288E-1 1.39255E-1 1.38002E-1 1.39714E-1 1.35422E-1 1.30375E-1 1.24043E-1 1.21284E-1 1.18895E-1 1.16722E-1 1.13518E-1 1.10654E-1 1.08221E-1 1.04784E-1 1.01611E-1 9.9074E-2 9.51332E-2 9.16907E-2 8.91627E-2 8.50502E-2 8.11545E-2 7.86913E-2 7.56512E-2 6.88092E-2 6.52842E-2 6.12842E-2 5.87902E-2 5.7408E-2 5.53829E-2 5.30396E-2 5.17276E-2 5.04322E-2 4.8573E-2 4.7537E-2 4.68844E-2 4.57239E-2 4.49337E-2 4.48047E-2 4.41738E-2 4.3309E-2
1.59719E-1 1.62097E-1 1.65434E-1 1.67899E-1 1.68927E-1 1.70689E-1 1.71655E-1 1.71225E-1 1.71306E-1 1.70975E-1 1.67048E-1 1.62306E-1 1.59135E-1 1.59054E-1 1.62164E-1 1.58444E-1 1.63131E-1 1.62905E-1 1.60833E-1 1.59298E-1 1.50782E-1 1.45242E-1 1.43348E-1 1.48002E-1 1.49097E-1 1.39446E-1 1.36155E-1 1.33066E-1 1.30203E-1 1.287E-1 1.24865E-1 1.21141E-1 1.19471E-1 1.15069E-1 1.10433E-1 1.08852E-1 1.04411E-1 1.00022E-1 9.84212E-2 9.32133E-2 8.85429E-2 8.66346E-2 8.22625E-2 7.4487E-2 7.11586E-2 6.68161E-2 6.39347E-2 6.31801E-2 6.0436E-2 5.74133E-2 5.65113E-2 5.48668E-2 5.2731E-2 5.19965E-2 5.07984E-2 4.95768E-2 4.89103E-2 4.83767E-2 4.78822E-2 4.70241E-2
1.76082E-1 1.76936E-1 1.81014E-1 1.83978E-1 1.83864E-1 1.86159E-1 1.87816E-1 1.86453E-1 1.86375E-1 1.86161E-1 1.74589E-1 1.72973E-1 1.76323E-1 1.6787E-1 1.68036E-1 1.67734E-1 1.75192E-1 1.74751E-1 1.65946E-1 1.63176E-1 1.58818E-1 1.5672E-1 1.54502E-1 1.55365E-1 1.55457E-1 1.50735E-1 1.4837E-1 1.46155E-1 1.42686E-1 1.4034E-1 1.3736E-1 1.3367E-1 1.30779E-1 1.26626E-1 1.22153E-1 1.19038E-1 1.14584E-1 1.10037E-1 1.06833E-1 1.02077E-1 9.73733E-2 9.29497E-2 8.5587E-2 7.94055E-2 7.61598E-2 7.28014E-2 6.99768E-2 6.81708E-2 6.55895E-2 6.26262E-2 6.08538E-2 5.92972E-2 5.71335E-2 5.57232E-2 5.46413E-2 5.32293E-2 5.21019E-2 5.17761E-2 5.10645E-2 5.00006E-2
1.90491E-1 1.92347E-1 1.95297E-1 1.97133E-1 1.97484E-1 1.9898E-1 2.01046E-1 2.00671E-1 2.004E-1 1.99973E-1 1.93017E-1 1.83656E-1 1.82458E-1 1.88459E-1 1.87482E-1 1.76684E-1 1.77083E-1 1.7518E-1 1.72068E-1 1.70128E-1 1.68648E-1 1.67603E-1 1.65972E-1 1.64825E-1 1.63465E-1 1.6061E-1 1.5874E-1 1.56365E-1 1.53331E-1 1.50451E-1 1.46725E-1 1.42623E-1 1.39062E-1 1.34802E-1 1.30125E-1 1.26266E-1 1.21382E-1 1.16167E-1 1.12269E-1 1.07626E-1 1.03035E-1 9.83297E-2 9.34579E-2 8.25083E-2 7.95574E-2 7.63871E-2 7.33581E-2 7.14768E-2 6.86938E-2 6.55486E-2 6.37614E-2 6.19956E-2 5.96175E-2 5.82387E-2 5.70328E-2 5.5276E-2 5.39354E-2 5.36062E-2 5.30529E-2 5.24025E-2
2.06045E-1 2.08277E-1 2.11045E-1 2.11969E-1 2.12369E-1 2.13848E-1 2.15959E-1 2.16536E-1 2.16804E-1 2.16318E-1 2.14044E-1 1.99031E-1 1.95976E-1 2.05249E-1 2.04439E-1 1.90729E-1 1.88942E-1 1.87794E-1 1.85966E-1 1.83746E-1 1.8347E-1 1.82179E-1 1.80512E-1 1.80018E-1 1.77851E-1 1.75221E-1 1.74157E-1 1.71105E-1 1.6753E-1 1.65485E-1 1.60879E-1 1.56015E-1 1.53315E-1 1.47806E-1 1.41587E-1 1.38798E-1 1.33116E-1 1.2678E-1 1.24004E-1 1.17994E-1 1.12046E-1 1.09198E-1 1.03443E-1 8.98142E-2 8.77932E-2 8.36041E-2 7.94328E-2 7.83103E-2 7.50491E-2 7.10022E-2 6.97985E-2 6.75195E-2 6.46484E-2 6.36972E-2 6.17269E-2 5.94061E-2 5.76072E-2 5.71192E-2 5.67685E-2 5.61217E-2
2.17388E-1 2.16805E-1 2.21589E-1 2.20673E-1 2.12139E-1 2.13403E-1 2.25537E-1 2.26995E-1 2.26945E-1 2.2767E-1 2.25158E-1 2.1872E-1 2.10977E-1 2.08083E-1 2.0664E-1 2.05124E-1 2.02537E-1 2.01652E-1 2.00814E-1 1.98705E-1 1.98108E-1 1.97331E-1 1.95251E-1 1.94501E-1 1.93227E-1 1.90807E-1 1.89205E-1 1.8671E-1 1.83044E-1 1.8009E-1 1.76208E-1 1.71674E-1 1.67598E-1 1.62198E-1 1.56266E-1 1.51746E-1 1.46097E-1 1.40242E-1 1.35676E-1 1.29526E-1 1.23608E-1 1.18346E-1 1.12708E-1 1.0461E-1 9.64944E-2 9.15489E-2 8.72919E-2 8.48362E-2 8.17491E-2 7.78531E-2 7.55285E-2 7.32281E-2 7.02537E-2 6.81504E-2 6.60487E-2 6.22812E-2 5.64085E-2 5.57077E-2 5.91012E-2 5.84565E-2
2.15908E-1 2.15199E-1 2.18069E-1 2.19986E-1 2.20191E-1 2.21274E-1 2.23316E-1 2.23354E-1 2.23679E-1 2.23713E-1 2.22488E-1 2.20893E-1 2.19992E-1 2.17847E-1 2.16677E-1 2.15617E-1 2.14144E-1 2.12936E-1 2.11608E-1 2.09847E-1 2.0881E-1 2.07796E-1 2.0606E-1 2.05009E-1 2.03726E-1 2.0201E-1 2.00182E-1 1.97383E-1 1.94543E-1 1.91254E-1 1.86707E-1 1.81963E-1 1.77473E-1 1.71964E-1 1.66023E-1 1.60855E-1 1.54358E-1 1.47786E-1 1.42724E-1 1.3667E-1 1.30792E-1 1.23062E-1 1.13016E-1 1.04207E-1 1.00407E-1 9.5819E-2 9.16025E-2 8.89023E-2 8.55738E-2 8.15261E-2 7.90706E-2 7.65322E-2 7.33023E-2 7.03244E-2 6.72779E-2 6.01801E-2 5.77487E-2 5.71322E-2 5.72046E-2 5.88343E-2
2.28134E-1 2.2849E-1 2.30896E-1 2.33795E-1 2.34914E-1 2.3579E-1 2.36959E-1 2.36989E-1 2.37173E-1 2.37081E-1 2.36126E-1 2.35657E-1 2.34667E-1 2.3284E-1 2.31948E-1 2.30667E-1 2.29032E-1 2.28197E-1 2.26596E-1 2.24541E-1 2.23923E-1 2.22692E-1 2.20931E-1 2.20561E-1 2.19028E-1 2.17301E-1 2.16395E-1 2.13219E-1 2.1011E-1 2.07885E-1 2.02528E-1 1.96569E-1 1.93293E-1 1.87046E-1 1.79436E-1 1.7523E-1 1.66698E-1 1.56414E-1 1.55041E-1 1.48473E-1 1.39398E-1 1.3122E-1 1.2416E-1 1.11497E-1 1.09018E-1 1.04251E-1 9.86333E-2 9.70395E-2 9.33211E-2 8.84811E-2 8.70191E-2 8.34932E-2 7.93131E-2 7.63206E-2 7.13151E-2 6.46987E-2 6.29631E-2 6.13867E-2 6.06159E-2 6.02366E-2
2.39769E-1 2.41704E-1 2.4523E-1 2.48436E-1 2.49448E-1 2.51116E-1 2.52525E-1 2.52247E-1 2.52634E-1 2.52824E-1 2.51411E-1 2.50854E-1 2.50355E-1 2.48091E-1 2.47066E-1 2.46434E-1 2.44365E-1 2.43257E-1 2.42219E-1 2.39887E-1 2.39054E-1 2.38352E-1 2.36545E-1 2.35946E-1 2.35084E-1 2.33472E-1 2.32205E-1 2.29892E-1 2.27097E-1 2.2407E-1 2.19415E-1 2.14204E-1 2.0947E-1 2.03364E-1 1.96407E-1 1.90239E-1 1.81275E-1 1.70617E-1 1.67975E-1 1.60879E-1 1.4638E-1 1.35237E-1 1.28933E-1 1.21839E-1 1.18034E-1 1.1341E-1 1.08402E-1 1.05425E-1 1.01554E-1 9.73283E-2 9.46458E-2 9.08622E-2 8.66908E-2 8.20572E-2 7.73942E-2 6.993E-2 6.73609E-2 6.59095E-2 6.53848E-2 6.5876E-2
2.4855E-1 2.51218E-1 2.545E-1 2.57692E-1 2.59402E-1 2.60964E-1 2.62339E-1 2.62437E-1 2.62486E-1 2.62458E-1 2.61381E-1 2.60713E-1 2.59971E-1 2.58109E-1 2.57205E-1 2.56324E-1 2.5436E-1 2.53264E-1 2.521E-1 2.5012E-1 2.48999E-1 2.47931E-1 2.4646E-1 2.45704E-1 2.44755E-1 2.4371E-1 2.42398E-1 2.3998E-1 2.37415E-1 2.34331E-1 2.29833E-1 2.25019E-1 2.20041E-1 2.13555E-1 2.06743E-1 2.00409E-1 1.92229E-1 1.83829E-1 1.76353E-1 1.68202E-1 1.54249E-1 1.40901E-1 1.3422E-1 1.28255E-1 1.23927E-1 1.18469E-1 1.13404E-1 1.09946E-1 1.05944E-1 1.01398E-1 9.83506E-2 9.48203E-2 9.0605E-2 8.54371E-2 7.88405E-2 7.24095E-2 7.02652E-2 6.87791E-2 6.8001E-2 6.83977E-2
