Spatial_Analysis/SuitabilityMaps/Maxent_Outputs_ASCII/coral_far85.asc
ncols         638
nrows         314
xllcorner     -102.97071042
yllcorner     3.973116569
cellsize      0.083
NODATA_value  -9999
[rows 0 to 26 of 314, columns 300 to 359 of 638]
1.21714E-1 1.15806E-1 1.10499E-1 1.05942E-1 1.01912E-1 9.80558E-2 9.44387E-2 9.12572E-2 8.85195E-2 8.59033E-2 8.34067E-2 8.09844E-2 7.86259E-2 7.63298E-2 7.40952E-2 7.19203E-2 6.98981E-2 6.85799E-2 6.86028E-2 6.98523E-2 7.23609E-2 7.63367E-2 8.15438E-2 8.71799E-2 9.31167E-2 9.93606E-2 1.05919E-1 1.12796E-1 1.19946E-1 1.2716E-1 1.34261E-1 1.41596E-1 1.49313E-1 1.56865E-1 1.64343E-1 1.7203E-1 1.79954E-1 1.88115E-1 1.9651E-1 2.05138E-1 2.13826E-1 2.21203E-1 2.25275E-1 2.2621E-1 2.24124E-1 2.18623E-1 2.10651E-1 2.02375E-1 1.94236E-1 1.86244E-1 1.78406E-1 1.70733E-1 1.63318E-1 1.56931E-1 1.52625E-1 1.50311E-1 1.49918E-1 1.51445E-1 1.54485E-1 1.57861E-1
1.13817E-1 1.08283E-1 1.03387E-1 9.90057E-2 9.48981E-2 9.11205E-2 8.79332E-2 8.54974E-2 8.37918E-2 8.24859E-2 8.1423E-2 8.03835E-2 7.93552E-2 7.83379E-2 7.73316E-2 7.63362E-2 7.541E-2 7.50475E-2 7.59566E-2 7.81287E-2 8.16231E-2 8.66419E-2 9.28861E-2 9.95717E-2 1.06618E-1 1.14031E-1 1.21818E-1 1.29982E-1 1.38473E-1 1.4684E-1 1.54412E-1 1.61468E-1 1.68124E-1 1.73734E-1 1.78681E-1 1.83675E-1 1.88766E-1 1.93953E-1 1.99235E-1 2.04612E-1 2.10002E-1 2.14474E-1 2.16511E-1 2.16165E-1 2.13568E-1 2.08448E-1 2.01621E-1 1.94663E-1 1.87814E-1 1.81078E-1 1.7446E-1 1.67965E-1 1.61646E-1 1.56129E-1 1.52424E-1 1.50583E-1 1.50549E-1 1.52279E-1 1.55304E-1 1.58556E-1
1.06535E-1 1.01416E-1 9.67995E-2 9.24526E-2 8.82799E-2 8.45335E-2 8.16836E-2 7.99217E-2 7.92087E-2 7.91798E-2 7.94821E-2 7.97866E-2 8.00873E-2 8.03849E-2 8.06788E-2 8.09692E-2 8.12758E-2 8.19956E-2 8.3888E-2 8.71274E-2 9.17976E-2 9.80517E-2 1.05459E-1 1.13315E-1 1.21596E-1 1.30306E-1 1.39449E-1 1.49027E-1 1.59008E-1 1.68741E-1 1.76917E-1 1.83541E-1 1.8872E-1 1.91844E-1 1.93861E-1 1.95867E-1 1.97889E-1 1.99927E-1 2.0198E-1 2.0405E-1 2.06115E-1 2.07678E-1 2.07727E-1 2.06149E-1 2.03082E-1 1.98377E-1 1.92708E-1 1.87044E-1 1.81459E-1 1.75957E-1 1.70539E-1 1.65208E-1 1.59981E-1 1.5531E-1 1.52142E-1 1.50766E-1 1.51131E-1 1.53113E-1 1.56127E-1 1.59253E-1
1.00084E-1 9.52371E-2 9.06636E-2 8.6269E-2 8.20521E-2 7.82502E-2 7.55283E-2 7.43677E-2 7.46971E-2 7.59927E-2 7.75831E-2 7.91931E-2 8.08226E-2 8.24716E-2 8.41388E-2 8.58249E-2 8.75314E-2 8.94923E-2 9.24286E-2 9.68767E-2 1.02957E-1 1.10665E-1 1.19326E-1 1.28473E-1 1.38108E-1 1.48235E-1 1.58854E-1 1.69961E-1 1.81544E-1 1.92974E-1 2.02293E-1 2.08382E-1 2.11355E-1 2.11141E-1 2.09875E-1 2.08601E-1 2.07322E-1 2.06036E-1 2.04746E-1 2.0345E-1 2.02149E-1 2.00695E-1 1.98661E-1 1.95895E-1 1.92498E-1 1.88377E-1 1.83929E-1 1.79527E-1 1.75178E-1 1.70884E-1 1.66645E-1 1.62462E-1 1.58338E-1 1.54512E-1 1.5179E-1 1.50853E-1 1.51695E-1 1.54E-1 1.56952E-1 1.59952E-1
9.50134E-2 9.02761E-2 8.5577E-2 8.09074E-2 7.63716E-2 7.22846E-2 6.94219E-2 6.87772E-2 7.02997E-2 7.30327E-2 7.61151E-2 7.92198E-2 8.22437E-2 8.52009E-2 8.8141E-2 9.11332E-2 9.42516E-2 9.76129E-2 1.01745E-1 1.07522E-1 1.15239E-1 1.24464E-1 1.34221E-1 1.4441E-1 1.55148E-1 1.66557E-1 1.78759E-1 1.91831E-1 2.05652E-1 2.19488E-1 2.30821E-1 2.36431E-1 2.36004E-1 2.31369E-1 2.25996E-1 2.20827E-1 2.16047E-1 2.1155E-1 2.07169E-1 2.02734E-1 1.98148E-1 1.93481E-1 1.88989E-1 1.85036E-1 1.81691E-1 1.78588E-1 1.7561E-1 1.72625E-1 1.69536E-1 1.6636E-1 1.63138E-1 1.5992E-1 1.56766E-1 1.53786E-1 1.51527E-1 1.50969E-1 1.52346E-1 1.54941E-1 1.57775E-1 1.60626E-1
9.19198E-2 8.74061E-2 8.27447E-2 7.7873E-2 7.28229E-2 6.77678E-2 6.37636E-2 6.33667E-2 6.70739E-2 7.1863E-2 7.66032E-2 8.11215E-2 8.53905E-2 8.94836E-2 9.35131E-2 9.76179E-2 1.01959E-1 1.06695E-1 1.12129E-1 1.19213E-1 1.28484E-1 1.38586E-1 1.48908E-1 1.59608E-1 1.7091E-1 1.83067E-1 1.96355E-1 2.11054E-1 2.27321E-1 2.4498E-1 2.61265E-1 2.67395E-1 2.59864E-1 2.4888E-1 2.38915E-1 2.30168E-1 2.22462E-1 2.15422E-1 2.08658E-1 2.01796E-1 1.94527E-1 1.86702E-1 1.78914E-1 1.73508E-1 1.71571E-1 1.70425E-1 1.69052E-1 1.6735E-1 1.65323E-1 1.63049E-1 1.60623E-1 1.58142E-1 1.55706E-1 1.53411E-1 1.51558E-1 1.5129E-1 1.53249E-1 1.5591E-1 1.58572E-1 1.61221E-1
9.13681E-2 8.7272E-2 8.29486E-2 7.82967E-2 7.32438E-2 6.78389E-2 6.34002E-2 6.33064E-2 6.83559E-2 7.45577E-2 8.04462E-2 8.59687E-2 9.12E-2 9.62522E-2 1.0126E-1 1.06381E-1 1.11807E-1 1.17755E-1 1.24418E-1 1.32517E-1 1.42543E-1 1.5289E-1 1.63358E-1 1.74169E-1 1.85575E-1 1.97857E-1 2.11341E-1 2.26405E-1 2.43472E-1 2.62823E-1 2.81407E-1 2.87315E-1 2.75444E-1 2.60541E-1 2.47805E-1 2.36939E-1 2.27398E-1 2.18674E-1 2.10305E-1 2.01862E-1 1.92939E-1 1.83207E-1 1.73405E-1 1.67143E-1 1.66188E-1 1.66318E-1 1.65902E-1 1.64961E-1 1.6361E-1 1.61967E-1 1.60139E-1 1.5823E-1 1.5634E-1 1.54578E-1 1.53156E-1 1.53146E-1 1.55247E-1 1.5774E-1 1.60183E-1 1.626E-1
9.37298E-2 9.02397E-2 8.65472E-2 8.26033E-2 7.84947E-2 7.44513E-2 7.15346E-2 7.20785E-2 7.64884E-2 8.2369E-2 8.84545E-2 9.45296E-2 1.00478E-1 1.0635E-1 1.12255E-1 1.18344E-1 1.24794E-1 1.31745E-1 1.39288E-1 1.47794E-1 1.5756E-1 1.67834E-1 1.78216E-1 1.88823E-1 1.99902E-1 2.11711E-1 2.24512E-1 2.38525E-1 2.53727E-1 2.69697E-1 2.83401E-1 2.87155E-1 2.78724E-1 2.65891E-1 2.53633E-1 2.42339E-1 2.32053E-1 2.2247E-1 2.1323E-1 2.03994E-1 1.94518E-1 1.84777E-1 1.75703E-1 1.69806E-1 1.67896E-1 1.67421E-1 1.6688E-1 1.66123E-1 1.65079E-1 1.63802E-1 1.62374E-1 1.60887E-1 1.59446E-1 1.58136E-1 1.57156E-1 1.57297E-1 1.58975E-1 1.61163E-1 1.63358E-1 1.65538E-1
9.8729E-2 9.61509E-2 9.35166E-2 9.08198E-2 8.81541E-2 8.58337E-2 8.47429E-2 8.60383E-2 8.97917E-2 9.51401E-2 1.01072E-1 1.0726E-1 1.13584E-1 1.20048E-1 1.26694E-1 1.33585E-1 1.40793E-1 1.48325E-1 1.56167E-1 1.64489E-1 1.73399E-1 1.8277E-1 1.92386E-1 2.02216E-1 2.12362E-1 2.22921E-1 2.33978E-1 2.45573E-1 2.5755E-1 2.6911E-1 2.77429E-1 2.79261E-1 2.74608E-1 2.65129E-1 2.54744E-1 2.4455E-1 2.34752E-1 2.25292E-1 2.16054E-1 2.06929E-1 1.97868E-1 1.8909E-1 1.81526E-1 1.76302E-1 1.73409E-1 1.72049E-1 1.71039E-1 1.70036E-1 1.68952E-1 1.67791E-1 1.66579E-1 1.65354E-1 1.64159E-1 1.63057E-1 1.62278E-1 1.62392E-1 1.63603E-1 1.65373E-1 1.67274E-1 1.69175E-1
1.05599E-1 1.04276E-1 1.02967E-1 1.01673E-1 1.00399E-1 9.94639E-2 9.97197E-2 1.01788E-1 1.05738E-1 1.11128E-1 1.17216E-1 1.23551E-1 1.30133E-1 1.36964E-1 1.44047E-1 1.51381E-1 1.58961E-1 1.66673E-1 1.74371E-1 1.8216E-1 1.90026E-1 1.97905E-1 2.05955E-1 2.14203E-1 2.22643E-1 2.3127E-1 2.40079E-1 2.49066E-1 2.58213E-1 2.66586E-1 2.71642E-1 2.72356E-1 2.69044E-1 2.61661E-1 2.52719E-1 2.4387E-1 2.35138E-1 2.26529E-1 2.18055E-1 2.09722E-1 2.01543E-1 1.93841E-1 1.87423E-1 1.82687E-1 1.79543E-1 1.77767E-1 1.76545E-1 1.75334E-1 1.74129E-1 1.72929E-1 1.71736E-1 1.70548E-1 1.69365E-1 1.68263E-1 1.67491E-1 1.67468E-1 1.68356E-1 1.69695E-1 1.71252E-1 1.72822E-1
1.13348E-1 1.13522E-1 1.13694E-1 1.13865E-1 1.14058E-1 1.14613E-1 1.16202E-1 1.19175E-1 1.23617E-1 1.29223E-1 1.35609E-1 1.42244E-1 1.49106E-1 1.56196E-1 1.63513E-1 1.71057E-1 1.78795E-1 1.86474E-1 1.93774E-1 2.00806E-1 2.07545E-1 2.13825E-1 2.19922E-1 2.26122E-1 2.32425E-1 2.38829E-1 2.45331E-1 2.5193E-1 2.58566E-1 2.6418E-1 2.66822E-1 2.66615E-1 2.63847E-1 2.5792E-1 2.50197E-1 2.42458E-1 2.34812E-1 2.27265E-1 2.19822E-1 2.12489E-1 2.05294E-1 1.98626E-1 1.93146E-1 1.88863E-1 1.85706E-1 1.83699E-1 1.82366E-1 1.81076E-1 1.79793E-1 1.78517E-1 1.77247E-1 1.75983E-1 1.74728E-1 1.73573E-1 1.72716E-1 1.72506E-1 1.73142E-1 1.7411E-1 1.75299E-1 1.7651E-1
1.21528E-1 1.23385E-1 1.25258E-1 1.27148E-1 1.2908E-1 1.31302E-1 1.3427E-1 1.38294E-1 1.43453E-1 1.4943E-1 1.56052E-1 1.62925E-1 1.70002E-1 1.77281E-1 1.84763E-1 1.92446E-1 2.00252E-1 2.07755E-1 2.14461E-1 2.20548E-1 2.26002E-1 2.30543E-1 2.3451E-1 2.38484E-1 2.42499E-1 2.46555E-1 2.50651E-1 2.54789E-1 2.58866E-1 2.61978E-1 2.6279E-1 2.61732E-1 2.59069E-1 2.54101E-1 2.47599E-1 2.40985E-1 2.34442E-1 2.27975E-1 2.21585E-1 2.15276E-1 2.09094E-1 2.03407E-1 1.98713E-1 1.94888E-1 1.91863E-1 1.89777E-1 1.88329E-1 1.86958E-1 1.85595E-1 1.84238E-1 1.82889E-1 1.81547E-1 1.80217E-1 1.78977E-1 1.77963E-1 1.77543E-1 1.7796E-1 1.78604E-1 1.79417E-1 1.80258E-1
1.30145E-1 1.33878E-1 1.3768E-1 1.41551E-1 1.45492E-1 1.49587E-1 1.54077E-1 1.59299E-1 1.65321E-1 1.71759E-1 1.78574E-1 1.8561E-1 1.92825E-1 2.00217E-1 2.07784E-1 2.15524E-1 2.23325E-1 2.3057E-1 2.36555E-1 2.41523E-1 2.45484E-1 2.48062E-1 2.4971E-1 2.51283E-1 2.52862E-1 2.54447E-1 2.5604E-1 2.57639E-1 2.59163E-1 2.59977E-1 2.59223E-1 2.57347E-1 2.54592E-1 2.50297E-1 2.44928E-1 2.39453E-1 2.34028E-1 2.28658E-1 2.23342E-1 2.18083E-1 2.12924E-1 2.08168E-1 2.04194E-1 2.00841E-1 1.9803E-1 1.95968E-1 1.94435E-1 1.9298E-1 1.91534E-1 1.90094E-1 1.88663E-1 1.87239E-1 1.85828E-1 1.84477E-1 1.83267E-1 1.8262E-1 1.82829E-1 1.83169E-1 1.83609E-1 1.84067E-1
1.39208E-1 1.45013E-1 1.50976E-1 1.57095E-1 1.6334E-1 1.69591E-1 1.75819E-1 1.82385E-1 1.89338E-1 1.96222E-1 2.03163E-1 2.10276E-1 2.17543E-1 2.2496E-1 2.32525E-1 2.40235E-1 2.47979E-1 2.54976E-1 2.6019E-1 2.63886E-1 2.66101E-1 2.6641E-1 2.65503E-1 2.64509E-1 2.63509E-1 2.62505E-1 2.61496E-1 2.60481E-1 2.59428E-1 2.58016E-1 2.55779E-1 2.53098E-1 2.50192E-1 2.46468E-1 2.42187E-1 2.37861E-1 2.3357E-1 2.29313E-1 2.25093E-1 2.20909E-1 2.16787E-1 2.12945E-1 2.09675E-1 2.06809E-1 2.04258E-1 2.02277E-1 2.00685E-1 1.99143E-1 1.9761E-1 1.96085E-1 1.9457E-1 1.93062E-1 1.91564E-1 1.9009E-1 1.88668E-1 1.87786E-1 1.87782E-1 1.87814E-1 1.87873E-1 1.87936E-1
1.48722E-1 1.56797E-1 1.65153E-1 1.73786E-1 1.82661E-1 1.91457E-1 1.99729E-1 2.07778E-1 2.15615E-1 2.22783E-1 2.29748E-1 2.36847E-1 2.44072E-1 2.51422E-1 2.58894E-1 2.66484E-1 2.74132E-1 2.80976E-1 2.85513E-1 2.87808E-1 2.87932E-1 2.85554E-1 2.81868E-1 2.78152E-1 2.74437E-1 2.70726E-1 2.67018E-1 2.63314E-1 2.59614E-1 2.55891E-1 2.52115E-1 2.4863E-1 2.45624E-1 2.42541E-1 2.39376E-1 2.36212E-1 2.33067E-1 2.29943E-1 2.26839E-1 2.23755E-1 2.207E-1 2.17796E-1 2.15245E-1 2.12886E-1 2.10615E-1 2.0873E-1 2.07078E-1 2.05447E-1 2.03825E-1 2.02212E-1 2.00608E-1 1.99014E-1 1.97429E-1 1.95837E-1 1.94209E-1 1.93086E-1 1.92854E-1 1.92553E-1 1.92211E-1 1.91867E-1
1.58689E-1 1.69231E-1 1.8021E-1 1.91617E-1 2.0343E-1 2.15234E-1 2.26069E-1 2.3572E-1 2.44203E-1 2.51328E-1 2.58209E-1 2.65195E-1 2.72284E-1 2.79473E-1 2.86757E-1 2.94135E-1 3.01593E-1 3.08409E-1 3.12655E-1 3.13462E-1 3.10981E-1 3.05376E-1 2.98778E-1 2.92197E-1 2.85639E-1 2.79106E-1 2.72604E-1 2.66137E-1 2.59711E-1 2.53474E-1 2.47887E-1 2.43582E-1 2.40687E-1 2.385E-1 2.36499E-1 2.34505E-1 2.32521E-1 2.30545E-1 2.28578E-1 2.2662E-1 2.24671E-1 2.22773E-1 2.21001E-1 2.19173E-1 2.1717E-1 2.15349E-1 2.13615E-1 2.11892E-1 2.10177E-1 2.08473E-1 2.06779E-1 2.05095E-1 2.03421E-1 2.01732E-1 1.99938E-1 1.98574E-1 1.98074E-1 1.97387E-1 1.96623E-1 1.95858E-1
1.69376E-1 1.82367E-1 1.95993E-1 2.1037E-1 2.2548E-1 2.40861E-1 2.55049E-1 2.66391E-1 2.74929E-1 2.81472E-1 2.87558E-1 2.93682E-1 3.00129E-1 3.06993E-1 3.14303E-1 3.22012E-1 3.29847E-1 3.3706E-1 3.41599E-1 3.40939E-1 3.35083E-1 3.25674E-1 3.15679E-1 3.05843E-1 2.96347E-1 2.87114E-1 2.7801E-1 2.68909E-1 2.59756E-1 2.50739E-1 2.42822E-1 2.37627E-1 2.35312E-1 2.34433E-1 2.33788E-1 2.33113E-1 2.32327E-1 2.31449E-1 2.30523E-1 2.29597E-1 2.28718E-1 2.27898E-1 2.27039E-1 2.25779E-1 2.23971E-1 2.2211E-1 2.20227E-1 2.18336E-1 2.16471E-1 2.1465E-1 2.12882E-1 2.11169E-1 2.09489E-1 2.07774E-1 2.05882E-1 2.04306E-1 2.03461E-1 2.02296E-1 2.01057E-1 1.99835E-1
1.81289E-1 1.96274E-1 2.12064E-1 2.2898E-1 2.47283E-1 2.66982E-1 2.8613E-1 2.99458E-1 3.05558E-1 3.09669E-1 3.13902E-1 3.18641E-1 3.24129E-1 3.30462E-1 3.37699E-1 3.45857E-1 3.54789E-1 3.64085E-1 3.71254E-1 3.69788E-1 3.58062E-1 3.43594E-1 3.29898E-1 3.17153E-1 3.05253E-1 2.93905E-1 2.82798E-1 2.71628E-1 2.60156E-1 2.48306E-1 2.37184E-1 2.30724E-1 2.30408E-1 2.31494E-1 2.32355E-1 2.32903E-1 2.33148E-1 2.3318E-1 2.33098E-1 2.33005E-1 2.33006E-1 2.33176E-1 2.33378E-1 2.32772E-1 2.30871E-1 2.28729E-1 2.26571E-1 2.24434E-1 2.22361E-1 2.20377E-1 2.18501E-1 2.16751E-1 2.15124E-1 2.13582E-1 2.11929E-1 2.1028E-1 2.08812E-1 2.0695E-1 2.05203E-1 2.03592E-1
1.93779E-1 2.10133E-1 2.27361E-1 2.45871E-1 2.66137E-1 2.88545E-1 3.1086E-1 3.25285E-1 3.29256E-1 3.31402E-1 3.3426E-1 3.38011E-1 3.42699E-1 3.48368E-1 3.55083E-1 3.62932E-1 3.72009E-1 3.82238E-1 3.90789E-1 3.88679E-1 3.73119E-1 3.55515E-1 3.39603E-1 3.25161E-1 3.11779E-1 2.99055E-1 2.86617E-1 2.74107E-1 2.61184E-1 2.47575E-1 2.34381E-1 2.27116E-1 2.28335E-1 2.30771E-1 2.32648E-1 2.34018E-1 2.35007E-1 2.35743E-1 2.36345E-1 2.36931E-1 2.37623E-1 2.38542E-1 2.39582E-1 2.39477E-1 2.37386E-1 2.34961E-1 2.32555E-1 2.30209E-1 2.27948E-1 2.25793E-1 2.23765E-1 2.21892E-1 2.20197E-1 2.18695E-1 2.17161E-1 2.15436E-1 2.13514E-1 2.11184E-1 2.09109E-1 2.07255E-1
2.05819E-1 2.22908E-1 2.40837E-1 2.59904E-1 2.80281E-1 3.01789E-1 3.22091E-1 3.35653E-1 3.41483E-1 3.44724E-1 3.47836E-1 3.51313E-1 3.55473E-1 3.60431E-1 3.66239E-1 3.72887E-1 3.80131E-1 3.87427E-1 3.92339E-1 3.89005E-1 3.76129E-1 3.60127E-1 3.44554E-1 3.29776E-1 3.15805E-1 3.02396E-1 2.89255E-1 2.76106E-1 2.6275E-1 2.49206E-1 2.36932E-1 2.30206E-1 2.3031E-1 2.32415E-1 2.34429E-1 2.36191E-1 2.37674E-1 2.38952E-1 2.4012E-1 2.41281E-1 2.42534E-1 2.4394E-1 2.45218E-1 2.4517E-1 2.43214E-1 2.40783E-1 2.38319E-1 2.35871E-1 2.33486E-1 2.31192E-1 2.29008E-1 2.26945E-1 2.24993E-1 2.23095E-1 2.21044E-1 2.19043E-1 2.17309E-1 2.15144E-1 2.13051E-1 2.11074E-1
2.18366E-1 2.35366E-1 2.5307E-1 2.71541E-1 2.90725E-1 3.09931E-1 3.26796E-1 3.3893E-1 3.46461E-1 3.50777E-1 3.54423E-1 3.58071E-1 3.61938E-1 3.66094E-1 3.70559E-1 3.75293E-1 3.80094E-1 3.84227E-1 3.85457E-1 3.81308E-1 3.71838E-1 3.58552E-1 3.44551E-1 3.30706E-1 3.17167E-1 3.03891E-1 2.90797E-1 2.77807E-1 2.64898E-1 2.52428E-1 2.42071E-1 2.36193E-1 2.34906E-1 2.36204E-1 2.37986E-1 2.39741E-1 2.41411E-1 2.43009E-1 2.44571E-1 2.46133E-1 2.47731E-1 2.49317E-1 2.50477E-1 2.50293E-1 2.48507E-1 2.46115E-1 2.43598E-1 2.41082E-1 2.38596E-1 2.36152E-1 2.3376E-1 2.31419E-1 2.29113E-1 2.26779E-1 2.24236E-1 2.21991E-1 2.20505E-1 2.18636E-1 2.16674E-1 2.14734E-1
2.32145E-1 2.48328E-1 2.65065E-1 2.82311E-1 2.99991E-1 3.1713E-1 3.31493E-1 3.42354E-1 3.49752E-1 3.53964E-1 3.57151E-1 3.60352E-1 3.63566E-1 3.66794E-1 3.70033E-1 3.73284E-1 3.76536E-1 3.78963E-1 3.78418E-1 3.74035E-1 3.66009E-1 3.54546E-1 3.41821E-1 3.29145E-1 3.16542E-1 3.04036E-1 2.91653E-1 2.79412E-1 2.67346E-1 2.5607E-1 2.47176E-1 2.41857E-1 2.40167E-1 2.40944E-1 2.42671E-1 2.44403E-1 2.46138E-1 2.47874E-1 2.49612E-1 2.5135E-1 2.5309E-1 2.54682E-1 2.55687E-1 2.55415E-1 2.53638E-1 2.51207E-1 2.48515E-1 2.45839E-1 2.4318E-1 2.40541E-1 2.37921E-1 2.35319E-1 2.32736E-1 2.30131E-1 2.27361E-1 2.25004E-1 2.23554E-1 2.21829E-1 2.19979E-1 2.18134E-1
2.46698E-1 2.61759E-1 2.77252E-1 2.93143E-1 3.09279E-1 3.24479E-1 3.36845E-1 3.46406E-1 3.53158E-1 3.56952E-1 3.59213E-1 3.61446E-1 3.63684E-1 3.65928E-1 3.68176E-1 3.7043E-1 3.72624E-1 3.73764E-1 3.72085E-1 3.6758E-1 3.60393E-1 3.50322E-1 3.38646E-1 3.26946E-1 3.15312E-1 3.03763E-1 2.92317E-1 2.80992E-1 2.69856E-1 2.59691E-1 2.51887E-1 2.47065E-1 2.45353E-1 2.45845E-1 2.47603E-1 2.49421E-1 2.51242E-1 2.53063E-1 2.54887E-1 2.56711E-1 2.58526E-1 2.60109E-1 2.61006E-1 2.60663E-1 2.58833E-1 2.56332E-1 2.53439E-1 2.50539E-1 2.4766E-1 2.44802E-1 2.41965E-1 2.39149E-1 2.36355E-1 2.33539E-1 2.30605E-1 2.28169E-1 2.26691E-1 2.25041E-1 2.23279E-1 2.21512E-1
2.61761E-1 2.75584E-1 2.89736E-1 3.04189E-1 3.1872E-1 3.32118E-1 3.42836E-1 3.51076E-1 3.56847E-1 3.59911E-1 3.61267E-1 3.62522E-1 3.63775E-1 3.65026E-1 3.66277E-1 3.67526E-1 3.68657E-1 3.68728E-1 3.6638E-1 3.61796E-1 3.55094E-1 3.46038E-1 3.35434E-1 3.24718E-1 3.1406E-1 3.03474E-1 2.92974E-1 2.82574E-1 2.72385E-1 2.63208E-1 2.56201E-1 2.5186E-1 2.50371E-1 2.50829E-1 2.526E-1 2.54505E-1 2.56412E-1 2.58321E-1 2.60231E-1 2.62142E-1 2.64027E-1 2.65619E-1 2.66471E-1 2.66064E-1 2.64131E-1 2.61511E-1 2.58424E-1 2.55296E-1 2.52192E-1 2.49112E-1 2.46055E-1 2.43021E-1 2.40013E-1 2.37004E-1 2.33953E-1 2.31449E-1 2.2991E-1 2.28292E-1 2.26614E-1 2.24927E-1
2.7731E-1 2.89785E-1 3.02501E-1 3.15439E-1 3.28367E-1 3.4014E-1 3.49382E-1 3.5628E-1 3.60849E-1 3.62912E-1 3.63313E-1 3.63578E-1 3.63837E-1 3.64089E-1 3.64334E-1 3.64572E-1 3.6469E-1 3.63899E-1 3.61114E-1 3.56475E-1 3.50076E-1 3.41785E-1 3.32188E-1 3.22462E-1 3.12786E-1 3.03168E-1 2.93622E-1 2.84156E-1 2.74888E-1 2.6656E-1 2.60191E-1 2.5633E-1 2.55205E-1 2.55821E-1 2.57661E-1 2.59655E-1 2.61649E-1 2.63646E-1 2.65644E-1 2.67643E-1 2.69608E-1 2.71247E-1 2.72103E-1 2.71637E-1 2.69564E-1 2.6677E-1 2.63469E-1 2.6011E-1 2.56777E-1 2.5347E-1 2.50189E-1 2.46934E-1 2.43709E-1 2.40519E-1 2.37369E-1 2.34803E-1 2.33191E-1 2.31587E-1 2.29983E-1 2.28379E-1
2.93317E-1 3.0434E-1 3.15532E-1 3.26883E-1 3.38215E-1 3.48511E-1 3.56392E-1 3.61928E-1 3.65138E-1 3.65987E-1 3.6535E-1 3.64616E-1 3.63872E-1 3.63116E-1 3.62349E-1 3.6157E-1 3.60712E-1 3.59189E-1 3.56088E-1 3.51408E-1 3.45226E-1 3.37561E-1 3.28907E-1 3.20178E-1 3.11488E-1 3.02847E-1 2.94261E-1 2.85739E-1 2.77364E-1 2.69772E-1 2.63944E-1 2.60565E-1 2.599E-1 2.60812E-1 2.62786E-1 2.64868E-1 2.66953E-1 2.69038E-1 2.71124E-1 2.73212E-1 2.75273E-1 2.7701E-1 2.77919E-1 2.774E-1 2.75149E-1 2.72124E-1 2.68573E-1 2.6498E-1 2.61415E-1 2.57878E-1 2.54369E-1 2.50889E-1 2.47443E-1 2.44067E-1 2.40819E-1 2.38187E-1 2.36504E-1 2.34915E-1 2.33388E-1 2.31868E-1
3.09751E-1 3.19225E-1 3.28814E-1 3.38509E-1 3.48227E-1 3.57141E-1 3.63772E-1 3.67928E-1 3.69629E-1 3.69082E-1 3.67377E-1 3.65636E-1 3.6388E-1 3.62108E-1 3.60322E-1 3.58521E-1 3.56687E-1 3.54462E-1 3.51098E-1 3.46387E-1 3.40395E-1 3.33313E-1 3.25594E-1 3.17865E-1 3.10169E-1 3.02509E-1 2.94891E-1 2.87322E-1 2.79836E-1 2.72921E-1 2.67554E-1 2.64657E-1 2.6453E-1 2.6584E-1 2.67974E-1 2.70146E-1 2.72321E-1 2.74496E-1 2.76671E-1 2.78848E-1 2.81016E-1 2.82905E-1 2.8394E-1 2.83376E-1 2.80899E-1 2.77566E-1 2.73736E-1 2.69905E-1 2.66104E-1 2.62333E-1 2.58594E-1 2.54885E-1 2.51211E-1 2.47629E-1 2.4426E-1 2.41562E-1 2.39819E-1 2.38268E-1 2.36827E-1 2.35394E-1
