Spatial_Analysis/SuitabilityMaps/Maxent_Outputs_ASCII/coral_far85.asc
ncols         638
nrows         314
xllcorner     -102.97071042
yllcorner     3.973116569
cellsize      0.083
NODATA_value  -9999
[rows 135 to 161 of 314, columns 240 to 299 of 638]
5.95031E-1 5.94414E-1 5.93794E-1 5.9317E-1 5.92554E-1 5.92057E-1 5.91589E-1 5.90802E-1 5.89966E-1 5.89374E-1 5.88849E-1 5.88323E-1 5.87797E-1 5.87268E-1 5.86739E-1 5.86208E-1 5.85635E-1 5.84604E-1 5.82651E-1 5.79692E-1 5.75551E-1 5.70493E-1 5.65139E-1 5.59749E-1 5.54323E-1 5.48863E-1 5.4337E-1 5.37847E-1 5.32306E-1 5.26872E-1 5.22192E-1 5.19358E-1 5.1809E-1 5.17071E-1 5.16109E-1 5.15147E-1 5.14185E-1 5.13223E-1 5.1226E-1 5.11298E-1 5.1035E-1 5.09814E-1 5.1058E-1 5.13051E-1 5.1715E-1 5.22425E-1 5.2815E-1 5.33833E-1 5.39471E-1 5.45062E-1 5.50604E-1 5.56098E-1 5.61518E-1 5.66318E-1 5.69075E-1 5.69425E-1 5.67714E-1 5.64355E-1 5.60322E-1 5.5627E-1
6.03716E-1 6.02832E-1 6.01935E-1 6.0104E-1 6.00149E-1 5.99346E-1 5.98596E-1 5.97632E-1 5.96703E-1 5.96026E-1 5.95371E-1 5.9471E-1 5.94043E-1 5.93382E-1 5.92731E-1 5.92082E-1 5.91415E-1 5.90421E-1 5.88431E-1 5.84933E-1 5.79889E-1 5.73915E-1 5.67785E-1 5.61605E-1 5.5539E-1 5.49134E-1 5.42828E-1 5.36472E-1 5.30081E-1 5.2377E-1 5.18349E-1 5.152E-1 5.13953E-1 5.13009E-1 5.12099E-1 5.11208E-1 5.10309E-1 5.09385E-1 5.08436E-1 5.07483E-1 5.06549E-1 5.05849E-1 5.06258E-1 5.08649E-1 5.12914E-1 5.18302E-1 5.23871E-1 5.29406E-1 5.34891E-1 5.40321E-1 5.45702E-1 5.51038E-1 5.56332E-1 5.6124E-1 5.64206E-1 5.64106E-1 5.61374E-1 5.56958E-1 5.5222E-1 5.47477E-1
6.12497E-1 6.11328E-1 6.1012E-1 6.08895E-1 6.07676E-1 6.06528E-1 6.05425E-1 6.04321E-1 6.03389E-1 6.0261E-1 6.01795E-1 6.00948E-1 6.00088E-1 5.99245E-1 5.98445E-1 5.97702E-1 5.97008E-1 5.96189E-1 5.94404E-1 5.90303E-1 5.84088E-1 5.77183E-1 5.70252E-1 5.63322E-1 5.56386E-1 5.49414E-1 5.42369E-1 5.35219E-1 5.27948E-1 5.20645E-1 5.14333E-1 5.10906E-1 5.09868E-1 5.09152E-1 5.08451E-1 5.07717E-1 5.06919E-1 5.0604E-1 5.05076E-1 5.04043E-1 5.0297E-1 5.01981E-1 5.01894E-1 5.04161E-1 5.08807E-1 5.14315E-1 5.19804E-1 5.25193E-1 5.30482E-1 5.3569E-1 5.40846E-1 5.45976E-1 5.51097E-1 5.56105E-1 5.59488E-1 5.58984E-1 5.54872E-1 5.4952E-1 5.44169E-1 5.38851E-1
6.21684E-1 6.20229E-1 6.18704E-1 6.17122E-1 6.15498E-1 6.13872E-1 6.12303E-1 6.11033E-1 6.10125E-1 6.09167E-1 6.08112E-1 6.06995E-1 6.05857E-1 6.04741E-1 6.03692E-1 6.02756E-1 6.01971E-1 6.01321E-1 5.9991E-1 5.95283E-1 5.87672E-1 5.79947E-1 5.72318E-1 5.64765E-1 5.57237E-1 5.49678E-1 5.42028E-1 5.34226E-1 5.26212E-1 5.17961E-1 5.10597E-1 5.06889E-1 5.06447E-1 5.06047E-1 5.05571E-1 5.04984E-1 5.04282E-1 5.0346E-1 5.02512E-1 5.0143E-1 5.00215E-1 4.98905E-1 4.98053E-1 4.99967E-1 5.054E-1 5.10916E-1 5.16234E-1 5.21362E-1 5.26347E-1 5.31233E-1 5.36069E-1 5.40897E-1 5.4576E-1 5.50679E-1 5.54461E-1 5.53761E-1 5.48062E-1 5.42112E-1 5.36295E-1 5.30543E-1
6.31156E-1 6.29679E-1 6.28119E-1 6.26506E-1 6.2486E-1 6.23229E-1 6.21637E-1 6.20213E-1 6.19094E-1 6.17974E-1 6.16808E-1 6.15582E-1 6.14335E-1 6.13109E-1 6.11947E-1 6.10891E-1 6.09974E-1 6.09154E-1 6.07511E-1 6.02631E-1 5.94647E-1 5.86488E-1 5.78401E-1 5.70376E-1 5.62362E-1 5.54304E-1 5.46148E-1 5.37835E-1 5.2931E-1 5.20583E-1 5.12871E-1 5.08979E-1 5.0842E-1 5.08006E-1 5.07547E-1 5.06988E-1 5.06319E-1 5.05533E-1 5.04626E-1 5.03592E-1 5.02436E-1 5.01221E-1 5.0047E-1 5.02078E-1 5.06665E-1 5.11451E-1 5.16083E-1 5.20542E-1 5.24868E-1 5.29106E-1 5.33301E-1 5.37496E-1 5.41728E-1 5.46013E-1 5.49112E-1 5.48021E-1 5.42409E-1 5.37322E-1 5.331E-1 5.27149E-1
6.40136E-1 6.39231E-1 6.3812E-1 6.36823E-1 6.35414E-1 6.34072E-1 6.32781E-1 6.31313E-1 6.29893E-1 6.28665E-1 6.27433E-1 6.26198E-1 6.24961E-1 6.23734E-1 6.22541E-1 6.21388E-1 6.20271E-1 6.19003E-1 6.16615E-1 6.11577E-1 6.04149E-1 5.95942E-1 5.87648E-1 5.79308E-1 5.70924E-1 5.62472E-1 5.5392E-1 5.45247E-1 5.36448E-1 5.27629E-1 5.2003E-1 5.15994E-1 5.14924E-1 5.1426E-1 5.13619E-1 5.12964E-1 5.12262E-1 5.11493E-1 5.10651E-1 5.0976E-1 5.08847E-1 5.08005E-1 5.07785E-1 5.09041E-1 5.11814E-1 5.15296E-1 5.18794E-1 5.22228E-1 5.25597E-1 5.28912E-1 5.32195E-1 5.35474E-1 5.38758E-1 5.41919E-1 5.43551E-1 5.42033E-1 5.38706E-1 -9999 -9999 -9999
6.4816E-1 6.47948E-1 6.47546E-1 6.46888E-1 6.45993E-1 6.4502E-1 6.43947E-1 6.42418E-1 6.40763E-1 6.39394E-1 6.3807E-1 6.36755E-1 6.3545E-1 6.34152E-1 6.32856E-1 6.31554E-1 6.30225E-1 6.2856E-1 6.25654E-1 6.20516E-1 6.13317E-1 6.05144E-1 5.96736E-1 5.88212E-1 5.79591E-1 5.70874E-1 5.62058E-1 5.53144E-1 5.44145E-1 5.3524E-1 5.27656E-1 5.23486E-1 5.22192E-1 5.21376E-1 5.20631E-1 5.19899E-1 5.19163E-1 5.18411E-1 5.1764E-1 5.16867E-1 5.16104E-1 5.1548E-1 5.15417E-1 5.16135E-1 5.17606E-1 5.19782E-1 5.22116E-1 5.24441E-1 5.26751E-1 5.2904E-1 5.31312E-1 5.33575E-1 5.35825E-1 5.37728E-1 5.37996E-1 5.36285E-1 5.34562E-1 -9999 -9999 -9999
6.55652E-1 6.55708E-1 6.55834E-1 6.55833E-1 6.55611E-1 6.55252E-1 6.54612E-1 6.53151E-1 6.51339E-1 6.49825E-1 6.48408E-1 6.46997E-1 6.45595E-1 6.44196E-1 6.42785E-1 6.4136E-1 6.39879E-1 6.37968E-1 6.34786E-1 6.29497E-1 6.22277E-1 6.14107E-1 6.05547E-1 5.96867E-1 5.88072E-1 5.79164E-1 5.7015E-1 5.61034E-1 5.51845E-1 5.42807E-1 5.35129E-1 5.30863E-1 5.29485E-1 5.28595E-1 5.27864E-1 5.27131E-1 5.26399E-1 5.25666E-1 5.24932E-1 5.24197E-1 5.23464E-1 5.22904E-1 5.22803E-1 5.22961E-1 5.23373E-1 5.2435E-1 5.25586E-1 5.26819E-1 5.28045E-1 5.29265E-1 5.30479E-1 5.31686E-1 5.32859E-1 5.33541E-1 5.32711E-1 5.30835E-1 5.27595E-1 -9999 -9999 -9999
6.6298E-1 6.63079E-1 6.63361E-1 6.63756E-1 6.64093E-1 6.64395E-1 6.64365E-1 6.63282E-1 6.61558E-1 6.59952E-1 6.58455E-1 6.56962E-1 6.55473E-1 6.53988E-1 6.52497E-1 6.50976E-1 6.49356E-1 6.47285E-1 6.43988E-1 6.38529E-1 6.31165E-1 6.22943E-1 6.14242E-1 6.05407E-1 5.96447E-1 5.87365E-1 5.78166E-1 5.68855E-1 5.59485E-1 5.50287E-1 5.42443E-1 5.38102E-1 5.36706E-1 5.35769E-1 5.35055E-1 5.34341E-1 5.33627E-1 5.32912E-1 5.32197E-1 5.3148E-1 5.30771E-1 5.30215E-1 5.29945E-1 5.29543E-1 5.29022E-1 5.28904E-1 5.29046E-1 5.292E-1 5.29353E-1 5.29502E-1 5.2965E-1 5.29796E-1 5.29875E-1 5.29425E-1 5.27732E-1 5.25693E-1 5.2367E-1 5.20537E-1 5.16759E-1 5.12948E-1
6.70128E-1 6.70264E-1 6.70581E-1 6.7109E-1 6.71773E-1 6.7256E-1 6.73062E-1 6.72478E-1 6.71141E-1 6.69717E-1 6.68215E-1 6.6665E-1 6.65088E-1 6.63529E-1 6.6197E-1 6.60393E-1 6.58678E-1 6.56534E-1 6.53199E-1 6.47572E-1 6.39992E-1 6.31651E-1 6.2282E-1 6.1384E-1 6.04724E-1 5.95476E-1 5.86101E-1 5.76604E-1 5.67047E-1 5.57652E-1 5.49614E-1 5.45204E-1 5.43835E-1 5.42892E-1 5.42192E-1 5.41497E-1 5.40801E-1 5.40104E-1 5.39406E-1 5.38707E-1 5.3801E-1 5.37408E-1 5.36905E-1 5.35949E-1 5.34562E-1 5.3343E-1 5.32489E-1 5.31574E-1 5.30657E-1 5.29739E-1 5.28821E-1 5.27903E-1 5.26908E-1 5.25425E-1 5.22991E-1 5.20787E-1 5.19158E-1 5.16607E-1 5.13462E-1 5.10267E-1
6.77459E-1 6.77372E-1 6.77618E-1 6.78143E-1 6.78925E-1 6.80025E-1 6.80924E-1 6.80752E-1 6.79848E-1 6.78852E-1 6.77603E-1 6.76069E-1 6.74443E-1 6.72819E-1 6.71196E-1 6.69569E-1 6.67836E-1 6.65689E-1 6.62359E-1 6.56571E-1 6.4874E-1 6.40234E-1 6.31277E-1 6.22161E-1 6.12899E-1 6.03494E-1 5.93953E-1 5.84279E-1 5.74527E-1 5.64904E-1 5.56652E-1 5.52181E-1 5.50868E-1 5.49957E-1 5.49276E-1 5.48598E-1 5.47919E-1 5.47238E-1 5.46557E-1 5.45875E-1 5.45182E-1 5.4451E-1 5.4375E-1 5.42246E-1 5.40024E-1 5.37917E-1 5.35918E-1 5.33938E-1 5.31957E-1 5.29975E-1 5.27992E-1 5.26008E-1 5.23964E-1 5.21523E-1 5.18407E-1 5.16038E-1 5.14742E-1 5.12694E-1 5.10158E-1 5.07582E-1
6.85402E-1 6.8491E-1 6.84777E-1 6.85075E-1 6.85796E-1 6.86983E-1 6.88151E-1 6.88305E-1 6.87767E-1 6.87203E-1 6.86386E-1 6.85127E-1 6.83541E-1 6.8186E-1 6.8018E-1 6.78501E-1 6.76771E-1 6.74711E-1 6.71415E-1 6.65477E-1 6.57384E-1 6.48687E-1 6.3961E-1 6.30368E-1 6.2097E-1 6.11418E-1 6.01718E-1 5.91874E-1 5.81926E-1 5.72051E-1 5.63571E-1 5.59041E-1 5.57811E-1 5.56963E-1 5.56302E-1 5.55641E-1 5.54978E-1 5.54313E-1 5.53647E-1 5.52981E-1 5.52295E-1 5.5156E-1 5.50547E-1 5.48499E-1 5.45446E-1 5.42372E-1 5.3933E-1 5.36295E-1 5.33254E-1 5.3021E-1 5.27162E-1 5.24111E-1 5.21027E-1 5.17667E-1 5.13898E-1 5.11363E-1 5.10372E-1 5.08785E-1 5.06847E-1 5.04892E-1
6.93967E-1 6.93128E-1 6.92532E-1 6.92299E-1 6.92607E-1 6.93616E-1 6.94898E-1 6.95284E-1 6.95066E-1 6.94878E-1 6.94457E-1 6.93623E-1 6.92308E-1 6.90657E-1 6.88926E-1 6.87198E-1 6.85457E-1 6.83537E-1 6.80321E-1 6.74244E-1 6.6589E-1 6.57001E-1 6.47816E-1 6.38458E-1 6.28932E-1 6.19242E-1 6.09392E-1 5.99388E-1 5.89248E-1 5.7911E-1 5.70382E-1 5.65798E-1 5.64673E-1 5.63913E-1 5.63268E-1 5.62622E-1 5.61974E-1 5.61325E-1 5.60675E-1 5.60023E-1 5.59357E-1 5.58595E-1 5.57359E-1 5.5477E-1 5.50865E-1 5.46804E-1 5.42728E-1 5.38643E-1 5.34548E-1 5.30445E-1 5.26332E-1 5.22212E-1 5.18077E-1 5.13788E-1 5.0938E-1 5.06682E-1 5.05987E-1 5.04857E-1 5.03529E-1 5.02199E-1
7.02968E-1 7.018E-1 7.00913E-1 7.00213E-1 6.99832E-1 7.00213E-1 7.01295E-1 7.01831E-1 7.01878E-1 7.02012E-1 7.01925E-1 7.01511E-1 7.00637E-1 6.99223E-1 6.97468E-1 6.95668E-1 6.93895E-1 6.92059E-1 6.8903E-1 6.82831E-1 6.74228E-1 6.65172E-1 6.55903E-1 6.46468E-1 6.36842E-1 6.27014E-1 6.16998E-1 6.06821E-1 5.96503E-1 5.86116E-1 5.77099E-1 5.72461E-1 5.7147E-1 5.70802E-1 5.70172E-1 5.69538E-1 5.68898E-1 5.68257E-1 5.67625E-1 5.66995E-1 5.66355E-1 5.65616E-1 5.64249E-1 5.61113E-1 5.56297E-1 5.51215E-1 5.46106E-1 5.40975E-1 5.35833E-1 5.30679E-1 5.25506E-1 5.20312E-1 5.15105E-1 5.0984E-1 5.04767E-1 5.0191E-1 5.01539E-1 5.00908E-1 5.0021E-1 4.99517E-1
7.11632E-1 7.10168E-1 7.09128E-1 7.08337E-1 7.07661E-1 7.07264E-1 7.07477E-1 7.08076E-1 7.08412E-1 7.08907E-1 7.09234E-1 7.09267E-1 7.08866E-1 7.07876E-1 7.06262E-1 7.04309E-1 7.02292E-1 7.00316E-1 6.97446E-1 6.91201E-1 6.82439E-1 6.73467E-1 6.64285E-1 6.54844E-1 6.45126E-1 6.35129E-1 6.24883E-1 6.14426E-1 6.03804E-1 5.93094E-1 5.83753E-1 5.79053E-1 5.78258E-1 5.77662E-1 5.77036E-1 5.76368E-1 5.75678E-1 5.74991E-1 5.74336E-1 5.73729E-1 5.73172E-1 5.72583E-1 5.71248E-1 5.67555E-1 5.61668E-1 5.55499E-1 5.49326E-1 5.43181E-1 5.37056E-1 5.30924E-1 5.24754E-1 5.18517E-1 5.12201E-1 5.05833E-1 4.9997E-1 4.96964E-1 4.97033E-1 4.97067E-1 4.97089E-1 4.97064E-1
7.19459E-1 7.17818E-1 7.16645E-1 7.15892E-1 7.15319E-1 7.14734E-1 7.14208E-1 7.14338E-1 7.15227E-1 7.161E-1 7.16797E-1 7.17223E-1 7.17263E-1 7.16758E-1 7.15537E-1 7.1364E-1 7.11408E-1 7.09046E-1 7.05784E-1 6.99731E-1 6.91284E-1 6.82532E-1 6.73416E-1 6.63914E-1 6.54047E-1 6.43842E-1 6.33332E-1 6.22552E-1 6.11547E-1 6.00389E-1 5.90583E-1 5.85735E-1 5.85202E-1 5.84597E-1 5.83884E-1 5.83092E-1 5.82266E-1 5.81445E-1 5.80674E-1 5.79995E-1 5.79445E-1 5.79026E-1 5.77967E-1 5.73835E-1 5.66567E-1 5.59335E-1 5.52207E-1 5.45171E-1 5.38179E-1 5.31183E-1 5.24129E-1 5.16967E-1 5.09646E-1 5.02145E-1 4.95209E-1 4.91997E-1 4.92919E-1 4.9373E-1 4.94429E-1 4.95009E-1
7.1883E-1 7.16928E-1 7.15422E-1 7.14397E-1 7.13714E-1 7.13084E-1 7.12608E-1 7.12916E-1 7.14148E-1 7.15475E-1 7.16682E-1 7.17662E-1 7.18343E-1 7.18584E-1 7.1818E-1 7.16981E-1 7.15195E-1 7.13273E-1 7.10432E-1 7.04557E-1 6.96214E-1 6.87609E-1 6.78648E-1 6.69308E-1 6.59609E-1 6.49577E-1 6.39245E-1 6.28647E-1 6.1783E-1 6.06872E-1 5.97195E-1 5.92183E-1 5.9115E-1 5.90114E-1 5.88976E-1 5.87765E-1 5.86518E-1 5.85278E-1 5.84087E-1 5.82987E-1 5.8201E-1 5.81145E-1 5.79636E-1 5.75209E-1 5.67841E-1 5.60393E-1 5.53033E-1 5.45759E-1 5.38524E-1 5.3128E-1 5.23976E-1 5.16562E-1 5.08992E-1 5.01257E-1 4.94185E-1 4.90972E-1 4.91933E-1 4.92898E-1 4.93768E-1 4.94523E-1
7.10918E-1 7.08718E-1 7.06764E-1 7.05221E-1 7.04152E-1 7.0353E-1 7.03727E-1 7.04848E-1 7.06509E-1 7.08422E-1 7.10275E-1 7.11988E-1 7.13482E-1 7.14679E-1 7.15405E-1 7.15446E-1 7.14815E-1 7.13968E-1 7.12041E-1 7.06535E-1 6.98173E-1 6.89592E-1 6.80805E-1 6.71782E-1 6.62491E-1 6.52935E-1 6.43137E-1 6.33138E-1 6.2298E-1 6.12713E-1 6.03568E-1 5.98305E-1 5.96292E-1 5.94465E-1 5.92613E-1 5.90728E-1 5.88822E-1 5.86919E-1 5.85043E-1 5.8321E-1 5.81412E-1 5.79568E-1 5.77052E-1 5.72482E-1 5.65952E-1 5.59018E-1 5.5206E-1 5.45104E-1 5.38151E-1 5.31181E-1 5.24165E-1 5.1708E-1 5.09921E-1 5.02734E-1 4.96274E-1 4.93152E-1 4.93546E-1 4.94121E-1 4.94687E-1 4.9522E-1
7.01355E-1 6.99014E-1 6.96761E-1 6.94815E-1 6.93484E-1 6.93109E-1 6.94079E-1 6.96034E-1 6.98378E-1 7.01036E-1 7.03676E-1 7.0621E-1 7.08569E-1 7.10725E-1 7.12594E-1 7.13959E-1 7.146E-1 7.14692E-1 7.13406E-1 7.08364E-1 7.00355E-1 6.91981E-1 6.83408E-1 6.74677E-1 6.65761E-1 6.56653E-1 6.47364E-1 6.37916E-1 6.28325E-1 6.18618E-1 6.09857E-1 6.04309E-1 6.01438E-1 5.98762E-1 5.96125E-1 5.9348E-1 5.90826E-1 5.88167E-1 5.85512E-1 5.82858E-1 5.80192E-1 5.77385E-1 5.74004E-1 5.69362E-1 5.6345E-1 5.57083E-1 5.50615E-1 5.4411E-1 5.37578E-1 5.31021E-1 5.24431E-1 5.17808E-1 5.11161E-1 5.04558E-1 4.98636E-1 4.95574E-1 4.95558E-1 4.95749E-1 4.95974E-1 4.96203E-1
6.91233E-1 6.88858E-1 6.865E-1 6.84355E-1 6.82889E-1 6.82718E-1 6.84231E-1 6.86942E-1 6.90138E-1 6.93653E-1 6.97206E-1 7.00657E-1 7.03948E-1 7.0706E-1 7.09968E-1 7.12529E-1 7.1439E-1 7.15416E-1 7.14748E-1 7.10184E-1 7.02582E-1 6.94591E-1 6.8636E-1 6.77969E-1 6.69421E-1 6.60719E-1 6.51866E-1 6.42863E-1 6.33717E-1 6.24475E-1 6.16027E-1 6.10197E-1 6.06547E-1 6.03054E-1 5.99629E-1 5.96195E-1 5.92752E-1 5.89297E-1 5.85834E-1 5.82362E-1 5.78865E-1 5.75183E-1 5.71071E-1 5.66335E-1 5.60904E-1 5.55056E-1 5.49049E-1 5.43014E-1 5.36951E-1 5.30863E-1 5.2475E-1 5.18615E-1 5.12468E-1 5.06405E-1 5.00971E-1 4.97978E-1 4.97611E-1 4.97475E-1 4.97421E-1 4.97366E-1
6.8105E-1 6.78684E-1 6.76327E-1 6.74095E-1 6.72475E-1 6.72315E-1 6.74156E-1 6.77565E-1 6.81705E-1 6.86134E-1 6.9064E-1 6.95049E-1 6.99307E-1 7.03384E-1 7.07267E-1 7.10905E-1 7.13995E-1 7.16092E-1 7.16089E-1 7.12004E-1 7.04796E-1 6.97184E-1 6.89306E-1 6.81279E-1 6.7311E-1 6.64799E-1 6.5635E-1 6.47765E-1 6.3905E-1 6.30252E-1 6.22078E-1 6.15973E-1 6.11587E-1 6.07313E-1 6.0311E-1 5.98894E-1 5.9466E-1 5.90409E-1 5.86142E-1 5.81861E-1 5.77536E-1 5.73014E-1 5.68246E-1 5.63405E-1 5.58388E-1 5.53025E-1 5.47479E-1 5.41908E-1 5.36316E-1 5.30704E-1 5.25071E-1 5.19421E-1 5.13774E-1 5.08241E-1 5.03267E-1 5.00345E-1 4.99651E-1 4.99197E-1 4.98868E-1 4.9854E-1
6.70867E-1 6.68526E-1 6.66223E-1 6.64001E-1 6.62238E-1 6.619E-1 6.63828E-1 6.67909E-1 6.73072E-1 6.78481E-1 6.83967E-1 6.89359E-1 6.94603E-1 6.99661E-1 7.0452E-1 7.09161E-1 7.13409E-1 7.16669E-1 7.17447E-1 7.13839E-1 7.07009E-1 6.99762E-1 6.92233E-1 6.84566E-1 6.76769E-1 6.68844E-1 6.60792E-1 6.52617E-1 6.44321E-1 6.35944E-1 6.28024E-1 6.21651E-1 6.16559E-1 6.11537E-1 6.06567E-1 6.01576E-1 5.96558E-1 5.91516E-1 5.8645E-1 5.8136E-1 5.76217E-1 5.70891E-1 5.655E-1 5.60548E-1 5.55907E-1 5.50991E-1 5.45907E-1 5.40802E-1 5.35681E-1 5.30543E-1 5.2539E-1 5.20223E-1 5.15068E-1 5.10048E-1 5.05516E-1 5.02669E-1 5.01667E-1 5.00914E-1 5.00309E-1 4.99711E-1
6.6065E-1 6.58335E-1 6.56106E-1 6.53984E-1 6.52172E-1 6.51484E-1 6.53256E-1 6.57997E-1 6.64242E-1 6.70693E-1 6.77193E-1 6.83591E-1 6.89841E-1 6.95897E-1 7.01745E-1 7.07368E-1 7.1268E-1 7.17134E-1 7.18837E-1 7.15705E-1 7.09232E-1 7.0233E-1 6.95141E-1 6.87829E-1 6.80398E-1 6.72852E-1 6.6519E-1 6.57418E-1 6.49532E-1 6.41557E-1 6.33878E-1 6.27244E-1 6.21467E-1 6.15721E-1 6.09999E-1 6.04242E-1 5.98449E-1 5.92619E-1 5.86755E-1 5.80858E-1 5.74906E-1 5.68802E-1 5.62801E-1 5.57735E-1 5.53452E-1 5.48956E-1 5.44335E-1 5.39696E-1 5.35045E-1 5.30381E-1 5.25706E-1 5.2102E-1 5.16349E-1 5.11821E-1 5.07715E-1 5.04942E-1 5.03652E-1 5.0262E-1 5.01745E-1 5.00878E-1
6.50378E-1 6.48082E-1 6.45918E-1 6.43923E-1 6.42144E-1 6.41039E-1 6.42494E-1 6.4787E-1 6.55236E-1 6.62774E-1 6.70319E-1 6.77748E-1 6.85024E-1 6.92096E-1 6.98947E-1 7.05559E-1 7.11879E-1 7.17511E-1 7.20262E-1 7.17616E-1 7.11474E-1 7.04886E-1 6.98031E-1 6.91068E-1 6.83998E-1 6.76823E-1 6.69545E-1 6.62167E-1 6.54685E-1 6.47101E-1 6.39655E-1 6.32764E-1 6.26317E-1 6.19866E-1 6.13406E-1 6.06893E-1 6.0033E-1 5.93718E-1 5.8706E-1 5.80356E-1 5.73597E-1 5.66723E-1 5.60118E-1 5.54938E-1 5.51003E-1 5.46921E-1 5.42759E-1 5.38588E-1 5.34407E-1 5.30217E-1 5.26019E-1 5.21813E-1 5.17618E-1 5.13556E-1 5.09857E-1 5.07162E-1 5.05601E-1 5.04313E-1 5.03175E-1 5.02041E-1
6.40038E-1 6.37755E-1 6.35639E-1 6.3372E-1 6.31963E-1 6.3054E-1 6.31617E-1 6.37584E-1 6.46102E-1 6.54742E-1 6.63347E-1 6.71834E-1 6.80155E-1 6.88259E-1 6.96126E-1 7.03738E-1 7.11055E-1 7.17826E-1 7.21682E-1 7.19584E-1 7.13737E-1 7.07426E-1 7.00902E-1 6.94282E-1 6.87567E-1 6.80758E-1 6.73857E-1 6.66864E-1 6.5978E-1 6.52585E-1 6.45365E-1 6.38223E-1 6.31118E-1 6.23977E-1 6.16788E-1 6.09529E-1 6.02203E-1 5.94813E-1 5.87363E-1 5.79853E-1 5.72284E-1 5.64633E-1 5.5742E-1 5.52126E-1 5.48546E-1 5.4488E-1 5.41184E-1 5.3748E-1 5.33769E-1 5.30052E-1 5.2633E-1 5.22602E-1 5.18876E-1 5.15258E-1 5.1194E-1 5.09321E-1 5.07517E-1 5.06001E-1 5.04601E-1 5.032E-1
6.29631E-1 6.27351E-1 6.25236E-1 6.23295E-1 6.21507E-1 6.19907E-1 6.2069E-1 6.27171E-1 6.36881E-1 6.46635E-1 6.56296E-1 6.65838E-1 6.75215E-1 6.8437E-1 6.93277E-1 7.01905E-1 7.10223E-1 7.1808E-1 7.23068E-1 7.2162E-1 7.16012E-1 7.09949E-1 7.03751E-1 6.97456E-1 6.91076E-1 6.84626E-1 6.78107E-1 6.71507E-1 6.64815E-1 6.58018E-1 6.51021E-1 6.43628E-1 6.35875E-1 6.28053E-1 6.20143E-1 6.12139E-1 6.04054E-1 5.95897E-1 5.87662E-1 5.79349E-1 5.70964E-1 5.62512E-1 5.54674E-1 5.49268E-1 5.46063E-1 5.42838E-1 5.3961E-1 5.36389E-1 5.33164E-1 5.2992E-1 5.26658E-1 5.2339E-1 5.20133E-1 5.16946E-1 5.13961E-1 5.11419E-1 5.09406E-1 5.07686E-1 5.06024E-1 5.04373E-1
6.19192E-1 6.16847E-1 6.14643E-1 6.12601E-1 6.10743E-1 6.09068E-1 6.09728E-1 6.16665E-1 6.27572E-1 6.38373E-1 6.4904E-1 6.59596E-1 6.7002E-1 6.80248E-1 6.90233E-1 6.99939E-1 7.09325E-1 7.18283E-1 7.24436E-1 7.2371E-1 7.1822E-1 7.12349E-1 7.06371E-1 7.00327E-1 6.94237E-1 6.88124E-1 6.81996E-1 6.75849E-1 6.69666E-1 6.63373E-1 6.56639E-1 6.48982E-1 6.40564E-1 6.31973E-1 6.23286E-1 6.14546E-1 6.05754E-1 5.96895E-1 5.87941E-1 5.78871E-1 5.6967E-1 5.60365E-1 5.51851E-1 5.46345E-1 5.43582E-1 5.40911E-1 5.38271E-1 5.35612E-1 5.32912E-1 5.30153E-1 5.27331E-1 5.24451E-1 5.21535E-1 5.18659E-1 5.15935E-1 5.13466E-1 5.11335E-1 5.09507E-1 5.07726E-1 5.05907E-1
