Spatial_Analysis/SuitabilityMaps/Maxent_Outputs_ASCII/coral_present.asc
ncols         638
nrows         314
xllcorner     -102.97071042
yllcorner     3.973116569
cellsize      0.083
NODATA_value  -9999
[rows 216 to 242 of 314, columns 60 to 119 of 638]
4.38796E-1 4.36429E-1 4.34691E-1 4.31532E-1 4.29546E-1 4.2691E-1 4.23198E-1 4.19973E-1 4.17536E-1 4.13176E-1 4.1022E-1 4.06116E-1 4.004E-1 3.9629E-1 3.92265E-1 3.8762E-1 3.82451E-1 3.79717E-1 3.73987E-1 3.69605E-1 3.66106E-1 3.64392E-1 3.62377E-1 3.60972E-1 3.59642E-1 3.5718E-1 3.56286E-1 3.5641E-1 3.55003E-1 3.55041E-1 3.55904E-1 3.55397E-1 3.56265E-1 3.56231E-1 3.54406E-1 3.36076E-1 3.38525E-1 3.37969E-1 3.42199E-1 3.4513E-1 3.45373E-1 3.47629E-1 3.52104E-1 3.57193E-1 3.59534E-1 3.65528E-1 3.68716E-1 3.7273E-1 3.79195E-1 3.8206E-1 3.85374E-1 3.9087E-1 3.93139E-1 3.9548E-1 3.99865E-1 4.01368E-1 4.02839E-1 4.05907E-1 4.06903E-1 4.07591E-1
4.28703E-1 4.26904E-1 4.25575E-1 4.21787E-1 4.20426E-1 4.18318E-1 4.13866E-1 4.11879E-1 4.09775E-1 4.04745E-1 4.02754E-1 3.99893E-1 3.94311E-1 3.91838E-1 3.88858E-1 3.83209E-1 3.79684E-1 3.75298E-1 3.58676E-1 3.65355E-1 3.63101E-1 3.62237E-1 3.63529E-1 3.62652E-1 3.61317E-1 3.6014E-1 3.58914E-1 3.58641E-1 3.53651E-1 3.40853E-1 3.58456E-1 3.59568E-1 3.59577E-1 3.61361E-1 3.60493E-1 3.6146E-1 3.66035E-1 3.66341E-1 3.6714E-1 3.73309E-1 3.67449E-1 3.54208E-1 3.53693E-1 3.54629E-1 3.56163E-1 3.63791E-1 3.65824E-1 3.68407E-1 3.75737E-1 3.78046E-1 3.79497E-1 3.85754E-1 3.87616E-1 3.8849E-1 3.93452E-1 3.94216E-1 3.95061E-1 3.9865E-1 3.99153E-1 3.99212E-1
4.22624E-1 4.20104E-1 4.18169E-1 4.15953E-1 4.13545E-1 4.10973E-1 4.08353E-1 4.05532E-1 4.02724E-1 3.99837E-1 3.96417E-1 3.93605E-1 3.90603E-1 3.8699E-1 3.83994E-1 3.81093E-1 3.77787E-1 3.71505E-1 3.59965E-1 3.47875E-1 3.45729E-1 3.45797E-1 3.58748E-1 3.61812E-1 3.61836E-1 3.61038E-1 3.59966E-1 3.59539E-1 3.57518E-1 3.56091E-1 3.59727E-1 3.61355E-1 3.62359E-1 3.64278E-1 3.65582E-1 3.66077E-1 3.68372E-1 3.69897E-1 3.70457E-1 3.73116E-1 3.72277E-1 3.71207E-1 3.6947E-1 3.55563E-1 3.57734E-1 3.6027E-1 3.64752E-1 3.68244E-1 3.71939E-1 3.7497E-1 3.77198E-1 3.80542E-1 3.83626E-1 3.85219E-1 3.87923E-1 3.90204E-1 3.91181E-1 3.93023E-1 3.9455E-1 3.94642E-1
4.17807E-1 4.15367E-1 4.13928E-1 4.11162E-1 4.08502E-1 4.06644E-1 4.03654E-1 4.01212E-1 3.98659E-1 3.95469E-1 3.91926E-1 3.90094E-1 3.87032E-1 3.83282E-1 3.81222E-1 3.78481E-1 3.75763E-1 3.68368E-1 3.49003E-1 3.42175E-1 3.48773E-1 3.39956E-1 3.43626E-1 3.57728E-1 3.59593E-1 3.60117E-1 3.59312E-1 3.60058E-1 3.5959E-1 3.58941E-1 3.6136E-1 3.62058E-1 3.62074E-1 3.6449E-1 3.65654E-1 3.65602E-1 3.68276E-1 3.68551E-1 3.69599E-1 3.7266E-1 3.72745E-1 3.73145E-1 3.61808E-1 3.64561E-1 3.57944E-1 3.59958E-1 3.63368E-1 3.79535E-1 3.73243E-1 3.74075E-1 3.74689E-1 3.78118E-1 3.79728E-1 3.81724E-1 3.85119E-1 3.86463E-1 3.87736E-1 3.89901E-1 3.90732E-1 3.91283E-1
4.08959E-1 4.07554E-1 4.06028E-1 4.02794E-1 4.012E-1 3.99329E-1 3.95839E-1 3.94338E-1 3.92257E-1 3.88778E-1 3.86856E-1 3.85223E-1 3.8208E-1 3.80043E-1 3.78234E-1 3.75461E-1 3.73853E-1 3.66824E-1 3.51748E-1 3.41889E-1 3.43079E-1 3.46549E-1 3.39339E-1 3.49446E-1 3.57954E-1 3.621E-1 3.60994E-1 3.62194E-1 3.61798E-1 3.61601E-1 3.63857E-1 3.64439E-1 3.63789E-1 3.66731E-1 3.6693E-1 3.66516E-1 3.69762E-1 3.69438E-1 3.69424E-1 3.73145E-1 3.7147E-1 3.71141E-1 3.57534E-1 3.56132E-1 3.54146E-1 3.57321E-1 3.60328E-1 3.71022E-1 3.8278E-1 3.83321E-1 3.69763E-1 3.73467E-1 3.73246E-1 3.74481E-1 3.78463E-1 3.79099E-1 3.79864E-1 3.82411E-1 3.82639E-1 3.82814E-1
4.0331E-1 4.01127E-1 3.99409E-1 3.97494E-1 3.95229E-1 3.93053E-1 3.90947E-1 3.88384E-1 3.86507E-1 3.84506E-1 3.81916E-1 3.80452E-1 3.7887E-1 3.76701E-1 3.74862E-1 3.73475E-1 3.71762E-1 3.64855E-1 3.46332E-1 3.39574E-1 3.36894E-1 3.39451E-1 3.39811E-1 3.53219E-1 3.58525E-1 3.62757E-1 3.62042E-1 3.62693E-1 3.6312E-1 3.63054E-1 3.64312E-1 3.65555E-1 3.65302E-1 3.66791E-1 3.67854E-1 3.67745E-1 3.69349E-1 3.70187E-1 3.70324E-1 3.72128E-1 3.72287E-1 3.73281E-1 3.6525E-1 3.59404E-1 3.53863E-1 3.55852E-1 3.59565E-1 3.78288E-1 3.83375E-1 3.78787E-1 3.6755E-1 3.69086E-1 3.69132E-1 3.70717E-1 3.72952E-1 3.74824E-1 3.75577E-1 3.76797E-1 3.7774E-1 3.77848E-1
3.99076E-1 3.97283E-1 3.95659E-1 3.93494E-1 3.91055E-1 3.89458E-1 3.87311E-1 3.85081E-1 3.83134E-1 3.81241E-1 3.79091E-1 3.77518E-1 3.76162E-1 3.74206E-1 3.72529E-1 3.71327E-1 3.69265E-1 3.63309E-1 3.48406E-1 3.39088E-1 3.34429E-1 3.35356E-1 3.47698E-1 3.59132E-1 3.61518E-1 3.62046E-1 3.61564E-1 3.62786E-1 3.62611E-1 3.62687E-1 3.64422E-1 3.64751E-1 3.64991E-1 3.66761E-1 3.67072E-1 3.67372E-1 3.69113E-1 3.7006E-1 3.69851E-1 3.71838E-1 3.73219E-1 3.74099E-1 3.7159E-1 3.60173E-1 3.5758E-1 3.67888E-1 3.74043E-1 3.8409E-1 3.86299E-1 3.82805E-1 3.74719E-1 3.71292E-1 3.66693E-1 3.67511E-1 3.70118E-1 3.7139E-1 3.72401E-1 3.73813E-1 3.74886E-1 3.74911E-1
3.92014E-1 3.91044E-1 3.89529E-1 3.87169E-1 3.85764E-1 3.84178E-1 3.81833E-1 3.80535E-1 3.78762E-1 3.76769E-1 3.75687E-1 3.7428E-1 3.72882E-1 3.71749E-1 3.70345E-1 3.69222E-1 3.67987E-1 3.64859E-1 3.57039E-1 3.48294E-1 3.40218E-1 3.45484E-1 3.58748E-1 3.62033E-1 3.63095E-1 3.63067E-1 3.62357E-1 3.64103E-1 3.64101E-1 3.636E-1 3.65801E-1 3.65722E-1 3.65588E-1 3.67797E-1 3.67581E-1 3.67327E-1 3.69456E-1 3.69469E-1 3.68176E-1 3.7056E-1 3.72192E-1 3.72239E-1 3.71925E-1 3.64052E-1 3.64614E-1 3.77358E-1 3.7962E-1 3.83295E-1 3.85998E-1 3.87139E-1 3.81355E-1 3.77728E-1 3.63947E-1 3.60594E-1 3.63596E-1 3.64509E-1 3.64946E-1 3.66663E-1 3.68017E-1 3.67999E-1
3.87265E-1 3.85645E-1 3.84317E-1 3.82972E-1 3.81447E-1 3.79672E-1 3.78264E-1 3.76424E-1 3.74884E-1 3.73797E-1 3.72385E-1 3.71154E-1 3.70462E-1 3.69494E-1 3.68002E-1 3.67464E-1 3.66841E-1 3.6499E-1 3.62349E-1 3.60293E-1 3.51208E-1 3.57276E-1 3.61741E-1 3.62108E-1 3.62858E-1 3.63616E-1 3.63123E-1 3.6409E-1 3.65048E-1 3.64652E-1 3.65838E-1 3.66895E-1 3.6648E-1 3.67575E-1 3.68408E-1 3.6792E-1 3.68887E-1 3.68456E-1 3.64642E-1 3.63561E-1 3.69233E-1 3.70947E-1 3.7287E-1 3.73231E-1 3.74509E-1 3.78238E-1 3.7994E-1 3.80988E-1 3.82797E-1 3.84086E-1 3.82538E-1 3.82338E-1 3.61236E-1 3.56847E-1 3.58593E-1 3.60235E-1 3.60738E-1 3.62422E-1 3.67217E-1 3.71498E-1
3.83813E-1 3.82411E-1 3.81224E-1 3.79874E-1 3.781E-1 3.76892E-1 3.75631E-1 3.73816E-1 3.72338E-1 3.71443E-1 3.69672E-1 3.68761E-1 3.6825E-1 3.66886E-1 3.65892E-1 3.65478E-1 3.6447E-1 3.63313E-1 3.62934E-1 3.61323E-1 3.60337E-1 3.60842E-1 3.61401E-1 3.61166E-1 3.62374E-1 3.62458E-1 3.62436E-1 3.63908E-1 3.64085E-1 3.64199E-1 3.65703E-1 3.66538E-1 3.66111E-1 3.67342E-1 3.68069E-1 3.67582E-1 3.68611E-1 3.6596E-1 3.58704E-1 3.55904E-1 3.68257E-1 3.70136E-1 3.72983E-1 3.7445E-1 3.75013E-1 3.76862E-1 3.78645E-1 3.79122E-1 3.80856E-1 3.81806E-1 3.81181E-1 3.80516E-1 3.59316E-1 3.5438E-1 3.56257E-1 3.5826E-1 3.59051E-1 3.60008E-1 3.65728E-1 3.74431E-1
3.7846E-1 3.77666E-1 3.76529E-1 3.75183E-1 3.7414E-1 3.72982E-1 3.71725E-1 3.70541E-1 3.69212E-1 3.68282E-1 3.67259E-1 3.66203E-1 3.65634E-1 3.64682E-1 3.63797E-1 3.63478E-1 3.62649E-1 3.61683E-1 3.61573E-1 3.61052E-1 3.6026E-1 3.60981E-1 3.60921E-1 3.60449E-1 3.62103E-1 3.62153E-1 3.61843E-1 3.63879E-1 3.6362E-1 3.63611E-1 3.65587E-1 3.65912E-1 3.65349E-1 3.66969E-1 3.66879E-1 3.66494E-1 3.6723E-1 3.65071E-1 3.55637E-1 3.65072E-1 3.68147E-1 3.69017E-1 3.71138E-1 3.71622E-1 3.71737E-1 3.73853E-1 3.74707E-1 3.74638E-1 3.76593E-1 3.77147E-1 3.75806E-1 3.76243E-1 3.58272E-1 3.50629E-1 3.5278E-1 3.59048E-1 3.59731E-1 3.55218E-1 3.54951E-1 3.56699E-1
3.74619E-1 3.73332E-1 3.72462E-1 3.71754E-1 3.70749E-1 3.695E-1 3.68787E-1 3.67627E-1 3.66301E-1 3.6576E-1 3.64921E-1 3.63777E-1 3.63443E-1 3.62976E-1 3.6183E-1 3.61654E-1 3.61267E-1 3.60214E-1 3.6013E-1 3.59785E-1 3.59356E-1 3.59828E-1 3.60023E-1 3.6004E-1 3.61059E-1 3.61855E-1 3.6174E-1 3.62913E-1 3.63867E-1 3.63599E-1 3.64683E-1 3.65798E-1 3.65223E-1 3.66036E-1 3.66571E-1 3.66229E-1 3.66881E-1 3.66324E-1 3.65839E-1 3.67033E-1 3.68109E-1 3.68316E-1 3.69386E-1 3.70059E-1 3.70409E-1 3.71402E-1 3.72276E-1 3.7253E-1 3.72485E-1 3.72442E-1 3.67633E-1 3.67199E-1 3.63056E-1 3.49345E-1 3.51308E-1 3.72875E-1 3.73339E-1 3.57073E-1 3.51563E-1 3.5201E-1
3.71739E-1 3.70506E-1 3.69798E-1 3.69141E-1 3.68011E-1 3.6698E-1 3.66404E-1 3.64983E-1 3.63982E-1 3.63641E-1 3.62532E-1 3.61646E-1 3.61478E-1 3.6082E-1 3.5999E-1 3.59938E-1 3.59462E-1 3.58758E-1 3.58842E-1 3.58494E-1 3.58214E-1 3.5889E-1 3.5909E-1 3.58997E-1 3.60268E-1 3.60546E-1 3.60731E-1 3.62149E-1 3.62608E-1 3.62695E-1 3.63982E-1 3.64847E-1 3.64413E-1 3.654E-1 3.65985E-1 3.65603E-1 3.66379E-1 3.66749E-1 3.66411E-1 3.67295E-1 3.67924E-1 3.67779E-1 3.68716E-1 3.6917E-1 3.69646E-1 3.70418E-1 3.71409E-1 3.71516E-1 3.71111E-1 3.70469E-1 3.53053E-1 3.52745E-1 3.50727E-1 3.5308E-1 3.54671E-1 3.72431E-1 3.71865E-1 3.67839E-1 3.49996E-1 3.49114E-1
3.67488E-1 3.66827E-1 3.66046E-1 3.65379E-1 3.64674E-1 3.63642E-1 3.63065E-1 3.62093E-1 3.61149E-1 3.60926E-1 3.60045E-1 3.59196E-1 3.59209E-1 3.58796E-1 3.5795E-1 3.58172E-1 3.57887E-1 3.57181E-1 3.57579E-1 3.57365E-1 3.56962E-1 3.57922E-1 3.58111E-1 3.57674E-1 3.59225E-1 3.5915E-1 3.59069E-1 3.60856E-1 3.60945E-1 3.60752E-1 3.62461E-1 3.62666E-1 3.62306E-1 3.63749E-1 3.63909E-1 3.63488E-1 3.64641E-1 3.64743E-1 3.64225E-1 3.65404E-1 3.65522E-1 3.65123E-1 3.66286E-1 3.66185E-1 3.66261E-1 3.67203E-1 3.67451E-1 3.67362E-1 3.68156E-1 3.67931E-1 3.64624E-1 3.63229E-1 3.62863E-1 3.62186E-1 3.66435E-1 3.62615E-1 3.47629E-1 3.43919E-1 3.44652E-1 3.4278E-1
3.64134E-1 3.6328E-1 3.62669E-1 3.62291E-1 3.61567E-1 3.60728E-1 3.60364E-1 3.5961E-1 3.58717E-1 3.58569E-1 3.57895E-1 3.57163E-1 3.57266E-1 3.57162E-1 3.56493E-1 3.56681E-1 3.56724E-1 3.5617E-1 3.56391E-1 3.56272E-1 3.56256E-1 3.56819E-1 3.57026E-1 3.57039E-1 3.5789E-1 3.58265E-1 3.5833E-1 3.59266E-1 3.59756E-1 3.59812E-1 3.60741E-1 3.61369E-1 3.61287E-1 3.62109E-1 3.62718E-1 3.62503E-1 3.63128E-1 3.63526E-1 3.63242E-1 3.63861E-1 3.64098E-1 3.6393E-1 3.64394E-1 3.64629E-1 3.64555E-1 3.65034E-1 3.65335E-1 3.65275E-1 3.65544E-1 3.65675E-1 3.6259E-1 3.59293E-1 3.3822E-1 3.37914E-1 3.38875E-1 3.38149E-1 3.3852E-1 3.39289E-1 3.40845E-1 3.395E-1
3.6147E-1 3.60584E-1 3.60244E-1 3.59887E-1 3.59057E-1 3.58431E-1 3.58254E-1 3.57448E-1 3.56809E-1 3.56816E-1 3.56172E-1 3.556E-1 3.55867E-1 3.55681E-1 3.55293E-1 3.55667E-1 3.5556E-1 3.5532E-1 3.55724E-1 3.55711E-1 3.55624E-1 3.56282E-1 3.56484E-1 3.56338E-1 3.57216E-1 3.57271E-1 3.57442E-1 3.58398E-1 3.58531E-1 3.5881E-1 3.59794E-1 3.60136E-1 3.60352E-1 3.61265E-1 3.61717E-1 3.61778E-1 3.62481E-1 3.63047E-1 3.62727E-1 3.63252E-1 3.63743E-1 3.63486E-1 3.63704E-1 3.6425E-1 3.64069E-1 3.642E-1 3.64558E-1 3.64635E-1 3.64583E-1 3.64964E-1 3.63649E-1 3.61411E-1 3.40163E-1 3.35001E-1 3.35361E-1 3.38739E-1 3.49332E-1 3.38464E-1 3.37463E-1 3.37132E-1
3.57997E-1 3.57575E-1 3.57099E-1 3.56845E-1 3.56391E-1 3.55589E-1 3.55615E-1 3.55001E-1 3.54344E-1 3.54627E-1 3.5407E-1 3.53472E-1 3.54046E-1 3.53796E-1 3.53498E-1 3.54151E-1 3.54185E-1 3.53928E-1 3.54623E-1 3.54689E-1 3.54424E-1 3.55265E-1 3.55208E-1 3.54844E-1 3.55874E-1 3.55592E-1 3.55405E-1 3.56557E-1 3.56367E-1 3.56314E-1 3.57561E-1 3.57571E-1 3.57546E-1 3.58849E-1 3.58898E-1 3.58938E-1 3.60014E-1 3.60134E-1 3.59817E-1 3.60561E-1 3.6045E-1 3.60198E-1 3.60527E-1 3.60406E-1 3.60256E-1 3.60392E-1 3.60158E-1 3.60265E-1 3.60262E-1 3.59432E-1 3.58573E-1 3.58195E-1 3.49524E-1 3.32639E-1 3.31117E-1 3.32077E-1 3.34968E-1 3.3228E-1 3.3071E-1 3.31273E-1
3.55039E-1 3.54534E-1 3.54261E-1 3.54155E-1 3.53803E-1 3.53225E-1 3.53261E-1 3.52871E-1 3.52466E-1 3.52649E-1 3.52259E-1 3.52053E-1 3.52484E-1 3.52618E-1 3.52469E-1 3.52908E-1 3.53446E-1 3.53167E-1 3.53584E-1 3.53963E-1 3.53746E-1 3.54205E-1 3.54339E-1 3.54068E-1 3.54563E-1 3.54578E-1 3.54357E-1 3.5491E-1 3.55078E-1 3.55008E-1 3.55618E-1 3.55902E-1 3.56089E-1 3.56835E-1 3.57274E-1 3.57419E-1 3.58051E-1 3.58488E-1 3.58233E-1 3.58619E-1 3.58714E-1 3.5838E-1 3.58416E-1 3.58343E-1 3.58047E-1 3.57995E-1 3.57853E-1 3.56926E-1 3.55418E-1 3.5429E-1 3.45825E-1 3.52763E-1 3.51121E-1 3.38914E-1 3.30909E-1 3.2625E-1 3.27724E-1 3.27037E-1 3.27193E-1 3.27777E-1
3.5361E-1 3.53203E-1 3.53879E-1 3.53944E-1 3.53316E-1 3.51393E-1 3.51504E-1 3.51177E-1 3.51042E-1 3.51279E-1 3.50989E-1 3.50967E-1 3.51479E-1 3.5151E-1 3.51622E-1 3.52191E-1 3.52457E-1 3.52449E-1 3.53021E-1 3.53163E-1 3.5313E-1 3.53621E-1 3.53631E-1 3.53485E-1 3.5389E-1 3.53824E-1 3.53698E-1 3.54118E-1 3.54206E-1 3.54192E-1 3.54687E-1 3.55276E-1 3.55332E-1 3.55965E-1 3.56734E-1 3.56748E-1 3.57268E-1 3.57763E-1 3.57641E-1 3.57818E-1 3.58031E-1 3.57813E-1 3.57529E-1 3.57653E-1 3.57402E-1 3.56977E-1 3.57218E-1 3.54216E-1 3.46976E-1 3.51021E-1 3.45752E-1 3.4337E-1 3.49132E-1 3.35015E-1 3.2957E-1 3.25647E-1 3.26181E-1 3.26045E-1 3.26599E-1 3.2706E-1
3.54325E-1 3.5996E-1 3.64548E-1 3.63456E-1 3.61254E-1 3.50801E-1 3.50205E-1 3.49075E-1 3.48766E-1 3.49319E-1 3.49016E-1 3.48816E-1 3.49608E-1 3.4947E-1 3.4949E-1 3.50326E-1 3.50423E-1 3.50431E-1 3.51258E-1 3.51304E-1 3.51195E-1 3.51882E-1 3.51674E-1 3.51376E-1 3.51951E-1 3.51682E-1 3.51303E-1 3.51869E-1 3.5171E-1 3.51454E-1 3.52128E-1 3.52372E-1 3.52299E-1 3.53135E-1 3.53488E-1 3.53497E-1 3.54174E-1 3.54204E-1 3.54132E-1 3.54367E-1 3.54138E-1 3.53941E-1 3.53589E-1 3.53127E-1 3.53069E-1 3.52523E-1 3.52186E-1 3.49593E-1 3.43427E-1 3.46697E-1 3.38743E-1 3.38562E-1 3.40204E-1 3.25392E-1 3.23102E-1 3.19813E-1 3.20446E-1 3.20272E-1 3.20379E-1 3.21161E-1
3.52604E-1 3.59376E-1 3.65123E-1 3.67187E-1 3.62814E-1 3.48784E-1 3.48079E-1 3.4735E-1 3.47026E-1 3.47427E-1 3.47618E-1 3.4735E-1 3.47856E-1 3.4828E-1 3.48136E-1 3.48631E-1 3.4932E-1 3.49119E-1 3.49637E-1 3.50312E-1 3.49887E-1 3.503E-1 3.50721E-1 3.50068E-1 3.50336E-1 3.50418E-1 3.49932E-1 3.50196E-1 3.50351E-1 3.50004E-1 3.50301E-1 3.50531E-1 3.50642E-1 3.51085E-1 3.51357E-1 3.51584E-1 3.51946E-1 3.52015E-1 3.51935E-1 3.5201E-1 3.51725E-1 3.51409E-1 3.51035E-1 3.50371E-1 3.50162E-1 3.49739E-1 3.49129E-1 3.48297E-1 3.44822E-1 3.44319E-1 3.34587E-1 3.34849E-1 3.32164E-1 3.26325E-1 3.20789E-1 3.16844E-1 3.17502E-1 3.16658E-1 3.16475E-1 3.17282E-1
3.50444E-1 3.53421E-1 3.52297E-1 3.5564E-1 3.4966E-1 3.45872E-1 3.45347E-1 3.45475E-1 3.45548E-1 3.45855E-1 3.46141E-1 3.46122E-1 3.46506E-1 3.46818E-1 3.46984E-1 3.47439E-1 3.48022E-1 3.48764E-1 3.48523E-1 3.49066E-1 3.48792E-1 3.49222E-1 3.49746E-1 3.49249E-1 3.49427E-1 3.4979E-1 3.49357E-1 3.49489E-1 3.49749E-1 3.49489E-1 3.49676E-1 3.50093E-1 3.50183E-1 3.50488E-1 3.50997E-1 3.51118E-1 3.51273E-1 3.51727E-1 3.5141E-1 3.51182E-1 3.51236E-1 3.50804E-1 3.50058E-1 3.49864E-1 3.4948E-1 3.48633E-1 3.48555E-1 3.45233E-1 3.38531E-1 3.38399E-1 3.40331E-1 3.32248E-1 3.31039E-1 3.37839E-1 3.30079E-1 3.22999E-1 3.20509E-1 3.16299E-1 3.15846E-1 3.16388E-1
3.55155E-1 3.62559E-1 3.47502E-1 3.44514E-1 3.45148E-1 3.47202E-1 3.45262E-1 3.42865E-1 3.42813E-1 3.43245E-1 3.43296E-1 3.4324E-1 3.43769E-1 3.43785E-1 3.43839E-1 3.45312E-1 3.46246E-1 3.49622E-1 3.46884E-1 3.46252E-1 3.45474E-1 3.46159E-1 3.46264E-1 3.46047E-1 3.46524E-1 3.46548E-1 3.46295E-1 3.46659E-1 3.46572E-1 3.46434E-1 3.46816E-1 3.47001E-1 3.47094E-1 3.47498E-1 3.4775E-1 3.47844E-1 3.47958E-1 3.47982E-1 3.47775E-1 3.47402E-1 3.47192E-1 3.46745E-1 3.45766E-1 3.45446E-1 3.45022E-1 3.43901E-1 3.43711E-1 3.39988E-1 3.27604E-1 3.26844E-1 3.36245E-1 3.32297E-1 3.3294E-1 3.37464E-1 3.36573E-1 3.2836E-1 3.22765E-1 3.17033E-1 3.11168E-1 3.11171E-1
3.62354E-1 3.6078E-1 3.43248E-1 3.41857E-1 3.42818E-1 3.53717E-1 3.4394E-1 3.41695E-1 3.40667E-1 3.40929E-1 3.42011E-1 3.41699E-1 3.4132E-1 3.42318E-1 3.41517E-1 3.42726E-1 3.44125E-1 3.56699E-1 3.44454E-1 3.44072E-1 3.43146E-1 3.43603E-1 3.44143E-1 3.43895E-1 3.44216E-1 3.44442E-1 3.44361E-1 3.44618E-1 3.44753E-1 3.44733E-1 3.44961E-1 3.45168E-1 3.45358E-1 3.45578E-1 3.45681E-1 3.45842E-1 3.45841E-1 3.456E-1 3.4537E-1 3.45063E-1 3.44554E-1 3.43929E-1 3.4316E-1 3.42396E-1 3.41835E-1 3.41071E-1 3.40448E-1 3.39362E-1 3.37351E-1 3.36296E-1 3.33733E-1 3.23423E-1 3.20751E-1 3.33853E-1 3.32641E-1 3.17042E-1 3.2698E-1 3.2393E-1 3.07332E-1 3.07031E-1
3.47797E-1 3.46659E-1 3.45121E-1 3.44287E-1 3.42501E-1 3.42746E-1 3.41309E-1 3.39138E-1 3.4053E-1 3.40444E-1 3.44896E-1 3.44637E-1 3.42448E-1 3.43323E-1 3.41446E-1 3.4003E-1 3.41153E-1 3.41516E-1 3.4168E-1 3.41544E-1 3.41643E-1 3.42064E-1 3.42707E-1 3.42734E-1 3.43042E-1 3.43517E-1 3.43626E-1 3.43847E-1 3.4435E-1 3.44351E-1 3.4456E-1 3.44983E-1 3.45136E-1 3.45318E-1 3.45716E-1 3.4564E-1 3.45457E-1 3.45554E-1 3.45059E-1 3.44414E-1 3.44185E-1 3.43473E-1 3.42291E-1 3.41822E-1 3.4122E-1 3.40059E-1 3.3972E-1 3.39379E-1 3.38196E-1 3.38154E-1 3.37098E-1 3.35088E-1 3.35082E-1 3.34182E-1 3.318E-1 3.13205E-1 3.22487E-1 3.08204E-1 3.05498E-1 3.05242E-1
3.58426E-1 3.6085E-1 3.6336E-1 3.57099E-1 3.43999E-1 3.53903E-1 3.40402E-1 3.40158E-1 3.40799E-1 3.39949E-1 3.55975E-1 3.56946E-1 3.40767E-1 3.49438E-1 3.38379E-1 3.39126E-1 3.40211E-1 3.40075E-1 3.38165E-1 3.37639E-1 3.37442E-1 3.38128E-1 3.38438E-1 3.38703E-1 3.39335E-1 3.39557E-1 3.39876E-1 3.40412E-1 3.40569E-1 3.40831E-1 3.41322E-1 3.41455E-1 3.41824E-1 3.42131E-1 3.42239E-1 3.42324E-1 3.42051E-1 3.41777E-1 3.41488E-1 3.40551E-1 3.40096E-1 3.39507E-1 3.37943E-1 3.37422E-1 3.36862E-1 3.35295E-1 3.34629E-1 3.34675E-1 3.33134E-1 3.32779E-1 3.32843E-1 3.3132E-1 3.3087E-1 3.27628E-1 3.23615E-1 3.02595E-1 3.01302E-1 2.99271E-1 2.98831E-1 2.99239E-1
3.41435E-1 3.5466E-1 3.43293E-1 3.47441E-1 3.55256E-1 3.37312E-1 3.35915E-1 3.38957E-1 3.39812E-1 3.37538E-1 3.35597E-1 3.34101E-1 3.33268E-1 3.33683E-1 3.33871E-1 3.41171E-1 3.56362E-1 3.58074E-1 3.37336E-1 3.35634E-1 3.35389E-1 3.35702E-1 3.35241E-1 3.35819E-1 3.36304E-1 3.36603E-1 3.37252E-1 3.37672E-1 3.37877E-1 3.3852E-1 3.38906E-1 3.39119E-1 3.3964E-1 3.39856E-1 3.39899E-1 3.40011E-1 3.39801E-1 3.39379E-1 3.3889E-1 3.38194E-1 3.37237E-1 3.36498E-1 3.35352E-1 3.34137E-1 3.33505E-1 3.32448E-1 3.31239E-1 3.31041E-1 3.30042E-1 3.28037E-1 3.23243E-1 3.09554E-1 3.05623E-1 3.15103E-1 3.02045E-1 2.97799E-1 2.9763E-1 2.96801E-1 2.97648E-1 2.99118E-1
