Spatial_Analysis/SuitabilityMaps/Maxent_Outputs_ASCII/coral_far85.asc
ncols         638
nrows         314
xllcorner     -102.97071042
yllcorner     3.973116569
cellsize      0.083
NODATA_value  -9999
[rows 108 to 134 of 314, columns 480 to 539 of 638]
3.12341E-1 3.11542E-1 3.10743E-1 3.09947E-1 3.09151E-1 3.0836E-1 3.07533E-1 3.06678E-1 3.05851E-1 3.05051E-1 3.04277E-1 3.03517E-1 3.02757E-1 3.02E-1 3.01242E-1 3.00486E-1 2.99732E-1 2.98973E-1 2.98199E-1 2.97355E-1 2.96356E-1 2.95249E-1 2.9412E-1 2.92981E-1 2.91845E-1 2.90711E-1 2.89579E-1 2.8845E-1 2.87324E-1 2.86205E-1 2.8512E-1 2.84173E-1 2.83534E-1 2.83133E-1 2.82773E-1 2.82435E-1 2.82097E-1 2.8176E-1 2.81423E-1 2.81087E-1 2.8075E-1 2.80412E-1 2.80067E-1 2.7971E-1 2.79337E-1 2.78948E-1 2.78549E-1 2.78145E-1 2.77741E-1 2.77338E-1 2.76935E-1 2.76532E-1 2.76129E-1 2.75727E-1 2.75332E-1 2.74939E-1 2.74521E-1 2.74079E-1 2.73644E-1 2.73213E-1
3.13669E-1 3.12811E-1 3.11957E-1 3.11103E-1 3.1025E-1 3.09401E-1 3.08503E-1 3.07578E-1 3.06712E-1 3.05887E-1 3.05081E-1 3.04285E-1 3.03489E-1 3.02695E-1 3.01903E-1 3.01111E-1 3.0032E-1 2.99526E-1 2.98717E-1 2.97862E-1 2.9692E-1 2.9591E-1 2.94875E-1 2.93828E-1 2.92784E-1 2.91741E-1 2.90699E-1 2.89661E-1 2.88624E-1 2.87596E-1 2.86605E-1 2.8574E-1 2.8513E-1 2.8472E-1 2.84356E-1 2.84015E-1 2.83676E-1 2.83337E-1 2.82998E-1 2.82659E-1 2.82321E-1 2.8198E-1 2.81634E-1 2.81285E-1 2.80955E-1 2.80639E-1 2.80312E-1 2.79979E-1 2.79648E-1 2.79316E-1 2.78984E-1 2.78652E-1 2.7832E-1 2.77989E-1 2.77666E-1 2.77339E-1 2.76953E-1 2.76513E-1 2.76078E-1 2.75648E-1
3.14992E-1 3.14078E-1 3.13166E-1 3.12255E-1 3.11345E-1 3.10438E-1 3.09469E-1 3.08473E-1 3.07568E-1 3.0672E-1 3.05882E-1 3.0505E-1 3.04218E-1 3.03388E-1 3.02561E-1 3.01733E-1 3.00907E-1 3.00078E-1 2.99237E-1 2.98373E-1 2.97487E-1 2.96573E-1 2.95628E-1 2.94674E-1 2.93721E-1 2.92769E-1 2.91819E-1 2.90871E-1 2.89925E-1 2.88985E-1 2.88084E-1 2.87298E-1 2.86717E-1 2.86302E-1 2.85938E-1 2.85596E-1 2.85255E-1 2.84913E-1 2.84571E-1 2.84231E-1 2.8389E-1 2.83548E-1 2.832E-1 2.8286E-1 2.82574E-1 2.8233E-1 2.82074E-1 2.81814E-1 2.81553E-1 2.81293E-1 2.81033E-1 2.80772E-1 2.80513E-1 2.80252E-1 2.80002E-1 2.7974E-1 2.79386E-1 2.78948E-1 2.78514E-1 2.78083E-1
3.16311E-1 3.15339E-1 3.1437E-1 3.13403E-1 3.12436E-1 3.11472E-1 3.10434E-1 3.09369E-1 3.08425E-1 3.07551E-1 3.06681E-1 3.05813E-1 3.04946E-1 3.0408E-1 3.03216E-1 3.02354E-1 3.01492E-1 3.0063E-1 2.99762E-1 2.98891E-1 2.9806E-1 2.97237E-1 2.9638E-1 2.95518E-1 2.94656E-1 2.93796E-1 2.92938E-1 2.9208E-1 2.91224E-1 2.90372E-1 2.89555E-1 2.88844E-1 2.88293E-1 2.87879E-1 2.87519E-1 2.87175E-1 2.86832E-1 2.86488E-1 2.86144E-1 2.85801E-1 2.85458E-1 2.85114E-1 2.84766E-1 2.84436E-1 2.84194E-1 2.84021E-1 2.83836E-1 2.83648E-1 2.83459E-1 2.83271E-1 2.83083E-1 2.82894E-1 2.82705E-1 2.82517E-1 2.82341E-1 2.82144E-1 2.81822E-1 2.81386E-1 2.80952E-1 2.80521E-1
3.17634E-1 3.16608E-1 3.15579E-1 3.14551E-1 3.13525E-1 3.12504E-1 3.11401E-1 3.10268E-1 3.09284E-1 3.08382E-1 3.07478E-1 3.06573E-1 3.0567E-1 3.04768E-1 3.03868E-1 3.02971E-1 3.02075E-1 3.01179E-1 3.00288E-1 2.99419E-1 2.98639E-1 2.97901E-1 2.97131E-1 2.96361E-1 2.95594E-1 2.94827E-1 2.9406E-1 2.93292E-1 2.92524E-1 2.91759E-1 2.91023E-1 2.90375E-1 2.89858E-1 2.89452E-1 2.89102E-1 2.88758E-1 2.88417E-1 2.88074E-1 2.87727E-1 2.87377E-1 2.87026E-1 2.86679E-1 2.86331E-1 2.86013E-1 2.85814E-1 2.85711E-1 2.85596E-1 2.85483E-1 2.85372E-1 2.85259E-1 2.85142E-1 2.85022E-1 2.84901E-1 2.84782E-1 2.84681E-1 2.8455E-1 2.8426E-1 2.83825E-1 2.83392E-1 2.82962E-1
3.1902E-1 3.17929E-1 3.1683E-1 3.15727E-1 3.14628E-1 3.13537E-1 3.12367E-1 3.11175E-1 3.10149E-1 3.0921E-1 3.08266E-1 3.07323E-1 3.06383E-1 3.05446E-1 3.04512E-1 3.03579E-1 3.02651E-1 3.01722E-1 3.00811E-1 2.99956E-1 2.99225E-1 2.98562E-1 2.97888E-1 2.97219E-1 2.96553E-1 2.95887E-1 2.95217E-1 2.9454E-1 2.93856E-1 2.93167E-1 2.92495E-1 2.91894E-1 2.91414E-1 2.91044E-1 2.90719E-1 2.90394E-1 2.90063E-1 2.89722E-1 2.8937E-1 2.89009E-1 2.8864E-1 2.88268E-1 2.879E-1 2.8759E-1 2.87434E-1 2.87408E-1 2.87387E-1 2.87365E-1 2.87339E-1 2.87303E-1 2.87258E-1 2.87203E-1 2.8714E-1 2.87074E-1 2.87029E-1 2.8696E-1 2.86701E-1 2.86275E-1 2.85865E-1 2.85457E-1
3.20499E-1 3.19334E-1 3.18155E-1 3.1697E-1 3.15789E-1 3.14618E-1 3.13371E-1 3.12119E-1 3.11049E-1 3.10065E-1 3.0908E-1 3.08101E-1 3.07125E-1 3.06152E-1 3.05183E-1 3.04217E-1 3.03255E-1 3.02293E-1 3.01358E-1 3.00513E-1 2.99836E-1 2.99256E-1 2.98685E-1 2.98121E-1 2.97559E-1 2.96996E-1 2.96427E-1 2.95847E-1 2.95253E-1 2.94642E-1 2.94026E-1 2.9345E-1 2.93008E-1 2.92707E-1 2.92413E-1 2.92104E-1 2.91779E-1 2.91437E-1 2.9108E-1 2.90709E-1 2.90324E-1 2.89925E-1 2.8952E-1 2.89186E-1 2.89077E-1 2.89158E-1 2.89236E-1 2.89302E-1 2.89353E-1 2.8939E-1 2.89413E-1 2.89422E-1 2.89416E-1 2.89397E-1 2.89393E-1 2.89355E-1 2.89128E-1 2.88748E-1 2.88372E-1 2.87987E-1
3.21964E-1 3.20862E-1 3.19749E-1 3.1863E-1 3.17513E-1 3.16407E-1 3.15214E-1 3.13989E-1 3.12904E-1 3.11878E-1 3.10852E-1 3.09829E-1 3.08809E-1 3.07792E-1 3.0678E-1 3.05771E-1 3.04763E-1 3.03757E-1 3.02779E-1 3.01894E-1 3.01196E-1 3.00606E-1 3.00018E-1 2.99435E-1 2.98855E-1 2.98274E-1 2.97687E-1 2.9709E-1 2.9648E-1 2.95856E-1 2.95237E-1 2.94666E-1 2.94219E-1 2.93902E-1 2.93599E-1 2.93288E-1 2.92964E-1 2.92625E-1 2.92271E-1 2.91903E-1 2.91523E-1 2.91132E-1 2.90741E-1 2.90417E-1 2.90302E-1 2.90361E-1 2.90419E-1 2.90472E-1 2.90511E-1 2.90537E-1 2.9055E-1 2.90549E-1 2.90536E-1 2.90512E-1 2.9051E-1 2.9048E-1 2.90256E-1 2.89869E-1 2.89487E-1 2.89104E-1
3.2348E-1 3.22535E-1 3.21582E-1 3.20628E-1 3.19676E-1 3.18729E-1 3.17685E-1 3.1656E-1 3.15481E-1 3.14422E-1 3.13359E-1 3.12297E-1 3.11237E-1 3.1018E-1 3.09125E-1 3.08072E-1 3.07021E-1 3.05972E-1 3.04943E-1 3.0399E-1 3.03219E-1 3.02551E-1 3.01863E-1 3.01178E-1 3.00494E-1 2.99812E-1 2.99126E-1 2.98435E-1 2.9774E-1 2.97043E-1 2.96373E-1 2.95781E-1 2.95295E-1 2.9491E-1 2.94574E-1 2.94243E-1 2.93908E-1 2.93567E-1 2.93218E-1 2.92862E-1 2.92501E-1 2.9214E-1 2.91786E-1 2.91484E-1 2.91327E-1 2.9129E-1 2.91252E-1 2.91217E-1 2.91178E-1 2.91135E-1 2.91083E-1 2.91025E-1 2.90962E-1 2.90898E-1 2.90863E-1 2.90809E-1 2.90563E-1 2.90147E-1 2.89741E-1 2.8934E-1
3.25121E-1 3.24315E-1 3.23507E-1 3.227E-1 3.21894E-1 3.2109E-1 3.20188E-1 3.19171E-1 3.18105E-1 3.17012E-1 3.15918E-1 3.14824E-1 3.13733E-1 3.12644E-1 3.11556E-1 3.1047E-1 3.09386E-1 3.08302E-1 3.07226E-1 3.06207E-1 3.05369E-1 3.04629E-1 3.03852E-1 3.03073E-1 3.02296E-1 3.0152E-1 3.00744E-1 2.99968E-1 2.99194E-1 2.98422E-1 2.97684E-1 2.97039E-1 2.96516E-1 2.96102E-1 2.95744E-1 2.95395E-1 2.95049E-1 2.94701E-1 2.94352E-1 2.94002E-1 2.93653E-1 2.93304E-1 2.92961E-1 2.92653E-1 2.92461E-1 2.92361E-1 2.92248E-1 2.92135E-1 2.92022E-1 2.9191E-1 2.91795E-1 2.91679E-1 2.91563E-1 2.91449E-1 2.91359E-1 2.91253E-1 2.90985E-1 2.90572E-1 2.90162E-1 2.89753E-1
3.26801E-1 3.2613E-1 3.25459E-1 3.24789E-1 3.24119E-1 3.23452E-1 3.22694E-1 3.2179E-1 3.20738E-1 3.19603E-1 3.18476E-1 3.1735E-1 3.16227E-1 3.15105E-1 3.13986E-1 3.12868E-1 3.11751E-1 3.10633E-1 3.09512E-1 3.08439E-1 3.0753E-1 3.06708E-1 3.05849E-1 3.04983E-1 3.04116E-1 3.03252E-1 3.02389E-1 3.01528E-1 3.00668E-1 2.99812E-1 2.98997E-1 2.98284E-1 2.97726E-1 2.97301E-1 2.96932E-1 2.96581E-1 2.96231E-1 2.95881E-1 2.95531E-1 2.9518E-1 2.94831E-1 2.94481E-1 2.94138E-1 2.93825E-1 2.93597E-1 2.93435E-1 2.9326E-1 2.93081E-1 2.92903E-1 2.92725E-1 2.92546E-1 2.92368E-1 2.92188E-1 2.9201E-1 2.91857E-1 2.91698E-1 2.91408E-1 2.91E-1 2.90596E-1 2.90194E-1
3.28479E-1 3.27944E-1 3.2741E-1 3.26876E-1 3.26343E-1 3.25813E-1 3.25202E-1 3.24415E-1 3.23375E-1 3.22198E-1 3.21035E-1 3.19878E-1 3.18722E-1 3.17569E-1 3.16417E-1 3.15268E-1 3.14119E-1 3.12966E-1 3.11806E-1 3.10683E-1 3.097E-1 3.08792E-1 3.07849E-1 3.06893E-1 3.05941E-1 3.04988E-1 3.04038E-1 3.03089E-1 3.02143E-1 3.01204E-1 3.00304E-1 2.99517E-1 2.98927E-1 2.98497E-1 2.98121E-1 2.97768E-1 2.97416E-1 2.97064E-1 2.96713E-1 2.96361E-1 2.9601E-1 2.95657E-1 2.95316E-1 2.95E-1 2.94735E-1 2.9451E-1 2.94272E-1 2.94029E-1 2.93786E-1 2.93543E-1 2.933E-1 2.93057E-1 2.92813E-1 2.92571E-1 2.92356E-1 2.92143E-1 2.91831E-1 2.91428E-1 2.9103E-1 2.90635E-1
3.30152E-1 3.29754E-1 3.29357E-1 3.2896E-1 3.28564E-1 3.28171E-1 3.2771E-1 3.2704E-1 3.26013E-1 3.24792E-1 3.23594E-1 3.22406E-1 3.2122E-1 3.20034E-1 3.18851E-1 3.1767E-1 3.16489E-1 3.15304E-1 3.14107E-1 3.12938E-1 3.11881E-1 3.10881E-1 3.0985E-1 3.08806E-1 3.07766E-1 3.06726E-1 3.05688E-1 3.04652E-1 3.03618E-1 3.02593E-1 3.01605E-1 3.00738E-1 3.00117E-1 2.99689E-1 2.99309E-1 2.98955E-1 2.98601E-1 2.98247E-1 2.97895E-1 2.97541E-1 2.97189E-1 2.96834E-1 2.96495E-1 2.96177E-1 2.95875E-1 2.95586E-1 2.95284E-1 2.94976E-1 2.94668E-1 2.9436E-1 2.94053E-1 2.93745E-1 2.93438E-1 2.93131E-1 2.92853E-1 2.92587E-1 2.92252E-1 2.91854E-1 2.91463E-1 2.91077E-1
3.31821E-1 3.31561E-1 3.31301E-1 3.31041E-1 3.30781E-1 3.30527E-1 3.30213E-1 3.29662E-1 3.28648E-1 3.27386E-1 3.26155E-1 3.24936E-1 3.23718E-1 3.22501E-1 3.21286E-1 3.20073E-1 3.18861E-1 3.17645E-1 3.16416E-1 3.15203E-1 3.14069E-1 3.12975E-1 3.11853E-1 3.10721E-1 3.09592E-1 3.08464E-1 3.07339E-1 3.06215E-1 3.05094E-1 3.03982E-1 3.02901E-1 3.01951E-1 3.013E-1 3.00877E-1 3.00498E-1 3.00143E-1 2.99787E-1 2.99431E-1 2.99076E-1 2.98722E-1 2.98367E-1 2.98012E-1 2.97676E-1 2.97356E-1 2.97018E-1 2.96663E-1 2.96296E-1 2.95923E-1 2.95551E-1 2.95178E-1 2.94806E-1 2.94434E-1 2.94062E-1 2.9369E-1 2.9335E-1 2.9303E-1 2.92672E-1 2.92281E-1 2.91896E-1 2.91517E-1
3.33484E-1 3.33362E-1 3.3324E-1 3.33117E-1 3.32995E-1 3.32879E-1 3.32709E-1 3.32275E-1 3.31276E-1 3.29977E-1 3.28715E-1 3.27465E-1 3.26216E-1 3.24968E-1 3.23722E-1 3.22478E-1 3.21235E-1 3.1999E-1 3.18732E-1 3.17475E-1 3.16264E-1 3.15073E-1 3.13858E-1 3.12637E-1 3.11419E-1 3.10205E-1 3.08991E-1 3.0778E-1 3.06572E-1 3.0537E-1 3.04191E-1 3.03158E-1 3.02476E-1 3.02062E-1 3.01687E-1 3.0133E-1 3.00973E-1 3.00615E-1 3.00259E-1 2.99903E-1 2.99546E-1 2.9919E-1 2.9886E-1 2.98538E-1 2.98163E-1 2.97741E-1 2.97308E-1 2.96871E-1 2.96433E-1 2.95995E-1 2.95558E-1 2.95121E-1 2.94685E-1 2.9425E-1 2.93845E-1 2.93472E-1 2.93091E-1 2.92704E-1 2.92328E-1 2.91957E-1
3.35142E-1 3.35159E-1 3.35175E-1 3.3519E-1 3.35207E-1 3.35226E-1 3.35195E-1 3.34876E-1 3.33895E-1 3.32564E-1 3.31275E-1 3.29994E-1 3.28714E-1 3.27436E-1 3.2616E-1 3.24885E-1 3.23611E-1 3.22337E-1 3.21051E-1 3.19752E-1 3.18464E-1 3.17175E-1 3.15866E-1 3.14556E-1 3.1325E-1 3.11946E-1 3.10644E-1 3.09346E-1 3.0805E-1 3.06758E-1 3.05481E-1 3.0436E-1 3.03648E-1 3.03245E-1 3.02876E-1 3.02517E-1 3.02158E-1 3.018E-1 3.01442E-1 3.01084E-1 3.00726E-1 3.00368E-1 3.00044E-1 2.99722E-1 2.9931E-1 2.9882E-1 2.98321E-1 2.97818E-1 2.97315E-1 2.96813E-1 2.96311E-1 2.95809E-1 2.95308E-1 2.94808E-1 2.94338E-1 2.93909E-1 2.93506E-1 2.93126E-1 2.92759E-1 2.92396E-1
3.36771E-1 3.36919E-1 3.37079E-1 3.37246E-1 3.37412E-1 3.37569E-1 3.37674E-1 3.37459E-1 3.36502E-1 3.35149E-1 3.33835E-1 3.3252E-1 3.31202E-1 3.29888E-1 3.28582E-1 3.27283E-1 3.25987E-1 3.24685E-1 3.23372E-1 3.22033E-1 3.20666E-1 3.19275E-1 3.17874E-1 3.16472E-1 3.15069E-1 3.13671E-1 3.12283E-1 3.10903E-1 3.09525E-1 3.08147E-1 3.06771E-1 3.05561E-1 3.04819E-1 3.04429E-1 3.04065E-1 3.03702E-1 3.03336E-1 3.02971E-1 3.02612E-1 3.02257E-1 3.01904E-1 3.01547E-1 3.01229E-1 3.00909E-1 3.00458E-1 2.999E-1 2.99333E-1 2.98762E-1 2.98188E-1 2.97616E-1 2.9705E-1 2.96489E-1 2.95929E-1 2.95366E-1 2.9483E-1 2.94343E-1 2.93917E-1 2.93547E-1 2.93188E-1 2.92832E-1
3.38192E-1 3.38482E-1 3.38804E-1 3.39153E-1 3.39511E-1 3.39864E-1 3.40138E-1 3.40023E-1 3.39096E-1 3.37719E-1 3.36339E-1 3.34958E-1 3.33586E-1 3.32229E-1 3.30891E-1 3.29575E-1 3.28276E-1 3.26988E-1 3.25683E-1 3.24315E-1 3.22865E-1 3.21357E-1 3.19822E-1 3.18295E-1 3.16784E-1 3.15293E-1 3.13824E-1 3.12374E-1 3.10935E-1 3.09503E-1 3.08056E-1 3.06763E-1 3.05994E-1 3.05606E-1 3.05214E-1 3.04821E-1 3.04433E-1 3.04058E-1 3.03696E-1 3.03349E-1 3.03015E-1 3.02688E-1 3.02405E-1 3.02097E-1 3.01607E-1 3.00968E-1 3.00301E-1 2.99635E-1 2.98977E-1 2.98334E-1 2.97706E-1 2.97092E-1 2.96488E-1 2.9589E-1 2.95313E-1 2.94775E-1 2.94325E-1 2.93957E-1 2.93583E-1 2.93207E-1
3.39293E-1 3.39754E-1 3.40262E-1 3.40808E-1 3.41379E-1 3.4196E-1 3.42469E-1 3.4253E-1 3.41616E-1 3.40149E-1 3.38684E-1 3.37235E-1 3.35808E-1 3.34407E-1 3.33033E-1 3.31689E-1 3.30377E-1 3.29098E-1 3.27834E-1 3.26498E-1 3.24955E-1 3.23262E-1 3.21585E-1 3.19942E-1 3.18336E-1 3.16763E-1 3.15219E-1 3.13701E-1 3.12204E-1 3.10727E-1 3.09243E-1 3.07919E-1 3.07115E-1 3.06675E-1 3.06237E-1 3.05813E-1 3.05407E-1 3.0502E-1 3.04653E-1 3.04307E-1 3.03984E-1 3.03685E-1 3.03458E-1 3.03213E-1 3.02686E-1 3.01904E-1 3.01126E-1 3.00368E-1 2.99636E-1 2.98927E-1 2.98239E-1 2.97571E-1 2.96922E-1 2.9629E-1 2.95695E-1 2.9515E-1 2.9468E-1 2.94267E-1 2.93857E-1 2.93461E-1
3.37031E-1 3.37583E-1 3.38181E-1 3.38815E-1 3.39471E-1 3.40135E-1 3.40723E-1 3.40881E-1 3.40109E-1 3.38801E-1 3.37488E-1 3.36184E-1 3.349E-1 3.33639E-1 3.32404E-1 3.31197E-1 3.3002E-1 3.2887E-1 3.27716E-1 3.26462E-1 3.24977E-1 3.23329E-1 3.21689E-1 3.2007E-1 3.18485E-1 3.1693E-1 3.15404E-1 3.13901E-1 3.12419E-1 3.10953E-1 3.09469E-1 3.08132E-1 3.07309E-1 3.06848E-1 3.0638E-1 3.05918E-1 3.05471E-1 3.05041E-1 3.04631E-1 3.04241E-1 3.03873E-1 3.03525E-1 3.03244E-1 3.02949E-1 3.02407E-1 3.01641E-1 3.00872E-1 3.00115E-1 2.9938E-1 2.98666E-1 2.97973E-1 2.97299E-1 2.96642E-1 2.96E-1 2.95387E-1 2.94823E-1 2.9436E-1 2.93979E-1 2.93598E-1 2.93222E-1
3.32148E-1 3.32737E-1 3.33355E-1 3.33991E-1 3.34632E-1 3.35268E-1 3.35846E-1 3.36074E-1 3.35522E-1 3.34534E-1 3.33543E-1 3.32547E-1 3.31555E-1 3.30572E-1 3.29604E-1 3.28651E-1 3.27709E-1 3.26771E-1 3.2581E-1 3.2473E-1 3.23406E-1 3.21926E-1 3.20448E-1 3.18972E-1 3.17506E-1 3.16054E-1 3.14619E-1 3.13199E-1 3.11787E-1 3.10378E-1 3.08944E-1 3.07637E-1 3.06813E-1 3.06336E-1 3.05844E-1 3.05349E-1 3.04856E-1 3.0437E-1 3.03894E-1 3.03432E-1 3.02976E-1 3.02524E-1 3.02125E-1 3.01727E-1 3.01176E-1 3.005E-1 2.99813E-1 2.99123E-1 2.98439E-1 2.97762E-1 2.97098E-1 2.96444E-1 2.95798E-1 2.95154E-1 2.9453E-1 2.93958E-1 2.93513E-1 2.93184E-1 2.92856E-1 2.92526E-1
3.26906E-1 3.27552E-1 3.28205E-1 3.28862E-1 3.29517E-1 3.30169E-1 3.30791E-1 3.31132E-1 3.30797E-1 3.30084E-1 3.2938E-1 3.28674E-1 3.27966E-1 3.27258E-1 3.26554E-1 3.25852E-1 3.25151E-1 3.24447E-1 3.23734E-1 3.229E-1 3.21727E-1 3.20348E-1 3.19E-1 3.17661E-1 3.16321E-1 3.14984E-1 3.13653E-1 3.12328E-1 3.11005E-1 3.09682E-1 3.08335E-1 3.07096E-1 3.06277E-1 3.05758E-1 3.05223E-1 3.04685E-1 3.04146E-1 3.03608E-1 3.03073E-1 3.0254E-1 3.02008E-1 3.01475E-1 3.00992E-1 3.00531E-1 2.99967E-1 2.9932E-1 2.98678E-1 2.98037E-1 2.97394E-1 2.96753E-1 2.96115E-1 2.95479E-1 2.94845E-1 2.9421E-1 2.93597E-1 2.93043E-1 2.92609E-1 2.92285E-1 2.91973E-1 2.91662E-1
3.21554E-1 3.22256E-1 3.22959E-1 3.23662E-1 3.24366E-1 3.25071E-1 3.25749E-1 3.26189E-1 3.26074E-1 3.25644E-1 3.25207E-1 3.24764E-1 3.24321E-1 3.23879E-1 3.23435E-1 3.22991E-1 3.22548E-1 3.22106E-1 3.21668E-1 3.21087E-1 3.20062E-1 3.1877E-1 3.17522E-1 3.16293E-1 3.15066E-1 3.13842E-1 3.1262E-1 3.11401E-1 3.10183E-1 3.08967E-1 3.07716E-1 3.06542E-1 3.05729E-1 3.05169E-1 3.0458E-1 3.03982E-1 3.03384E-1 3.02787E-1 3.02191E-1 3.01596E-1 3.01001E-1 3.00406E-1 2.99858E-1 2.9934E-1 2.98763E-1 2.98137E-1 2.97519E-1 2.96907E-1 2.96296E-1 2.95685E-1 2.95074E-1 2.94466E-1 2.93857E-1 2.93249E-1 2.92661E-1 2.92125E-1 2.91703E-1 2.91383E-1 2.91071E-1 2.90762E-1
3.16222E-1 3.16976E-1 3.17731E-1 3.18487E-1 3.19243E-1 3.19998E-1 3.20724E-1 3.21255E-1 3.21363E-1 3.2122E-1 3.21053E-1 3.2087E-1 3.20686E-1 3.20503E-1 3.2032E-1 3.20136E-1 3.19951E-1 3.19773E-1 3.19612E-1 3.19281E-1 3.18404E-1 3.17196E-1 3.16046E-1 3.14927E-1 3.1381E-1 3.12694E-1 3.11582E-1 3.10471E-1 3.09362E-1 3.0825E-1 3.07092E-1 3.0598E-1 3.05174E-1 3.04576E-1 3.03937E-1 3.03277E-1 3.02619E-1 3.01961E-1 3.01304E-1 3.00647E-1 2.99992E-1 2.99338E-1 2.98727E-1 2.98154E-1 2.97562E-1 2.96955E-1 2.96362E-1 2.95778E-1 2.95195E-1 2.94612E-1 2.9403E-1 2.93449E-1 2.92868E-1 2.92288E-1 2.91723E-1 2.91205E-1 2.90794E-1 2.90479E-1 2.90169E-1 2.89863E-1
3.10922E-1 3.11728E-1 3.12534E-1 3.13342E-1 3.1415E-1 3.14953E-1 3.15722E-1 3.16342E-1 3.16672E-1 3.16817E-1 3.16917E-1 3.16992E-1 3.17066E-1 3.17141E-1 3.17215E-1 3.17289E-1 3.17363E-1 3.17446E-1 3.17558E-1 3.17477E-1 3.16746E-1 3.15623E-1 3.14571E-1 3.13561E-1 3.12554E-1 3.11548E-1 3.10544E-1 3.09541E-1 3.0854E-1 3.07533E-1 3.06469E-1 3.0542E-1 3.04619E-1 3.03983E-1 3.03293E-1 3.02573E-1 3.01853E-1 3.01135E-1 3.00417E-1 2.99699E-1 2.98983E-1 2.98271E-1 2.97596E-1 2.96969E-1 2.96362E-1 2.95774E-1 2.95206E-1 2.9465E-1 2.94094E-1 2.9354E-1 2.92986E-1 2.92433E-1 2.9188E-1 2.91328E-1 2.90786E-1 2.90284E-1 2.89883E-1 2.89575E-1 2.89269E-1 2.88965E-1
3.05654E-1 3.06512E-1 3.07369E-1 3.08228E-1 3.09088E-1 3.09939E-1 3.10753E-1 3.11463E-1 3.12011E-1 3.12438E-1 3.12803E-1 3.13132E-1 3.13462E-1 3.13792E-1 3.14122E-1 3.14451E-1 3.14782E-1 3.15123E-1 3.15503E-1 3.15665E-1 3.15082E-1 3.14048E-1 3.13099E-1 3.12198E-1 3.113E-1 3.10402E-1 3.09506E-1 3.08612E-1 3.07718E-1 3.06818E-1 3.05849E-1 3.04866E-1 3.04071E-1 3.03393E-1 3.02649E-1 3.01868E-1 3.01087E-1 3.00307E-1 2.99529E-1 2.98752E-1 2.97975E-1 2.97203E-1 2.96464E-1 2.95782E-1 2.9516E-1 2.94592E-1 2.94049E-1 2.93522E-1 2.92994E-1 2.92468E-1 2.91943E-1 2.91417E-1 2.90892E-1 2.90367E-1 2.89849E-1 2.89363E-1 2.88973E-1 2.88671E-1 2.88369E-1 2.88067E-1
3.00421E-1 3.01329E-1 3.02237E-1 3.03147E-1 3.04057E-1 3.04959E-1 3.05825E-1 3.06629E-1 3.07392E-1 3.08091E-1 3.08709E-1 3.09291E-1 3.09874E-1 3.10457E-1 3.1104E-1 3.11624E-1 3.12208E-1 3.12804E-1 3.13441E-1 3.1384E-1 3.13403E-1 3.12465E-1 3.11628E-1 3.10836E-1 3.10046E-1 3.09257E-1 3.08469E-1 3.07683E-1 3.06896E-1 3.06104E-1 3.0524E-1 3.04325E-1 3.03535E-1 3.02811E-1 3.02005E-1 3.01162E-1 3.00321E-1 2.9948E-1 2.98642E-1 2.97804E-1 2.96968E-1 2.96134E-1 2.95329E-1 2.9459E-1 2.93954E-1 2.93408E-1 2.92893E-1 2.92394E-1 2.91895E-1 2.91397E-1 2.90899E-1 2.90401E-1 2.89905E-1 2.89408E-1 2.88913E-1 2.88442E-1 2.88063E-1 2.87767E-1 2.87469E-1 2.8717E-1
