Spatial_Analysis/SuitabilityMaps/Maxent_Outputs_ASCII/coral_present.asc
ncols         638
nrows         314
xllcorner     -102.97071042
yllcorner     3.973116569
cellsize      0.083
NODATA_value  -9999
[rows 162 to 188 of 314, columns 0 to 59 of 638]
4.46044E-1 4.46715E-1 4.48326E-1 4.51581E-1 4.51451E-1 4.53342E-1 4.55204E-1 4.53339E-1 4.54101E-1 4.56215E-1 4.47077E-1 4.33031E-1 4.33025E-1 4.32773E-1 4.32615E-1 4.33958E-1 4.3374E-1 4.33411E-1 4.33967E-1 4.32901E-1 4.31052E-1 4.30004E-1 4.28045E-1 4.25445E-1 4.23673E-1 4.21614E-1 4.18686E-1 4.15911E-1 4.1261E-1 4.09283E-1 4.05309E-1 4.0178E-1 3.97234E-1 3.90663E-1 3.83918E-1 3.72636E-1 3.55618E-1 3.43636E-1 3.41866E-1 3.40029E-1 3.41823E-1 3.40671E-1 3.39063E-1 3.36067E-1 3.32881E-1 3.30766E-1 3.29459E-1 3.27175E-1 3.35764E-1 3.23699E-1 3.01174E-1 -9999 -9999 -9999 -9999 -9999 -9999 -9999 -9999 -9999
4.52441E-1 4.52453E-1 4.54115E-1 4.57464E-1 4.5671E-1 4.57344E-1 4.583E-1 4.37511E-1 4.36734E-1 4.39035E-1 4.44161E-1 4.55671E-1 4.57923E-1 4.55948E-1 4.40701E-1 4.41232E-1 4.4103E-1 4.40385E-1 4.40496E-1 4.38535E-1 4.38471E-1 4.38175E-1 4.36773E-1 4.36002E-1 4.34977E-1 4.33054E-1 4.33122E-1 4.31679E-1 4.28198E-1 4.27382E-1 4.25136E-1 4.20897E-1 4.18823E-1 4.13995E-1 4.06001E-1 3.98583E-1 3.92091E-1 3.8613E-1 3.8238E-1 3.8061E-1 3.5686E-1 3.5194E-1 3.48189E-1 3.44442E-1 3.41349E-1 3.38682E-1 3.36531E-1 3.32239E-1 3.33808E-1 3.26915E-1 3.14563E-1 2.90273E-1 -9999 -9999 -9999 -9999 -9999 -9999 -9999 -9999
4.53866E-1 4.55771E-1 4.57537E-1 4.59406E-1 4.60722E-1 4.59801E-1 4.5911E-1 4.35534E-1 4.34559E-1 4.37323E-1 4.58644E-1 4.63951E-1 4.65328E-1 4.55975E-1 4.63593E-1 4.64574E-1 4.6619E-1 4.60267E-1 4.48525E-1 4.44458E-1 4.42386E-1 4.42596E-1 4.4244E-1 4.41426E-1 4.41491E-1 4.4113E-1 4.40344E-1 4.40442E-1 4.39815E-1 4.37729E-1 4.37186E-1 4.35194E-1 4.31503E-1 4.29365E-1 4.24509E-1 4.19415E-1 4.15129E-1 4.09506E-1 4.03557E-1 3.99874E-1 3.80645E-1 3.69829E-1 3.61313E-1 3.53693E-1 3.51618E-1 3.48239E-1 3.41752E-1 3.4169E-1 3.38083E-1 3.27023E-1 3.26731E-1 3.19152E-1 3.15865E-1 3.0486E-1 -9999 -9999 -9999 -9999 -9999 -9999
4.55229E-1 4.55774E-1 4.58646E-1 4.62248E-1 4.62478E-1 4.63278E-1 4.65176E-1 4.56651E-1 4.55416E-1 4.6068E-1 4.67192E-1 4.69246E-1 4.69999E-1 4.67628E-1 4.719E-1 4.75358E-1 4.73593E-1 4.53019E-1 4.4964E-1 4.44191E-1 4.4406E-1 4.44998E-1 4.44052E-1 4.43959E-1 4.45141E-1 4.44597E-1 4.44551E-1 4.45561E-1 4.44704E-1 4.44957E-1 4.45289E-1 4.43846E-1 4.41194E-1 4.38944E-1 4.35858E-1 4.32718E-1 4.28438E-1 4.24843E-1 4.22174E-1 4.17718E-1 4.10714E-1 4.0538E-1 3.95132E-1 3.76295E-1 3.7137E-1 3.65669E-1 3.59947E-1 3.53185E-1 3.47573E-1 3.44536E-1 3.36002E-1 3.28954E-1 3.12629E-1 3.06067E-1 3.2036E-1 3.27111E-1 -9999 -9999 -9999 -9999
4.5573E-1 4.46923E-1 4.61948E-1 4.6538E-1 4.65758E-1 4.68501E-1 4.71273E-1 4.65016E-1 4.56299E-1 4.68721E-1 4.71894E-1 4.7202E-1 4.73913E-1 4.72772E-1 4.75622E-1 4.74843E-1 4.72296E-1 4.49661E-1 4.48744E-1 4.46554E-1 4.47048E-1 4.48558E-1 4.48246E-1 4.48865E-1 4.5083E-1 4.51033E-1 4.52009E-1 4.53918E-1 4.53105E-1 4.56926E-1 4.67185E-1 4.57014E-1 4.54086E-1 4.53088E-1 4.49789E-1 4.49166E-1 4.46643E-1 4.42153E-1 4.41946E-1 4.39125E-1 4.34034E-1 4.34495E-1 4.27962E-1 4.14097E-1 4.12018E-1 3.92056E-1 3.92243E-1 3.76345E-1 3.66772E-1 3.62069E-1 3.5211E-1 3.46094E-1 3.34073E-1 3.25763E-1 3.28256E-1 3.30849E-1 3.34976E-1 3.39121E-1 3.40445E-1 -9999
4.46276E-1 4.54576E-1 4.63876E-1 4.65504E-1 4.56531E-1 4.69282E-1 4.71526E-1 4.66469E-1 4.5597E-1 4.6914E-1 4.71676E-1 4.71217E-1 4.61786E-1 4.71367E-1 4.71824E-1 4.58647E-1 4.56361E-1 4.47655E-1 4.47875E-1 4.47725E-1 4.4848E-1 4.49164E-1 4.49634E-1 4.51293E-1 4.52749E-1 4.54199E-1 4.5558E-1 4.57574E-1 4.59709E-1 4.61656E-1 4.66693E-1 4.64651E-1 4.60406E-1 4.6073E-1 4.60667E-1 4.58235E-1 4.57766E-1 4.56625E-1 4.53745E-1 4.52749E-1 4.5089E-1 4.48486E-1 4.4718E-1 4.41324E-1 4.38111E-1 4.28782E-1 4.22639E-1 3.95605E-1 3.85671E-1 3.74932E-1 3.66913E-1 3.61263E-1 3.53524E-1 3.494E-1 3.47431E-1 3.39153E-1 3.45527E-1 3.43609E-1 3.36826E-1 3.44847E-1
4.55499E-1 4.60828E-1 4.66887E-1 4.68456E-1 4.64099E-1 4.71125E-1 4.7435E-1 4.72661E-1 4.68788E-1 4.69593E-1 4.58292E-1 4.57796E-1 4.65609E-1 4.62533E-1 4.70021E-1 4.51968E-1 4.48775E-1 4.46643E-1 4.48943E-1 4.48588E-1 4.4846E-1 4.50395E-1 4.50106E-1 4.51606E-1 4.54338E-1 4.54711E-1 4.56501E-1 4.59524E-1 4.60146E-1 4.60963E-1 4.64109E-1 4.63109E-1 4.63283E-1 4.64283E-1 4.63536E-1 4.62772E-1 4.62654E-1 4.61194E-1 4.60443E-1 4.59753E-1 4.58107E-1 4.57197E-1 4.55903E-1 4.54394E-1 4.52192E-1 4.46479E-1 4.43242E-1 4.29911E-1 4.1667E-1 4.14779E-1 3.89143E-1 3.79269E-1 3.71205E-1 3.64119E-1 3.5956E-1 3.53773E-1 3.50641E-1 3.47671E-1 3.49252E-1 3.51128E-1
4.67764E-1 4.69495E-1 4.71177E-1 4.74183E-1 4.73649E-1 4.75936E-1 4.77425E-1 4.73908E-1 4.7388E-1 4.59788E-1 4.51386E-1 4.53234E-1 4.73498E-1 4.70416E-1 4.75303E-1 4.63196E-1 4.54074E-1 4.53418E-1 4.61619E-1 4.54142E-1 4.51937E-1 4.55254E-1 4.55505E-1 4.56023E-1 4.58959E-1 4.57323E-1 4.59644E-1 4.62895E-1 4.63128E-1 4.64822E-1 4.67289E-1 4.67136E-1 4.68514E-1 4.70066E-1 4.69233E-1 4.70089E-1 4.70949E-1 4.69709E-1 4.70491E-1 4.70849E-1 4.69666E-1 4.69899E-1 4.69587E-1 4.6803E-1 4.67767E-1 4.65404E-1 4.61605E-1 4.58321E-1 4.45774E-1 4.2991E-1 4.22702E-1 4.07633E-1 3.93285E-1 3.86016E-1 3.80063E-1 3.75049E-1 3.67447E-1 3.6407E-1 3.64651E-1 3.5705E-1
4.68931E-1 4.71227E-1 4.7259E-1 4.74483E-1 4.76312E-1 4.76343E-1 4.76344E-1 4.62605E-1 4.6162E-1 4.51091E-1 4.54838E-1 4.64735E-1 4.80466E-1 4.80922E-1 4.82695E-1 4.76849E-1 4.71255E-1 4.71271E-1 4.76279E-1 4.72735E-1 4.7039E-1 4.71889E-1 4.73074E-1 4.7482E-1 4.74063E-1 4.63426E-1 4.64118E-1 4.63214E-1 4.65548E-1 4.66458E-1 4.67933E-1 4.69502E-1 4.70397E-1 4.7169E-1 4.73055E-1 4.73156E-1 4.74444E-1 4.75913E-1 4.7496E-1 4.75867E-1 4.77244E-1 4.76038E-1 4.76603E-1 4.77562E-1 4.75464E-1 4.75167E-1 4.74528E-1 4.69238E-1 4.63032E-1 4.54367E-1 4.4905E-1 4.3946E-1 4.22816E-1 4.05811E-1 4.00498E-1 3.89517E-1 3.82536E-1 3.79032E-1 3.75571E-1 3.70581E-1
4.69351E-1 4.7029E-1 4.72569E-1 4.75066E-1 4.75912E-1 4.75836E-1 4.76651E-1 4.61067E-1 4.54673E-1 4.55776E-1 4.70506E-1 4.77886E-1 4.86166E-1 4.85286E-1 4.85544E-1 4.8587E-1 4.84902E-1 4.84542E-1 4.86045E-1 4.85214E-1 4.85051E-1 4.87221E-1 4.87092E-1 4.88836E-1 4.89118E-1 4.77889E-1 4.78056E-1 4.67105E-1 4.66605E-1 4.65691E-1 4.683E-1 4.68637E-1 4.6976E-1 4.72E-1 4.72111E-1 4.73004E-1 4.75043E-1 4.7501E-1 4.75697E-1 4.77395E-1 4.77349E-1 4.77993E-1 4.79264E-1 4.79231E-1 4.79504E-1 4.79397E-1 4.78716E-1 4.7703E-1 4.73139E-1 4.70169E-1 4.68116E-1 4.62539E-1 4.49141E-1 4.29999E-1 4.25212E-1 4.09973E-1 4.05208E-1 3.96144E-1 3.88737E-1 3.83815E-1
4.71588E-1 4.72253E-1 4.74329E-1 4.77299E-1 4.77221E-1 4.74156E-1 4.70625E-1 4.61535E-1 4.57545E-1 4.6966E-1 4.83076E-1 4.85499E-1 4.89083E-1 4.87843E-1 4.88336E-1 4.89689E-1 4.88117E-1 4.88354E-1 4.89925E-1 4.88977E-1 4.89242E-1 4.91553E-1 4.91408E-1 4.92453E-1 4.95442E-1 4.92429E-1 4.93388E-1 4.80112E-1 4.73154E-1 4.67539E-1 4.69362E-1 4.69515E-1 4.71028E-1 4.73572E-1 4.73652E-1 4.74964E-1 4.77525E-1 4.77913E-1 4.78808E-1 4.81127E-1 4.81118E-1 4.82567E-1 4.84791E-1 4.85291E-1 4.86158E-1 4.87077E-1 4.8688E-1 4.86761E-1 4.85337E-1 4.83355E-1 4.82494E-1 4.78657E-1 4.69579E-1 4.60653E-1 4.58867E-1 4.42825E-1 4.40022E-1 4.27542E-1 4.07179E-1 4.03696E-1
4.71167E-1 4.7342E-1 4.74826E-1 4.76815E-1 4.77998E-1 4.74644E-1 4.69576E-1 4.67362E-1 4.69729E-1 4.82142E-1 4.87964E-1 4.8923E-1 4.9034E-1 4.9077E-1 4.91083E-1 4.91596E-1 4.91196E-1 4.9135E-1 4.9178E-1 4.91337E-1 4.91882E-1 4.92744E-1 4.93052E-1 4.9429E-1 4.9578E-1 4.97074E-1 4.98515E-1 4.89618E-1 4.78674E-1 4.69536E-1 4.68096E-1 4.69635E-1 4.71878E-1 4.72346E-1 4.74071E-1 4.75056E-1 4.76619E-1 4.78457E-1 4.79405E-1 4.81084E-1 4.83356E-1 4.8411E-1 4.85929E-1 4.88681E-1 4.88463E-1 4.90042E-1 4.92925E-1 4.90339E-1 4.90435E-1 4.91421E-1 4.8741E-1 4.86109E-1 4.83729E-1 4.78592E-1 4.76489E-1 4.71371E-1 4.66211E-1 4.54675E-1 4.2661E-1 4.18234E-1
4.70769E-1 4.71775E-1 4.74007E-1 4.76476E-1 4.77415E-1 4.78615E-1 4.81034E-1 4.81101E-1 4.83227E-1 4.87704E-1 4.88356E-1 4.90148E-1 4.92347E-1 4.92663E-1 4.92939E-1 4.94474E-1 4.94027E-1 4.93673E-1 4.95014E-1 4.9439E-1 4.94074E-1 4.95865E-1 4.95691E-1 4.95822E-1 4.98374E-1 4.98803E-1 4.99183E-1 4.95543E-1 4.88069E-1 4.77915E-1 4.7247E-1 4.72294E-1 4.7731E-1 4.73275E-1 4.72843E-1 4.73105E-1 4.75545E-1 4.76059E-1 4.77456E-1 4.79961E-1 4.80716E-1 4.82399E-1 4.84983E-1 4.85817E-1 4.87399E-1 4.8946E-1 4.89878E-1 4.90113E-1 4.90609E-1 4.90166E-1 4.88969E-1 4.87164E-1 4.84956E-1 4.83403E-1 4.7988E-1 4.76942E-1 4.7515E-1 4.64616E-1 4.4616E-1 4.40146E-1
4.7177E-1 4.72577E-1 4.74609E-1 4.77504E-1 4.78475E-1 4.80154E-1 4.83236E-1 4.8439E-1 4.86255E-1 4.89489E-1 4.90355E-1 4.91877E-1 4.94748E-1 4.9482E-1 4.9542E-1 4.97364E-1 4.96245E-1 4.96821E-1 4.98269E-1 4.96823E-1 4.97274E-1 4.98907E-1 4.97782E-1 4.98748E-1 5.01283E-1 5.01018E-1 5.01708E-1 4.99282E-1 4.92618E-1 4.88083E-1 4.82039E-1 4.76479E-1 4.8283E-1 4.7506E-1 4.73808E-1 4.73416E-1 4.75911E-1 4.7642E-1 4.77336E-1 4.80013E-1 4.8062E-1 4.8235E-1 4.85199E-1 4.86009E-1 4.87846E-1 4.90237E-1 4.90707E-1 4.91761E-1 4.92884E-1 4.92943E-1 4.92626E-1 4.91734E-1 4.90373E-1 4.89237E-1 4.86672E-1 4.84454E-1 4.83321E-1 4.78546E-1 4.70664E-1 4.65222E-1
4.70618E-1 4.7282E-1 4.74405E-1 4.76199E-1 4.78206E-1 4.80026E-1 4.81993E-1 4.84317E-1 4.8647E-1 4.88495E-1 4.90674E-1 4.92845E-1 4.9462E-1 4.96172E-1 4.97482E-1 4.98657E-1 4.99149E-1 4.99735E-1 5.0036E-1 5.00115E-1 5.00679E-1 5.01248E-1 5.01064E-1 5.02345E-1 5.03342E-1 5.03632E-1 5.05313E-1 4.99191E-1 4.87464E-1 4.87446E-1 4.93172E-1 4.82187E-1 4.76156E-1 4.76018E-1 4.76462E-1 4.77367E-1 4.78242E-1 4.78573E-1 4.79691E-1 4.80519E-1 4.80576E-1 4.82028E-1 4.83204E-1 4.84872E-1 4.86402E-1 4.88065E-1 4.90512E-1 4.90678E-1 4.91846E-1 4.93928E-1 4.92122E-1 4.92312E-1 4.93286E-1 4.90099E-1 4.89443E-1 4.89381E-1 4.85199E-1 4.83775E-1 4.81133E-1 4.72627E-1
4.69913E-1 4.71012E-1 4.73278E-1 4.75846E-1 4.77035E-1 4.78894E-1 4.81793E-1 4.83315E-1 4.85579E-1 4.88847E-1 4.9054E-1 4.92756E-1 4.95853E-1 4.97157E-1 4.98551E-1 5.00651E-1 5.00795E-1 5.01688E-1 5.03341E-1 5.03192E-1 5.03214E-1 5.04897E-1 5.048E-1 5.05027E-1 5.07086E-1 5.07022E-1 5.08233E-1 5.05303E-1 4.9496E-1 4.96686E-1 4.945E-1 4.84127E-1 4.78573E-1 4.80662E-1 4.80815E-1 4.81226E-1 4.83249E-1 4.83791E-1 4.84415E-1 4.86112E-1 4.85432E-1 4.8577E-1 4.87409E-1 4.87742E-1 4.87765E-1 4.89172E-1 4.89686E-1 4.89076E-1 4.90287E-1 4.90927E-1 4.90708E-1 4.90892E-1 4.90356E-1 4.89681E-1 4.88732E-1 4.87964E-1 4.8589E-1 4.83428E-1 4.81228E-1 4.76831E-1
4.70534E-1 4.71849E-1 4.73495E-1 4.76406E-1 4.77536E-1 4.79165E-1 4.82373E-1 4.83832E-1 4.86022E-1 4.89577E-1 4.90981E-1 4.93793E-1 4.97322E-1 4.98137E-1 5.00309E-1 5.03262E-1 5.03401E-1 5.04263E-1 5.06254E-1 5.05375E-1 5.06235E-1 5.08212E-1 5.07518E-1 5.08192E-1 5.10479E-1 5.09781E-1 5.11365E-1 5.11389E-1 5.08901E-1 4.89503E-1 4.89713E-1 4.84726E-1 4.81907E-1 4.84225E-1 4.83972E-1 4.84667E-1 4.86699E-1 4.86938E-1 4.909E-1 4.94481E-1 4.90907E-1 4.9038E-1 4.91212E-1 4.90301E-1 4.91135E-1 4.92431E-1 4.91244E-1 4.91212E-1 4.92062E-1 4.91142E-1 4.9153E-1 4.91874E-1 4.91072E-1 4.90987E-1 4.9034E-1 4.89256E-1 4.88251E-1 4.86062E-1 4.84042E-1 4.81618E-1
4.68878E-1 4.71395E-1 4.73016E-1 4.74834E-1 4.76916E-1 4.78905E-1 4.80796E-1 4.83232E-1 4.86018E-1 4.88391E-1 4.91224E-1 4.94248E-1 4.96595E-1 4.9918E-1 5.01548E-1 5.0346E-1 5.05119E-1 5.06485E-1 5.07591E-1 5.08151E-1 5.0922E-1 5.10001E-1 5.10213E-1 5.11817E-1 5.12897E-1 5.13353E-1 5.15277E-1 5.1584E-1 5.14825E-1 4.99936E-1 5.05685E-1 4.92058E-1 4.8641E-1 4.87592E-1 4.88322E-1 4.90261E-1 4.91244E-1 4.91806E-1 5.00527E-1 5.12412E-1 5.0041E-1 4.98E-1 4.9537E-1 4.9621E-1 4.97145E-1 4.96737E-1 4.95913E-1 4.97122E-1 4.96397E-1 4.95334E-1 4.95322E-1 4.95314E-1 4.9456E-1 4.93851E-1 4.93575E-1 4.93048E-1 4.90739E-1 4.8976E-1 4.88487E-1 4.83985E-1
4.67901E-1 4.69236E-1 4.71735E-1 4.7429E-1 4.75385E-1 4.77845E-1 4.80815E-1 4.82455E-1 4.85012E-1 4.88371E-1 4.90206E-1 4.93609E-1 4.97097E-1 4.98869E-1 5.01793E-1 5.04652E-1 5.05708E-1 5.07668E-1 5.09838E-1 5.10391E-1 5.11212E-1 5.1313E-1 5.13465E-1 5.14291E-1 5.16493E-1 5.17157E-1 5.18079E-1 5.20455E-1 5.20079E-1 5.20367E-1 5.13168E-1 4.97758E-1 4.89764E-1 4.93814E-1 4.9479E-1 5.00951E-1 5.02465E-1 4.98954E-1 5.02647E-1 5.06873E-1 5.16892E-1 5.03944E-1 5.0419E-1 5.09737E-1 5.07237E-1 5.04363E-1 5.04718E-1 5.06286E-1 5.02801E-1 5.00756E-1 4.99727E-1 4.99466E-1 4.98759E-1 4.98285E-1 4.96616E-1 4.96489E-1 4.94124E-1 4.91857E-1 4.90397E-1 4.87815E-1
4.67518E-1 4.68961E-1 4.7161E-1 4.74705E-1 4.75805E-1 4.78179E-1 4.81358E-1 4.82688E-1 4.8547E-1 4.89189E-1 4.91036E-1 4.94355E-1 4.98577E-1 5.00523E-1 5.02908E-1 5.06313E-1 5.07137E-1 5.09379E-1 5.12296E-1 5.12651E-1 5.13673E-1 5.15952E-1 5.15524E-1 5.17053E-1 5.19478E-1 5.19194E-1 5.20781E-1 5.23403E-1 5.23223E-1 5.23761E-1 5.19416E-1 5.02592E-1 4.96967E-1 5.04599E-1 5.04751E-1 5.25373E-1 5.27139E-1 5.08766E-1 5.15411E-1 5.28233E-1 5.1286E-1 5.12254E-1 5.16897E-1 5.28009E-1 5.27259E-1 5.11719E-1 5.12422E-1 5.27296E-1 5.06501E-1 5.02154E-1 5.01286E-1 5.00734E-1 5.00574E-1 5.03535E-1 5.00595E-1 4.99371E-1 4.9647E-1 4.91761E-1 4.89458E-1 4.87506E-1
4.65776E-1 4.68938E-1 4.70956E-1 4.73493E-1 4.76237E-1 4.78012E-1 4.80326E-1 4.83216E-1 4.85599E-1 4.88276E-1 4.91655E-1 4.94535E-1 4.97422E-1 5.00831E-1 5.03397E-1 5.05873E-1 5.08591E-1 5.10673E-1 5.12562E-1 5.14402E-1 5.15754E-1 5.17095E-1 5.18219E-1 5.19895E-1 5.21286E-1 5.22335E-1 5.23942E-1 5.25189E-1 5.26208E-1 5.27823E-1 5.27052E-1 5.26068E-1 5.09498E-1 5.2766E-1 5.3077E-1 5.34284E-1 5.35378E-1 5.347E-1 5.36345E-1 5.38065E-1 5.37998E-1 5.39225E-1 5.38134E-1 5.28491E-1 5.15441E-1 5.21722E-1 5.36464E-1 5.34901E-1 5.11504E-1 5.06692E-1 5.06132E-1 5.06167E-1 5.09576E-1 5.20566E-1 5.0909E-1 5.17769E-1 5.00365E-1 4.95274E-1 4.92373E-1 4.88195E-1
4.64212E-1 4.66055E-1 4.69099E-1 4.72599E-1 4.74404E-1 4.76658E-1 4.79966E-1 4.81779E-1 4.8426E-1 4.87979E-1 4.90181E-1 4.93081E-1 4.96851E-1 4.99027E-1 5.02463E-1 5.06127E-1 5.08241E-1 5.1053E-1 5.13378E-1 5.14719E-1 5.1639E-1 5.18602E-1 5.19216E-1 5.21166E-1 5.23415E-1 5.24262E-1 5.25522E-1 5.27709E-1 5.28705E-1 5.29882E-1 5.31928E-1 5.32086E-1 5.32834E-1 5.34966E-1 5.3615E-1 5.37589E-1 5.39638E-1 5.40208E-1 5.4108E-1 5.43124E-1 5.43451E-1 5.4402E-1 5.4282E-1 5.24946E-1 5.20818E-1 5.43723E-1 5.44632E-1 5.41301E-1 5.18606E-1 5.12515E-1 5.12186E-1 5.09883E-1 5.27866E-1 5.13645E-1 5.25898E-1 5.03568E-1 4.99622E-1 4.95437E-1 4.9555E-1 4.92616E-1
4.62925E-1 4.64825E-1 4.68098E-1 4.72285E-1 4.74066E-1 4.76219E-1 4.79767E-1 4.81266E-1 4.84074E-1 4.87845E-1 4.89771E-1 4.93E-1 4.97105E-1 4.99134E-1 5.02363E-1 5.06376E-1 5.08098E-1 5.10907E-1 5.14506E-1 5.15845E-1 5.17517E-1 5.20371E-1 5.21002E-1 5.22542E-1 5.25009E-1 5.25181E-1 5.26857E-1 5.29149E-1 5.29151E-1 5.30812E-1 5.3307E-1 5.33093E-1 5.34771E-1 5.36903E-1 5.36662E-1 5.38306E-1 5.40492E-1 5.40419E-1 5.41658E-1 5.43752E-1 5.43354E-1 5.44838E-1 5.4666E-1 5.4535E-1 5.46594E-1 5.47102E-1 5.457E-1 5.4485E-1 5.41252E-1 5.39637E-1 5.37017E-1 5.35057E-1 5.31063E-1 5.27578E-1 5.27292E-1 5.19621E-1 5.03207E-1 5.1433E-1 4.94652E-1 4.91352E-1
4.60422E-1 4.6397E-1 4.66782E-1 4.69898E-1 4.73322E-1 4.75509E-1 4.78154E-1 4.81265E-1 4.8363E-1 4.86339E-1 4.89696E-1 4.92403E-1 4.9544E-1 4.99215E-1 5.01921E-1 5.04844E-1 5.08385E-1 5.10808E-1 5.1333E-1 5.1614E-1 5.17911E-1 5.19938E-1 5.22146E-1 5.23512E-1 5.25226E-1 5.27026E-1 5.28119E-1 5.29402E-1 5.3076E-1 5.32417E-1 5.3375E-1 5.35015E-1 5.36548E-1 5.3783E-1 5.38967E-1 5.4037E-1 5.41486E-1 5.42341E-1 5.43697E-1 5.44883E-1 5.45746E-1 5.468E-1 5.47912E-1 5.4859E-1 5.48095E-1 5.48303E-1 5.4796E-1 5.4639E-1 5.45599E-1 5.44012E-1 5.42086E-1 5.40397E-1 5.38855E-1 5.35433E-1 5.34701E-1 5.29457E-1 5.24087E-1 5.22019E-1 5.1389E-1 5.11231E-1
4.58679E-1 4.60964E-1 4.64583E-1 4.68673E-1 4.70963E-1 4.73639E-1 4.7704E-1 4.78713E-1 4.81676E-1 4.85338E-1 4.87431E-1 4.90221E-1 4.94011E-1 4.96229E-1 4.99802E-1 5.03604E-1 5.05756E-1 5.08957E-1 5.12288E-1 5.13842E-1 5.16511E-1 5.19237E-1 5.20374E-1 5.22623E-1 5.24729E-1 5.25662E-1 5.27682E-1 5.2952E-1 5.3037E-1 5.32488E-1 5.34439E-1 5.35487E-1 5.36946E-1 5.38707E-1 5.3928E-1 5.40921E-1 5.42618E-1 5.43177E-1 5.44209E-1 5.45742E-1 5.45954E-1 5.47211E-1 5.48271E-1 5.48151E-1 5.48406E-1 5.48466E-1 5.47685E-1 5.46521E-1 5.45318E-1 5.43716E-1 5.42097E-1 5.4E-1 5.3795E-1 5.35852E-1 5.32875E-1 5.30615E-1 5.27054E-1 5.23414E-1 5.19332E-1 5.16388E-1
4.57536E-1 4.59931E-1 4.6292E-1 4.67533E-1 4.69769E-1 4.72187E-1 4.76024E-1 4.7757E-1 4.80471E-1 4.84234E-1 4.8596E-1 4.88971E-1 4.93017E-1 4.95071E-1 4.9841E-1 5.02508E-1 5.05346E-1 5.09728E-1 5.13677E-1 5.13845E-1 5.15582E-1 5.1893E-1 5.21022E-1 5.22915E-1 5.25124E-1 5.25017E-1 5.26822E-1 5.2919E-1 5.29993E-1 5.31493E-1 5.33771E-1 5.3446E-1 5.35857E-1 5.37884E-1 5.3807E-1 5.39391E-1 5.41154E-1 5.41081E-1 5.42198E-1 5.43772E-1 5.43459E-1 5.44255E-1 5.45242E-1 5.44524E-1 5.44657E-1 5.44485E-1 5.42935E-1 5.42185E-1 5.40787E-1 5.3862E-1 5.37241E-1 5.34747E-1 5.32343E-1 5.30119E-1 5.26411E-1 5.23279E-1 5.21121E-1 5.16021E-1 5.12498E-1 5.09881E-1
4.5482E-1 4.58487E-1 4.61418E-1 4.64714E-1 4.68351E-1 4.70823E-1 4.73714E-1 4.7696E-1 4.79268E-1 4.81967E-1 4.8518E-1 4.87725E-1 4.90627E-1 4.94293E-1 4.96884E-1 5.00974E-1 5.06693E-1 5.24902E-1 5.27259E-1 5.16006E-1 5.14158E-1 5.16643E-1 5.24093E-1 5.35159E-1 5.27264E-1 5.2673E-1 5.27081E-1 5.28405E-1 5.29741E-1 5.30771E-1 5.32335E-1 5.34335E-1 5.35295E-1 5.36665E-1 5.38286E-1 5.38749E-1 5.39811E-1 5.40991E-1 5.41327E-1 5.4223E-1 5.43023E-1 5.42851E-1 5.4342E-1 5.43805E-1 5.42649E-1 5.42328E-1 5.41542E-1 5.39671E-1 5.38797E-1 5.37108E-1 5.34185E-1 5.32685E-1 5.30319E-1 5.26445E-1 5.24114E-1 5.20694E-1 5.1654E-1 5.13547E-1 5.09093E-1 5.04295E-1
