Spatial_Analysis/Maxent_Inputs/Inputs/RCP8_5_Near/currentspeed_near85.asc
NCOLS 638 
NROWS 314 
XLLCORNER -102.97071042 
YLLCORNER 3.973116569 
CELLSIZE 0.083 
NODATA_value -9999 
[rows 176 to 197 of 314, columns 500 to 549 of 638]
13.438396914705 -9999 13.0737828152507 13.0244794949831 12.8949285699993 12.7772081616638 12.6718681828971 12.5767945404986 12.4874098246462 12.3978520612125 12.2963624233986 12.1998056005744 12.17610922498 12.1832979850479 12.1478010311823 12.1150646166845 12.0869303967763 12.0641304911099 12.0446698616736 12.0256563339276 12.0044147920567 11.9794828536742 11.9540942839907 11.9096583573487 11.7868842607249 11.6101493272539 11.4581063008187 11.3078747056232 11.1573952288365 11.0037799366866 10.8454076266601 10.6816392737599 10.513214850072 10.3424740679112 10.1731822668654 10.0184873823393 9.89963203714246 9.8143493691809 9.73948295452336 9.66494922783773 9.5884984477695 9.50717897392487 9.42019980867627 9.32809027583694 9.23251696356077 9.13619169310308 9.04194315743315 8.96076492342205 8.91796273999652 8.91249519420393
13.2259360604126 13.1269197463989 12.9674968047573 12.9158364333606 12.7929608964915 12.67256743794 12.5558081433643 12.441946977443 12.3285270691825 12.2124075365343 12.0762148350973 11.9447720773429 11.9346288617437 11.9923523644124 11.991023375535 11.9808650436453 11.9703088158803 11.9609248184683 11.952512352658 11.9442373326966 11.935412065709 11.9261624366061 11.9235298316823 11.9109594789066 11.818729419849 11.6666947942705 11.5399926371411 11.4178653953913 11.2968385314438 11.1752809235461 11.0523375390149 10.9278520156979 10.8026306165416 10.6783417721123 10.5556122057693 10.437017548059 10.3301835661962 10.2342053114458 10.1403925865478 10.0477545433603 9.95636044492758 9.86410688286177 9.77021906670354 9.67485052541916 9.57895336761879 9.48403754684056 9.39025332105293 9.30330041009269 9.24459488964699 9.21447127271798
13.107575730415 12.9733612407679 12.8320753708277 12.7514018091395 12.6271618766329 12.5029212746023 12.3786838576114 12.2544441862094 12.1302016426568 12.0034696810676 11.8473044042171 11.6942079377374 11.6965020163594 11.7908764121468 11.8200837805864 11.827988068834 11.8358937061402 11.8437963763695 11.8516971050769 11.8595962667626 11.8674990319183 11.8760198460075 11.8937760458399 11.9057160505952 11.8441199878145 11.7272256731914 11.6330126855451 11.5466548639664 11.4602952294482 11.3739370518385 11.2875761876065 11.2012155608295 11.1148557644326 11.028438726434 10.9414175107598 10.8519234949441 10.7571157492966 10.6573443998408 10.5562844461279 10.4545448536964 10.3528049806682 10.251067808684 10.1493325165916 10.0475936641901 9.94585461763642 9.84411837325252 9.74241938535613 9.64611352795974 9.57158688859376 9.5190859595463
12.9759174723506 12.8452087652568 12.7142449201318 12.5835170795827 12.4528046153154 12.3220934130353 12.191383559814 12.060670933668 11.9299584694007 11.793289453294 11.6191155054574 11.4530480028354 11.4663574958936 11.5907188178086 11.6485862455511 11.6740939323095 11.6991930137829 11.7242938089697 11.7493915615033 11.7744918295527 11.799592691692 11.8260203664291 11.8620040677522 11.8934101548037 11.86292514334 11.7854613686382 11.7263203673193 11.6765053243286 11.626863050378 11.5772236255553 11.5275793583171 11.4779382715465 11.4282976595438 11.3783261361483 11.3259679645268 11.2641929520386 11.1814555657011 11.0791748201921 10.9722035034129 10.8625710621199 10.7528414675476 10.6431133960671 10.5333866736454 10.4236571782989 10.3139277024445 10.2042184744855 10.0946791969444 9.98913803057417 9.8987922254066 9.82381077411778
12.8497856290101 12.6960970159953 12.5529584209358 12.4156339832309 12.2784512939835 12.1412665444962 12.0040802949397 11.8668976811266 11.7297153479102 11.5841447876226 11.3963485861148 11.2222970155252 11.2459627409489 11.3949414104443 11.4766800412686 11.5201983279893 11.5624965268441 11.6047922576433 11.6470887427845 11.689389457759 11.7316850461717 11.7754691618701 11.8274782751204 11.8759336746559 11.8767449065465 11.8412114088027 11.8196479707349 11.8063532254104 11.7934309144685 11.7805115282118 11.7675857094954 11.7546614570315 11.7417385104656 11.728051887677 11.7098857248884 11.6754696877403 11.6048108929872 11.5003947656291 11.3879938204421 11.2705955577066 11.1528760365507 11.0351565585555 10.9174370373995 10.7997175594043 10.6819980382484 10.5643286393587 10.4469864902027 10.3322421621309 10.2260791968366 10.1285898269001
12.7239680316952 12.5471205788149 12.3916375809438 12.2477509386447 12.1040961260561 11.9604381089355 11.816782820975 11.6731283449252 11.5294723688062 11.3770653642154 11.1811687845655 11.0026213298659 11.0361841551849 11.2052099740877 11.3054829270259 11.3663033408237 11.4257992050548 11.4852918411045 11.5447860951723 11.6042816982989 11.6637745285007 11.7243759968748 11.7908972359614 11.8553443991973 11.8875316258174 11.8951761427489 11.9127105634577 11.9362071267409 11.9600026517384 11.9837975842727 12.0075879309429 12.0313820320744 12.0551762950846 12.0778939668966 12.0942446381428 12.0874152236929 12.0288301885018 11.9220356058869 11.8038789295495 11.6786216237436 11.5529122623255 11.4272026635945 11.3014931402977 11.1757838975977 11.0500741801487 10.9244363416426 10.7992655688135 10.6752952935671 10.5533156312387 10.433335990639
12.5932142673472 12.3954208064545 12.2300917485079 12.1148985289001 11.9939796830314 11.7796102473686 11.6294840894303 11.4793579645345 11.3292291955501 11.1722579601624 10.9742313143993 10.7948101737046 10.8377888699788 11.022098640972 11.1352272869636 11.2124094654038 11.2890985126975 11.3657912152266 11.4424840601423 11.5191750822541 11.5958643668606 11.6730813687478 11.7535780323859 11.8336743157381 11.8972605424731 11.9484898645815 12.0056406335502 12.066059466226 12.1265714464576 12.1870805027541 12.2475916710751 12.3081036513067 12.3686141314692 12.4281305998725 12.4801184043816 12.5016919164916 12.4551579268847 12.3451246548185 12.2200812963838 12.0866463134825 11.9529471873595 11.8192474441011 11.6855478432292 11.5518483610754 11.4181488119692 11.2845149336155 11.1514333691903 11.0181721406793 10.8803714698293 10.7379594059356
12.4523434660334 12.2387813257917 12.1022945445811 -9999 -9999 11.6654391304121 11.4421849350483 11.2855848738718 11.1289835823545 10.9690955308332 10.7746776441761 10.5998204844638 10.6514930378191 10.8447542550347 10.9646152047832 11.0585138610836 11.1524020257587 11.2462910877662 11.340181768561 11.4340694067025 11.5279574764512 11.6219616385982 11.7168994537668 11.8129411920651 11.9079084978626 12.0023688100123 12.0986847955072 12.1959110700036 12.2931380054002 12.39036553326 12.4875976469839 12.5848267180547 12.6820560265804 12.7788142245723 12.8681593452524 12.919988474617 12.8854582379691 12.7703085476579 12.6363128193095 12.4946726837847 12.352983318208 12.2112936915267 12.0696040648454 11.9279144381641 11.7862230123475 11.6445580846068 11.5034369440879 11.3607349879477 11.2071115938257 11.0424141457231
12.2969314095893 12.0768344803824 11.8824459616198 11.7315797805786 -9999 -9999 11.3244335249277 11.0926850838857 10.9287387758934 10.7650036192454 10.5778707859852 10.4184177236705 10.4772603147883 10.6710493245052 10.7935345116432 10.9047143967985 11.0161668281262 11.1275186090533 11.2382802307736 11.3490204674085 11.4600497834706 11.5711341457454 11.6817538820484 11.7951769649826 11.9214074836278 12.0576892122425 12.1918149362259 12.3256456215047 12.4589150906328 12.5918483087977 12.7258064495913 12.8607505535253 12.9954819242037 13.1293676738831 13.2577643551812 13.3438828443459 13.3212427187699 13.1977530640023 13.0523805626549 12.902605852405 12.7523653316633 12.6018572663638 12.4522465681878 12.3033717418813 12.1542796482163 12.0046193868233 11.8553292760943 11.7028642580927 11.5334117256171 11.346678829761
12.1264324275032 11.9188288677015 11.7571093856164 11.5825135012834 11.447979927063 -9999 -9999 10.9816105145194 10.7534426514139 10.5696082933327 10.3812320145797 10.2484368090057 10.3112660052734 10.4943428867548 10.6318660088114 10.7670508323884 10.8964952567378 11.0210523168907 11.14270908514 11.2644729106422 11.3890339634063 11.5177438083585 11.6478427573023 11.7820398935042 11.9392013034761 12.1124206826264 12.2761400157043 12.4361152384796 12.5978358943267 12.7629732069822 12.9331182469838 13.1085220680221 13.2882068176131 13.4702276738385 13.6471336604787 13.773628623282 13.7627076794039 13.6233007119677 13.4596073593124 13.2919184056162 13.1274101007879 12.9670058311817 12.8111463614736 12.6589814554931 12.508860410463 12.3589408028857 12.2064295953072 12.0445618876232 11.8592451902604 11.6504187567295
11.9617920638976 11.8050359287157 11.6622048236463 11.5168287481167 11.4213328878601 -9999 -9999 10.7262370722292 10.6511678567263 10.4425992588056 10.2247916917949 10.0831407513855 10.1596678655833 10.354787563725 10.5212369940808 10.6728028611725 10.809672584066 10.9364455992326 11.0582818498377 11.1803738087906 11.3078720355952 11.4454844351868 11.5954270850867 11.7643141968803 11.9518883728775 12.1338247818342 12.3131032836891 12.4950239524233 12.6836860005815 12.8802300839554 13.0852927839094 13.2994724820137 13.5233056350211 13.7564988252889 13.9954953101544 14.190501731191 14.1980546896803 14.0089469976306 13.8159389673393 13.6298478297876 13.4537727607839 13.2869145378026 13.1278528572174 12.9751206356895 12.8272124218392 12.6822465217555 12.5370406153021 12.3795989135258 12.1807954397909 11.9414912626698
12.1673028929904 12.011000838405 11.8737305374344 11.731577778813 11.6429821807712 11.5968463944054 11.4280916878029 11.0971976184969 10.7137126149944 10.6631763657931 10.4442550485975 10.3055438513092 10.3713881804051 10.5371462567673 10.6836203965877 10.8114920114129 10.923442561931 11.0248140105784 11.121069093432 11.2175902433204 11.3197732363983 11.4329069888356 11.559453189618 11.7106048425905 11.9041267814836 12.1136534433988 12.315120485162 12.5213687322751 12.7351972060515 12.9573294505471 13.1882913667607 13.428718699337 13.6793364801911 13.940527759204 14.2087021395858 14.4279478928556 14.4507072260892 14.2717618124671 14.0823012504142 13.9025211843759 13.733850179806 13.5748849224189 13.4240021149416 13.2796840532238 13.1404707169296 13.0047267172348 12.8691516091447 12.71776545638 12.516592845044 12.2691401799239
12.7792160971355 12.5597475001828 12.407711408098 12.2573064924068 12.1057725966921 11.9488629077648 11.7845916144352 11.7083564195092 11.6093827505317 11.251036371319 11.0613806623241 10.9180366882549 10.9485970477092 11.0685556735712 11.1336149313689 11.1934583857008 11.2474341668607 11.2951018039388 11.3392572434468 11.3835634146068 11.4312790742632 11.4839549337332 11.5400439871053 11.6238474757409 11.799000630226 12.0452158132544 12.2820321985616 12.5177928714258 12.7545798383347 12.9959235217904 13.2433262266606 13.4971574508974 13.7563709161331 14.0179704986241 14.2760047786702 14.4793391222209 14.51717321165 14.3995472797021 14.2549984456117 14.110562324984 13.9687979753149 13.8324197661076 13.7015613571392 13.5751925233338 13.4514505020676 13.3276743066898 13.2016987100661 13.061201138863 12.8713156584174 12.6336983295838
13.5051225772597 13.2251870521802 13.0576258882493 12.9048709702001 12.7534900000586 12.6009263497835 12.4461294473005 12.2889775783452 12.1307373685088 11.9736166863434 11.7860717382058 11.5972778961041 11.596308451495 11.6950084079806 11.6878449746384 11.6672781442425 11.6468926016787 11.6249805257949 11.6020107455404 11.5790761501568 11.5569829634659 11.5354390638611 11.514037970863 11.5331895168264 11.684693382554 11.9446120124279 12.2047163913184 12.4638759322198 12.721748589191 12.9805420419925 13.2411608227889 13.5036893246815 13.7672042773242 14.0296291834284 14.2840658769665 14.4845392282745 14.5428620535866 14.469404988395 14.3678881419471 14.2606232163999 14.1522746385004 14.0450473335216 13.9394718377843 13.8352402877817 13.7314536262461 13.6267612460664 13.5217053985879 13.4047715759461 13.2308729421027 12.9991460023988
14.2398788191893 13.9127133962565 13.726986589841 13.5828351150256 13.4386849276387 13.2945301536187 13.1503813900979 13.0062255251971 12.8620721088597 12.7131004057934 12.5058159698959 12.2701970235414 12.2388934741402 12.3140240245166 12.2591162958845 12.1623059132481 12.0654917329897 11.9686792331486 11.8718685462469 11.7750579686893 11.678249959786 11.5816563473057 11.4876406051759 11.4483220785718 11.5756869132466 11.840687895375 12.1115514811587 12.3847281476424 12.6579045012369 12.9310815429899 13.2042580153214 13.477434012885 13.750611054638 14.0232177287545 14.2853704059767 14.4924450706061 14.5718795291083 14.5322131131466 14.4643593782434 14.3859541890821 14.3075379629624 14.229123535978 14.1507104149107 14.0722942080294 13.9938786700682 13.9155375808484 13.838805278311 13.7487445990463 13.5906155049143 13.3635290190881
14.9693338733457 14.6034296921918 14.3971650701782 14.2631877115578 14.1296285712959 13.996068879478 13.7161388523786 13.4605346372613 13.595395155604 13.4490691787458 13.221554065101 12.9514017625368 12.8875798123067 12.9309945259577 12.8298167517918 12.6587672772771 12.4868768343464 12.3149858404636 12.1430999306088 11.9712111726487 11.7993213659459 11.6283232492915 11.4633584256728 11.3672644010134 11.4703552105516 11.7386617222354 12.0182684188984 12.3038137047675 12.589492577295 12.8751742227474 13.1608539459162 13.4465323631869 13.7322136526084 14.0162889555158 14.2873613665336 14.5054027405208 14.6057879503043 14.5963705223309 14.5602339221301 14.5097014660282 14.4587673068577 14.4078381318624 14.3569100016605 14.3059805655606 14.2550504420711 14.2043766376601 14.1560725922463 14.0925502380132 13.9501792388842 13.7279903028695
15.6826703146914 15.2877588378568 15.0683641197528 14.9435376458823 14.8205691961106 14.5533896410589 14.4175312438953 14.6485311810584 14.3287185820248 14.186188693979 13.9448863649292 13.6488997808395 13.5514053917932 13.5541622242241 13.3993782804802 13.1552297804218 12.9082640713773 12.6612951344049 12.414326976047 12.1673610728503 11.9203939155211 11.6752380901641 11.4399053683565 11.287294389479 11.3660911619563 11.6373576941754 11.925185427809 12.2229021852048 12.5210836204302 12.8192672777742 13.1174521309221 13.4156335856395 13.7138168200003 14.0096810309925 14.2915403006008 14.5231842194458 14.6444553857022 14.6628234326134 14.6559486918452 14.6334471241872 14.6100016349282 14.5865551964062 14.5631087578841 14.539664260884 14.5162198164185 14.4932185401689 14.4731813620185 14.4358588589447 14.3092381479871 14.0922278813882
16.3711022881056 15.9584874478046 15.7385216908953 15.6238867013438 15.3694529484269 -9999 15.1782782943281 15.1744074960399 15.0620370006209 14.9276661637092 14.6842921536223 14.3699299990547 14.2377758472984 14.1901116643799 13.9703693885704 13.6516950607909 13.3296507389866 13.0076052739131 12.6855580045241 12.3635135403332 12.0414693804077 11.7218626703219 11.4153671895193 11.2057043218613 11.2602456747874 11.5351032768822 11.8319405183915 12.1419897638393 12.4526747305177 12.7633594591141 13.0740493666649 13.3847348080921 13.6954194179706 14.0037774201555 14.2984827170154 14.5453036735313 14.6874209097935 14.7319055457841 14.7521592469322 14.7571932139533 14.7612350137356 14.76527226095 14.7693078893772 14.7733486961317 14.7773908519449 14.781941204384 14.7897990116456 14.7783750184912 14.6674985138284 14.4559536493689
17.0261706402562 16.6105738182755 16.4068359239014 16.3042371611791 16.2197270357788 -9999 15.8972681175359 15.8971343927431 15.7953559886385 15.6751084802089 15.4452813425723 15.1219539861478 14.9538947704012 14.8434362651849 14.543909926746 14.1481567138984 13.7510361963743 13.3539118812282 12.9567894406516 12.5596689231275 12.1625446079813 11.7676982004425 11.3879012632358 11.1197743571073 11.1501638917656 11.4302790635374 11.7382155270955 12.061072334649 12.3842619760307 12.7074505056666 13.0306422117184 13.3538321142047 13.6770204496884 13.9985391370103 14.30796533202 14.5712953116733 14.7342251749393 14.803416728677 14.8489262244618 14.8809404908995 14.9124638399751 14.9439879008588 14.9755125552285 15.0070360466907 15.0385596568709 15.0704832309095 15.1057270241786 15.1198056733733 15.0246649161532 14.8189684258838
17.6397429705752 17.2428208668865 17.0757662113894 16.9845856903798 16.9069312565568 -9999 16.6162529653097 16.6198597655854 16.5286802973701 16.4278965265588 16.2293216956161 15.9129035283238 15.7068363293093 15.5147422804518 15.1167561812627 14.6446171288292 14.1724176424956 13.7002192003513 13.2280201887856 12.7558205082997 12.2836217101245 11.8126226741256 11.3563503011255 11.0267281107097 11.0331986943904 11.3219282545543 11.644510384417 11.9801590351894 12.3158525437939 12.6515476194201 12.9872390915763 13.3229326001808 13.6586275334203 13.9936408497298 14.3192096009328 14.6007140473606 14.7844159501482 14.8766233774918 14.9455958740377 15.0046877678456 15.0636933780226 15.1227042766401 15.1817141836027 15.2407195996276 15.2997287701137 15.3588984024729 15.4209618236054 15.4598561149501 15.3804369180447 15.1812283894374
18.2065538031423 17.8598864381681 17.7455233848754 17.6649018909594 17.6878010828038 17.7981281096263 17.6144871180742 17.3418424385865 17.2620014693988 17.1792848628615 17.0261551808104 16.7503110174015 16.5015972455533 16.2005022226756 15.6883568810301 15.1409224763838 14.5924985311278 14.0435232954596 13.4967091260782 12.9511330988514 12.4046985988771 11.8576699382094 11.3218207720465 10.9239002318865 10.9070050399496 11.2099137750993 11.5510501821911 11.8992319854568 12.2473171380955 12.5953502997636 12.9436034600305 13.2919641827028 13.6402330035413 13.988327433852 14.3305990760325 14.6330261020144 14.8374159152434 14.950653265578 15.0419397716753 15.1284336201567 15.214940436099 15.3014543223026 15.3879343204085 15.4744079512153 15.560897669966 15.6474090084556 15.7358576940297 15.7982701097637 15.7345474000961 15.5428240700688
18.7350977856267 18.4919493969524 18.4167902281663 18.3412563982862 18.2579589520188 18.1716278569692 18.0889577431615 18.0160099184537 17.9561778811042 17.9076444554051 17.8251421578546 17.6335270823569 17.3312417487858 16.8698844946986 16.2332308149547 15.5828668471586 14.9442383542902 14.3188465916792 13.706040238259 13.1014797525357 12.4993826991883 11.8943407890442 11.2851931938161 10.810433207877 10.7715353137113 11.0979511568156 11.4545960182427 11.8121517873699 12.1714074716541 12.5323762327804 12.8947089374804 13.2576517761698 13.6203627274382 13.9822378503653 14.3412815597555 14.6668214664118 14.8917640131877 15.0232719001607 15.138701546348 15.2531689391568 15.3672580498483 15.4810107107167 15.5945588319503 15.7081033053485 15.8218351621033 15.9358488304187 16.0506468639551 16.1352556198731 16.0871149811969 15.9043586973839
