Spatial_Analysis/Maxent_Inputs/Inputs/RCP8_5_Near/currentspeed_near85.asc
NCOLS 638 
NROWS 314 
XLLCORNER -102.97071042 
YLLCORNER 3.973116569 
CELLSIZE 0.083 
NODATA_value -9999 
[rows 242 to 263 of 314, columns 50 to 99 of 638]
10.1039475461271 10.0537759932396 10.003360440893 9.95035005853316 9.88781505100056 9.81518761067967 9.7420462309067 9.66858504642189 9.59510304097344 9.52162072277788 9.448138393572 9.37465717574267 9.30117507967322 9.22768059634404 9.15406609940803 9.0872602164369 9.05624403130823 9.06726439619137 9.07801325958784 9.08858634966894 9.09914484202455 9.10970333438016 9.12026182673577 9.13082031909138 9.14137900559919 9.15193227521276 9.16241685432506 9.1738923487396 9.19220006715597 9.21931161629005 9.24630252203095 9.27318263249385 9.30005248048405 9.32692166817802 9.35379089903271 9.38065989257447 9.40752915570264 9.43439927555586 9.46126590761459 9.48853085847261 9.51907572971003 9.55427121505625 9.58945444870915 9.62463075884223 9.6598079863113 9.69498443476612 9.73016138163845 9.76533858961539 9.80051551281912 9.83569190090347
9.93426198798497 9.88825279570419 9.84201164634917 9.79338973394537 9.73641401013714 9.67060198942433 9.60417179125728 9.53743378515641 9.47068949735825 9.40394532397852 9.33720096062308 9.27045704404265 9.20371289863109 9.13696340745815 9.07009026139684 9.01093763038133 8.99245351420604 9.0217506982747 9.0506911667511 9.07944424448317 9.10819232895432 9.13694008966803 9.16568836829137 9.1944360967316 9.22318399983191 9.25192973068323 9.28058883387631 9.31023488139948 9.34711944786425 9.39337829732407 9.43940592104696 9.48528286113952 9.5311546267234 9.57702601248468 9.62289751696396 9.66876856618643 9.71463993245559 9.76051162691058 9.80634781215429 9.85178409301798 9.89475991348103 9.93431054110456 9.97373336761741 10.0130851580318 10.0524341946197 10.0917846320508 10.1311333557684 10.1704836982732 10.209832616143 10.2491848290409
9.76457688294215 9.72272706847523 9.68070390833366 9.63658041507651 9.58516899703204 9.52608729889226 9.46628924275364 9.40628292080593 9.34627730420928 9.28628086934236 9.22628042300019 9.16625727267311 9.10625107361987 9.04624456194836 8.98614305889215 8.93471503789073 8.92876915850259 8.97628838285013 9.02336494834688 9.07030263771492 9.11724065944528 9.16418407415333 9.21112635029658 9.25805232962862 9.30498920770894 9.35192673102178 9.39879210505789 9.44667844724904 9.50214961116256 9.56750348311073 9.63250922536563 9.6973829991642 9.76225680093667 9.82713484178398 9.89201301377055 9.95688055608388 10.0217522002846 10.0866240624292 10.151458495237 10.2151253159949 10.2705394243665 10.314403453679 10.3580157825111 10.4015398848959 10.4450629424874 10.488589441651 10.5321121959998 10.5756288217354 10.6191518793268 10.6626776666822
9.59835502519504 9.55834254718594 9.5194213486039 9.47993191323929 9.4340990708717 9.38164248114063 9.32912902173741 9.27765418065035 9.2259677428994 9.17349433933281 9.12014562514554 9.06598045596171 9.01121950595313 8.9563590101572 8.90222105733392 8.85860236547671 8.86521400135688 8.93087578045256 8.99648260612009 9.06279225776088 9.12899608243823 9.1946758338904 9.25976891354908 9.32431510147508 9.3884596592529 9.45251669014885 9.51703195686534 9.58324158800765 9.65732876844855 9.74168597134358 9.82588648593186 9.91055650915659 9.99520349669514 10.0795100892581 10.1634165039001 10.2469277017956 10.3301229078238 10.4132104287404 10.496613892349 10.5785751965497 10.6464631008864 10.6945606664426 10.7425250736237 10.7909271495317 10.8393915174961 10.8875875776628 10.9354117802628 10.9828288866303 11.0298776390713 11.0767343889147
9.4463472496147 9.40569446562333 9.36472335326716 9.32464304099984 9.28429391516888 9.24231672213258 9.20169724271859 9.16027808761563 9.11712144921393 9.07197170589655 9.02492403097191 8.97614763348951 8.9258722752088 8.8745472457247 8.82297561939872 8.78356400938621 8.80245647322301 8.88873658988396 8.97604195477664 9.06281283237931 9.14842971042837 9.23270237775124 9.31569793517917 9.39753814671274 9.47838107227242 9.55852045464317 9.6384891791826 9.72063907590913 9.81305558898988 9.91792641895558 10.0235309643706 10.1288521747516 10.2334590135057 10.3371747152015 10.4400152552574 10.5420200172589 10.643258137542 10.7439006508944 10.8443214670804 10.9427757162555 11.02283359923 11.0763658528466 11.1306646525767 11.1848998479199 11.2386690247185 11.2917171882864 11.3439547944342 11.3953276315959 11.4458101029769 11.495485301388
9.25532267787558 9.21695664144643 9.1769434710943 9.13862849176484 9.10318475222788 9.06781529914804 9.03521052786324 9.00019381398628 8.96254244334612 8.92249456202306 8.88029609808439 8.8361465747495 8.79020734118563 8.7426447445576 8.69392328184476 8.6582366770533 8.68515584058269 8.78324312797585 8.88337598312219 8.98190570808594 9.07864616565896 9.17376304650533 9.26743087919163 9.35979559056539 9.45097575873781 9.54109062706071 9.6304341390509 9.72229092553414 9.82594967045612 9.94295434258738 10.0615616308245 10.1792151938197 10.2957154277621 10.4111343227933 10.5255541307828 10.6390297589368 10.751605274381 10.8633162193611 10.9743216297208 11.0829539794603 11.1699990688019 11.2252629482182 11.2820222476197 11.3382356243704 11.3936077284683 11.4480939239702 11.5016592177906 11.5542481054344 11.6057916339354 11.6562152708975
8.98472583739786 8.95468344114783 8.92512881889329 8.89598443928395 8.86393818582022 8.82743035344079 8.79225602133764 8.75699761444845 8.72082500745531 8.68303004250611 8.64356673881947 8.60257994004256 8.56036157022987 8.51759284031432 8.47512068500916 8.44477675238589 8.47227702060247 8.56661669941875 8.6618684063884 8.75706021952069 8.85167070393306 8.94519527812008 9.03759884159778 9.12898277000282 9.21954248207739 9.30971962151271 9.40007898387722 9.49269688016629 9.59542404119552 9.71022147121038 9.82575003749096 9.94128675786744 10.0564985852264 10.1710005003089 10.2847295967468 10.3977191116956 10.5100766169911 10.6220814174755 10.7341436237921 10.8435682945483 10.9287647520147 10.9791455150712 11.0300997171165 11.081187839888 11.1321261516715 11.1825005686891 11.2321634311225 11.281064946787 11.3292202505042 11.3768531912878
8.69254379737639 8.67152816022579 8.65120908408707 8.62926869023437 8.59997600347223 8.56295658571375 8.52546390785961 8.48847335738654 8.45160550793845 8.41427980014635 8.3763910316508 8.33798384233881 8.29922071182249 8.26054186934241 8.22233013905461 8.19450220921768 8.21927694340551 8.3059022091101 8.392138385152 8.4786825481281 8.56533822451983 8.65169333038322 8.73767150813462 8.82330205826542 8.90868981172897 8.99411772580895 9.07984427360955 9.1671536830858 9.26362170055066 9.37184378914186 9.47986039713329 9.58805548919701 9.69635742945223 9.80446802962886 9.91232015862584 10.0199199569302 10.1273302830288 10.2347428713432 10.3423741232558 10.4469248871726 10.5263156239274 10.5702401429285 10.613932895309 10.6578087141654 10.7018238756864 10.7456974195657 10.7893278733704 10.8327021767131 10.8758500267632 10.9189528075409
8.4107222138645 8.39575009955687 8.38058355299342 8.36296176391206 8.33657234773267 8.30092460946917 8.26459948118704 8.22802922891802 8.19145912764047 8.15488928316796 8.11831908266453 8.0817486880089 8.04517813147456 8.00860550406868 7.97189702805282 7.94454958235768 7.96659587689549 8.04670674161286 8.12629589062565 8.20567924712311 8.28506155166455 8.36444421223691 8.44382682104368 8.52320938668973 8.60259171072329 8.68197258924695 8.76125801604021 8.84190969052386 8.93207029219622 9.03441587269744 9.13652308541806 9.23845681512717 9.34038823399071 9.44231921037881 9.54425096578116 9.64618222276597 9.74811369757159 9.85004475622774 9.95194127593017 10.0506025837536 10.1241142303214 10.1621091030401 10.1999213604235 10.2376622675457 10.2754021298745 10.3131411624272 10.3508755421632 10.3886152621054 10.4263540335535 10.4640899795422
8.13048387019768 8.12035348293699 8.10998846688686 8.09682032357735 8.07334421635823 8.03894723643128 8.00397929547089 7.96870064359103 7.93341160954383 7.89812323041079 7.86283457403642 7.82754541924452 7.79225643696292 7.7569555974768 7.72147661919104 7.69469411987735 7.71402534494391 7.78754424440204 7.86059990783264 7.93338827270339 8.00616429508984 8.07894038442871 8.15171626657835 8.22449256405636 8.29726859194798 8.37003769263086 8.4426946413289 8.51677323320941 8.60064513723696 8.69703979857063 8.79327638194118 8.88932153372862 8.98535473804979 9.08138738117752 9.1774209220375 9.27345403991413 9.3694874620561 9.46552036211195 9.56153958634906 9.65439284086627 9.72204913384344 9.75404698107863 9.78599481592913 9.81791708190331 9.84983899184659 9.88175933553724 9.91367837332988 9.94560008912096 9.9775200767807 10.0094387262689
7.85024581345959 7.84496051293958 7.83944536197531 7.8308192609701 7.81025989882702 7.77704138883112 7.74335659549716 7.70937243156999 7.67536421016231 7.64135708057752 7.60734993915844 7.57334253663475 7.53933505646267 7.50530509298893 7.47108569580709 7.44493181750949 7.46155339175724 7.52843158328862 7.59490096197749 7.66109756907278 7.72726699864538 7.79343647998357 7.85960607567579 7.92577570699399 7.99194505353898 8.05810391764236 8.12416243996188 8.19172320622462 8.26930989871323 8.35971765885041 8.45003185758155 8.54018615740374 8.63032143626105 8.72045576562053 8.81059066895481 8.900725809602 8.99086087481499 9.08099862347981 9.17116706908893 9.25825694067268 9.3200635628574 9.34603526712056 9.37207775932332 9.39817235833431 9.42427504683049 9.45037776760015 9.47648100627944 9.50258374654122 9.52868636808499 9.55478935426456
7.57000789701698 7.56958020630491 7.56895858566885 7.56491711491176 7.54727646979974 7.51519823955906 7.48274587354507 7.45004371568782 7.41731705024636 7.3845912317186 7.35186547799347 7.31913948145026 7.28641341706913 7.25366309246801 7.22073564955508 7.19524458099701 7.20915920090785 7.2693691730118 7.32921424000022 7.38880705535347 7.44836942926201 7.50793213970934 7.56749532490559 7.62705824899724 7.68662117308889 7.74617582603477 7.80565945222295 7.86672376583748 7.93802314571917 8.02243512366906 8.10679813739594 8.19105087600517 8.27528808270671 8.35952424928942 8.44376110844184 8.52799819642537 8.61223462411268 8.6964793918644 8.78080469670067 8.86214075762498 8.91809845802139 8.93803790922958 8.95816365485382 8.9784264802395 8.9987118071712 9.0189971577715 9.03928249989001 9.05956745129867 9.07985327664788 9.10014077810915
7.28976901715401 7.29420886540956 7.2985077080001 7.29907105998683 7.28435001431669 7.25339342934953 7.22214594189742 7.19071457796351 7.15926981913424 7.1278253645703 7.09638069857624 7.06493593544454 7.03349129533327 7.00202985613119 6.9704193310898 6.94561305220922 6.95682291313149 7.01034692468685 7.06353984041152 7.11651582957233 7.16947205403084 7.22242835607332 7.27538516203848 7.32834143395728 7.38129770587607 7.43425042464734 7.48716829338345 7.54173906977642 7.60674775780056 7.68516883648482 7.76356996939184 7.84191538646747 7.92025395564332 7.99859224207266 8.07693101293258 8.15526977626062 8.23360832164478 8.31195550920118 8.39042266974028 8.46599062523761 8.51609745928386 8.53001402281429 8.54424031724911 8.55868121497492 8.57314910908443 8.58761713279917 8.60208419195236 8.61655167396578 8.63101963502768 8.64549052571288
7.00953049971549 7.01883897660493 7.02806362676359 7.03323948220046 7.02143799635436 6.99159649669247 6.96154623804844 6.93138572937925 6.90122255239613 6.87105957507038 6.84089622981787 6.81073274977216 6.78056941091033 6.75040025932197 6.72012160166025 6.69601931099145 6.70452615073807 6.75134825468934 6.79786873702404 6.84422459949162 6.89057456223144 6.93692488214336 6.98327468420719 7.02962454772113 7.07597429802223 7.12232343011104 7.1686697281464 7.21673613211446 7.27544985471886 7.34789156796013 7.42033824113724 7.49277984402584 7.56522009392827 7.6376605121001 7.7101010705703 7.78254146285933 7.85498197386636 7.92742578988892 8.00000192658317 8.06975424533142 8.11400383332586 8.12192729161689 8.13029967187595 8.13893545129281 8.14758571627814 8.15623622205484 8.16488571138131 8.17353603363739 8.18218612396263 8.19083737166721
6.72929229628549 6.74346257066383 6.75759832926247 6.76738049449296 6.7584986373203 6.72977885464654 6.70093946517072 6.67205760684091 6.64317562770199 6.61429401528711 6.58541257994063 6.55653012826699 6.52764803041007 6.49876536528249 6.46982033468461 6.44644359767549 6.45224922981367 6.49235320679627 6.53218994872796 6.57193340933935 6.61167694532338 6.65142123120943 6.69116469935555 6.73090780387447 6.77065108432061 6.81039444228918 6.85015131591739 6.89168493464094 6.94410003223679 7.01058307015163 7.07710195550375 7.14364432101193 7.21018621607363 7.27672902374004 7.34327190715786 7.40981344618864 7.47635569728126 7.54289825902988 7.60954306470982 7.67338196262167 7.71175671091294 7.71375838535729 7.71636032606846 7.71919025178078 7.72202274101443 7.72485533713178 7.72768755342653 7.73052010201918 7.73335256758423 7.73618466092008
6.44964041489869 6.46827473905206 6.48710142085988 6.5014522416424 6.49548824196018 6.46792596326689 6.44049699304929 6.41337986030788 6.38626752362411 6.35895654164255 6.33138862434623 6.30355413276022 6.27549203453821 6.24738076187974 6.21950498815138 6.19685984650051 6.19996838266624 6.23334356404218 6.26666557948113 6.30028329137806 6.33390742553033 6.36731944419482 6.40047151899826 6.43336936653862 6.46606287675674 6.49871488228549 6.53161063467235 6.56656312399996 6.61267119264122 6.67323608888786 6.73397632776727 6.79496135415296 6.85593480075106 6.91673398866391 6.97734746824632 7.03780412682805 7.09815945510553 7.15851665805595 7.2190562640306 7.27685919933709 7.3093059762938 7.30551290002882 7.3024472655894 7.2994934750261 7.29647547670706 7.2933887513525 7.29028768538416 7.28723483805381 7.28428200879172 7.28142576024868
6.17268900491311 6.19543422265833 6.21791816035754 6.2356803344644 6.23262179593465 6.20732166280758 6.18266818069248 6.15792243243228 6.13279808405968 6.10714683816745 6.08092552578434 6.0541183123954 6.02673407235893 5.99888305241242 5.97081705478176 5.94755616293903 5.94789258560161 5.9755772955412 6.00383683672176 6.03193637360499 6.05960229519934 6.08669998406311 6.1132204218468 6.13918351266533 6.16463262941915 6.18969165314535 6.21460938328919 6.24172137494191 6.28132014438685 6.33684724372505 6.39289709453698 6.44871986450516 6.50413505055699 6.55908269860137 6.613614307775 6.66780504488738 6.72174033194395 6.77554358421508 6.8293868692244 6.88044498244662 6.90671234391856 6.89757035712905 6.88897810549959 6.88011960599389 6.87100062257053 6.86171452763872 6.85239572518864 6.84318360967941 6.83421080082038 6.82557370457999
6.03788404869799 6.06466447867782 6.09077480566595 6.11192187775677 6.11178866530249 6.08877841538262 6.06676016252994 6.04421411956883 6.021016580194 5.99716327835785 5.9726523041783 5.9474677988798 5.92157863920795 5.89495272918253 5.86766932757336 5.84470648413951 5.84329402240043 5.86646538589464 5.89064068052205 5.91417498423287 5.93696297637089 5.95904185180076 5.98045343163346 6.00122549411963 6.02137124027734 6.04090251016176 6.0599177551916 6.08131532894835 6.11625417558415 6.16789496774747 6.22055031862828 6.27255847350097 6.32388510285876 6.37462826225283 6.42488925726918 6.4747595564098 6.52431921111094 6.57365160693479 6.62287616947615 6.6693571318811 6.69208075705566 6.68082121292727 6.67001282161059 6.65872153459079 6.64706397778409 6.63520603033573 6.62331041148471 6.61153756734446 6.60005017013318 6.58901704070648
6.16816188647176 6.19881571954796 6.22939894776131 6.25491100222261 6.25764732142083 6.236028957313 6.21503343504447 6.19411112864916 6.17296202156869 6.15135627259121 6.12922860746473 6.10656303177042 6.08339210105576 6.05989814517515 6.03638885776071 6.01671946966595 6.01546594782373 6.03552348139406 6.05603822156631 6.07657524016092 6.09685164504134 6.11663726171681 6.13589441290959 6.15464030856582 6.17293403654261 6.19095945606752 6.20901340300318 6.22962197251016 6.26328552895006 6.31312986271273 6.36383808585285 6.41448820994069 6.46487970492965 6.51486715126065 6.56447475772809 6.61376819236815 6.66283774827038 6.71182793664199 6.76092419462183 6.80762219313217 6.83205150196788 6.82456274480431 6.81781209876509 6.81090112546562 6.80378545427594 6.79652165505061 6.78922864835956 6.78203304716024 6.77505180211167 6.76834049697697
6.4195203591771 6.45378867986373 6.48821387197857 6.51737397078018 6.52293620596601 6.50339170878709 6.48402010932911 6.464866562131 6.44574672072715 6.42649446430188 6.40706233058536 6.38744362130385 6.36767222887397 6.34789033162632 6.32826485330023 6.31183847781861 6.31152457405371 6.33017403324657 6.34867438511671 6.36734098336775 6.38604511752515 6.40460785493322 6.42298946288277 6.44119372121309 6.45925948332252 6.47731722386844 6.49556504025383 6.51623900827761 6.54988354169063 6.59993581659686 6.65043822438442 6.70111848486369 6.75181831345811 6.80240151630519 6.85285505419799 6.90319937585736 6.95347469207433 7.00376186663001 7.05422611366886 7.10266693552292 7.13096627768525 7.13029440302402 7.13053610685612 7.13096721108681 7.13136111500084 7.13170820997195 7.13204521528697 7.13241585253521 7.13285551482809 7.1333531141938
6.67300372404602 6.7104294109791 6.7478700857845 6.77992750035141 6.78832319987634 6.7715488297595 6.75483186528369 6.73813330369306 6.72143491252161 6.70473674258788 6.68803813783652 6.67133957624589 6.65464132746104 6.63794230548433 6.62116539532993 6.60707870328034 6.60767949046666 6.6255783683299 6.6431819434971 6.66066757034101 6.678153499362 6.69563886086041 6.71312456864368 6.73061031964921 6.74809568114762 6.76558158308308 6.78309941526263 6.80297898499656 6.83647725730951 6.88732978086474 6.93845168170536 6.98963142693331 7.04081178809405 7.0919923403717 7.14317245226215 7.19435345979658 7.24553349410305 7.2967145284058 7.34807459580368 7.3977985557125 7.42979469423599 7.43624363956629 7.44356666945903 7.45127679724556 7.45899392269153 7.46671094561777 7.47442799987043 7.48214476928548 7.48986164982513 7.49757858535979
6.92684509811617 6.96717546982493 7.00751659388068 7.04244903823482 7.05367628754716 7.03969216661993 7.02573597837973 7.01179312023514 6.9978505155402 6.98390809436588 6.96996511750328 6.95602282567854 6.94208073889323 6.92812919243885 6.91404994567092 6.90231416325386 6.90383367295081 6.92096873126904 6.93777064133096 6.95438013969003 6.97098148192871 6.98758193712828 7.00418316064896 7.02078380575983 7.03738502168711 7.05398695365857 7.07061873481398 7.0896531232529 7.12298882522444 7.17469384632768 7.22652875805636 7.27841509596046 7.33030373186438 7.38219211438018 7.43408023237446 7.48596930745997 7.53785773193377 7.58975731699472 7.64191724568968 7.6928205690178 7.72846989717695 7.74214872996541 7.75663098659218 7.77161503115671 7.78663644102723 7.80165748936167 7.81667919046049 7.83170033922641 7.84672138756085 7.8617516313563
