Spatial_Analysis/Maxent_Inputs/Inputs/RCP8_5_Near/currentspeed_near85.asc
NCOLS 638 
NROWS 314 
XLLCORNER -102.97071042 
YLLCORNER 3.973116569 
CELLSIZE 0.083 
NODATA_value -9999 
[rows 220 to 241 of 314, columns 50 to 99 of 638]
16.2618958646977 16.2219042595456 16.181937597764 16.1224306134288 15.9773652092385 15.7412962495907 15.5053344016636 15.2693988294593 15.0334570443846 14.7975060019947 14.5615689718592 14.3256485138093 14.0897204182542 13.853784509511 13.6179559618195 13.3678150858685 13.0432448560837 12.6312277350918 12.2197454724394 11.808418654218 11.3970891631744 10.9857517217363 10.5744197233959 10.1631091842422 9.7517930596008 9.3404697626929 8.92947407062026 8.51878747828553 8.10442225209282 7.68495858937831 7.26704196603597 6.84972787683039 6.43240805468853 6.01507609028976 5.59775494777831 5.18046078932358 4.76315898533152 4.34584537511001 3.92890664591366 3.52617658765731 3.22698010011245 3.07318759840099 2.92171910454049 2.77109560941302 2.62047314555518 2.46983857526344 2.31921241678474 2.16861239430491 2.01800550190171 1.86738735945006
16.2888832490917 16.2265386104473 16.164000631757 16.0810462998212 15.9099789981016 15.6451761689345 15.3803477866449 15.1152918959646 14.8502960063079 14.5854651773058 14.3208390651106 14.0564186751465 13.7921571585403 13.5279698021061 13.2636639368225 12.9863980794942 12.6435399468514 12.2236152892135 11.8040286023185 11.384225769849 10.9644575237856 10.5448433011457 10.1254415271404 9.70627167997035 9.28730566371732 8.86845302683379 8.44953689223731 8.03252714820922 7.62661608052756 7.23488953571222 6.84424292376229 6.45344547393398 6.06268777596758 5.67212212140983 5.28180832628289 4.89176872835479 4.50195840323787 4.11227475701892 3.72251891535297 3.34564290737545 3.06919771968559 2.93414592850419 2.80092590353007 2.66764277791745 2.53441535215911 2.40139344445944 2.26861631556267 2.13608496635928 2.00373883692239 1.87148064172466
16.3130598302493 16.2287531606061 16.1445477064271 16.0392118226704 15.8421962242605 15.5477990838582 15.2532059045396 14.95874318778 14.6646275048179 14.370918188084 14.0776148780422 13.7847149927208 13.4922012733918 13.2000196038421 12.9080034084798 12.6045768979911 12.2434739547787 11.8148775356422 11.386171775703 10.957525669159 10.5291745313436 10.1012148991535 9.67368735421314 9.24661338349186 8.82001444311794 8.3938588982034 7.96797280582556 7.54591106746338 7.14852112810006 6.78367172598504 6.41884532216929 6.05412681645661 5.68979207812075 5.32594480446165 4.96261312446091 4.59981153470345 4.23754274209343 3.87575988599591 3.51425785736546 3.16470667086738 2.91120283768683 2.79404838879424 2.67750968072881 2.56117461072582 2.44529129666439 2.32993031837748 2.21507420760504 2.10068947151192 1.98673396899364 1.87313029158063
16.1833122982803 16.0851594603888 15.9872917431285 15.8682622841445 15.6576894182205 15.350224570108 15.0422435283043 14.7346378586798 14.4275022420514 14.1208260132567 13.8145964346105 13.5088065806883 13.2034521265654 12.8985382560182 12.5939705865811 12.279261625429 11.9136707466388 11.488957117545 11.0637421640031 10.6387970948388 10.2142712533448 9.79019420548811 9.36658905311956 8.94348063189973 8.52090664846218 8.09890258459569 7.67740571652923 7.2610676480295 6.87732918445465 6.53658971876848 6.1955266389706 5.85483056903312 5.5146819495965 5.17509466077852 4.83607317063578 4.49762818468488 4.1597821721366 3.82255679791971 3.48587655238656 3.16046764704732 2.92692338430246 2.82464919629324 2.72223150589087 2.62028591167816 2.51897851749363 2.41827402229204 2.31812254829886 2.21848426117345 2.11932791980325 2.02062191290351
15.8430708190491 15.7420752021735 15.6409778478159 15.5200241673351 15.3131604264129 15.0151767914298 14.7169917236075 14.418788060181 14.1206934236109 13.8228826177928 13.5254002318899 13.2282454693148 12.9313710909772 12.6346315205324 12.3378638930063 12.0321349517601 11.6812132770667 11.2775025347351 10.8738053940758 10.4700525973429 10.0663660147858 9.66294498785317 9.25987088552585 8.85716832629298 8.45481342381386 8.05266145549794 7.65053286822436 7.25401535121735 6.89098380649553 6.5709908824401 6.25178589733982 5.93255821790616 5.61341534123716 5.29460501670287 4.97620899409979 4.65824414622729 4.34067320524481 4.02332769779808 3.70599294598269 3.39977695680446 3.18231548301562 3.09065202555857 2.99979914020656 2.90899254911443 2.81830882725846 2.72798040927064 2.63805544009076 2.5485157406702 2.45929569388948 2.37022934214609
15.4283806290279 15.3286880807671 15.2289033213007 15.1110340987521 14.9138420060186 14.6322536005808 14.3508985181794 14.0694874291546 13.7880200745997 13.5066259915861 13.2253328757789 12.944148603369 12.6630421423282 12.3819038573721 12.1007344858931 11.8117966029304 11.4821586667299 11.1046307833018 10.7276412195556 10.3506578287201 9.97360241304611 9.59660830922135 9.21972647405792 8.84296668358884 8.46630106751876 8.0896175730255 7.71295897519357 7.34200785920868 7.00203666904959 6.70120015419095 6.40189069364638 6.10273808433053 5.80349157999037 5.50432148020442 5.20528399089503 4.90638769077806 4.60760017629864 4.30879642246792 4.01000604752385 3.72245842139478 3.51985865026122 3.43673120772649 3.35518771858003 3.2739102726284 3.19254099679941 3.11125208680139 3.03009214847922 2.94905836059391 2.86811441020839 2.78715233395205
15.0119413972379 14.9141120904482 14.8163577251201 14.7020019947916 14.5144386645868 14.2489896567174 13.9837966657181 13.7186997296039 13.4536012502789 13.1885039581338 12.9234042490949 12.6583061258008 12.3932088336558 12.1281144315268 11.8631721097713 11.5913984842504 11.2829860050795 10.9314654734537 10.5804932659466 10.2297465961975 9.87899991126154 9.52825435036042 9.17750977781255 8.82676514261185 8.4760207405476 8.12528033347586 7.77484410911138 7.42988237715594 7.11285500301704 6.83110587135287 6.5508286976819 6.27109758962045 5.99137418368687 5.71165118548538 5.43192872139177 5.15220593683463 4.87248336047815 4.5927634699174 4.31337947941719 4.04500985414142 3.85714693150774 3.78253315751469 3.70942918046558 3.63703954160053 3.56466764238984 3.49229502510642 3.41992290468736 3.3475503398031 3.27517782766416 3.20280669427064
14.5952953275363 14.4995039552913 14.4038061071871 14.2929254750598 14.1149851561159 13.8657114987106 13.6166701105169 13.3677529230075 13.1188427891639 12.8699308756771 12.6210173239109 12.3721078072029 12.123197835238 11.8743007874273 11.625598083275 11.3709044194432 11.0837013796755 10.7582655034856 10.4333284221589 10.1086807474247 9.78404552706185 9.45941273195726 9.13478072447179 8.81014864142903 8.48551658217799 8.16090903584236 7.83670417452932 7.51755162863109 7.22342326419983 6.96092866686329 6.69976584011007 6.43928277691102 6.17884602940094 5.91840887409435 5.65797172093751 5.3975344545679 5.13709725603618 4.87668335291911 4.61672962000274 4.36734046188225 4.19414658388322 4.12823417838667 4.06368491805066 4.00000928643153 3.93640823010948 3.87280661917693 3.80920498081172 3.74560310987879 3.68200168939736 3.61841241582878
14.1786517739544 14.0848953024785 13.9912388877056 13.8838043922034 13.7154872016118 13.4824109103171 13.2495427722309 13.0168063105631 12.7840841146582 12.5513568914174 12.3186306598315 12.0859089191834 11.8531854173615 11.6204869343444 11.3879952423518 11.1503182893223 10.8843216435546 10.5850180896491 10.2861644053036 9.98761514026441 9.68909214830207 9.39057212329931 9.09205230763557 8.79353206050671 8.49501177869895 8.19653832110049 7.89850268590595 7.60501684153177 7.33376631805635 7.0906353785023 6.84870499230723 6.60746842699599 6.36631777158383 6.12516643758891 5.88401473566721 5.64286324194625 5.40171188415964 5.16060669774978 4.92001365706315 4.68943850421313 4.53088718141055 4.47379196752596 4.41793856593348 4.36297889162709 4.30814805023865 4.25331742790595 4.19848672944207 4.14365618801939 4.08882513089841 4.03402206133754
13.762007959268 13.6702813427557 13.5786485137384 13.4746449355892 13.3159535828717 13.0990874887958 12.882408451302 12.6658592903223 12.4493259146478 12.2327858928692 12.0162475560613 11.7997104064333 11.5831720696253 11.3666611053478 11.1503516892107 10.929658103342 10.6848607539977 10.4117144471126 10.1389859594239 9.86654763423154 9.5941389271157 9.32173116949196 9.04932346363381 8.77691551616318 8.50450757286904 8.23214904938932 7.96021011877177 7.69230375843346 7.44391772327606 7.22022089094506 6.99761043737852 6.77565461877941 6.5537887758865 6.3319230872789 6.11005726811898 5.88819146838681 5.66632587900509 5.44451054730917 5.22319412449314 5.01133039073004 4.86740658880816 4.81919503973925 4.77214452466464 4.72594872872414 4.67988823446853 4.6338286464885 4.58776925589009 4.54170969714538 4.49564916302289 4.44961956471095
13.3453645006124 13.2556622054745 13.1660401541273 13.0654593329937 12.9163899449709 12.715743207942 12.5152738016932 12.3149141974393 12.1145633238021 11.9142133324756 11.7138635030279 11.5135115701794 11.3131581804225 11.1128268800968 10.9126694217115 10.7089310912997 10.4853350308088 10.2383669029419 9.9917951016048 9.74548095886115 9.49918561530833 9.2528900106509 9.00659454838008 8.76029920482725 8.51400374255644 8.26774077177855 8.02183678664408 7.77944438211219 7.55390975626413 7.34970264908874 7.14648040678906 6.94384035960848 6.74125973911957 6.53868043169127 6.33610028285154 6.13351958692845 5.93093980475124 5.72839273637855 5.52627755327264 5.33304804097956 5.20374033199033 5.16446304284102 5.12630236399164 5.08891827883093 5.05162870353317 5.01433982415764 4.97705109577358 4.93976245592517 4.90247298320867 4.86520233957509
12.9287188113564 12.8410376373662 12.7534219499772 12.6562503378495 12.5168004838237 12.3323866036353 12.148138630123 11.9639688391274 11.7798022516411 11.5956403924055 11.4114748974265 11.2273096395068 11.0431452879431 10.8589877901576 10.6749611475834 10.4881524754535 10.2857563883791 10.0649927270216 9.84460359820114 9.62441549408747 9.40423225173536 9.18404884750454 8.96386579930463 8.74368255695252 8.52349895856952 8.30332567669759 8.08341760207311 7.86647394529365 7.66377922657746 7.47911460913109 7.29533943127501 7.11202618017417 6.92873162799436 6.74543809011214 6.56214340111241 6.37884841531772 6.19555417936062 6.01226926004425 5.82930510471699 5.65462450348852 5.53992026848143 5.50963170102063 5.48044004547477 5.45188809428607 5.4233693980764 5.39485101473694 5.3663327198687 5.33781449081168 5.30929633295083 5.28078309926202
12.5120734304173 12.4264181388779 12.3408060017573 12.247027529184 12.1171996148114 11.9490239746653 11.7810019872266 11.6130220325309 11.4450372023864 11.2770349852068 11.1090453490388 10.9411005214054 10.7731309909438 10.6051527966529 10.4372524046957 10.2673431809234 10.0861406572243 9.89160533092952 9.69742107123927 9.50335012424008 9.30927389197088 9.11518207130958 8.9211026111793 8.72705812816324 8.5329945154267 8.33892363955643 8.14500223637238 7.95343480657803 7.77356835781366 7.60850388139383 7.44422133253951 7.28021160477766 7.11620018830792 6.95217631235167 6.78815883725301 6.62417031514977 6.46016853023988 6.29615966457854 6.13232982797259 5.97609959319603 5.87597833434096 5.85475838151382 5.83460770583357 5.81485726247916 5.79510768400374 5.7753483289935 5.75559290199519 5.73586089280345 5.71611998695833 5.69637249454126
12.0925346686814 12.0107639108867 11.9281773314433 11.8378014933596 11.7175954562055 11.5656125441701 11.4131394834389 11.2597556435285 11.1065925863289 10.9540757346892 10.8023043975066 10.6512612746694 10.500766190993 10.3504479677441 10.1995329048855 10.0465295576355 9.88651262247283 9.71819805201508 9.5497115864472 9.38050822001214 9.21144378030118 9.0428826375103 8.87491068224052 8.70751877944971 8.54057076763373 8.37378633467136 8.20657995287837 8.04039817316204 7.88333407085302 7.73790574517219 7.59273696491935 7.44704625692091 7.30143878504976 7.15622352841821 7.01146977588886 6.86717544792969 6.72323451729966 6.57943667052281 6.43534372810077 6.29756059179372 6.21196589914574 6.19989980079875 6.18852808319778 6.17680581163371 6.16512172418539 6.15373833128306 6.14271605051999 6.13205738420195 6.12168460833164 6.11144182862128
11.6621954908286 11.5858823793328 11.5100097594003 11.4273057850858 11.3169602035264 11.1776359815173 11.0371063549757 10.8971645838983 10.7586201145723 10.6216769208032 10.4862998058659 10.35240335577 10.2198594314608 10.0883705649372 9.95727191040933 9.82460360298681 9.68614807453994 9.54138035936865 9.39561615388971 9.25029874718443 9.10606439547823 8.96309754125058 8.82137365658961 8.68082514647241 8.54135481275733 8.40273852369108 8.26446004600693 8.12644386102084 7.99261160435183 7.86482700356688 7.73628367106288 7.60808641910058 7.48073084794239 7.35437608899744 7.22900336133137 7.10455711463402 6.98095861152725 6.85803668421769 6.73539244821651 6.61824879962122 6.54760175992908 6.54327953103441 6.53862621466384 6.53422971372145 6.53046982485328 6.52749015371823 6.52528250400552 6.52380674564479 6.52300789956897 6.52276285286028
11.3181302201948 11.2457726667023 11.1747727622605 11.0975103260632 10.9953414436957 10.8682458934713 10.7387795488281 10.6110372538833 10.4852884690476 10.3614156181666 10.2392854119363 10.1187952000497 9.99988063311033 9.88246120333728 9.76617336104289 9.64886411445297 9.52875083046092 9.40691203933354 9.28304550386236 9.1604996611979 9.03953665958647 8.92006470304788 8.80197653155119 8.68519167663872 8.56965474026503 8.45530698415107 8.3418888498982 8.22825142745412 8.11593225714893 8.00691684013304 7.89625779602022 7.78661142360743 7.67822210214204 7.57101615430123 7.46490466811362 7.35981880058424 7.25571050506033 7.15253025506424 7.05009092243601 6.95238880414287 6.895675146494 6.89846762280249 6.90007689797766 6.90243129983948 6.90576211386212 6.91002028160967 6.91513974499132 6.9210699139078 6.92777751916458 6.93523053456277
11.1128369449553 11.0414902049191 10.9698099403097 10.8929362184049 10.7969756104993 10.6816231111637 10.564725700999 10.4478256714029 10.3314928199743 10.2163736472522 10.1025766626508 9.99003328619844 9.87853445802557 9.76751761330849 9.65628977055593 9.54533830678531 9.43913438923247 9.33935923416472 9.23842569106465 9.13747368756269 9.03693882731588 8.93735506054971 8.8388160073847 8.74127422114908 8.64457164647088 8.54827831505817 8.45185033542115 8.35546363832892 8.2622925986346 8.1739827643383 8.08498433342415 7.99596905942804 7.90725843080291 7.81929247604933 7.73214947903259 7.64579242747788 7.56010040029636 7.47474675216265 7.38930664871056 7.30812783515902 7.26402275509382 7.27300713779908 7.28169146575431 7.29035954489835 7.29923956215299 7.30869244284182 7.31879113563528 7.32951210839601 7.34076783612319 7.35231303602435
10.951404833149 10.8812910018539 10.8105996093028 10.7360409903897 10.6457256485878 10.5386644135897 10.4313527364524 10.323595228072 10.2156621163903 10.1080555082079 10.0008870692139 9.89413677019066 9.78767448121287 9.68112493137376 9.57415165898689 9.46923600122933 9.37557144976605 9.2950831459163 9.21456892359559 9.13373353293682 9.0527391324438 8.97199063158405 8.89158593244831 8.81151525590067 8.73168172283809 8.65179661798888 8.57160876049369 8.49220026426678 8.41760058220846 8.34902670389591 8.28074368108057 8.21226509838343 8.14364151052283 8.07520568619571 8.00704040203531 7.93913877036477 7.87142827111295 7.80369022167486 7.73574459409346 7.67191253753876 7.64025260091375 7.65385790521442 7.66799025309248 7.68205077631438 7.69598075132671 7.71005122963225 7.72433219365905 7.73882234146853 7.75346889147741 7.76810677825099
10.7827020601628 10.7159622418718 10.6491639941391 10.5789191044381 10.4941597068879 10.3939827534171 10.2936232673721 10.1931907480977 10.0927527253655 9.99232183424479 9.89189001336452 9.79145653093031 9.69102304849611 9.5905895660619 9.49015820664139 9.39290285094298 9.31177231611241 9.2495532603382 9.18735186712921 9.12515276143203 9.0629545534671 9.00075544359345 8.93855614804938 8.87635746964084 8.81415840292791 8.75195940076193 8.68981454274456 8.62867645240236 8.57267593706443 8.52316002908094 8.47392332728416 8.424783029893 8.37564403803059 8.32650447219338 8.27736519973424 8.22822678172355 8.17908788054656 8.12994887008042 8.0809078162079 8.03543347659217 8.01624874592463 8.03405955380171 8.05233250100342 8.07081416518814 8.08929903352802 8.1077842580219 8.12626910693407 8.14475456114746 8.16323984487726 8.18172554070313
10.6130143338154 10.550413780108 10.4877027131906 10.4217492366258 10.3425442401165 10.2492682236021 10.1557310022793 10.0620401813018 9.96834217656074 9.87464758997695 9.78095207769277 9.68725630430397 9.59356072506738 9.49986317203534 9.40614168537004 9.31650692523755 9.2479054199783 9.20398986416564 9.1600181480551 9.11601107922959 9.07200154197935 9.02799174362452 8.98398247596067 8.93997340485448 8.8959634014602 8.85195622859217 8.80799172185503 8.76504595039946 8.72762869793542 8.69723911076417 8.66702430533574 8.63688316791767 8.60674621224385 8.57660927606215 8.54647200751813 8.51633526118332 8.4861984242275 8.45606601607033 8.42604020010186 8.39881858329355 8.39207710001617 8.41418753353904 8.43662564876623 8.45926833649368 8.48192622595448 8.50458382393131 8.52724260011401 8.54990092533948 8.57255910817836 8.59521925620779
10.4433236165804 10.3848608614715 10.3262288203186 10.2645724616431 10.190922317132 10.104543807635 10.0178278812526 9.93088850122946 9.84393007655559 9.75697185033349 9.67001433617321 9.58305682201294 9.49609906193488 9.40913370599888 9.32210889658354 9.24007848161157 9.18400509036045 9.15840565829745 9.1326803938113 9.10686959117934 9.08104922306132 9.0552288549433 9.02940877159848 9.00358883506865 8.97776858554555 8.95194963281175 8.9261401708623 8.90134236344246 8.88250197621185 8.87127260912294 8.86011956321832 8.84898344832894 8.83784840164392 8.8267134736769 8.81557847875747 8.80444364571677 8.79330879318395 8.78218128856259 8.77113632137311 8.76209770055793 8.76778800433558 8.7942465265219 8.82091182707247 8.84772289515655 8.87455332769551 8.90138377289273 8.92821585167572 8.95504705221858 8.98187786445705 9.00871210663045
10.2736352207089 10.2193134875541 10.1647701112322 10.1074248139459 10.0393319211285 9.95984091917665 9.87992904097287 9.79973591077236 9.71951606249678 9.63929630054264 9.55907673704026 9.47885749729532 9.39863726071535 9.3184043607091 9.23807675038762 9.16365181538662 9.12010647131432 9.11282248992514 9.10534301927276 9.0977282455157 9.09009730763449 9.08246636975329 9.07483543187208 9.06720463637748 9.05957395960088 9.05193963051133 9.04427355803435 9.03760933324364 9.03734327284844 9.04528606593602 9.05320875974724 9.06108282252619 9.06895014439208 9.07681727210577 9.08468438032734 9.09255176914563 9.1004188773672 9.10829061536949 9.11620330135274 9.12531817544132 9.14343640273775 9.17426234715358 9.2051841780626 9.23617676554929 9.26718050487075 9.2981840542165 9.32918843864164 9.3601929179931 9.39119672426696 9.42220206629099
