Spatial_Analysis/Maxent_Inputs/Inputs/RCP8_5_Near/currentspeed_near85.asc
NCOLS 638 
NROWS 314 
XLLCORNER -102.97071042 
YLLCORNER 3.973116569 
CELLSIZE 0.083 
NODATA_value -9999 
[rows 264 to 285 of 314, columns 250 to 299 of 638]
5.0054239805628 5.40480592028512 5.80418837456167 6.20357101235882 6.60295295208113 7.00233531573677 7.24982764678678 -9999 -9999 -9999 -9999 -9999 -9999 -9999 -9999 -9999 -9999 -9999 -9999 -9999 -9999 24.3151025145459 24.1131115041537 23.2273640755559 22.3533016734588 21.4796453805032 20.6059857644396 19.7323265366805 18.8586695742008 17.9850139067507 17.1105779688518 16.2314495644155 15.4270277802086 14.9117621327635 14.6522570926636 14.3843223890189 14.1112856551336 13.837977675418 13.5646687891192 13.291360667017 13.0180516620001 12.7447452248685 12.4728274823943 12.2103124766496 11.9652790597452 11.6132753736876 11.1737252270244 -9999 -9999 -9999
5.43210966139625 5.82740302890495 6.22269642653445 6.61799011450671 7.01328323919733 7.4085772161838 7.86401760135965 8.23011207580566 -9999 -9999 -9999 -9999 -9999 -9999 -9999 -9999 -9999 -9999 -9999 -9999 -9999 -9999 25.2234608967734 24.9399670519701 23.9916012734563 23.0437722136841 22.0959445732246 21.1481188363255 20.2002912004192 19.2524645142568 18.3033821120357 17.3472181565402 16.4690927616834 15.9028488312858 15.6121138700727 15.3090796369272 14.9983440595049 14.6871198030392 14.3758972840788 14.0646730276132 13.7534503145005 13.4422257020039 13.1329191453131 12.8354930300633 12.5623243432623 12.3803161228001 -9999 -9999 -9999 -9999
5.8587958147673 6.25000028421384 6.64120493161426 7.03240985416777 7.42361467958367 7.8148195503717 8.2065146116213 8.44972627299489 -9999 -9999 -9999 -9999 -9999 -9999 -9999 -9999 -9999 -9999 -9999 -9999 -9999 -9999 -9999 26.0033357272795 25.6298999191566 24.607904026487 23.5859063211316 22.5639094791987 21.5419126798037 20.5199171108912 19.4965707760067 18.4644173952559 17.513293988011 16.896046772734 16.5733154134703 16.234152668664 15.8854046944766 15.5362658470005 15.1871276687949 14.8379867179181 14.4888451930475 14.139705922588 13.7923906968772 13.4582971519155 13.1556999802397 12.9813970899844 12.9917402267456 -9999 -9999 -9999
6.28548165962926 6.67259735720481 7.05971331588495 7.44682915160617 7.83394507895991 8.22106141955385 8.6085303610659 8.84886038118266 -9999 -9999 -9999 -9999 -9999 17.9916305541992 -9999 -9999 -9999 -9999 -9999 -9999 -9999 -9999 -9999 -9999 26.646809132776 26.1720350844325 25.0758657994405 23.9796982185345 22.8835342024909 21.7873675285447 20.6903420477406 19.5840749578468 18.5616023194685 17.8932869763652 17.5367768781092 17.1594055779095 16.7724650211314 16.3854108467723 15.9983575876205 15.6113001233077 15.2242411157839 14.8371866608281 14.4511465891644 14.0778992292956 13.7434449584897 13.4690767747133 13.3065264656904 -9999 -9999 -9999
6.71216748285219 7.09519465997686 7.47822191804086 7.86124885570278 8.24427581703335 8.62730322937989 9.01043939806857 9.45482643656697 9.81484222412109 -9999 -9999 -9999 18.4960245673492 18.5176767891161 -9999 -9999 -9999 -9999 -9999 -9999 -9999 -9999 -9999 -9999 -9999 27.1424621750538 26.5658237926325 25.3954898106709 24.2251530672758 23.054815330599 21.8842529605291 20.7059781157287 19.6159587116166 18.8964338622913 18.5029221925107 18.0844956621968 17.6595257230555 17.2345545931808 16.8095824705054 16.3846123889776 15.9596418521929 15.5346723832433 15.1099335381788 14.695116896696 14.3236753127574 14.0354792793682 13.9163519206305 13.9622802734375 -9999 -9999
7.13409128522506 7.51035247582485 7.88823796931738 8.26780371492235 8.64877913386652 8.94876889654166 9.26181119636058 9.79285010281369 10.5183530153445 12.1429211982952 14.2672614811428 15.6453800201416 19.4479720942211 20.3869697319621 22.0223999023438 -9999 -9999 -9999 -9999 -9999 -9999 -9999 -9999 -9999 -9999 28.4096773334476 28.0447136107769 26.8000775488695 25.5576412702277 24.317034259161 23.0763457944193 21.8293144990885 20.6776369461992 19.9064531066847 19.4703486172183 19.0083680437484 18.5426121178215 18.077604196533 17.6143516252497 17.1525595576802 16.6915753811976 16.2306310536209 15.7689648588393 15.311001088719 14.8955403746709 14.5934137974491 14.4019723222382 14.3344534642818 14.3980302810669 -9999
7.53329028918745 7.90262798846358 8.27608401221156 8.65329894623895 8.95758716873167 -9999 10.0299413493782 10.1844789621121 10.8623064343239 12.424540373974 14.619042652396 16.9329089419735 19.2269263244996 21.2037046532618 23.5771327896066 25.3216705322266 -9999 -9999 -9999 -9999 -9999 -9999 -9999 -9999 -9999 -9999 28.9489962771913 28.1749131604031 26.8602917414811 25.5507052285407 24.2450340507929 22.9401440496442 21.7411506523787 20.9206437567884 20.4246792974389 19.9127564001457 19.4044129268432 18.9009538709357 18.4020462241898 17.9064227299082 17.4126074622506 16.919063614975 16.4242307921476 15.9277659019876 15.4650855824853 15.144156016284 14.9795993606203 14.8351145716142 14.7254227967823 -9999
7.93263642421895 8.30277033445045 8.67799959061925 9.05762324164488 9.29328330269016 -9999 10.3379158111168 10.6077029521692 11.2999975155691 12.9041077916365 15.1620005123778 17.4168733054618 19.6739279050473 21.9339155228954 24.1972192057096 25.6472484445523 -9999 -9999 -9999 -9999 -9999 -9999 -9999 -9999 -9999 -9999 29.4538016502411 28.9908616756601 27.6201237795029 26.2558194146137 24.8984746351283 23.5472237819526 22.3103764539532 21.4566380973353 20.9233473784058 20.3819169735365 19.8491845436763 19.3240206189055 18.8045381309445 18.2889079795076 17.7753931347111 17.2623029541213 16.7478911616986 16.2303526635867 15.7423531063834 15.4133720031163 15.2726046641428 15.1413112924315 15.0280167563445 14.9765396118164
8.36976617899115 8.75328156282097 9.14065685146414 9.53162348821241 10.00507197044 10.357064210829 10.4046394539215 10.9105436235162 11.8044891647994 13.3734205411125 15.5706070979653 17.7687128173278 19.9660881817379 22.1648071165189 24.3659923817297 25.7973672813599 -9999 -9999 -9999 -9999 -9999 -9999 -9999 33.8653201011392 32.4652221368496 31.0653754225678 29.8016411470052 28.6526590880816 27.2633848587992 25.8787735591811 24.4972205171031 23.1146896774661 21.84506689877 20.9869187244497 20.4833561846406 19.9596374879494 19.4378019684954 18.9201442207104 18.4067459618698 17.8964748987097 17.3879293028217 16.8796219258994 16.3700285233358 15.859323356073 15.3903002480352 15.0828509637099 14.9479087751001 14.8392022937928 14.7304332094978 14.5437400864742
8.80755494947385 9.21223859504761 9.6181660966257 10.0253613058247 10.4336250805456 10.9197746930973 11.4723166457617 11.806001868402 12.3430801767068 13.8373974614739 15.9095771193552 17.9874995466073 20.064705750129 22.1419842007252 24.2200372921489 25.5716268411766 -9999 -9999 -9999 -9999 -9999 -9999 34.4516748802518 33.317576081044 31.9217921702126 30.5261145610467 29.1316315443676 27.7387172917398 26.3474675620468 24.9576344515904 23.5678694662568 22.1703541673409 20.8814345804827 20.0357140531058 19.5798861553075 19.0908799799248 18.5970250182459 18.1038762575571 17.6120829897751 17.1213846882124 16.6312919817667 16.1412388972737 15.6506573866678 15.1662473223547 14.7390885272119 14.4618872035386 14.3312826304619 14.2451438363763 14.1645504272955 14.083916152012
9.22583565973574 9.65038997958225 10.0749427549449 10.4994963167883 10.9240534122227 11.3486045727342 11.7733131168883 12.2007891715056 12.8802336772684 14.2986578624557 16.2435302678986 18.1952826090473 20.1486655545368 22.1020514348294 24.0554355674985 25.9523993886411 27.113000869751 -9999 -9999 33.4869746797114 34.9090686705834 34.9005008766937 33.7605865105552 32.3665038878593 30.9741372737255 29.5817713716535 28.1894050812771 26.7970384671432 25.4046725650712 24.0123062746946 22.6194795198558 21.2146122945227 19.9168382310917 19.0855836550027 18.6641369308158 18.2065456447635 17.7381910194554 17.2698375372744 16.8014862350741 16.3331323645888 15.8647789264606 15.3964223025425 14.9284976926984 14.4753119442994 14.0885527217077 13.8376308254671 13.7204434867496 13.6522225893708 13.6000169108398 13.5478098746263
9.64023538045291 10.0826335918631 10.5250324723031 10.9674318507857 11.4098326538843 11.8522316958282 12.2950576382299 12.7410732400725 13.4153206689348 14.7582203645878 16.57720691006 18.4022210137602 20.2297490569604 22.0572871117983 23.8848284895093 25.7123684479077 27.4646985730661 29.1355338868662 31.0229169759057 33.0257265106499 34.385625606888 34.2081592519075 32.8085612822186 31.4142572162461 30.0223121638296 28.6303864709874 27.2384601696145 25.8465339545631 24.4546079379634 23.0626800188258 21.6690075781712 20.2588713781756 18.9576059690859 18.140393332246 17.7485148502934 17.3209582504177 16.8760942675888 16.4309456579863 15.9858011265837 15.540656504579 15.095509315293 14.6503607769481 14.2071088809003 13.7846760771203 13.431854296885 13.2071137501639 13.1092696151676 13.0599849821164 13.0357183317833 13.0120664277552
10.0546365187118 10.5148774695595 10.9751216436605 11.4353675035011 11.8956115826758 12.3558573001299 12.8166813231229 13.2805778408764 13.9487394165228 15.2162465778252 16.9102256637249 18.6091931232961 20.3108301812207 22.0125232158211 23.7142195735294 25.4159141190674 27.1176074384412 28.8193048360147 30.5213881789321 32.2257069380321 33.4774585908938 33.2533925883094 31.855776349853 30.4620432138369 29.0704877659955 27.6790016738524 26.2875134027514 24.8960237502992 23.5045374207201 22.1130499047107 20.7185293338009 19.305052479037 18.0042809297274 17.2009594269682 16.8352878886962 16.4349504819072 16.0139949089758 15.5920547559163 15.1701165489321 14.7481795291278 14.3262397558909 13.904299863936 13.4858897418937 13.091967812831 12.7677736879579 12.5691638203648 12.4949546769123 12.4683915564217 12.4714167381897 12.476323095049
10.4690370677976 10.9471248316139 11.4252125007575 11.9032992398764 12.3813884275587 12.8594790830178 13.3381060743565 13.8193191265756 14.4809942740208 15.6731650408698 17.2426569553923 18.8161423057232 20.3919131176514 21.9677645844738 23.5436146319834 25.1194627759327 26.6953123012333 28.2711621538218 29.8473137127179 31.425005034499 32.5682175957802 32.2975884999288 30.9024205567115 29.5097833943511 28.1186631783088 26.7276171614907 25.3365693325022 23.9455180510542 22.554468473927 21.1634224571086 19.7688949726264 18.3547290495608 17.0567328217189 16.2672172961318 15.9252914682043 15.5492644655653 15.1518953324188 14.7531654675591 14.3544338230562 13.9557002037352 13.5569701447233 13.1582402798635 12.7636669592582 12.394864922936 12.0960985244737 11.9235930719582 11.8761429437333 11.8761753222967 11.907115144596 11.9405792446867
10.8834361926424 11.3793717429647 11.8753024278298 12.3712338000844 12.8671697064376 13.3631018151688 13.8593967135684 14.3575840663591 15.0125811987838 16.1294453355814 17.5747089675672 19.0230306238954 20.47299951086 21.9230052456179 23.3730102685714 24.8230137160408 26.2730180269327 27.723021474402 29.1731602997789 30.6240230819544 31.65856788121 31.3413871119164 29.9488231836381 28.557478194036 27.1668423407839 25.7762322608246 24.3856239031837 22.995012589211 21.6044034585148 20.2137953856468 18.8202658564951 17.4081698620019 16.1148100811816 15.3390337554921 15.0188299541427 14.6644144303041 14.2897960687321 13.9142741384542 13.5387491223623 13.1632244386517 12.7877005853212 12.4121786550432 12.0401326523823 11.6927488579593 11.4166936448559 11.2702646905449 11.2522253349329 11.282591564355 11.3428137451545 11.4048364621635
11.2978369362744 11.8116137219059 12.3253914568005 12.8391707579478 13.352951364993 13.8667271583658 14.3806612304824 14.8957400584259 15.5439883910551 16.5855556526268 17.9066815838107 19.2299263982219 20.5540831168148 21.8782411124394 23.2024031905823 24.5265630424302 25.8507210380548 27.1748808899027 28.4990498630799 29.8232049240583 30.7491710822438 30.3854317490669 28.9953674502795 27.6051906059444 26.2150168038341 24.8248474636897 23.4346776539765 22.0445052757321 20.6543366051118 19.2641651766112 17.8724167521881 16.4649088618015 15.178420477765 14.4162993913592 14.1153920046794 13.7797747588981 13.4276967532798 13.0753832838445 12.7230647540497 12.3707473682742 12.0184290326316 11.666113944409 11.3155861671668 10.9861163376891 10.7293574079423 10.6089690802681 10.6236773904824 10.6884632059054 10.7785158542566 10.8690930152925
11.7122372482992 12.2438565983447 12.7754805332316 13.3071064106631 13.8387282098759 14.3703489412537 14.9020033182783 15.4341444475611 16.0757012800402 17.0419633329407 18.23884193594 19.4368498020874 20.6351645258483 21.8334777386714 23.0317958278199 24.2301137881323 25.428427324713 26.6267417247162 27.8250447246884 29.0228836937194 29.8406953310821 29.4303611972733 28.0423615420477 26.6529233273335 25.2631926432013 23.8734629513279 22.4837330660713 21.0940000510901 19.7042705541379 18.3145382512183 16.9244276241901 15.5231487464088 14.2474399545457 13.4988264017398 13.214055874927 12.8947093584497 12.5656008557501 12.2364915987085 11.9073779694472 11.578267781777 11.2491578552114 10.9200495466639 10.5913367132874 10.277441354542 10.0339843017998 9.93958376501454 9.99176618441354 10.0950801324791 10.2142158036162 10.3333498767384
12.1222094488379 12.6683159935661 13.2157782385792 13.7651734863985 14.3166795509577 14.8698623771764 15.4225973465113 15.9729903133883 16.6082188399161 17.4991186453926 18.5713200150638 19.6422690755769 20.7104055611533 21.7786238052811 22.8488647218691 23.9216126343799 24.9968043068291 26.0737331001031 27.1500214969667 28.2231176168905 28.9337555668622 28.4766908641933 27.089806169066 25.699405657647 24.3063823498102 22.9134810909338 21.5224652469131 20.133609621076 18.7466889435355 17.3610020758595 15.9747350897683 14.5811500526269 13.3210683123437 12.5855577619262 12.3125404261038 12.0087646644715 11.7009717571681 11.3934353862003 11.0870637936275 10.7817649689359 10.4771548371892 10.1727240778593 9.86783035306792 9.56877562474869 9.33161742282156 9.26309511060763 9.35938347480893 9.50218124948777 9.64975219845335 9.79733522252906
12.5087790690753 13.0668139858381 13.6284853342505 14.1945728340244 14.7656092980291 15.3417309570983 15.9217456414447 16.5029957121669 17.1416026494132 17.9546470322842 18.8908483333694 19.8214668654466 20.7534560029126 21.6895358522417 22.6310788640886 23.5783639165341 24.5313455772964 25.4895623668537 26.4512366136432 27.4132752010571 28.0277442287331 27.522371051787 26.1255407310079 24.7222526691808 23.3209461332155 21.9238487939846 20.5318938735385 19.1448998041707 17.7623845657336 16.3835679826927 15.0067846691578 13.628688418274 12.3930464183107 11.6729852318099 11.4001148705092 11.1094991840167 10.8210308175749 10.5356919421284 10.2535238818216 9.97382139490014 9.69570191675028 9.41820500094813 9.14025105729589 8.8621208706606 8.63046936072898 8.58258505597971 8.73287446326537 8.90840676635029 9.08427277678854 9.2603519745518
12.8231610652753 13.3829436556914 13.947384284102 14.517084214333 15.0927513122005 15.675228243383 16.2653128907237 16.8618617963138 17.4948460111112 18.2316111810127 19.0400198577173 19.8431112770518 20.652882656056 21.4698642492729 22.2938586543388 23.1247061472551 23.9624014195786 24.8070849096473 25.6588594793281 26.5161038544494 27.0451367887268 26.507954712927 25.1206019267549 23.7278720397905 22.3424575244818 20.9644085079138 19.5929824097481 18.2274793936972 16.8673487204744 15.5121479659675 14.1613918834465 12.8135507217093 11.6119945070086 10.9138447499937 10.6438076416286 10.3667985697325 10.0956744597108 9.82979954802424 9.56800396870803 9.30915793771731 9.05220332470157 8.79611761206864 8.53984909094945 8.28219214921125 8.06189658615538 8.02981358111454 8.21743066263035 8.41470782951102 8.61239344860883 8.81044393453816
13.0105518738939 13.5462902768302 14.0856278760739 14.6293485794227 15.1779873079382 15.7316558078047 16.288799414381 16.846389067452 17.4313867132732 18.0999009798333 18.8259368716593 19.5477496641093 20.2694484121883 20.9951362623591 21.7262311739096 22.4630373753224 23.2054962596279 23.9531249773337 24.7038422964697 25.4540084950198 25.9013928182706 25.3734132291013 24.0671324348435 22.7550791208392 21.4435246647791 20.1360806319759 18.833726819566 17.5362982086347 16.2433185768505 14.9539931949536 13.6664791075306 12.3771812524076 11.2223173836151 10.5542445497731 10.3078362376786 10.0450900152507 9.78354981210169 9.52507304792208 9.26973745768733 9.01684956866325 8.7655336938484 8.51483075296033 8.2636413224034 8.01202358445001 7.80745867494929 7.7879096159681 7.96580041436797 8.16911954924114 8.37253478395402 8.57615861883649
13.1149525788436 13.6138140914828 14.1138372150499 14.6154464370481 15.118823967678 15.6237205123 16.1287377873403 16.6316703510244 17.1580675419945 17.7597329284688 18.4142232640601 19.0662946148957 19.7160086089081 20.3663518330198 21.0184417396311 21.6725906922667 22.3287846591985 22.9865358199682 23.6442880043131 24.298754806894 24.6779988954534 24.1787241054635 22.9788664461134 21.7724528477844 20.5635096793311 19.3552398862399 18.1486063718164 16.9437424345616 15.7404986295612 14.5383534068239 13.3361144755388 12.1273620008404 11.0350171637347 10.4042337248113 10.1801270275885 9.92799564163114 9.6720575310134 9.41670145062074 9.1623612305116 8.90889660737323 8.65600998245752 8.40328624435459 8.15025747688294 7.90303619993225 7.71733503224097 7.70232362890453 7.85440839571448 8.05033971509935 8.25120191273281 8.45210126430896
