Spatial_Analysis/Maxent_Inputs/Inputs/RCP8_5_Near/PAR_near85.asc
NCOLS 638 
NROWS 314 
XLLCORNER -102.97071042 
YLLCORNER 3.973116569 
CELLSIZE 0.083 
NODATA_value -9999 
[rows 198 to 219 of 314, columns 300 to 349 of 638]
44.6915397644043 44.7229309082031 44.7548904418945 44.787540435791 44.8209800720215 44.855339050293 44.8924407958984 44.9195594787598 44.9469413757324 44.9756889343262 45.0054206848145 45.0357818603516 45.0664596557617 45.0971298217774 45.1275100708008 45.1572799682617 45.1860694885254 45.213508605957 45.2257804870606 45.2362899780274 45.2476310729981 45.2581214904785 45.2678489685059 45.2769508361816 45.2855110168457 45.2936210632324 45.3013610839844 45.3087997436523 45.315990447998 45.3230400085449 45.3384895324707 45.3710708618164 45.4051704406738 45.4386596679688 45.4716300964355 45.504280090332 45.5367698669434 45.5692291259766 45.6017684936523 45.6344909667969 45.6674690246582 45.7006912231445 45.748161315918 45.798038482666 45.8462905883789 45.8941383361816 45.9422111511231 45.9905586242676 46.0391616821289 46.0879898071289
44.6604614257812 44.6896896362305 44.7194404602051 44.7497787475586 44.7806701660156 44.8114013671875 44.8455581665039 44.8802795410156 44.9124717712402 44.9452590942383 44.9788284301758 45.0129699707031 45.0473785400391 45.0818099975586 45.1159591674805 45.1495704650879 45.1823997497559 45.2147789001465 45.2332992553711 45.2415008544922 45.2527389526367 45.2639007568359 45.2745094299316 45.2845611572266 45.2941284179688 45.3032913208008 45.3121185302734 45.3207206726074 45.3292694091797 45.3400001525879 45.3615493774414 45.3927307128906 45.4252700805664 45.4578018188477 45.490161895752 45.5224113464355 45.5546607971191 45.5869789123535 45.6194496154785 45.6521301269531 45.6829681396484 45.7107582092285 45.7512702941895 45.8048706054688 45.8556098937988 45.9049186706543 45.9543914794922 46.0040512084961 46.0539093017578 46.1039085388184
44.6279296875 44.6555709838867 44.6834487915039 44.7113990783691 44.7389602661133 44.7661895751953 44.7998008728027 44.8396110534668 44.8774299621582 44.9150581359863 44.9525985717774 44.9903182983398 45.028190612793 45.0660705566406 45.1038017272949 45.1413688659668 45.1790390014648 45.216968536377 45.2402381896973 45.2491302490234 45.2601318359375 45.2713584899902 45.2828903198242 45.294319152832 45.3055000305176 45.3164710998535 45.3273315429688 45.3388900756836 45.3522605895996 45.3670196533203 45.3900184631348 45.4212493896484 45.4535102844238 45.4861907958984 45.5191688537598 45.5523300170898 45.5856399536133 45.618350982666 45.6489486694336 45.6779289245605 45.7055511474609 45.731990814209 45.7727203369141 45.8277816772461 45.881778717041 45.9346885681152 45.9864387512207 46.0377807617188 46.089168548584 46.1392517089844
44.5936012268066 44.6202392578125 44.6468696594238 44.6735000610352 44.7001419067383 44.7262496948242 44.7605094909668 44.8030204772949 44.8444786071777 44.8855781555176 44.9266700744629 44.9677696228027 45.0088691711426 45.0499687194824 45.0910606384277 45.1321601867676 45.1732597351074 45.214900970459 45.2416000366211 45.2532691955566 45.2661590576172 45.2795104980469 45.2928695678711 45.3062210083008 45.319580078125 45.332950592041 45.3469009399414 45.3617782592773 45.3776092529297 45.3943290710449 45.419490814209 45.4530601501465 45.4874687194824 45.5224304199219 45.5577583312988 45.5925216674805 45.6257095336914 45.6576499938965 45.6885986328125 45.7186813354492 45.7479782104492 45.7765502929688 45.8190498352051 45.8755111694336 45.9312400817871 45.9862518310547 46.0400085449219 46.0908889770508 46.1401710510254 46.1887397766113
44.5583000183105 44.5840492248535 44.6098098754883 44.6355705261231 44.6613082885742 44.6869010925293 44.7220993041992 44.7668991088867 44.8115310668945 44.856029510498 44.900520324707 44.945011138916 44.9895095825195 45.0340003967285 45.078498840332 45.122989654541 45.1675109863281 45.2123603820801 45.2421913146973 45.2569694519043 45.2722015380859 45.2877502441406 45.3032989501953 45.3188514709473 45.3342895507812 45.3496894836426 45.3657188415527 45.3825912475586 45.4002990722656 45.4188194274902 45.4461898803711 45.4823913574219 45.5192794799805 45.5563201904297 45.5922088623047 45.6271209716797 45.6612205505371 45.6946182250976 45.7273902893066 45.759578704834 45.7912101745605 45.8222999572754 45.8667716979981 45.9246215820312 45.9804801940918 46.0336303710938 46.0853004455566 46.1359596252441 46.1859283447266 46.235408782959
44.5229988098145 44.5478706359863 44.5727500915527 44.5976295471191 44.6225700378418 44.6479797363281 44.6841888427734 44.7311706542969 44.7786102294922 44.8264808654785 44.8743591308594 44.9222602844238 44.9701499938965 45.0180397033691 45.0659408569336 45.1138191223145 45.1617088317871 45.2094612121582 45.2423400878906 45.2603492736816 45.2782211303711 45.2959785461426 45.313720703125 45.3310699462891 45.3476295471191 45.364631652832 45.3824615478516 45.4011688232422 45.420711517334 45.4410400390625 45.4707107543945 45.5096206665039 45.5480804443359 45.5858192443848 45.6229095458984 45.6594390869141 45.6954612731934 45.7310218811035 45.7661209106445 45.8008003234863 45.8350296020508 45.8688011169434 45.9133911132812 45.9685096740723 46.0221900939941 46.0749206542969 46.127010345459 46.1786499023438 46.2299499511719 46.2810707092285
44.4877090454102 44.5116996765137 44.5356903076172 44.5596885681152 44.583911895752 44.6092109680176 44.6464614868164 44.6955909729004 44.7457504272461 44.7969284057617 44.8482093811035 44.8995094299316 44.9507904052734 45.0020790100098 45.0533714294434 45.1046600341797 45.1558494567871 45.206428527832 45.2423515319824 45.263599395752 45.2841911315918 45.3042106628418 45.3235893249512 45.3411712646484 45.358959197998 45.3776206970215 45.3972396850586 45.4178009033203 45.439208984375 45.4613990783691 45.4931602478027 45.5335502624512 45.5734481811523 45.6129302978516 45.6520195007324 45.6907615661621 45.7291488647461 45.7671890258789 45.8048782348633 45.8422317504883 45.8772315979004 45.9092216491699 45.9521903991699 46.0066795349121 46.0605697631836 46.1140594482422 46.1672592163086 46.2202301025391 46.2731094360352 46.3260192871094
44.4524116516113 44.4755210876465 44.4986305236816 44.5217514038086 44.5451812744141 44.5703315734863 44.6086006164551 44.6599006652832 44.7128486633301 44.7673797607422 44.8220596313477 44.8767509460449 44.9314308166504 44.9861183166504 45.0407981872559 45.0954895019531 45.1500205993652 45.203498840332 45.2424812316895 45.266960144043 45.2901992797852 45.3120918273926 45.3307495117188 45.34912109375 45.368408203125 45.3888282775879 45.4103202819824 45.4327812194824 45.4561080932617 45.4797592163086 45.5126991271973 45.554988861084 45.5970001220703 45.638729095459 45.6802291870117 45.7214813232422 45.7624702453613 45.8031883239746 45.8421897888184 45.8775901794434 45.9111709594727 45.9436988830566 45.9873809814453 46.0424995422363 46.0973510742188 46.1520309448242 46.2065887451172 46.261100769043 46.3157005310059 46.3703689575195
44.4171104431152 44.439338684082 44.4615707397461 44.4838104248047 44.506290435791 44.5310707092285 44.5703201293945 44.6238594055176 44.6798286437988 44.7378311157227 44.7959098815918 44.8539886474609 44.9120788574219 44.9701499938965 45.0282402038574 45.0863189697266 45.1442909240723 45.2008399963379 45.2429809570313 45.2705993652344 45.2962684631348 45.3168106079102 45.3355293273926 45.3552093505859 45.3762092590332 45.3984985351562 45.4219207763672 45.4463500976562 45.4711303710937 45.4957008361816 45.5303001403809 45.5749397277832 45.6193885803223 45.6636810302734 45.7078094482422 45.7517585754394 45.7949104309082 45.8341293334961 45.870849609375 45.9063301086426 45.9411010742188 45.9755096435547 46.0207710266113 46.0769691467285 46.1330909729004 46.1891784667969 46.2452583312988 46.3014717102051 46.357780456543 46.4141807556152
44.3818092346191 44.4031715393066 44.4245109558106 44.4458694458008 44.4672508239746 44.4911689758301 44.53125 44.5872306823731 44.646800994873 44.7082710266113 44.7697486877441 44.8312301635742 44.8927116394043 44.9541893005371 45.0156707763672 45.0771484375 45.1386184692383 45.1986503601074 45.2440910339356 45.2746810913086 45.2997894287109 45.3186912536621 45.3383712768555 45.3596687316894 45.3825492858887 45.4067993164062 45.4322204589844 45.4581909179688 45.484130859375 45.5100402832031 45.5466194152832 45.5938415527344 45.6409683227539 45.68798828125 45.7349014282227 45.7787895202637 45.8188705444336 45.8572883605957 45.8948211669922 45.9319610595703 45.9689102172851 46.0057601928711 46.0529403686523 46.1104888916016 46.1680603027344 46.2256813049316 46.2834396362305 46.3413505554199 46.3993911743164 46.4575119018555
44.346549987793 44.367000579834 44.3874588012695 44.4079284667969 44.4283981323242 44.4504508972168 44.491039276123 44.5499114990234 44.6138496398926 44.6787300109863 44.7436103820801 44.8084602355957 44.8733100891113 44.9382019042969 45.0031089782715 45.0679817199707 45.1328582763672 45.196949005127 45.2460594177246 45.2789306640625 45.2992095947266 45.3183517456055 45.3395309448242 45.3627090454102 45.387580871582 45.4138793945312 45.4410018920898 45.4683113098145 45.4957504272461 45.5232391357422 45.5619888305664 45.6119689941406 45.6618995666504 45.7109603881836 45.755241394043 45.7967414855957 45.8370208740234 45.8767700195312 45.9163093566895 45.955810546875 45.9953308105469 46.0349197387695 46.084228515625 46.1432609558105 46.2023887634277 46.2616996765137 46.3211708068848 46.3808097839355 46.440559387207 46.5004196166992
44.3118896484375 44.3315010070801 44.3509712219238 44.3703117370605 44.3896102905274 44.4092712402344 44.4492301940918 44.5126304626465 44.5809288024902 44.6491508483887 44.7171211242676 44.7849502563477 44.8527908325195 44.9207992553711 44.9891510009766 45.0579299926758 45.1269683837891 45.1953392028809 45.2491111755371 45.2779006958008 45.2957000732422 45.3161315917969 45.3391990661621 45.3644409179688 45.391429901123 45.419620513916 45.4482612609863 45.4771881103516 45.5063095092773 45.535530090332 45.5765991210938 45.6294593811035 45.6795883178711 45.724739074707 45.767879486084 45.8101501464844 45.8521690368652 45.8941612243652 45.9362297058105 45.9784202575684 46.0207595825195 46.0632400512695 46.1148109436035 46.1754302978516 46.2362518310547 46.2972793579102 46.3584899902344 46.4198493957519 46.4813499450684 46.5429496765137
44.2779998779297 44.2968711853027 44.3155708312988 44.3340187072754 44.3521881103516 44.3700103759766 44.4053802490234 44.4767799377441 44.5484886169434 44.6195106506348 44.6901092529297 44.7604904174805 44.8308982849121 44.901538848877 44.9726409912109 45.0444412231445 45.1172218322754 45.1912307739258 45.253490447998 45.2709617614746 45.2897415161133 45.3122100830078 45.3374900817871 45.3649597167969 45.3940696716309 45.4239692687988 45.4543609619141 45.4850692749023 45.5160217285156 45.5471000671387 45.5904388427734 45.6411094665527 45.6874809265137 45.7323799133301 45.7767295837402 45.8210601806641 45.8655090332031 45.9101409912109 45.9550094604492 46.0000915527344 46.0453987121582 46.0909118652344 46.1448211669922 46.2071304321289 46.2696914672852 46.3324584960938 46.3954086303711 46.4585304260254 46.521800994873 46.5851898193359
44.2447891235352 44.2630310058594 44.2811088562012 44.2989807128906 44.3166198730469 44.334228515625 44.3726806640625 44.443000793457 44.5166397094727 44.5898094177246 44.6625900268555 44.735179901123 44.807788848877 44.8806190490723 44.9538688659668 45.0277481079102 45.1024208068848 45.1774597167969 45.2373886108399 45.2594909667969 45.2815093994141 45.3066902160645 45.3344917297363 45.3643417358398 45.3954086303711 45.4272117614746 45.4594993591309 45.4921417236328 45.5250205993652 45.5571784973144 45.5957489013672 45.6435813903809 45.6902809143066 45.7367782592773 45.7834281921387 45.8303489685059 45.8775596618652 45.9250907897949 45.9729194641113 46.0210304260254 46.0694007873535 46.1180191040039 46.1743392944336 46.2384185791016 46.3027381896973 46.3672790527344 46.4320182800293 46.496940612793 46.5620307922363 46.6272087097168
44.1734809875488 44.1900405883789 44.2065086364746 44.2229499816895 44.2394905090332 44.2570114135742 44.2992897033691 44.3672103881836 44.4423484802246 44.5178298950195 44.5932083129883 44.6684913635254 44.7437705993652 44.8191909790039 44.8948211669922 44.970630645752 45.046199798584 45.1216812133789 45.1822700500488 45.2156600952148 45.2459297180176 45.2784309387207 45.3130111694336 45.349178314209 45.3862991333008 45.4240913391113 45.4623489379883 45.5009498596191 45.5378303527832 45.5674095153809 45.6055488586426 45.6544303894043 45.7033805847168 45.7526588439941 45.8023300170898 45.8524208068848 45.9029197692871 45.9537887573242 46.0050086975098 46.0565414428711 46.1083602905273 46.1604309082031 46.217529296875 46.2796592712402 46.342041015625 46.404670715332 46.4675102233887 46.5305213928223 46.5936813354492 46.6569290161133
44.0641708374024 44.0779991149902 44.0918197631836 44.105640411377 44.1194801330566 44.1366882324219 44.1801109313965 44.2491607666016 44.3252182006836 44.4035797119141 44.4819412231445 44.5602989196777 44.6386489868164 44.7170104980469 44.7953605651855 44.8737297058106 44.9520797729492 45.0304412841797 45.0953712463379 45.1416206359863 45.184268951416 45.2277793884277 45.273120880127 45.3196105957031 45.3669013977051 45.4147605895996 45.4630393981934 45.5084495544434 45.545970916748 45.5809783935547 45.6239204406738 45.6756210327148 45.7278213500976 45.7805595397949 45.8338317871094 45.887580871582 45.9417991638184 45.9964218139649 46.051399230957 46.1067314147949 46.1623382568359 46.2182312011719 46.2744293212891 46.330940246582 46.3877105712891 46.444709777832 46.5018997192383 46.559268951416 46.6167793273926 46.6743507385254
43.9551391601562 43.9662208557129 43.9772987365723 43.9883804321289 43.9997215270996 44.0160713195801 44.0599784851074 44.1310691833496 44.2081298828125 44.2893218994141 44.3705596923828 44.451789855957 44.5330314636231 44.6142692565918 44.695499420166 44.7767295837402 44.8579711914062 44.9392013549805 45.0094184875488 45.0675811767578 45.1222801208496 45.176700592041 45.2325706481934 45.289379119873 45.3468704223633 45.4048690795898 45.4588508605957 45.5044403076172 45.5478286743164 45.5910491943359 45.6401596069336 45.6952705383301 45.7510681152344 45.8074989318848 45.8645210266113 45.9220581054688 45.9800796508789 46.0385208129883 46.097339630127 46.1564903259277 46.215950012207 46.275749206543 46.3311195373535 46.3820304870605 46.4331893920898 46.4845581054688 46.5361289978027 46.5878486633301 46.639720916748 46.6916389465332
43.846118927002 43.8544502258301 43.8627700805664 43.8711090087891 43.880241394043 43.8947906494141 43.9389686584473 44.0124397277832 44.0913009643555 44.1750717163086 44.2591781616211 44.3432998657227 44.4273986816406 44.5115203857422 44.595630645752 44.6797409057617 44.7638511657715 44.8479614257813 44.9242401123047 44.9938087463379 45.0599212646484 45.1252403259277 45.1915702819824 45.2586898803711 45.3264007568359 45.3891906738281 45.44287109375 45.4946098327637 45.546501159668 45.5992202758789 45.6550102233887 45.7138404846191 45.7734413146973 45.8337097167969 45.8945808410644 45.9560012817383 46.0178909301758 46.0802001953125 46.142879486084 46.2059211730957 46.2693214416504 46.333080291748 46.3876304626465 46.4329490661621 46.4785003662109 46.5242614746094 46.5702018737793 46.6162910461426 46.6625289916992 46.7088012695312
43.7370910644531 43.7426795959473 43.7482490539551 43.7538299560547 43.7605400085449 43.7727813720703 43.8170700073242 43.8931312561035 43.9743995666504 44.0608215332031 44.1478118896484 44.2347984313965 44.3217811584473 44.4087715148926 44.4957504272461 44.5827407836914 44.6697311401367 44.756721496582 44.8396987915039 44.9203414916992 44.9974098205566 45.073429107666 45.1501808166504 45.2276115417481 45.299560546875 45.3613510131836 45.4213714599609 45.4818687438965 45.5434684753418 45.6061401367188 45.6688995361328 45.7316284179688 45.7951507568359 45.8593482971191 45.9241485595703 45.9894905090332 46.055290222168 46.121509552002 46.1881408691406 46.2551612854004 46.3225402832031 46.390251159668 46.4439888000488 46.4837188720703 46.5236701965332 46.5638198852539 46.6041297912598 46.6445999145508 46.6851997375488 46.7258415222168
43.628059387207 43.6309013366699 43.633731842041 43.6365585327149 43.6404609680176 43.6499710083008 43.6942710876465 43.7730598449707 43.8572196960449 43.9465599060059 44.0364303588867 44.1262893676758 44.2161598205566 44.3060302734375 44.3958892822266 44.4857597351074 44.575611114502 44.6654815673828 44.755729675293 44.8471412658691 44.9347915649414 45.0213203430176 45.108470916748 45.1900901794434 45.2599601745606 45.3281517028809 45.3971786499024 45.467601776123 45.5393295288086 45.6122093200684 45.6820793151856 45.7488288879394 45.816349029541 45.8845405578613 45.9533195495605 46.0226097106934 46.0923805236816 46.1626091003418 46.2332382202148 46.3042411804199 46.3756103515625 46.4472808837891 46.5002098083496 46.534351348877 46.5687103271484 46.6032485961914 46.6379508972168 46.6727905273438 46.7077713012695 46.7427787780762
43.5190391540527 43.5191192626953 43.5191993713379 43.5192909240723 43.5200119018555 43.5263404846191 43.570541381836 43.652229309082 43.7397918701172 43.8323097229004 43.925048828125 44.0177917480469 44.110538482666 44.2032814025879 44.2960205078125 44.3887596130371 44.4814987182617 44.5742416381836 44.6722717285156 44.774169921875 44.8720397949219 44.9689712524414 45.060848236084 45.1387596130371 45.2150001525879 45.2924385070801 45.3716201782227 45.4523506164551 45.5344200134277 45.6176490783691 45.6947402954101 45.7655792236328 45.8371505737305 45.9093704223633 45.9821510314941 46.0554695129395 46.1292915344238 46.2035598754883 46.2781982421875 46.3532104492188 46.4285507202148 46.5041885375977 46.5563011169434 46.5848693847656 46.613639831543 46.6425704956055 46.6716613769531 46.7009010314941 46.7302589416504 46.7596588134766
43.4100112915039 43.4073486328125 43.4046783447266 43.4020195007324 43.3994407653809 43.4018707275391 43.4457702636719 43.5306282043457 43.6224403381348 43.7180595397949 43.8136711120605 43.9092903137207 44.0049095153809 44.100528717041 44.1961517333984 44.2917594909668 44.3873901367188 44.4830017089844 44.5892715454102 44.7013206481934 44.8090705871582 44.9119415283203 44.9978485107422 45.0819511413574 45.1676788330078 45.2555389404297 45.3452186584473 45.436450958252 45.5289916992188 45.6226387023926 45.7070083618164 45.7819595336914 45.8576202392578 45.9338989257812 46.0107688903809 46.0881805419922 46.1660804748535 46.2443809509277 46.3230514526367 46.4020690917969 46.4813919067383 46.5609893798828 46.6123008728027 46.6352806091309 46.6584510803223 46.6818008422852 46.7052993774414 46.7289199829102 46.7526702880859 46.776481628418
