Spatial_Analysis/Maxent_Inputs/Inputs/RCP8_5_Near/PAR_near85.asc
NCOLS 638 
NROWS 314 
XLLCORNER -102.97071042 
YLLCORNER 3.973116569 
CELLSIZE 0.083 
NODATA_value -9999 
[rows 0 to 21 of 314, columns 450 to 499 of 638]
39.5313110351562 39.5297393798828 39.5280990600586 39.5263595581055 39.5245704650879 39.5227890014648 39.5209999084473 39.5192184448242 39.5174407958984 39.5156517028809 39.5138702392578 39.512279510498 39.5108184814453 39.5094184875488 39.5083618164062 39.5076904296875 39.507251739502 39.5068092346191 39.5063705444336 39.5059394836426 39.505500793457 39.5050582885742 39.5046195983887 39.5041694641113 39.5074691772461 39.5145416259766 39.5215797424316 39.5285911560059 39.5355796813965 39.5425682067871 39.549560546875 39.5565605163574 39.5635490417481 39.5705490112305 39.5775413513184 39.5845985412598 39.5958213806152 39.6111793518066 39.6266784667969 39.6423492431641 39.6581382751465 39.6739311218262 39.6897201538086 39.705509185791 39.7213096618652 39.7370986938477 39.7528915405274 39.7687911987305 39.7706413269043 39.7583999633789
39.552318572998 39.5514984130859 39.5505905151367 39.5495910644531 39.5485496520996 39.5475006103516 39.5464706420898 39.5454292297363 39.5443801879883 39.5433502197266 39.5423011779785 39.5414085388184 39.5405807495117 39.5397605895996 39.5392913818359 39.5391998291016 39.5392913818359 39.539379119873 39.539478302002 39.5395812988281 39.5396690368652 39.5397682189941 39.5398597717285 39.5399208068848 39.5445289611816 39.5536689758301 39.5627403259277 39.5717315673828 39.5806694030762 39.5896110534668 39.5985488891602 39.6074905395508 39.6164283752441 39.6253700256348 39.6343116760254 39.643310546875 39.6556282043457 39.6712608337402 39.6870498657227 39.703010559082 39.7190704345703 39.7351303100586 39.7511901855469 39.7672500610352 39.7833099365234 39.7993698120117 39.8154296875 39.8315811157227 39.8334999084473 39.821159362793
39.5733489990234 39.5732688903809 39.5730895996094 39.5728187561035 39.5725212097168 39.5722198486328 39.5719299316406 39.5716285705566 39.5713310241699 39.5710411071777 39.5707397460938 39.5705184936523 39.5703010559082 39.5700607299805 39.5701904296875 39.5707092285156 39.5713195800781 39.5719604492188 39.5725898742676 39.5732192993164 39.5738410949707 39.5744705200195 39.5750999450684 39.5756988525391 39.5816192626953 39.5928497314453 39.6039390563965 39.6148796081543 39.6257591247559 39.6366500854492 39.6475296020508 39.6584205627441 39.6693115234375 39.6801986694336 39.6910781860352 39.7019996643066 39.7154083251953 39.731330871582 39.7474098205566 39.7636795043945 39.7800102233887 39.796329498291 39.8126602172852 39.8289909362793 39.8453102111816 39.8616409301758 39.8779602050781 39.8943290710449 39.8962898254395 39.8838500976563
39.5943908691406 39.5950508117676 39.595588684082 39.5960388183594 39.5964889526367 39.5969390869141 39.5973892211914 39.5978393554688 39.5982818603516 39.5987281799316 39.5991706848145 39.5996284484863 39.5999717712402 39.6003112792969 39.6010818481445 39.6022109985352 39.6033782958984 39.6045417785645 39.6057014465332 39.606861114502 39.6080207824707 39.6091804504395 39.6103401184082 39.6114883422852 39.6187705993652 39.6320991516113 39.6451683044434 39.6580200195313 39.6708488464355 39.6836891174316 39.6965217590332 39.7093505859375 39.7221908569336 39.7350196838379 39.747859954834 39.7606887817383 39.7751693725586 39.7913703918457 39.8077697753906 39.824348449707 39.8409385681152 39.8575401306152 39.8741302490234 39.8907203674316 39.9073104858399 39.9239082336426 39.9404983520508 39.9570999145508 39.9590110778809 39.946460723877
39.6154518127441 39.6168518066406 39.6180801391602 39.6194610595703 39.6212882995605 39.6230087280273 39.6244583129883 39.6256103515625 39.6264915466309 39.6271591186523 39.6277809143066 39.6287994384766 39.6296195983887 39.6305198669434 39.6320304870606 39.6338386535645 39.6359481811523 39.6379699707031 39.6397895812988 39.641429901123 39.6429214477539 39.6442985534668 39.6456718444824 39.6472702026367 39.6560096740723 39.6714401245117 39.6863784790039 39.7011985778809 39.716178894043 39.7311210632324 39.745979309082 39.7607498168945 39.7754402160645 39.7900695800781 39.8046913146973 39.819408416748 39.8349304199219 39.851390838623 39.8681488037109 39.8850288391113 39.9020195007324 39.9189796447754 39.9359016418457 39.9527702331543 39.9695816040039 39.9863395690918 40.0030899047852 40.0199012756348 40.0216789245605 40.0089683532715
39.6364898681641 39.6386299133301 39.6423301696777 39.646068572998 39.6492691040039 39.6519393920898 39.6541481018066 39.6559410095215 39.657341003418 39.6583709716797 39.659049987793 39.6594200134277 39.6593589782715 39.6607894897461 39.6641807556152 39.6675987243652 39.6706085205078 39.6732215881348 39.6755104064941 39.6775207519531 39.6793098449707 39.6809196472168 39.6823883056641 39.6837692260742 39.6932716369629 39.7108497619629 39.7280616760254 39.7453498840332 39.7624588012695 39.779411315918 39.7962112426758 39.8128814697266 39.8294410705566 39.8459014892578 39.8622703552246 39.8785591125488 39.8947410583496 39.9114189147949 39.9288291931152 39.9463195800781 39.9637107849121 39.9809989929199 39.9981994628906 40.0153198242188 40.0323600769043 40.0493202209473 40.066219329834 40.0830497741699 40.0844612121582 40.0714111328125
39.6654586791992 39.6682815551758 39.6721611022949 39.6763916015625 39.6801300048828 39.6833686828613 39.686149597168 39.6884994506836 39.6904792785645 39.6920890808105 39.693359375 39.6943702697754 39.6950798034668 39.696891784668 39.7002792358398 39.703929901123 39.7071914672852 39.7100715637207 39.7126388549805 39.7149314880371 39.7169990539551 39.7188911437988 39.7206497192383 39.722339630127 39.7330703735352 39.752571105957 39.771541595459 39.7906684875488 39.8096389770508 39.8284606933594 39.8471183776855 39.8656692504883 39.884090423584 39.9024200439453 39.9206581115723 39.9388389587402 39.9561309814453 39.9730606079102 39.9906311035156 40.0083389282227 40.0259704589844 40.0434989929199 40.0609397888184 40.0783004760742 40.095588684082 40.1128005981445 40.129940032959 40.1470108032227 40.1484985351562 40.135311126709
39.7010307312012 39.7044715881348 39.7074890136719 39.7104797363281 39.7139091491699 39.7173004150391 39.7204399108887 39.7233009338379 39.7259216308594 39.7283401489258 39.7307510375977 39.7335586547852 39.7358703613281 39.7378692626953 39.7402687072754 39.7428398132324 39.7457084655762 39.7485313415527 39.7511901855469 39.7536582946777 39.755989074707 39.758228302002 39.7604789733887 39.7629508972168 39.7750091552734 39.7961807250977 39.816780090332 39.8371810913086 39.8577308654785 39.8782615661621 39.8987197875977 39.9190902709961 39.9393997192383 39.9596481323242 39.9798889160156 40.0002403259277 40.0189094543457 40.0360717773438 40.0535316467285 40.0711288452149 40.088809967041 40.1064910888672 40.1241416931152 40.141731262207 40.1592712402344 40.1767692565918 40.1942481994629 40.2118110656738 40.2136993408203 40.2004699707031
39.7531204223633 39.7567901611328 39.7600593566895 39.7629890441895 39.7659111022949 39.7688293457031 39.7717399597168 39.7746505737305 39.7775688171387 39.7804908752441 39.7834014892578 39.7863311767578 39.788761138916 39.7907409667969 39.7929191589355 39.795280456543 39.7976493835449 39.8000106811523 39.8023796081543 39.8047485351562 39.8071098327637 39.8094787597656 39.8118515014649 39.814208984375 39.8260498046875 39.8472595214844 39.8680992126465 39.8886108398438 39.9090995788574 39.9295806884766 39.9500694274902 39.9705390930176 39.9910316467285 40.0115089416504 40.0319900512695 40.0524787902832 40.0710296630859 40.0877189636231 40.1046409606934 40.1217498779297 40.1388893127441 40.1560211181641 40.1731681823731 40.1903114318848 40.2074394226074 40.2245788574219 40.2417182922363 40.258861541748 40.2607116699219 40.2474403381348
39.8218002319336 39.8253288269043 39.8284301757812 39.8310890197754 39.8336410522461 39.8361892700195 39.8387298583984 39.8412895202637 39.8438415527344 39.8463897705078 39.8489418029785 39.8515090942383 39.8536911010742 39.8554611206055 39.8573417663574 39.8593406677246 39.8613586425781 39.8633918762207 39.8654098510742 39.8674392700195 39.8694686889649 39.8714981079102 39.8735198974609 39.8754997253418 39.8862609863281 39.9058303833008 39.9251289367676 39.9441108703613 39.9629898071289 39.9818801879883 40.0007705688477 40.0196495056152 40.0385398864746 40.057430267334 40.0763092041016 40.0952301025391 40.1124610900879 40.1279983520508 40.143741607666 40.1596908569336 40.175708770752 40.1917381286621 40.2077598571777 40.2237892150879 40.2398109436035 40.2558403015137 40.271858215332 40.2879295349121 40.2893905639648 40.2762413024902
39.8904800415039 39.8938484191895 39.8967704772949 39.8991813659668 39.9013710021973 39.9035491943359 39.9057388305664 39.9079208374024 39.910099029541 39.9122886657715 39.9144706726074 39.9166793823242 39.918571472168 39.9201202392578 39.9217300415039 39.9233894348145 39.9250793457031 39.9267692565918 39.9284515380859 39.9301414489746 39.9318199157715 39.9335098266602 39.9351997375488 39.9367904663086 39.9465408325195 39.964469909668 39.9821701049805 39.9995994567871 40.0168914794922 40.0341796875 40.0514717102051 40.0687599182129 40.0860481262207 40.1033401489258 40.1206207275391 40.1379814147949 40.1538696289062 40.168270111084 40.1828384399414 40.1976318359375 40.2125396728516 40.2274513244629 40.242359161377 40.2572708129883 40.2721786499024 40.2870903015137 40.3019981384277 40.3170013427734 40.318000793457 40.3049507141113
39.9591903686523 39.9624099731445 39.9651412963867 39.9672813415527 39.9690895080566 39.9709091186523 39.972728729248 39.9745483398438 39.9763717651367 39.9781913757324 39.9800109863281 39.9818305969238 39.9834098815918 39.9847602844238 39.9860992431641 39.9874496459961 39.9887886047363 39.9901390075684 39.9914894104004 39.9928283691406 39.9941787719727 39.9955291748047 39.9968681335449 39.9981117248535 40.0068588256836 40.0231590270996 40.0392303466797 40.0550918579102 40.0707893371582 40.0864791870117 40.1021690368652 40.1178588867188 40.1335601806641 40.1492500305176 40.1649398803711 40.1807289123535 40.1952590942383 40.2084999084473 40.2219314575195 40.2355690002441 40.2493705749512 40.2631607055664 40.2769584655762 40.2907485961914 40.3045501708984 40.3183403015137 40.3321418762207 40.3460502624512 40.346549987793 40.3335990905762
40.0279693603516 40.0310516357422 40.0335502624512 40.0353698730469 40.0368194580078 40.0382804870606 40.0397300720215 40.0411796569824 40.0426292419434 40.0440902709961 40.045539855957 40.0469703674316 40.0482406616211 40.0493812561035 40.0504608154297 40.0514984130859 40.0525093078613 40.0535087585449 40.0545196533203 40.0555305480957 40.0565414428711 40.0575408935547 40.0585403442383 40.0594482421875 40.0672111511231 40.0818710327149 40.0963401794434 40.1105804443359 40.1246795654297 40.1387710571289 40.1528701782227 40.1669692993164 40.1810607910156 40.1951599121094 40.2092590332031 40.2234497070313 40.2366104125977 40.2486991882324 40.2609901428223 40.2735099792481 40.286190032959 40.2988700866699 40.3115501403809 40.3242301940918 40.3369216918945 40.3496017456055 40.3622817993164 40.3750610351562 40.3750495910645 40.362190246582
40.0968818664551 40.0998115539551 40.1020393371582 40.103458404541 40.104549407959 40.105640411377 40.1067199707031 40.1078109741211 40.1088981628418 40.1099891662598 40.1110801696777 40.1121215820312 40.1130981445313 40.1140098571777 40.1148414611816 40.1155586242676 40.1162185668945 40.1168899536133 40.117561340332 40.118221282959 40.1188888549805 40.1195487976074 40.1202201843262 40.1208114624023 40.1276092529297 40.1406288146973 40.1534614562988 40.1660804748535 40.178581237793 40.1910705566406 40.2035789489746 40.2160797119141 40.2285804748535 40.2410697937012 40.2535781860352 40.2661514282227 40.2779312133789 40.2888717651367 40.3000297546387 40.311450958252 40.3230209350586 40.3345794677734 40.3461494445801 40.3577194213867 40.3692817687988 40.380859375 40.3924217224121 40.4040603637695 40.4035110473633 40.3907508850098
40.1659507751465 40.1687202453613 40.1706199645996 40.171558380127 40.1722793579102 40.1730003356934 40.1737289428711 40.1744384765625 40.1751708984375 40.1758804321289 40.1766090393066 40.1772994995117 40.1779899597168 40.1786918640137 40.1792411804199 40.1796112060547 40.1799392700195 40.1802711486816 40.180591583252 40.1809196472168 40.1812400817871 40.181568145752 40.1819000244141 40.1821899414062 40.1880187988281 40.1994094848633 40.2106018066406 40.2215690612793 40.232479095459 40.2433700561523 40.254280090332 40.2651786804199 40.2760810852051 40.2869911193848 40.2978897094727 40.3088417053223 40.3191986083984 40.3289909362793 40.339038848877 40.3493881225586 40.3598403930664 40.3703002929688 40.3807487487793 40.3912010192871 40.4016494750977 40.412109375 40.4225616455078 40.4330406188965 40.4319496154785 40.4192695617676
40.2352294921875 40.237850189209 40.2392501831055 40.2396507263184 40.2400093078613 40.2403602600098 40.2407188415527 40.2410697937012 40.2414283752441 40.2417907714844 40.2421493530274 40.2425003051758 40.2429389953613 40.2434387207031 40.2436714172363 40.2436714172363 40.2436599731445 40.2436408996582 40.2436294555664 40.2436103820801 40.2435989379883 40.243579864502 40.2435684204102 40.2435493469238 40.2484588623047 40.2582092285156 40.2677383422852 40.2770614624024 40.2863693237305 40.2956695556641 40.3049812316895 40.3142890930176 40.3235893249512 40.3329010009766 40.3422088623047 40.3515205383301 40.3604316711426 40.3690490722656 40.3780288696289 40.3873291015625 40.396671295166 40.4060096740723 40.415340423584 40.424690246582 40.4340209960938 40.443359375 40.4527015686035 40.4620399475098 40.4603614807129 40.4477691650391
40.3047485351562 40.3072204589844 40.3077507019043 40.3076705932617 40.307300567627 40.3069305419922 40.3066902160645 40.306640625 40.3068008422852 40.3071517944336 40.3075714111328 40.3076705932617 40.307991027832 40.3082809448242 40.3080711364746 40.3076400756836 40.3068199157715 40.3060417175293 40.3054389953613 40.3050804138184 40.3049507141113 40.3050003051758 40.305118560791 40.3048896789551 40.3088989257812 40.3170204162598 40.3248405456543 40.3324890136719 40.3397903442383 40.3470993041992 40.3545913696289 40.3622894287109 40.370189666748 40.3782615661621 40.3863906860352 40.394229888916 40.4015998840332 40.4090385437012 40.417049407959 40.425220489502 40.4330596923828 40.4408912658691 40.4488792419434 40.4570503234863 40.4654388427734 40.4740180969238 40.4826812744141 40.4910583496094 40.4887809753418 40.476261138916
40.3742904663086 40.3765907287598 40.3753814697266 40.3739318847656 40.3726615905762 40.3716201782227 40.3708190917969 40.370288848877 40.3700790405274 40.3702011108399 40.370719909668 40.3716316223145 40.3730506896973 40.3731689453125 40.3713493347168 40.3692283630371 40.3674697875977 40.366081237793 40.3650398254395 40.3643608093262 40.3640098571777 40.3639907836914 40.364330291748 40.3649711608887 40.3692817687988 40.3758201599121 40.3809700012207 40.3857688903809 40.3908996582031 40.396369934082 40.4021797180176 40.4083099365234 40.4147300720215 40.4214591979981 40.4284896850586 40.4357795715332 40.4428100585938 40.4490013122559 40.4552917480469 40.4611587524414 40.4672813415527 40.4737014770508 40.4804191589355 40.4874382019043 40.4947700500488 40.5024108886719 40.5104103088379 40.5187492370605 40.5172080993652 40.5047798156738
40.4399185180664 40.441780090332 40.4400215148926 40.4380416870117 40.4362411499023 40.4346618652344 40.4333305358887 40.4322891235352 40.4315414428711 40.4311408996582 40.4311294555664 40.4315185546875 40.4325904846191 40.432430267334 40.4302711486816 40.4278411865234 40.4257583618164 40.4240608215332 40.4227294921875 40.4217300415039 40.421070098877 40.4207611083984 40.4207916259766 40.4211311340332 40.4245109558106 40.4294395446777 40.4330101013184 40.4362602233887 40.4398384094238 40.4437713623047 40.4480285644531 40.4526214599609 40.4575004577637 40.4626808166504 40.4681587219238 40.4739189147949 40.4796295166016 40.484691619873 40.4897918701172 40.4944801330566 40.499439239502 40.5046997070312 40.5102500915527 40.5161094665527 40.5222702026367 40.5287590026855 40.5355911254883 40.5427703857422 40.5407409667969 40.5283889770508
40.5016288757324 40.5026893615723 40.5016708374023 40.5 40.4980392456055 40.4960708618164 40.4942588806152 40.492618560791 40.4911918640137 40.4899597167969 40.4888114929199 40.4873390197754 40.4864692687988 40.4859199523926 40.4848289489746 40.4834594726562 40.4817085266113 40.4799995422363 40.4784889221191 40.4771995544434 40.4761581420898 40.4752998352051 40.4744987487793 40.4733695983887 40.474479675293 40.4778289794922 40.4809684753418 40.4839706420898 40.4866218566895 40.4892883300781 40.4921493530273 40.4952087402344 40.4984893798828 40.5019302368164 40.505428314209 40.5086517333984 40.5119895935059 40.5159912109375 40.5205192565918 40.5252113342285 40.529541015625 40.533878326416 40.5383682250977 40.5430603027344 40.5479583740234 40.5530586242676 40.5582389831543 40.5631484985352 40.5592613220215 40.5469512939453
40.562370300293 40.5627098083496 40.5616607666016 40.5594787597656 40.5572509765625 40.5550308227539 40.5528106689453 40.5505790710449 40.5483589172363 40.5461387634277 40.5439186096191 40.5416793823242 40.5404014587402 40.5399894714356 40.5392303466797 40.5381889343262 40.5371398925781 40.5360794067383 40.5350189208984 40.5339584350586 40.532901763916 40.5318412780762 40.5307807922363 40.5297203063965 40.5306510925293 40.5335311889649 40.5363082885742 40.538990020752 40.5416717529297 40.5443496704102 40.5470314025879 40.5497016906738 40.5523796081543 40.555061340332 40.5577392578125 40.5604209899902 40.563289642334 40.5664710998535 40.5699615478516 40.5737495422363 40.5775718688965 40.5813789367676 40.5851898193359 40.5890083312988 40.5928192138672 40.5966415405273 40.6004486083984 40.6042709350586 40.599781036377 40.5870780944824
40.6224403381348 40.6221008300781 40.6207084655762 40.6181793212891 40.6153793334961 40.6125907897949 40.6098098754883 40.6070098876953 40.6042213439941 40.6014289855957 40.5986404418945 40.5957908630371 40.5944709777832 40.5946807861328 40.5946502685547 40.5943603515625 40.5940093994141 40.5936393737793 40.5932884216309 40.5929298400879 40.5925712585449 40.5922088623047 40.5918502807617 40.5914916992188 40.5930595397949 40.5965805053711 40.600040435791 40.6034317016602 40.6068000793457 40.610179901123 40.6135597229004 40.6169281005859 40.6203117370605 40.6236915588379 40.6270599365234 40.6304702758789 40.6334915161133 40.6361083984375 40.6389503479004 40.6420516967773 40.6452293395996 40.6484107971191 40.6515998840332 40.6547813415527 40.6579704284668 40.6611518859863 40.6643295288086 40.6675300598145 40.6623382568359 40.6487617492676
