Spatial_Analysis/Maxent_Inputs/Inputs/RCP8_5_Near/PAR_near85.asc
NCOLS 638 
NROWS 314 
XLLCORNER -102.97071042 
YLLCORNER 3.973116569 
CELLSIZE 0.083 
NODATA_value -9999 
[rows 154 to 175 of 314, columns 450 to 499 of 638]
45.5791015625 45.6226005554199 45.6659889221191 45.7092514038086 45.7524681091309 45.7956809997559 45.8389015197754 45.8821182250977 45.9253311157227 45.9685592651367 46.0117683410644 46.0548896789551 46.0844917297363 46.1006011962891 46.1164093017578 46.1318817138672 46.1472091674805 46.1625595092773 46.1778907775879 46.1932411193848 46.2085800170898 46.2239189147949 46.2392616271973 46.2545204162598 46.2362289428711 46.1843795776367 46.1322898864746 46.0798988342285 46.0273895263672 45.9748916625977 45.9223899841309 45.8698883056641 45.8173789978027 45.7648811340332 45.7123718261719 45.6598587036133 45.7110404968262 45.5667381286621 45.5221290588379 45.477481842041 45.4328002929688 45.3881301879883 45.3434600830078 45.2987899780273 45.2541084289551 45.2094383239746 45.1647682189941 45.1200790405273 45.1063804626465 45.1236991882324
45.640998840332 45.6809310913086 45.7207717895508 45.7604904174805 45.8001518249512 45.8398094177246 45.8794593811035 45.9191207885742 45.9587783813476 45.9984397888184 46.0380897521973 46.0775985717773 46.1051902770996 46.1209182739258 46.136360168457 46.151481628418 46.1664199829102 46.1813697814941 46.1963195800781 46.2112617492676 46.2262115478516 46.2411499023438 46.2560997009277 46.2709197998047 46.2560501098633 46.211498260498 46.1667098999023 46.121639251709 46.0763893127441 46.0311508178711 45.9859008789062 45.9406585693359 45.8954086303711 45.8501701354981 45.804931640625 45.7596588134766 45.7110404968262 45.6590690612793 45.6070518493652 45.5549507141113 45.5028305053711 45.4506912231445 45.3985595703125 45.3464317321777 45.2942886352539 45.2094383239746 45.1647682189941 45.1378593444824 45.1210899353027 45.1397590637207
45.7029113769531 45.7392883300781 45.7755699157715 45.8117294311524 45.8478317260742 45.8839302062988 45.9200210571289 45.9561195373535 45.9922218322754 46.0283203125 46.0644111633301 46.1003494262695 46.1259613037109 46.1412811279297 46.1563415527344 46.1710891723633 46.1856384277344 46.2001914978027 46.2147407531738 46.2292900085449 46.243839263916 46.2583808898926 46.2729301452637 46.2873497009277 46.2759094238281 46.2386703491211 46.2011604309082 46.1633796691894 46.1253890991211 46.0874099731445 46.0494194030762 46.0114402770996 45.9734497070312 45.9354705810547 45.8974800109863 45.8594589233398 45.8107604980469 45.7513999938965 45.6919593811035 45.632438659668 45.5728416442871 45.5132484436035 45.4536590576172 45.3940696716309 45.3344688415527 -9999 -9999 45.1378593444824 45.1358184814453 45.1558303833008
45.7648391723633 45.7976608276367 45.830379486084 45.8629684448242 45.8955116271973 45.928050994873 45.9605903625488 45.9931182861328 46.0256614685059 46.0582008361816 46.0907402038574 46.123119354248 46.1467590332031 46.1617012023926 46.1763496398926 46.1906890869141 46.2048492431641 46.2190017700195 46.2331504821777 46.2473106384277 46.2614707946777 46.2756195068359 46.2897796630859 46.3037910461426 46.2958106994629 46.265869140625 46.2356491088867 46.2051200866699 46.1744003295898 46.143669128418 46.1129493713379 46.082218170166 46.0514907836914 46.0207710266113 45.9900398254394 45.9592704772949 45.9104881286621 45.84375 45.7768898010254 45.7099189758301 45.6428718566895 45.5758094787598 45.5087585449219 45.4417114257812 45.3746604919434 45.3075981140137 45.2405509948731 45.1734390258789 45.1505699157715 45.1719207763672
45.826789855957 45.8560409545898 45.8851890563965 45.9142112731934 45.9431915283203 45.9721717834473 46.0011405944824 46.0301208496094 46.0591011047363 46.0880889892578 46.1170616149902 46.1459312438965 46.1676216125488 46.1821594238281 46.1963996887207 46.2102890014648 46.224048614502 46.2378196716309 46.251579284668 46.2653388977051 46.2790908813477 46.2928581237793 46.3066215515137 46.3202781677246 46.3157691955566 46.2931289672852 46.2701797485352 46.2468605041504 46.2234001159668 46.1999282836914 46.1764602661133 46.1529998779297 46.1295204162598 46.1060600280762 46.0825881958008 46.0590896606445 46.0102500915527 45.9361190795898 45.8618392944336 45.7873992919922 45.712890625 45.638370513916 45.5638618469238 45.4893493652344 45.4148292541504 45.3403205871582 45.2658081054688 45.1912612915039 45.165340423584 45.1880416870117
45.8887481689453 45.9144401550293 45.9400100708008 45.9654502868652 45.9908714294434 46.0162887573242 46.0417098999023 46.0671310424805 46.0925407409668 46.1179695129395 46.1433792114258 46.168758392334 46.1885185241699 46.2026786804199 46.2164688110352 46.2299003601074 46.2432708740234 46.2566299438477 46.2700004577637 46.2833595275879 46.2967300415039 46.3100891113281 46.3234596252441 46.3367805480957 46.3357887268066 46.3204612731934 46.3047409057617 46.2886085510254 46.2723999023438 46.2561912536621 46.2399787902832 46.2237701416016 46.2075614929199 46.191349029541 46.1751518249512 46.1589202880859 46.1100616455078 46.0285301208496 45.9468116760254 45.8648796081543 45.7829093933105 45.638370513916 45.6189613342285 45.5369911193848 45.455020904541 45.3730392456055 45.2910690307617 45.2090797424316 45.1801300048828 45.2041893005371
45.950740814209 45.9728698730469 45.9948310852051 46.0166893005371 46.0385513305664 46.060359954834 46.0821685791016 46.1040382385254 46.1259384155273 46.1478500366211 46.1697006225586 46.1915702819824 46.2094802856445 46.2232513427734 46.2365417480469 46.2495002746582 46.2624816894531 46.2754211425781 46.2883682250977 46.3013305664062 46.3143310546875 46.327320098877 46.3402900695801 46.3532600402832 46.3558807373047 46.3478584289551 46.339298248291 46.3303489685059 46.3213996887207 46.3124313354492 46.3034515380859 46.294490814209 46.2855682373047 46.2766494750977 46.2677001953125 46.2587509155273 46.2099113464355 46.1209983825684 46.0317993164062 45.9423713684082 45.8529281616211 45.6464862823486 45.6740112304688 45.5845718383789 45.4951591491699 45.40576171875 45.3163299560547 45.2268905639648 45.1949615478516 45.2203788757324
46.0127410888672 46.0313110351562 46.0496101379395 46.0675315856934 46.08544921875 46.1035194396973 46.1217384338379 46.1401100158691 46.1585884094238 46.1771507263184 46.1957702636719 46.2143096923828 46.2304801940918 46.2438697814941 46.2565307617187 46.2689399719238 46.2813186645508 46.2937812805176 46.3062896728516 46.3188781738281 46.3315315246582 46.3442306518555 46.3569717407227 46.3696899414062 46.3760185241699 46.3753395080566 46.373779296875 46.3719482421875 46.3700790405273 46.3682403564453 46.3664512634277 46.3647193908691 46.3630790710449 46.3615112304688 46.3600196838379 46.3585395812988 46.3097991943359 46.2135391235352 46.1167411804199 46.019660949707 45.9225311279297 45.8254585266113 45.7284698486328 45.6315689086914 45.5347595214844 45.4380111694336 45.3413391113281 45.2446594238281 45.2098083496094 45.2366104125977
46.0741691589355 46.0891799926758 46.1027793884277 46.1167793273926 46.1310691833496 46.1456184387207 46.1603889465332 46.1753196716309 46.1903915405273 46.2055702209473 46.2208404541016 46.2361793518066 46.2510681152344 46.2641716003418 46.2758293151855 46.2876396179199 46.2995796203613 46.3116188049316 46.3237609863281 46.3359794616699 46.348258972168 46.3606300354004 46.3730583190918 46.3855590820312 46.3957901000977 46.4025802612305 46.4077301025391 46.4129409790039 46.4182090759277 46.4235496520996 46.4289588928223 46.4344482421875 46.4400291442871 46.4457206726074 46.4515190124512 46.4574699401855 46.4092597961426 46.3058815002441 46.2008895874023 46.096061706543 45.9913711547852 45.8868103027344 45.7823486328125 45.6780014038086 45.5737495422363 45.4696006774902 45.365550994873 45.2616081237793 45.2242393493652 45.2527008056641
46.1305389404297 46.1422004699707 46.1535606384277 46.1645088195801 46.1755599975586 46.1867790222168 46.1981887817383 46.2097396850586 46.2214088439941 46.2331809997559 46.2449989318848 46.2568016052246 46.2693786621094 46.282169342041 46.2940406799316 46.3056488037109 46.3172988891602 46.3290100097656 46.3407897949219 46.3526611328125 46.3645896911621 46.3765716552734 46.3886108398438 46.4006500244141 46.4140510559082 46.427978515625 46.4407997131348 46.4533195495605 46.4658508300781 46.478401184082 46.4910202026367 46.5037117004395 46.5164794921875 46.5293388366699 46.5422782897949 46.5552787780762 46.5064506530762 46.3953895568848 46.2836494445801 46.1715888977051 46.0595397949219 45.9475708007813 45.8356781005859 45.7238883972168 45.612190246582 45.5005683898926 45.389030456543 45.2775192260742 45.2366790771484 -9999
46.1563110351562 46.1663703918457 46.1763496398926 46.1862983703613 46.1962089538574 46.2060508728027 46.2159385681152 46.2258911132812 46.2359085083008 46.2459411621094 46.2559089660645 46.2658500671387 46.2776794433594 46.2910118103027 46.3036689758301 46.3159599304199 46.328239440918 46.3404808044434 46.3527297973633 46.3650207519531 46.3773384094238 46.3896789550781 46.4019813537598 46.4142684936524 46.4304389953613 46.4500007629395 46.4687690734863 46.4870414733887 46.5053100585938 46.5235404968262 46.5417785644531 46.5600509643555 46.5783500671387 46.5966911315918 46.614990234375 46.6332702636719 46.5855712890625 46.4716186523438 46.3572807312012 46.2426681518555 46.1280403137207 46.0133590698242 45.8987007141113 45.7840805053711 45.6694984436035 45.5549507141113 45.4403610229492 45.3257484436035 45.2824783325195 -9999
46.1526107788086 46.1627998352051 46.1729698181152 46.1831207275391 46.1932792663574 46.2034301757812 46.2135696411133 46.2237281799316 46.2338790893555 46.2440185546875 46.2541694641113 46.2642784118652 46.2766799926758 46.2913398742676 46.3054618835449 46.3190307617188 46.3325309753418 46.3460311889648 46.3595314025879 46.3730316162109 46.3865203857422 46.4000205993652 46.4135208129883 46.4269790649414 46.4455490112305 46.469181060791 46.4921684265137 46.5144996643066 46.5367317199707 46.5589599609375 46.5811882019043 46.6034202575684 46.6256408691406 46.6478691101074 46.6701011657715 46.692310333252 46.6473503112793 46.5351600646973 46.422679901123 46.3098907470703 46.1970481872559 46.0842094421387 45.9713706970215 45.8585205078125 45.7456817626953 45.6328392028809 45.4403610229492 45.3257484436035 45.3623199462891 -9999
46.1489486694336 46.1592597961426 46.1696014404297 46.1799507141113 46.190299987793 46.2006607055664 46.2110214233398 46.2213706970215 46.2317314147949 46.2420883178711 46.25244140625 46.2626419067383 46.2756996154785 46.2916984558106 46.3071899414063 46.3221015930176 46.3368110656738 46.3515205383301 46.3662300109863 46.3809394836426 46.3956489562988 46.4103507995605 46.4250602722168 46.4396095275879 46.4607086181641 46.488410949707 46.5155296325684 46.5419692993164 46.5681381225586 46.5943183898926 46.6204986572266 46.6466789245606 46.6728591918945 46.699031829834 46.7252082824707 46.7513313293457 46.7091598510742 46.5987396240234 46.4880714416504 46.3771209716797 46.2660484313965 46.1549797058105 46.0439109802246 45.9328308105469 45.8217582702637 45.7106895446777 -9999 -9999 -9999 -9999
46.1453094482422 46.1557502746582 46.1662406921387 46.1767692565918 46.1873397827148 46.1978988647461 46.2084617614746 46.2190208435059 46.2295799255371 46.2401504516601 46.2507095336914 46.2610092163086 46.2747802734375 46.2921104431152 46.3089294433594 46.3251686096191 46.3410911560059 46.3570098876953 46.3729286193848 46.3888511657715 46.4047698974609 46.4206809997559 46.4366111755371 46.4522514343262 46.4759216308594 46.5077018737793 46.5388984680176 46.5694313049316 46.5995597839355 46.6296806335449 46.6598091125488 46.68994140625 46.7200698852539 46.7501907348633 46.7803192138672 46.810359954834 46.7710189819336 46.6623611450195 46.5534782409668 46.4443511962891 46.3350486755371 46.2257499694824 46.1164512634277 46.0071487426758 45.8978500366211 45.7885513305664 -9999 -9999 45.5735244750977 45.5359001159668
46.1416702270508 46.1522407531738 46.1628799438477 46.1735992431641 46.1843681335449 46.195140838623 46.2059097290039 46.2166709899902 46.2274398803711 46.238208770752 46.2489814758301 46.2594108581543 46.2739295959473 46.2925910949707 46.3107299804688 46.328239440918 46.3453712463379 46.3624992370605 46.3796310424805 46.3967590332031 46.413890838623 46.4310188293457 46.4481506347656 46.4649391174316 46.4912109375 46.5270805358887 46.562328338623 46.5968894958496 46.6309700012207 46.6650390625 46.6991195678711 46.7332000732422 46.7672805786133 46.8013496398926 46.8354301452637 46.8694000244141 46.8329200744629 46.7260208129883 46.6189193725586 46.5115699768066 46.4040489196777 46.2965202331543 46.1889915466309 46.081470489502 45.9739418029785 45.8664093017578 45.7588806152344 -9999 45.5735244750977 45.6111488342285
46.1380195617676 46.1487197875977 46.1595115661621 46.1704292297363 46.1814002990723 46.1923713684082 46.2033500671387 46.2143211364746 46.2252998352051 46.236270904541 46.2472496032715 46.2578887939453 46.2731704711914 46.2931709289551 46.3125801086426 46.3313102722168 46.3496589660645 46.3679885864258 46.3863296508789 46.404670715332 46.4230117797852 46.441349029541 46.4596900939941 46.4776992797852 46.5066108703613 46.546558380127 46.5858383178711 46.6243591308594 46.6623802185059 46.7004089355469 46.7384300231934 46.7764587402344 46.8144912719727 46.8525085449219 46.8905410766602 46.9284706115723 46.8948593139648 46.7897300720215 46.6843910217285 46.578800201416 46.4730491638184 46.3672904968262 46.2615394592285 46.1557807922363 46.0500183105469 45.9442710876465 45.838508605957 -9999 45.6819686889648 45.6864395141601
46.1343383789062 46.1451683044434 46.1561317443848 46.1672515869141 46.1784286499023 46.1896095275879 46.2007904052734 46.211971282959 46.2231483459473 46.2343292236328 46.2455101013184 46.2564392089844 46.2725296020508 46.2938690185547 46.3145217895508 46.3343811035156 46.353931427002 46.3734817504883 46.3930282592774 46.4125785827637 46.43212890625 46.4516792297363 46.4712295532227 46.4905281066895 46.5221481323242 46.5661888122559 46.6094398498535 46.6518211364746 46.693790435791 46.7357597351074 46.7777404785156 46.8197212219238 46.8616981506348 46.9036712646484 46.9456481933594 46.9875602722168 46.9568290710449 46.8534698486328 46.7498817443848 46.6460304260254 46.542049407959 46.438060760498 46.3340797424316 46.2300910949707 46.1261100769043 46.0221290588379 45.918140411377 45.8140983581543 45.7619705200195 45.7617607116699
46.1306190490723 46.1415710449219 46.1527290344238 46.1640815734863 46.1754608154297 46.1868515014648 46.1982383728027 46.2096214294434 46.2210083007812 46.2323913574219 46.2437782287598 46.2550506591797 46.272029876709 46.2947082519531 46.3165283203125 46.337459564209 46.358211517334 46.3789710998535 46.399730682373 46.4204902648926 46.4412498474121 46.4620094299316 46.4827690124512 46.5034294128418 46.537841796875 46.5859718322754 46.633129119873 46.679271697998 46.7252006530762 46.7711296081543 46.8170509338379 46.862979888916 46.9089088439941 46.9548301696777 47.0007591247559 47.0466690063477 47.0188293457031 46.9172515869141 46.8153991699219 46.713249206543 46.6110496520996 46.5088310241699 46.4066200256348 46.3044090270996 46.2021903991699 46.0999908447266 45.9977684020996 45.8955497741699 45.8420104980469 45.8371391296387
46.1268501281738 46.1379203796387 46.1493110656738 46.1609001159668 46.1724891662598 46.184009552002 46.1954917907715 46.2070808410645 46.2187690734863 46.2304611206055 46.2420387268066 46.2536392211914 46.2717094421387 46.2957305908203 46.3185501098633 46.340518951416 46.362491607666 46.3843803405762 46.40625 46.4282188415527 46.4502906799316 46.472339630127 46.4943199157715 46.5162887573242 46.5537109375 46.6059608459473 46.6568489074707 46.7067413330078 46.7566108703613 46.8064308166504 46.8562316894531 46.9061012268066 46.9560508728027 47.005989074707 47.0558700561523 47.1057510375977 47.0808792114258 46.9810791015625 46.8809204101563 46.7804794311523 46.6800498962402 46.5795593261719 46.4790382385254 46.378589630127 46.2782096862793 46.1778411865234 46.0774002075195 45.9769592285156 45.9220886230469 45.9125709533691
46.1230010986328 46.1342010498047 46.1459197998047 46.157039642334 46.1679916381836 46.1791305541992 46.1905403137207 46.2022705078125 46.2143402099609 46.2267608642578 46.2394714355469 46.2520904541016 46.2715301513672 46.2969398498535 46.3204116821289 46.3428382873535 46.3651084899902 46.3876609802246 46.4105606079102 46.4337882995605 46.4573402404785 46.4811401367188 46.5051307678223 46.5290107727051 46.5697402954102 46.6261596679688 46.6803703308105 46.7336883544922 46.7868499755859 46.8401908874512 46.8937683105469 46.9476089477539 47.0016708374023 47.0559501647949 47.1103897094727 47.1647605895996 47.1429405212402 47.0449295043945 46.9463806152344 46.8473091125488 46.7480506896973 46.6489295959473 46.5500106811523 46.4512901306152 46.3528099060059 46.2545204162598 46.156421661377 46.0583114624023 46.0022010803223 45.9880599975586
46.1185989379883 46.1298904418945 46.1398010253906 46.150089263916 46.1607704162598 46.1718215942383 46.1832504272461 46.195068359375 46.2073097229004 46.2200202941895 46.2332496643066 46.2471008300781 46.2700805664062 46.2971611022949 46.3189888000488 46.3415184020996 46.3646697998047 46.3883590698242 46.4125213623047 46.4370918273926 46.4620399475098 46.4873504638672 46.5130195617676 46.5390281677246 46.5845794677734 46.6456985473633 46.7016296386719 46.7580108642578 46.8148307800293 46.8720283508301 46.9295692443848 46.9874114990234 47.0455284118652 47.1039390563965 47.1626396179199 47.2216300964355 47.2041702270508 47.108470916748 47.0100288391113 46.9119110107422 46.8141212463379 46.7166213989258 46.6194000244141 46.5224418640137 46.4257507324219 46.3293418884277 46.2332382202148 46.1374588012695 46.081371307373 46.0633010864258
46.106559753418 46.1176795959473 46.1293106079102 46.1401710510254 46.1511001586914 46.1623001098633 46.1738090515137 46.1856803894043 46.1979217529297 46.2105598449707 46.2235908508301 46.2368316650391 46.2581901550293 46.286319732666 46.3120498657227 46.3366889953613 46.3615112304688 46.38671875 46.4123306274414 46.4383087158203 46.4646301269531 46.4912605285645 46.5181388854981 46.5451011657715 46.5919914245605 46.6568794250488 46.7187995910645 46.7797584533691 46.8408203125 46.9021492004395 46.9637603759766 47.0256500244141 47.0877914428711 47.1501693725586 47.2127685546875 47.2754592895508 47.2597808837891 47.1654090881348 47.0702209472656 46.9743118286133 46.8784484863281 46.7827796936035 46.6873512268066 46.5921516418457 46.497200012207 46.4024810791016 46.3079986572266 46.2136497497559 46.1549491882324 46.1315994262695
