Spatial_Analysis/Maxent_Inputs/Inputs/RCP8_5_Near/PAR_near85.asc
NCOLS 638 
NROWS 314 
XLLCORNER -102.97071042 
YLLCORNER 3.973116569 
CELLSIZE 0.083 
NODATA_value -9999 
[rows 154 to 175 of 314, columns 200 to 249 of 638]
43.5761489868164 43.5776405334473 43.5786399841309 43.5792808532715 43.57958984375 43.5795783996582 43.5792503356934 43.5786209106445 43.5776596069336 43.5763816833496 43.5722618103027 43.5653800964356 43.5585784912109 43.5519104003906 43.5453300476074 43.5388603210449 43.5325202941895 43.5262908935547 43.5201301574707 43.5140419006348 43.5080108642578 43.5020408630371 43.4995803833008 43.5006294250488 43.5017509460449 43.5029487609863 43.5042381286621 43.5056190490723 43.5071105957031 43.5087394714355 43.5105018615723 43.5123786926269 43.5144004821777 43.5165596008301 43.520149230957 43.5251998901367 43.5304794311524 43.5360298156738 43.5418510437012 43.5475883483887 43.5530891418457 43.558349609375 43.5633811950684 43.567798614502 43.5707206726074 43.5735092163086 43.5910301208496 43.6255493164062 43.6612205505371 43.6969108581543
43.5165100097656 43.515941619873 43.5149688720703 43.5136604309082 43.512020111084 43.5100708007813 43.5078086853027 43.5052490234375 43.502368927002 43.4991798400879 43.4944305419922 43.4881401062012 43.4819412231445 43.4759216308594 43.4700584411621 43.4643287658691 43.4586906433106 43.4531288146973 43.4476089477539 43.4421501159668 43.4367218017578 43.4313201904297 43.4307899475098 43.4351310729981 43.439510345459 43.4439315795899 43.4484100341797 43.4529495239258 43.4575691223145 43.4622802734375 43.4671211242676 43.4721183776855 43.4773101806641 43.4826316833496 43.4890403747559 43.4965515136719 43.5042610168457 43.5121917724609 43.5204010009766 43.5286102294922 43.5365791320801 43.5443000793457 43.5517692565918 43.5589790344238 43.5651588439941 43.5704002380371 43.5891304016113 43.6236686706543 43.6595993041992 43.6955184936523
43.4571914672852 43.4546089172363 43.4516716003418 43.4483795166016 43.4447593688965 43.4408416748047 43.4366188049316 43.4320983886719 43.4272804260254 43.4221496582031 43.4167213439941 43.4111595153809 43.4057502746582 43.4005012512207 43.3953895568848 43.3903617858887 43.3853988647461 43.3804817199707 43.3755989074707 43.3707313537598 43.3658905029297 43.3610496520996 43.3624305725098 43.3700485229492 43.3776702880859 43.385311126709 43.3929710388184 43.4006690979004 43.4084205627441 43.4162292480469 43.424129486084 43.4321403503418 43.440299987793 43.4486694335938 43.457878112793 43.4678688049316 43.4780311584473 43.4883804321289 43.4989700317383 43.5096397399902 43.5200805664062 43.5302810668945 43.5401992797852 43.5498580932617 43.5591506958008 43.567138671875 43.5870895385742 43.6217994689941 43.6579704284668 43.6941413879395
43.3982200622559 43.3936386108398 43.3886795043945 43.3833999633789 43.3777885437012 43.3718795776367 43.3656692504883 43.3591690063477 43.3523712158203 43.3453712463379 43.3395118713379 43.3347702026367 43.330150604248 43.3256607055664 43.3212509155273 43.3169212341309 43.3126106262207 43.3083305358887 43.3040504455566 43.2997703552246 43.2954902648926 43.2911987304688 43.294490814209 43.3053703308106 43.316219329834 43.3270683288574 43.3379211425781 43.3487701416016 43.3596496582031 43.3705596923828 43.381519317627 43.3925590515137 43.4037208557129 43.4150199890137 43.4268112182617 43.4391593933105 43.4517784118652 43.4645805358887 43.4775695800781 43.4906883239746 43.5036087036133 43.5162696838379 43.5286712646484 43.5407600402832 43.5527305603027 43.5637512207031 43.5848999023438 43.619930267334 43.6563415527344 43.6927490234375
43.3395805358887 43.3329811096191 43.3260192871094 43.3187103271484 43.3110885620117 43.3031692504883 43.2949485778809 43.2864608764648 43.277889251709 43.269229888916 43.2629203796387 43.2589683532715 43.2551193237305 43.2513618469238 43.2476501464844 43.2439804077149 43.2403106689453 43.2366485595703 43.2329597473145 43.2292594909668 43.225528717041 43.2217712402344 43.2269592285156 43.241081237793 43.2551612854004 43.2692108154297 43.2832412719727 43.297248840332 43.3112411499023 43.3252601623535 43.3392906188965 43.3533706665039 43.3675308227539 43.3818016052246 43.3961791992188 43.4107208251953 43.4255714416504 43.4407691955566 43.4562110900879 43.4717788696289 43.4871597290039 43.5023002624512 43.5171699523926 43.5317115783691 43.5460205078125 43.5601692199707 43.5825691223145 43.6180610656738 43.6547203063965 43.6913681030274
43.2812614440918 43.2726402282715 43.2636299133301 43.2542991638184 43.2446403503418 43.234691619873 43.2244987487793 43.2143287658691 43.2041015625 43.1937217712402 43.1869201660156 43.1837310791016 43.1806297302246 43.1775817871094 43.1745491027832 43.1715202331543 43.1684799194336 43.1654205322266 43.1623115539551 43.1591682434082 43.1559791564941 43.1527481079102 43.1598091125488 43.1771697998047 43.1944808959961 43.2117195129395 43.2289199829102 43.2460784912109 43.2632102966309 43.280330657959 43.2974395751953 43.3145599365234 43.331729888916 43.3489799499512 43.3659591674805 43.3827285766602 43.3997497558594 43.4170799255371 43.4348793029785 43.452880859375 43.4707412719727 43.4883499145508 43.5056915283203 43.5227088928223 43.539379119873 43.5561981201172 43.5801010131836 43.6161918640137 43.6530799865723 43.6899795532227
43.223258972168 43.212589263916 43.2015419006348 43.1901512145996 43.1784400939941 43.1665306091309 43.1547203063965 43.1428985595703 43.1309585571289 43.1188087463379 43.1114616394043 43.1090202331543 43.1066513061524 43.1042900085449 43.101921081543 43.0995407104492 43.097110748291 43.0946311950684 43.0920906066895 43.0895004272461 43.086841583252 43.0841217041016 43.0930595397949 43.1136512756348 43.1341590881348 43.154598236084 43.1749687194824 43.1952781677246 43.2155303955078 43.2357482910156 43.2559394836426 43.2761192321777 43.2963104248047 43.3165397644043 43.3361511230469 43.3551788330078 43.3743782043457 43.3938484191894 43.4137001037598 43.4340286254883 43.4543495178223 43.4744300842285 43.4942512512207 43.5137481689453 43.5328598022461 43.5518302917481 43.5775299072266 43.6143188476563 43.6514587402344 43.6885986328125
43.1655693054199 43.1528282165527 43.139720916748 43.1262702941895 43.1125907897949 43.0990905761719 43.0856399536133 43.0721206665039 43.0584182739258 43.0444602966309 43.0365295410156 43.034839630127 43.0331802368164 43.0315017700195 43.0297813415527 43.0280113220215 43.026180267334 43.0242691040039 43.022289276123 43.0202407836914 43.0181007385254 43.0158996582031 43.0266990661621 43.0505104064941 43.07421875 43.0978507995605 43.1213798522949 43.1448287963867 43.1682090759277 43.1915283203125 43.2148017883301 43.2380409240723 43.2612609863281 43.2845001220703 43.3067398071289 43.3280296325684 43.3494606018066 43.3710899353027 43.3930206298828 43.4153594970703 43.4379806518555 43.4605407714844 43.4828414916992 43.5048294067383 43.5264205932617 43.547550201416 43.5750617980957 43.6124496459961 43.6498298645019 43.6872215270996
43.1081695556641 43.0933685302734 43.0781784057617 43.0626983642578 43.0474510192871 43.0323486328125 43.0172309875488 43.0019607543945 42.9864616394043 42.9706382751465 42.9621200561523 42.9611701965332 42.9601898193359 42.9591789245605 42.9580917358398 42.9569282531738 42.955680847168 42.9543418884277 42.9529113769531 42.9513893127441 42.949779510498 42.9480590820312 42.9607315063477 42.9877510070801 43.0146713256836 43.0414810180664 43.0681800842285 43.0947914123535 43.1212997436523 43.1477203369141 43.1740684509277 43.2003517150879 43.2265892028809 43.2528190612793 43.2777099609375 43.3012886047363 43.3249588012695 43.3487701416016 43.3728294372559 43.3971900939941 43.421760559082 43.4466705322266 43.4714508056641 43.4959297180176 43.52001953125 43.5435981750488 43.5729598999024 43.6106300354004 43.648250579834 43.6858406066895
43.0510902404785 43.0341911315918 43.0169105529785 42.9998397827148 42.9830513000488 42.9663009643555 42.9494590759277 42.9323997497559 42.9150390625 42.8973197937012 42.8882217407227 42.8879699707031 42.8876686096191 42.8872985839844 42.8868293762207 42.8862609863281 42.8855895996094 42.8848190307617 42.883918762207 42.8829307556152 42.8818283081055 42.8806304931641 42.8951797485352 42.9254417419434 42.9555816650391 42.9855804443359 43.0154685974121 43.0452308654785 43.0748901367188 43.1044311523438 43.1338691711426 43.1632118225098 43.1924705505371 43.2216796875 43.2491607666016 43.2749710083008 43.3008689880371 43.3269004821777 43.353099822998 43.379508972168 43.4060401916504 43.4328689575195 43.460090637207 43.4870491027832 43.5136413574219 43.5397491455078 43.5711212158203 43.6088981628418 43.6467018127441 43.6844711303711
42.9981307983399 42.9811515808106 42.9641418457031 42.9476089477539 42.9312210083008 42.9147987365723 42.8982009887695 42.8813095092773 42.864070892334 42.8464202880859 42.8372192382812 42.8365707397461 42.8358383178711 42.8350105285645 42.8340606689453 42.8329811096191 42.8317909240723 42.8304710388184 42.829029083252 42.8274803161621 42.8258209228516 42.8240699768066 42.8388595581055 42.8701705932617 42.9013404846191 42.9323692321777 42.9632606506348 42.994010925293 43.0246200561523 43.0551109313965 43.0854682922363 43.1157188415527 43.1458511352539 43.1758804321289 43.2049217224121 43.2330093383789 43.2611083984375 43.2892684936523 43.3176498413086 43.3461685180664 43.3747215270996 43.4034614562988 43.4327011108398 43.4621887207031 43.4913215637207 43.5200805664062 43.553279876709 43.5909194946289 43.6285705566406 43.6662101745605
42.9493103027344 42.9343681335449 42.9199905395508 42.9059600830078 42.891960144043 42.8778305053711 42.8634300231934 42.8486709594726 42.8334884643555 42.8179702758789 42.8091201782227 42.8069686889649 42.8046989440918 42.8022994995117 42.7997589111328 42.7970809936523 42.7942695617676 42.7913208007813 42.7882499694824 42.7850685119629 42.7817687988281 42.7783584594727 42.7917404174805 42.8219184875488 42.8519401550293 42.8818092346191 42.9115295410156 42.9410781860352 42.9704895019531 42.9997482299805 43.0288696289063 43.0578498840332 43.0866889953613 43.1153907775879 43.1449699401855 43.1754302978516 43.2058181762695 43.2361907958984 43.2666206359863 43.2971496582031 43.3277702331543 43.3585014343262 43.3895683288574 43.4213409423828 43.4530410766602 43.484619140625 43.519401550293 43.5566101074219 43.5938415527344 43.6310691833496
42.900821685791 42.8883895874024 42.8766098022461 42.8650207519531 42.8533592224121 42.8414497375488 42.8291893005371 42.8164901733398 42.8033409118652 42.7900199890137 42.7815284729004 42.7778396606445 42.7740097045899 42.7700386047363 42.7659111022949 42.7616195678711 42.7571792602539 42.7526206970215 42.7479286193848 42.7431106567383 42.7381706237793 42.733081817627 42.7450485229492 42.7740898132324 42.8029594421387 42.8316688537598 42.860221862793 42.888599395752 42.9168090820313 42.9448585510254 42.9727401733399 43.0004692077637 43.0280494689941 43.0554618835449 43.0856018066406 43.1184806823731 43.1512298583984 43.1838798522949 43.2164688110352 43.2489204406738 43.2813491821289 43.3140411376953 43.3469696044922 43.3805313110352 43.4147682189941 43.4492988586426 43.4855194091797 43.5223007202148 43.5591201782227 43.5959281921387
42.8529205322266 42.8432388305664 42.8339881896973 42.8247909545898 42.8153915405274 42.8056297302246 42.7954292297363 42.784740447998 42.7737197875977 42.7626190185547 42.7544403076172 42.7491989135742 42.7438011169434 42.7382392883301 42.7324981689453 42.7266082763672 42.7205696105957 42.7143783569336 42.7080612182617 42.7015991210938 42.6949996948242 42.6882209777832 42.6987800598145 42.7266693115234 42.7543907165527 42.7819404602051 42.8093185424805 42.8365211486816 42.8635597229004 42.8903999328613 42.9170799255371 42.9435806274414 42.969898223877 42.9960517883301 43.0267906188965 43.062141418457 43.0973091125488 43.1323089599609 43.1671295166016 43.2016296386719 43.2358894348145 43.2701797485352 43.3049392700195 43.3401603698731 43.3766288757324 43.4141006469727 43.4516296386719 43.4879989624023 43.5243911743164 43.560791015625
42.8058891296387 42.7988891601562 42.7921409606934 42.7852401733398 42.7779998779297 42.7703094482422 42.7621002197266 42.7534408569336 42.7446517944336 42.7357406616211 42.7278785705566 42.7210502624512 42.7140693664551 42.7069091796875 42.6995697021484 42.6920700073242 42.6844215393066 42.6766090393066 42.6686592102051 42.6605415344238 42.6522598266602 42.6437797546387 42.6529197692871 42.6796607971191 42.7062301635742 42.7326316833496 42.7588386535645 42.7848701477051 42.810718536377 42.8363800048828 42.8618583679199 42.8871383666992 42.912239074707 42.9371490478516 42.9685287475586 43.0063705444336 43.0440101623535 43.0814399719238 43.1185493469238 43.1552314758301 43.1914901733398 43.2274589538574 43.2635192871094 43.3004302978516 43.3386688232422 43.379020690918 43.4177398681641 43.4536781311035 43.4896697998047 43.5256500244141
42.7597389221191 42.7553787231445 42.7509994506836 42.7462997436523 42.7411308288574 42.735408782959 42.7621002197266 42.7534408569336 42.7161712646484 42.7094192504883 42.7018508911133 42.6934509277344 42.6848487854004 42.6760711669922 42.6671295166016 42.6580314636231 42.6844215393066 42.6766090393066 42.629711151123 42.6199188232422 42.6099281311035 42.5997581481934 42.6074600219727 42.6330718994141 42.6584892272949 42.6837196350098 42.7087707519531 42.7336311340332 42.75830078125 42.7827911376953 42.8070793151855 42.831169128418 42.8550605773926 42.8787498474121 42.9108009338379 42.9511795043945 42.991340637207 43.0312309265137 43.0706901550293 43.1096496582031 43.1480712890625 43.1859588623047 43.2234802246094 43.2614784240723 43.3013000488281 43.3440704345703 43.3838386535645 43.4193687438965 43.4549407958984 43.4905090332031
42.7145195007324 42.7126693725586 42.7509994506836 42.7462997436523 42.7411308288574 -9999 -9999 -9999 42.7161712646484 42.7094192504883 42.7018508911133 42.6934509277344 42.6848487854004 42.6760711669922 42.6671295166016 -9999 -9999 -9999 -9999 42.6199188232422 42.5680313110352 42.5561485290527 42.5624389648438 42.5868797302246 42.611141204834 42.6352081298828 42.6590995788574 42.6828002929688 42.7063102722168 42.7296295166016 42.7527389526367 42.7756614685059 42.7983589172363 42.8208503723145 42.8535804748535 42.8965492248535 42.9392700195312 42.9816589355469 43.0235404968262 43.0648803710938 43.1055908203125 43.1456108093262 43.185001373291 43.2240905761719 43.2647705078125 43.3092193603516 43.3499412536621 43.3850593566895 43.4202117919922 43.4553718566895
42.6702308654785 -9999 -9999 -9999 -9999 -9999 -9999 -9999 -9999 -9999 -9999 -9999 -9999 -9999 -9999 -9999 -9999 -9999 -9999 -9999 -9999 42.5129699707031 42.5178108215332 -9999 -9999 -9999 42.6098518371582 42.6323890686035 42.6547317504883 42.6768913269043 42.6988410949707 42.720588684082 42.742130279541 42.7634506225586 42.7969017028809 42.8424797058105 42.8877906799316 42.932689666748 42.9770698547363 43.020881652832 43.0640296936035 43.1064186096191 43.1479797363281 43.188720703125 43.2294387817383 43.2743911743164 43.3160285949707 43.3507499694824 43.3854904174805 43.4202308654785
-9999 -9999 -9999 -9999 -9999 -9999 -9999 -9999 -9999 -9999 -9999 -9999 -9999 -9999 -9999 -9999 -9999 -9999 -9999 -9999 -9999 -9999 -9999 -9999 -9999 -9999 -9999 42.582389831543 42.6035804748535 42.6245803833008 42.645378112793 42.6659812927246 42.6863708496094 42.7065505981445 42.7407493591309 42.7889709472656 42.8368797302246 42.8843383789062 42.9312896728516 42.977668762207 43.0233917236328 43.0683288574219 43.1123085021973 43.155158996582 43.1968612670899 43.2402114868164 43.2821311950684 43.3164405822754 43.3507614135742 43.3850784301758
-9999 -9999 -9999 -9999 -9999 -9999 -9999 -9999 -9999 -9999 -9999 -9999 -9999 -9999 -9999 -9999 -9999 -9999 -9999 -9999 -9999 -9999 -9999 -9999 -9999 -9999 -9999 -9999 42.5528602600098 42.5727081298828 42.5923690795898 42.6118392944336 42.6310997009277 42.6501502990723 42.6851310729981 42.736011505127 42.7865180969238 42.8366012573242 42.8861999511719 42.9352493286133 42.9836616516113 43.0312805175781 43.0779190063477 43.1232681274414 43.1668815612793 43.2080001831055 43.2482299804687 43.2821311950684 43.3170890808105 43.3523788452148
-9999 -9999 -9999 -9999 -9999 -9999 -9999 -9999 -9999 -9999 -9999 -9999 -9999 -9999 -9999 -9999 -9999 -9999 -9999 -9999 -9999 -9999 -9999 -9999 -9999 -9999 -9999 -9999 42.5528602600098 42.5213012695312 42.5398292541504 42.5581703186035 42.5763206481934 42.5942802429199 42.630069732666 42.6835784912109 42.7367286682129 42.7894897460938 42.8418006896973 42.8936004638672 42.9448013305664 42.9952507019043 43.0447502136231 43.0929908752441 43.1391296386719 43.1811294555664 43.2150001525879 43.2531204223633 43.2895698547363 43.3245887756348
-9999 -9999 -9999 -9999 -9999 -9999 -9999 -9999 -9999 -9999 -9999 -9999 -9999 -9999 -9999 -9999 -9999 -9999 -9999 -9999 -9999 -9999 -9999 -9999 -9999 -9999 -9999 42.4350204467773 42.4527702331543 42.4703598022461 42.5398292541504 42.5050010681152 42.5220718383789 42.5389595031738 42.5755195617676 42.6316909790039 42.6875381469727 42.7430191040039 42.7980995178223 42.8527297973633 42.9067993164062 42.9602203369141 43.012809753418 43.0642890930176 43.1134986877441 43.1594390869141 43.2031517028809 43.2348098754883 43.2682189941406 43.3011894226074
