Spatial_Analysis/Maxent_Inputs/Inputs/RCP8_5_Near/pH_near85.asc
NCOLS 638 
NROWS 314 
XLLCORNER -102.97071042 
YLLCORNER 3.973116569 
CELLSIZE 0.083 
NODATA_value -9999 
[rows 0 to 21 of 314, columns 550 to 599 of 638]
8.11391735076904 8.11396598815918 8.114013671875 8.11406135559082 8.11410903930664 8.11415672302246 8.11420440673828 8.1142520904541 8.11415767669678 8.11391925811768 8.11368179321289 8.11344337463379 8.11320686340332 8.11296844482422 8.11273097991943 8.11249446868896 8.11225700378418 8.11201858520508 8.11178207397461 8.11154365539551 8.11115455627441 8.11061382293701 8.11007308959961 8.10953330993652 8.10899257659912 8.10845375061035 8.10791206359863 8.10737228393555 8.10683345794678 8.10629272460938 8.10575294494629 8.1052131652832 8.10453224182129 8.10371589660645 8.10289573669434 8.10207653045654 8.10125923156738 8.10044097900391 8.09962272644043 8.09880447387695 8.09798812866211 8.09716987609863 8.09635162353516 8.09553337097168 8.09462833404541 8.0936336517334 8.09264087677002 8.09164905548096 8.09065532684326 8.08966445922852
8.11362075805664 8.11366653442383 8.1137113571167 8.11375617980957 8.11380004882813 8.11384582519531 8.11388969421387 8.11393547058106 8.11383724212646 8.11359786987305 8.11335754394531 8.11311817169189 8.11287879943847 8.11264038085937 8.11240100860596 8.11216163635254 8.11192321777344 8.11168479919433 8.1114444732666 8.1112060546875 8.11081314086914 8.11026859283447 8.1097240447998 8.10917854309082 8.10863590240479 8.10809135437012 8.10754776000977 8.10700416564941 8.10645961761475 8.10591697692871 8.10537338256836 8.10482788085938 8.10414409637451 8.10331726074219 8.10249137878418 8.10166454315186 8.10084056854248 8.10001468658447 8.09918975830078 8.09836483001709 8.0975399017334 8.09671401977539 8.0958890914917 8.09506320953369 8.09415054321289 8.09314918518066 8.09214782714844 8.09114837646484 8.09014797210693 8.08914756774902
8.11332511901855 8.11336708068847 8.11340808868408 8.11344909667969 8.11349105834961 8.11353302001953 8.11357402801514 8.11361598968506 8.11351585388183 8.1132755279541 8.11303424835205 8.11279392242432 8.11255264282226 8.11231231689453 8.1120719909668 8.11183071136474 8.1115894317627 8.11134910583496 8.11110877990723 8.11086845397949 8.11047172546387 8.10992336273193 8.109375 8.10882663726807 8.10827922821045 8.10773086547852 8.1071834564209 8.10663509368896 8.10608768463135 8.10554027557373 8.1049919128418 8.10444545745849 8.1037540435791 8.10292053222656 8.10208702087402 8.1012544631958 8.10042190551758 8.09958934783936 8.09875679016113 8.09792327880859 8.09709072113037 8.09625816345215 8.09542655944824 8.09459495544434 8.09367370605469 8.09266471862793 8.09165573120117 8.09064674377441 8.08963871002197 8.08863067626953
8.11302852630615 8.11306762695312 8.11310577392578 8.11314392089844 8.11318302154541 8.11322021484375 8.11326026916504 8.11329841613769 8.11319637298584 8.11295413970947 8.11271095275879 8.11246871948242 8.11222553253174 8.11198329925537 8.11174011230469 8.11149787902832 8.11125564575195 8.11101341247558 8.1107702255249 8.11052894592285 8.11013031005859 8.10957908630371 8.1090259552002 8.10847473144531 8.10792446136475 8.10737037658691 8.10681819915771 8.10626602172852 8.10571479797363 8.10516357421875 8.10461139678955 8.10405921936035 8.10336399078369 8.10252285003662 8.10168266296387 8.10084247589111 8.10000324249268 8.09916305541992 8.09832382202148 8.09748268127441 8.09664344787598 8.09580421447754 8.09496402740479 8.09412384033203 8.09319496154785 8.09217929840088 8.09116268157959 8.09014701843262 8.08913040161133 8.08811473846436
8.11273574829102 8.11277389526367 8.11281299591064 8.11284828186035 8.11288261413574 8.11291599273681 8.11294746398926 8.11298084259033 8.11287689208984 8.11263179779053 8.11238765716553 8.11214256286621 8.11190223693848 8.11166191101074 8.11141872406006 8.11117553710938 8.11092853546142 8.11068344116211 8.11043453216553 8.11019039154053 8.10978889465332 8.10923385620117 8.10867691040039 8.10812187194824 8.10756874084473 8.10701560974121 8.10646057128906 8.10590553283691 8.10534858703613 8.10479068756104 8.10423278808594 8.10367584228516 8.10297393798828 8.10212516784668 8.10127830505371 8.10043144226074 8.09958553314209 8.09874153137207 8.09789562225342 8.09704971313477 8.09620094299316 8.09535217285156 8.09450340270996 8.09365463256836 8.09271812438965 8.09169387817383 8.09066963195801 8.08964538574219 8.088623046875 8.08760070800781
8.11246109008789 8.11249923706055 8.11253547668457 8.11256790161133 8.11259841918945 8.11262702941895 8.11265277862549 8.1126766204834 8.11255931854248 8.1123104095459 8.11206817626953 8.11183357238769 8.11159324645996 8.11135387420654 8.11111068725586 8.11086559295654 8.11061763763428 8.1103687286377 8.11011695861816 8.10986232757568 8.10945129394531 8.10888862609863 8.10833168029785 8.10778045654297 8.10722732543945 8.1066722869873 8.10611534118652 8.10555458068847 8.10499382019043 8.10443115234375 8.10386657714844 8.10330104827881 8.10258674621582 8.10172843933105 8.10087585449219 8.10002899169922 8.09918022155762 8.09832954406738 8.09747695922852 8.09662342071533 8.09576797485352 8.09491157531738 8.0940523147583 8.09319305419922 8.09224414825439 8.09120845794678 8.09017944335938 8.08915328979492 8.08812618255615 8.08709716796875
8.11220455169678 8.11223983764648 8.11227226257324 8.11230087280273 8.11232852935791 8.11235332489014 8.11237525939941 8.11239624023437 8.11227703094482 8.11202716827392 8.11178207397461 8.11154365539551 8.11130237579346 8.11105918884277 8.11081504821777 8.11056709289551 8.11031818389892 8.11006546020508 8.10981178283691 8.10955715179443 8.1091423034668 8.10857582092285 8.1080150604248 8.10745811462402 8.10690116882324 8.1063404083252 8.10577869415283 8.10521507263184 8.10464859008789 8.10408210754395 8.10351371765137 8.10294342041016 8.10222434997559 8.10135936737061 8.10049819946289 8.09964370727539 8.09878540039062 8.09792804718018 8.09706878662109 8.09620666503906 8.09534358978271 8.09447860717773 8.09361362457275 8.09274673461914 8.09178924560547 8.09074687957764 8.08970832824707 8.08867263793945 8.08763790130615 8.08660125732422
8.11196708679199 8.11199569702148 8.11202239990234 8.1120491027832 8.11207294464111 8.11209583282471 8.11211776733398 8.11213970184326 8.11202812194824 8.11177825927734 8.11152744293213 8.11127662658691 8.11102867126465 8.11078071594238 8.1105318069458 8.11028099060059 8.11002922058105 8.10977554321289 8.10952186584472 8.1092700958252 8.10886192321777 8.10829162597656 8.10772323608398 8.10715389251709 8.10658740997314 8.10601997375488 8.10545253753662 8.10488510131836 8.10431480407715 8.10374546051025 8.10317420959473 8.1026029586792 8.10188293457031 8.10101318359375 8.10014343261719 8.09927177429199 8.09840393066406 8.09753608703613 8.09666728973388 8.09579753875732 8.09492683410645 8.09405708312988 8.09318447113037 8.09231185913086 8.09135246276855 8.09030532836914 8.08925628662109 8.08820724487305 8.08716011047363 8.08611392974854
8.11171340942383 8.11173534393311 8.11175537109375 8.11177444458008 8.11179542541504 8.11181640625 8.11183452606201 8.11185646057129 8.11174011230469 8.11148643493652 8.11123085021973 8.11097717285156 8.11072254180908 8.11046886444092 8.11021423339844 8.10995864868164 8.10970497131348 8.109450340271 8.10919761657715 8.10894298553467 8.10852813720703 8.10795402526855 8.10737991333008 8.1068058013916 8.10623168945312 8.10565662384033 8.10508346557617 8.10450744628906 8.10393333435059 8.10335922241211 8.10278511047363 8.10221004486084 8.10148429870605 8.10060501098633 8.09972667694092 8.09885025024414 8.09797191619873 8.09709358215332 8.09621524810791 8.0953369140625 8.09445858001709 8.09357833862305 8.09270095825195 8.09182357788086 8.09085559844971 8.08979606628418 8.08873653411865 8.08767890930176 8.08662223815918 8.08556365966797
8.11142921447754 8.1114444732666 8.11145782470703 8.11147308349609 8.11148834228516 8.11150169372559 8.11151790618896 8.11153221130371 8.11141014099121 8.11115169525146 8.11089324951172 8.11063385009766 8.11037445068359 8.11011505126953 8.10985660552979 8.10959625244141 8.10933780670166 8.10907936096191 8.10881996154785 8.10856056213379 8.10814094543457 8.1075611114502 8.10698127746582 8.10640144348144 8.10581970214844 8.10523986816406 8.10466003417969 8.104079246521 8.1034984588623 8.10291862487793 8.10233879089355 8.10175704956055 8.10102462768555 8.10013771057129 8.09925079345703 8.09836387634277 8.09747695922852 8.09659194946289 8.09570503234863 8.09481811523438 8.09393119812012 8.09304428100586 8.0921573638916 8.09127140045166 8.09029293060303 8.08922386169434 8.08815383911133 8.08708381652832 8.08601570129395 8.08494567871094
8.11114406585693 8.11115455627441 8.11116313934326 8.11117172241211 8.11118030548096 8.11119079589844 8.11119842529297 8.11120796203613 8.11108016967773 8.1108169555664 8.11055374145508 8.11028957366943 8.1100263595581 8.10976219177246 8.10949802398682 8.1092357635498 8.10897064208984 8.10870742797852 8.10844421386719 8.10817909240723 8.10775470733643 8.10716819763184 8.10658264160156 8.10599708557129 8.10540962219238 8.10482406616211 8.10423946380615 8.10365104675293 8.10306453704834 8.10247707366943 8.10189247131348 8.10130500793457 8.10056400299072 8.09967041015625 8.09877490997314 8.09787940979004 8.09698486328125 8.09608840942383 8.09519386291504 8.09429931640625 8.09340381622314 8.09250831604004 8.09161376953125 8.09071826934814 8.08973026275635 8.08864974975586 8.08756923675537 8.08648777008057 8.08540725708008 8.08432769775391
8.11085987091064 8.11086368560791 8.11086654663086 8.11086940765381 8.11087417602539 8.11087608337402 8.11087989807129 8.11088371276855 8.11075210571289 8.11048316955566 8.11021518707275 8.10994720458984 8.10967826843262 8.10940933227539 8.10914039611816 8.10887241363525 8.10860443115234 8.1083345413208 8.10806655883789 8.10779857635498 8.10736846923828 8.10677719116211 8.1061840057373 8.10559272766113 8.10499954223633 8.10440731048584 8.10381507873535 8.10322189331055 8.10262966156006 8.10203742980957 8.10144519805908 8.10085296630859 8.10010433197021 8.09920120239258 8.09829711914062 8.09739398956299 8.09649085998535 8.0955867767334 8.09468269348145 8.09378147125244 8.09287643432617 8.09197330474854 8.0910701751709 8.09016609191895 8.08916854858398 8.08807754516602 8.08698463439941 8.08589172363281 8.08480072021485 8.08370780944824
8.11057567596436 8.1105728149414 8.11057090759277 8.11056804656982 8.11056709289551 8.11056327819824 8.11056137084961 8.11055946350098 8.11042213439941 8.11014938354492 8.10987663269043 8.10960388183594 8.10932922363281 8.10905647277832 8.10878276824951 8.10851001739502 8.10823631286621 8.10796356201172 8.10769081115723 8.10741710662842 8.10698127746582 8.10638427734375 8.10578536987305 8.10518741607666 8.10458946228027 8.10399055480957 8.10339164733887 8.10279273986816 8.10219478607178 8.10159683227539 8.10099792480469 8.10039901733398 8.09964561462402 8.09873390197754 8.09782218933105 8.09691047668457 8.09599685668945 8.09508514404297 8.09417343139648 8.09326171875 8.0923490524292 8.09143829345703 8.09052467346191 8.08961296081543 8.08860588073731 8.08750152587891 8.08639907836914 8.08529567718506 8.08419418334961 8.08308982849121
8.11029052734375 8.11028289794922 8.11027526855469 8.11026573181152 8.11025810241699 8.11025047302246 8.11024284362793 8.1102352142334 8.11009216308594 8.10981559753418 8.10953807830811 8.10926055908203 8.10898208618164 8.10870361328125 8.10842514038086 8.10814762115479 8.10787010192871 8.10759162902832 8.10731315612793 8.10703468322754 8.10659408569336 8.10599136352539 8.10538673400879 8.1047830581665 8.1041784286499 8.10357475280762 8.10297012329102 8.1023645401001 8.10176086425781 8.10115623474121 8.10055160522461 8.09994697570801 8.09918403625488 8.09826469421387 8.09734439849854 8.0964241027832 8.09550380706787 8.09458446502686 8.09366416931152 8.09274291992188 8.09182167053223 8.09090232849121 8.08998203277588 8.08906173706055 8.08804321289062 8.08692932128906 8.0858154296875 8.08470058441162 8.08358669281006 8.0824728012085
8.11000633239746 8.10999202728271 8.10997867584229 8.10996627807617 8.10995101928711 8.10993766784668 8.10992431640625 8.10991096496582 8.10976219177246 8.10948085784912 8.10919952392578 8.10891723632812 8.10863399505615 8.10835075378418 8.10806846618652 8.10778427124023 8.10750198364258 8.10721969604492 8.10693645477295 8.10665321350098 8.1062068939209 8.10559844970703 8.10498905181885 8.10437870025635 8.10376739501953 8.10315704345703 8.10254669189453 8.10193634033203 8.10132598876953 8.10071563720703 8.10010528564453 8.09949398040771 8.09872531890869 8.09779453277588 8.09686946868896 8.09593963623047 8.09501075744629 8.09408187866211 8.09315299987793 8.09222412109375 8.09129524230957 8.09036636352539 8.08943653106689 8.08850860595703 8.08748054504395 8.08635711669922 8.08523082733154 8.08410453796387 8.08297920227051 8.08185386657715
8.10972118377685 8.10970115661621 8.10968208312988 8.10966300964355 8.10964393615723 8.1096248626709 8.10960578918457 8.10958671569824 8.10943412780762 8.10914707183838 8.10886001586914 8.10857391357422 8.10828590393066 8.10799789428711 8.10770988464355 8.10742378234863 8.10713577270508 8.10684776306152 8.10655975341797 8.10627269744873 8.10582160949707 8.10520553588867 8.10459041595459 8.10397338867188 8.10335731506348 8.10274124145508 8.10212326049805 8.10150718688965 8.10089111328125 8.10027503967285 8.09965896606445 8.09904289245605 8.09826469421387 8.09732818603516 8.09639167785645 8.09545516967773 8.09451770782471 8.09358024597168 8.09264373779297 8.09170532226562 8.09076881408691 8.08983135223389 8.08889389038086 8.08795547485352 8.0869197845459 8.08578300476074 8.08464527130127 8.08350944519043 8.08237171173096 8.08123588562012
8.10943794250488 8.10941314697266 8.10938835144043 8.1093635559082 8.10933876037598 8.10931301116943 8.10928630828857 8.10926055908203 8.10910511016846 8.10881328582764 8.10852241516113 8.10823059082031 8.10793876647949 8.10764503479004 8.10735321044922 8.1070613861084 8.10676956176758 8.10647583007812 8.10618400573731 8.10589027404785 8.10543441772461 8.10481357574463 8.10419178009033 8.10356903076172 8.10294723510742 8.10232543945312 8.1017017364502 8.1010799407959 8.1004581451416 8.09983444213867 8.09921073913574 8.09858894348145 8.09780502319336 8.0968599319458 8.09591484069824 8.094970703125 8.09402465820312 8.09307861328125 8.09213256835938 8.0911865234375 8.09024238586426 8.08929634094238 8.08835029602051 8.08740425109863 8.08635711669922 8.08520889282227 8.08406257629395 8.08291244506836 8.08176612854004 8.08061790466309
8.10915660858154 8.10912609100342 8.10909652709961 8.10906600952148 8.10903358459473 8.1090030670166 8.10897064208984 8.1089391708374 8.1087760925293 8.10848140716553 8.10818481445312 8.10788726806641 8.10759162902832 8.1072940826416 8.10699844360352 8.1067008972168 8.10640335083008 8.10610580444336 8.10580825805664 8.10551071166992 8.10504913330078 8.10442161560059 8.10379314422607 8.10316467285156 8.10253715515137 8.10190963745117 8.10128021240234 8.10065269470215 8.10002326965332 8.09939384460449 8.0987663269043 8.09813690185547 8.09734535217285 8.09639358520508 8.09543895721436 8.09448623657227 8.09353256225586 8.09257793426514 8.09162425994873 8.09066963195801 8.0897159576416 8.08876132965088 8.08780670166016 8.08685207366943 8.08579540252686 8.08463573455811 8.08347606658936 8.08231830596924 8.0811595916748 8.08000183105469
8.10888004302978 8.10884475708008 8.10880661010742 8.1087703704834 8.10873222351074 8.1086950302124 8.10865783691406 8.10861873626709 8.10844993591309 8.10814952850342 8.10784912109375 8.10754776000976 8.1072473526001 8.1069450378418 8.10664367675781 8.10634136199951 8.10603904724121 8.10573673248291 8.10543441772461 8.10513114929199 8.10466289520264 8.10403060913086 8.10339736938477 8.10276317596436 8.10212898254395 8.10149478912354 8.10086059570312 8.1002254486084 8.09959125518799 8.09895610809326 8.09832191467285 8.09768581390381 8.09688758850098 8.09592628479004 8.09496402740479 8.09400177001953 8.09304046630859 8.09207916259766 8.0911169052124 8.09015369415283 8.08919143676758 8.08822822570801 8.08726596832275 8.08630180358887 8.08523559570312 8.08406543731689 8.08289527893067 8.08172416687012 8.08055591583252 8.07938575744629
8.10860633850097 8.10856437683105 8.10852146148682 8.10847759246826 8.10843467712402 8.10839080810547 8.1083459854126 8.10830307006836 8.10812854766846 8.10782432556152 8.10751914978027 8.10721111297607 8.10690402984619 8.10659599304199 8.10628986358643 8.10598373413086 8.10567474365234 8.10536861419678 8.10506057739258 8.10475254058838 8.10428047180176 8.10364246368408 8.10300254821777 8.10236167907715 8.10172271728516 8.1010799407959 8.10044002532959 8.09979915618896 8.09915924072266 8.09851837158203 8.09787654876709 8.09723663330078 8.09643173217773 8.09546184539795 8.09449195861816 8.09352111816406 8.09255027770996 8.09157943725586 8.09060859680176 8.08963775634766 8.08866691589355 8.08769607543945 8.08672428131104 8.08575439453125 8.08467769622803 8.08349609375 8.08231544494629 8.08113384246826 8.07995319366455 8.07877159118653
8.10839080810547 8.10834217071533 8.1082935333252 8.10824394226074 8.10819530487061 8.10814666748047 8.10809707641602 8.10804843902588 8.10787010192871 8.1075611114502 8.10725212097168 8.10694122314453 8.1066312789917 8.10632038116455 8.10601043701172 8.10569953918457 8.10538864135742 8.1050796508789 8.10476779937744 8.10445785522461 8.10398197174072 8.10334014892578 8.10269737243652 8.10205364227295 8.10140991210938 8.10076522827148 8.10012245178223 8.09947776794434 8.09883403778076 8.0981912612915 8.09754753112793 8.09690284729004 8.09609413146973 8.09512042999268 8.09414672851562 8.09317016601563 8.09219646453857 8.09122085571289 8.09024620056152 8.08927154541016 8.08829689025879 8.08732032775879 8.08634567260742 8.08537101745605 8.08428955078125 8.08310127258301 8.0819149017334 8.08072853088379 8.07954025268555 8.07835388183594
8.10823154449463 8.10817718505859 8.10812377929687 8.10807037353515 8.1080150604248 8.10796165466308 8.10790824890137 8.10785484313965 8.1076717376709 8.10736083984375 8.1070499420166 8.10673904418945 8.10642623901367 8.10611438751221 8.10580253601074 8.10549068450928 8.10517883300781 8.10486793518066 8.10455513000488 8.1042423248291 8.10376644134521 8.10312271118164 8.10247993469238 8.10183715820312 8.10119342803955 8.10054969787598 8.09990501403809 8.0992603302002 8.09861755371094 8.09797382354736 8.09733009338379 8.0966854095459 8.09587669372559 8.09490203857422 8.09392738342285 8.09295272827148 8.09197616577148 8.09100246429443 8.09002685546875 8.08905124664307 8.08807468414307 8.08710098266602 8.08612442016602 8.08514976501465 8.08406829833984 8.08288097381592 8.08169364929199 8.08050632476807 8.07931900024414 8.07813167572021
