Spatial_Analysis/Maxent_Inputs/Inputs/RCP8_5_Near/pH_near85.asc
NCOLS 638 
NROWS 314 
XLLCORNER -102.97071042 
YLLCORNER 3.973116569 
CELLSIZE 0.083 
NODATA_value -9999 
[rows 0 to 21 of 314, columns 400 to 449 of 638]
8.14431190490723 8.14420700073242 8.14396953582764 8.14360523223877 8.14323806762695 8.14286804199219 8.14249801635742 8.14212799072266 8.14175605773926 8.14138603210449 8.14101600646973 8.14064598083496 8.14027404785156 8.1399040222168 8.13946723937988 8.13896656036377 8.13846397399902 8.13796234130859 8.1374568939209 8.13695335388184 8.13644981384277 8.13594627380371 8.13544273376465 8.13493919372559 8.13443565368652 8.13393020629883 8.13339996337891 8.13284492492676 8.13228797912598 8.13172912597656 8.13117218017578 8.13061332702637 8.13005447387695 8.12949562072754 8.12893772125244 8.12837791442871 8.12782096862793 8.12726211547852 8.12671279907227 8.12617301940918 8.12563323974609 8.12509155273438 8.12455081939697 8.12401008605957 8.12346935272217 8.12292861938477 8.12238693237305 8.12184524536133 8.12130546569824 8.12076377868653
8.1445426940918 8.14443778991699 8.14420127868652 8.14383506774902 8.14346694946289 8.14309787750244 8.14272689819336 8.14235687255859 8.14198684692383 8.14161682128906 8.1412467956543 8.14087581634521 8.14050674438477 8.14013481140137 8.13969898223877 8.13920021057129 8.13869953155518 8.13819789886475 8.13769626617432 8.13719367980957 8.13669204711914 8.13618946075439 8.13568782806396 8.13518524169922 8.13468360900879 8.13418102264404 8.1336498260498 8.13308906555176 8.13252639770508 8.1319637298584 8.13140106201172 8.13083553314209 8.13027381896973 8.12971019744873 8.12914657592773 8.12858200073242 8.12802028656006 8.12745571136475 8.1269006729126 8.1263542175293 8.12580680847168 8.12525939941406 8.12471199035645 8.12416362762451 8.12361526489258 8.12306785583496 8.12251853942871 8.12197303771973 8.12142372131348 8.12087631225586
8.14477252960205 8.14466667175293 8.14443111419678 8.14406585693359 8.14369773864746 8.1433277130127 8.14295768737793 8.14258766174316 8.1422176361084 8.14184761047363 8.14147758483887 8.1411075592041 8.14073753356934 8.14036655426025 8.13993263244629 8.13943386077881 8.13893508911133 8.13843441009521 8.1379337310791 8.1374340057373 8.13693428039551 8.13643455505371 8.13593292236328 8.13543319702148 8.13493347167969 8.13443183898926 8.13389778137207 8.13333320617676 8.1327657699585 8.13219833374023 8.13162899017334 8.13105964660645 8.13049221038818 8.12992382049561 8.12935638427734 8.12878799438477 8.12821769714355 8.12765026092529 8.12708854675293 8.12653541564941 8.12598037719727 8.12542629241944 8.12487125396729 8.12431716918945 8.12376117706299 8.12320709228516 8.12265205383301 8.12209796905518 8.12154293060303 8.12098693847656
8.14500522613525 8.14489841461182 8.14466094970703 8.14429569244385 8.14392757415771 8.14355659484863 8.1431884765625 8.1428165435791 8.14244842529297 8.1420783996582 8.14170742034912 8.14133834838867 8.14096736907959 8.14059829711914 8.14016532897949 8.13966846466064 8.13917064666748 8.138671875 8.13817310333252 8.13767433166504 8.13717555999756 8.13667869567871 8.13617897033691 8.13568115234375 8.13518142700195 8.13468360900879 8.13414859771729 8.13357734680176 8.13300514221192 8.13243103027344 8.13185787200928 8.13128471374512 8.13071060180664 8.1301383972168 8.12956428527832 8.12899208068848 8.12841701507569 8.12784385681152 8.12727737426758 8.12671661376953 8.12615585327148 8.12559318542481 8.12503242492676 8.12447071075439 8.12390899658203 8.12334632873535 8.1227855682373 8.12222290039062 8.12166213989258 8.12110042572021
8.14523696899414 8.14512825012207 8.14489269256592 8.1445255279541 8.14415645599365 8.14378833770752 8.1434211730957 8.14305114746094 8.14268302917481 8.14231300354004 8.14194202423096 8.14157104492188 8.14119911193848 8.14082908630371 8.14039707183838 8.13990306854248 8.13940620422363 8.1389102935791 8.1384162902832 8.13791942596436 8.13742446899414 8.13692760467529 8.13642883300781 8.13593006134033 8.13543033599854 8.13493347167969 8.13439846038818 8.13382053375244 8.13324356079102 8.13266658782959 8.13209056854248 8.13151454925537 8.13093662261963 8.13035869598389 8.12977981567383 8.12919902801514 8.12861824035645 8.12803840637207 8.12746524810791 8.12689781188965 8.12632942199707 8.12576103210449 8.1251974105835 8.12463092803955 8.12406253814697 8.1234941482544 8.12292575836182 8.12235260009766 8.12178039550781 8.12121200561523
8.14547538757324 8.14536190032959 8.14512252807617 8.14475631713867 8.14439296722412 8.14402770996094 8.14366054534912 8.14329528808594 8.1429271697998 8.14255809783935 8.14218616485596 8.14181423187256 8.14143943786621 8.14106464385986 8.1406307220459 8.14013671875 8.13964653015137 8.13915824890137 8.13866806030273 8.13817596435547 8.13768291473388 8.13718795776367 8.13669013977051 8.13619327545166 8.13569164276123 8.1351900100708 8.13464736938477 8.13406562805176 8.13349056243897 8.13291454315186 8.1323356628418 8.13175582885742 8.13117599487305 8.13059234619141 8.13000679016113 8.12942028045654 8.12882995605469 8.12823867797852 8.12765312194824 8.12707996368408 8.1265115737915 8.12594509124756 8.12537574768066 8.12480545043945 8.12423324584961 8.1236572265625 8.12308025360107 8.12249946594238 8.12191772460938 8.1213321685791
8.14572429656982 8.14560985565186 8.14537239074707 8.14500522613525 8.14464092254639 8.14427661895752 8.14391231536865 8.14354515075684 8.14317798614502 8.14280796051025 8.14243793487549 8.14206600189209 8.14169311523438 8.14131832122803 8.1408863067627 8.14039516448975 8.13990592956543 8.13941955566406 8.13893127441406 8.13844108581543 8.13794898986816 8.1374568939209 8.13696098327637 8.13646507263184 8.13596725463867 8.13546752929688 8.13492488861084 8.13433837890625 8.13375759124756 8.13317680358887 8.13259315490723 8.1320104598999 8.13142395019531 8.13083553314209 8.13024520874023 8.12965393066406 8.12905883789063 8.1284646987915 8.12787628173828 8.12729454040528 8.12671947479248 8.12614440917969 8.12557029724121 8.12499237060547 8.12441253662109 8.12383270263672 8.12324905395508 8.12266159057617 8.12207221984863 8.1214828491211
8.1459846496582 8.14587211608887 8.1456356048584 8.14527130126953 8.1449031829834 8.1445369720459 8.14416885375977 8.14380264282227 8.14343643188477 8.14306735992432 8.14269828796387 8.1423282623291 8.14195823669434 8.1415901184082 8.14116287231445 8.14067363739014 8.14018154144287 8.13969230651855 8.13920402526855 8.13871479034424 8.13822460174561 8.13773441314697 8.13724327087402 8.13675022125244 8.13625717163086 8.13576602935791 8.13522624969482 8.13463687896729 8.1340446472168 8.13345146179199 8.13286209106445 8.13227272033691 8.13167953491211 8.13108825683594 8.13049507141113 8.12990188598633 8.12930583953857 8.12871360778809 8.12812519073486 8.12753868103028 8.12695121765137 8.12636280059814 8.12577819824219 8.12519264221191 8.12460517883301 8.1240177154541 8.12342834472656 8.12283897399902 8.12224769592285 8.12165832519531
8.14630508422851 8.14619827270508 8.14596366882324 8.14560317993164 8.14524173736572 8.14487838745117 8.14451599121094 8.14415168762207 8.14378929138184 8.1434268951416 8.14306259155273 8.14270114898682 8.14233779907227 8.14197540283203 8.14155006408691 8.14106559753418 8.14058113098145 8.14009475708008 8.13960838317871 8.13912200927734 8.13863563537598 8.13814926147461 8.13766384124756 8.13717746734619 8.13669013977051 8.13620471954346 8.13566493988037 8.13507080078125 8.13447570800781 8.13387870788574 8.13328361511231 8.13268947601318 8.13209247589111 8.13149642944336 8.13089942932129 8.13030433654785 8.1297082901001 8.12911224365234 8.12851715087891 8.12792301177979 8.12732696533203 8.12673187255859 8.12613487243652 8.12553977966309 8.12494468688965 8.12434959411621 8.12375259399414 8.12315845489502 8.12256145477295 8.1219654083252
8.14668273925781 8.14657974243164 8.14635276794434 8.1460018157959 8.14565086364746 8.14529705047607 8.14494323730469 8.1445894241333 8.14423561096191 8.14388179779053 8.14352798461914 8.14317512512207 8.14282035827637 8.14246654510498 8.14205074310303 8.14157295227051 8.14109420776367 8.14061546325684 8.14013481140137 8.13965606689453 8.13917541503906 8.13869667053223 8.13821792602539 8.13773727416992 8.13725852966309 8.13677787780762 8.13624000549316 8.13564300537109 8.13504600524902 8.134446144104 8.1338472366333 8.13324737548828 8.13264846801758 8.13205146789551 8.13145160675049 8.1308536529541 8.13025283813477 8.12965393066406 8.12905311584473 8.12844753265381 8.12784385681152 8.12723922729492 8.12663459777832 8.12602806091309 8.12542152404785 8.12481689453125 8.12421131134033 8.12360572814942 8.12300109863281 8.12239646911621
8.14706039428711 8.14696311950684 8.14674186706543 8.14640140533447 8.14605808258057 8.14571475982666 8.14536952972412 8.1450252532959 8.14468193054199 8.14433670043945 8.14399337768555 8.14364910125732 8.1433048248291 8.14295864105225 8.14255142211914 8.14208030700684 8.1416072845459 8.14113426208496 8.14066314697266 8.1401891708374 8.13971614837646 8.13924407958984 8.13877105712891 8.13829803466797 8.13782501220703 8.13735198974609 8.13681411743164 8.13621520996094 8.1356143951416 8.13501358032227 8.1344108581543 8.13380908966064 8.13320732116699 8.13260459899902 8.13200378417969 8.1314001083374 8.13079929351807 8.1301965713501 8.12958908081055 8.12897491455078 8.12836074829102 8.12774658203125 8.12713146209717 8.12651538848877 8.12590026855469 8.12528610229492 8.12467002868652 8.12405586242676 8.12343978881836 8.12282466888428
8.14743995666504 8.14734554290771 8.14713287353516 8.14680099487305 8.1464672088623 8.14613342285156 8.14579772949219 8.14546203613281 8.14512825012207 8.1447925567627 8.14445781707764 8.14412212371826 8.1437873840332 8.14345169067383 8.14305210113525 8.14258670806885 8.14212226867676 8.14165496826172 8.14118957519531 8.14072227478027 8.14025688171387 8.13979053497315 8.13932418823242 8.13885879516602 8.13839340209961 8.13792610168457 8.13739013671875 8.13678741455078 8.1361837387085 8.13557815551758 8.13497543334961 8.13436985015869 8.13376426696777 8.13315963745117 8.13255405426025 8.13194942474365 8.13134384155273 8.13073921203613 8.13012313842773 8.12950134277344 8.12887763977051 8.12825298309326 8.12762832641602 8.12700271606445 8.12637805938721 8.12575340270996 8.12512969970703 8.12450408935547 8.12387943267822 8.12325477600098
8.14781856536865 8.14772987365723 8.14752292633056 8.1471996307373 8.14687538146973 8.14655113220215 8.14622497558594 8.14589881896973 8.14557266235352 8.14524745941162 8.14492225646973 8.14459609985351 8.1442699432373 8.14394378662109 8.14355278015137 8.14309310913086 8.14263534545898 8.14217567443848 8.14171695709228 8.14125728607178 8.14079856872559 8.14033889770508 8.13987827301025 8.13941955566406 8.13895988464355 8.13850021362305 8.13796615600586 8.13735961914062 8.13675308227539 8.13614559173584 8.13553810119629 8.13492965698242 8.13432121276855 8.13371467590332 8.13310527801514 8.13249778747559 8.13189029693604 8.13128185272217 8.13066005706787 8.13002681732178 8.12939453125 8.12875938415527 8.12812519073486 8.12749099731445 8.12685585021973 8.12622261047363 8.12558746337891 8.12495422363281 8.12431907653809 8.12368488311768
8.14819622039795 8.14811325073242 8.14791393280029 8.14760017395019 8.14728355407715 8.14696884155273 8.14665222167969 8.14633560180664 8.14601898193359 8.14570236206055 8.1453857421875 8.14507007598877 8.14475345611572 8.14443778991699 8.14405155181885 8.14360046386719 8.14314842224121 8.14269542694092 8.14224433898926 8.14179039001465 8.14133739471436 8.1408863067627 8.14043235778809 8.13997840881348 8.1395263671875 8.13907337188721 8.13854217529297 8.13793277740479 8.13732147216797 8.1367130279541 8.13610172271729 8.13549041748047 8.13487815856934 8.13426780700684 8.13365745544434 8.13304615020752 8.1324348449707 8.13182353973389 8.13119697570801 8.13055324554443 8.12991046905518 8.1292667388916 8.12862205505371 8.12797737121582 8.12733459472656 8.12668991088867 8.12604713439941 8.12540245056153 8.12475776672363 8.12411499023438
8.14857387542725 8.14849662780762 8.1483039855957 8.14800071716309 8.1476936340332 8.14738845825195 8.14707946777344 8.14677238464355 8.14646530151367 8.14615821838379 8.14585018157959 8.14554405212402 8.14523601531982 8.14492988586426 8.14455318450928 8.14410781860352 8.14366054534912 8.14321613311768 8.14277076721191 8.14232444763184 8.14187812805176 8.14143180847168 8.14098644256592 8.14054012298584 8.14009284973145 8.13964653015137 8.13911819458008 8.13850593566895 8.1378927230835 8.13727855682373 8.13666439056396 8.13605117797852 8.13543605804443 8.13482284545898 8.13420867919922 8.13359546661377 8.13298034667969 8.13236618041992 8.13173294067383 8.13108062744141 8.13042640686035 8.12977313995361 8.12911987304688 8.12846565246582 8.12781143188477 8.12715911865234 8.12650489807129 8.12585067749024 8.12519836425781 8.12454509735107
8.14895153045654 8.1488790512085 8.14869499206543 8.14839935302734 8.14810276031494 8.14780426025391 8.14750671386719 8.14720916748047 8.14691162109375 8.14661407470703 8.14631462097168 8.14601802825928 8.14571952819824 8.14542198181152 8.14505386352539 8.14461517333984 8.14417552947998 8.14373683929443 8.14329719543457 8.14285945892334 8.14241790771484 8.1419792175293 8.14153861999512 8.14109992980957 8.14066028594971 8.14022159576416 8.13969326019287 8.13907909393311 8.13846206665039 8.13784408569336 8.13722801208496 8.13661003112793 8.13599300384521 8.1353759765625 8.1347599029541 8.13414192199707 8.13352489471436 8.13290786743164 8.13226890563965 8.13160610198975 8.13094329833984 8.13027954101562 8.12961578369141 8.12895393371582 8.1282901763916 8.12762641906738 8.1269645690918 8.12630081176758 8.12563800811768 8.12497425079346
8.14933109283447 8.14926242828369 8.14908599853516 8.14879989624023 8.14851188659668 8.14822292327881 8.14793586730957 8.14764976501465 8.1473617553711 8.14707279205322 8.14678192138672 8.14649391174316 8.14620208740234 8.14591407775879 8.1455545425415 8.14512252807617 8.14468955993652 8.14425754547119 8.14382743835449 8.14339542388916 8.14296340942383 8.14253044128418 8.14209747314453 8.14166259765625 8.14122772216797 8.14079475402832 8.14026927947998 8.13965034484863 8.1390323638916 8.13841247558594 8.13779354095459 8.13717460632324 8.13655662536621 8.13593482971191 8.13531494140625 8.13469314575195 8.13407135009766 8.13345146179199 8.13280487060547 8.1321325302124 8.13146018981933 8.13078784942627 8.13011741638184 8.12944602966309 8.12877464294434 8.12810134887695 8.12742710113526 8.12675285339355 8.12607765197754 8.12540435791016
8.1497163772583 8.14964866638184 8.14947700500488 8.14919853210449 8.14892387390137 8.14865112304688 8.14837455749512 8.14809799194336 8.14782047271729 8.14754009246826 8.14726066589355 8.1469783782959 8.14669418334961 8.14640998840332 8.14605522155762 8.1456298828125 8.14520835876465 8.1447868347168 8.14436531066894 8.14394187927246 8.14351654052734 8.14309120178223 8.14266395568848 8.14223480224609 8.14180374145508 8.14137268066406 8.14084625244141 8.14022445678711 8.13960647583008 8.13898754119873 8.13837146759033 8.13775062561035 8.13712787628174 8.13650512695312 8.13588047027588 8.13525390625 8.1346263885498 8.13399791717529 8.13334083557129 8.13265895843506 8.13198280334473 8.13130569458008 8.13062763214111 8.12994861602783 8.1292667388916 8.12858486175537 8.12790012359619 8.1272144317627 8.12652778625488 8.12583827972412
8.15011215209961 8.15004920959473 8.1498851776123 8.14961719512939 8.14935302734375 8.14908599853516 8.14882087707519 8.14855289459229 8.14828491210938 8.14801502227783 8.14774513244629 8.1474723815918 8.14719772338867 8.14692211151123 8.14657497406006 8.14615631103516 8.14574241638183 8.14532947540283 8.14491367340088 8.14449691772461 8.14407920837402 8.1436595916748 8.14323902130127 8.1428165435791 8.14239311218262 8.1419677734375 8.14144325256347 8.14081764221191 8.14019775390625 8.13957786560059 8.13895606994629 8.13833141326904 8.13770866394043 8.13708114624023 8.13645362854004 8.13582611083984 8.13519477844238 8.13456344604492 8.1338996887207 8.13320732116699 8.13252258300781 8.1318359375 8.13114833831787 8.13045978546143 8.12976837158203 8.12907600402832 8.12838363647461 8.12768840789795 8.12699127197266 8.12629318237305
8.1505184173584 8.15046501159668 8.15031242370605 8.15005302429199 8.14979362487793 8.14953422546387 8.1492748260498 8.14901733398438 8.14875793457031 8.14849662780762 8.14823532104492 8.14797401428223 8.14771175384521 8.14745140075683 8.14711570739746 8.14670372009277 8.14629173278809 8.1458797454834 8.14546966552734 8.14505863189697 8.1446475982666 8.14423561096191 8.14382266998291 8.14340782165527 8.14299297332764 8.14258003234863 8.14206123352051 8.14143371582031 8.14080429077148 8.14017677307129 8.13955020904541 8.13892364501953 8.13829517364502 8.13766574859619 8.13703727722168 8.13640594482422 8.13577461242676 8.13514518737793 8.13448143005371 8.13377952575684 8.13307952880859 8.13237762451172 8.13167953491211 8.13097953796387 8.13027954101562 8.12957763671875 8.12887573242188 8.12817192077637 8.12746810913086 8.12676620483398
8.15089511871338 8.15085506439209 8.15071296691895 8.15046691894531 8.15022087097168 8.14997482299805 8.1497278213501 8.14948081970215 8.1492338180542 8.14898681640625 8.14874076843262 8.14849281311035 8.14824676513672 8.14799880981445 8.14767265319824 8.14726829528809 8.14686393737793 8.14645957946777 8.14605331420898 8.14564895629883 8.14524269104004 8.14483642578125 8.14443206787109 8.1440258026123 8.14362144470215 8.14321708679199 8.14269828796387 8.14206790924072 8.14143753051758 8.1408052444458 8.14017391204834 8.13954162597656 8.1389102935791 8.13827896118164 8.13764667510986 8.1370153427124 8.13638401031494 8.13575267791748 8.13508224487305 8.13437271118164 8.13366222381592 8.1329517364502 8.13224124908447 8.13153076171875 8.13081932067871 8.1301097869873 8.12939834594727 8.12868881225586 8.12797927856445 8.12726783752441
8.15123558044434 8.15121459960938 8.15108871459961 8.15086078643799 8.15063190460205 8.15040111541748 8.15017318725586 8.14994239807129 8.14971446990967 8.14948272705078 8.14925289154053 8.14902305603027 8.1487922668457 8.14856338500977 8.14825057983398 8.14785099029541 8.14745330810547 8.14705467224121 8.14665699005127 8.14625930786133 8.14586067199707 8.14546203613281 8.14506435394287 8.14466667175293 8.14426803588867 8.14387035369873 8.14335441589355 8.14272022247314 8.14208698272705 8.14145183563232 8.14081764221191 8.14018440246582 8.13954925537109 8.138916015625 8.13828086853027 8.13764762878418 8.13701152801514 8.13637828826904 8.13570213317871 8.13498306274414 8.13426494598389 8.133544921875 8.13282585144043 8.13210678100586 8.13138771057129 8.13066864013672 8.12994956970215 8.12922954559326 8.12851142883301 8.12779235839844
