Spatial_Analysis/Maxent_Inputs/Inputs/RCP8_5_Near/pH_near85.asc
NCOLS 638 
NROWS 314 
XLLCORNER -102.97071042 
YLLCORNER 3.973116569 
CELLSIZE 0.083 
NODATA_value -9999 
[rows 132 to 153 of 314, columns 450 to 499 of 638]
8.11945533752441 8.11898040771484 8.11850929260254 8.11804294586182 8.11757946014404 8.11711311340332 8.11664772033691 8.11618232727051 8.1157169342041 8.11525344848633 8.11478710174561 8.11432361602783 8.11389064788818 8.11348915100098 8.1130895614624 8.11269187927246 8.11229515075684 8.11189842224121 8.1115026473999 8.11110496520996 8.11070823669434 8.11031246185303 8.10991477966309 8.10951805114746 8.10918140411377 8.1089038848877 8.10862636566162 8.10834884643555 8.10807418823242 8.10779762268067 8.10752201080322 8.10724639892578 8.10697174072266 8.10669326782227 8.10641860961914 8.1061429977417 8.10593414306641 8.10579204559326 8.10564994812012 8.10550880432129 8.10536861419678 8.10522842407227 8.10508728027344 8.10494709014893 8.10480499267578 8.10466384887695 8.10452365875244 8.10438346862793 8.10434722900391 8.10441589355469
8.11931419372559 8.11885261535645 8.1183910369873 8.11793613433838 8.11748123168945 8.11702728271485 8.11657333374024 8.11611843109131 8.11566352844238 8.11520957946777 8.11475563049316 8.11430168151855 8.11387634277344 8.11347961425781 8.11308288574219 8.11268997192383 8.11229515075684 8.11190414428711 8.11150932312012 8.11111640930176 8.11072254180908 8.11033058166504 8.10993766784668 8.10954475402832 8.10920715332031 8.10892868041992 8.1086483001709 8.10836982727051 8.10809135437012 8.10781383514404 8.10753440856934 8.10725593566895 8.10697937011719 8.10669898986816 8.10642242431641 8.10614395141602 8.10593223571777 8.10578536987305 8.10564041137695 8.10549545288086 8.10534954071045 8.10520553588867 8.10506057739258 8.10491561889648 8.10477161407471 8.10462760925293 8.10448169708252 8.10433769226074 8.10429573059082 8.1043586730957
8.11917304992676 8.11872291564941 8.1182746887207 8.11783027648926 8.11738586425781 8.11694145202637 8.11649799346924 8.11605453491211 8.11561012268066 8.11516666412354 8.11472320556641 8.11427974700928 8.11386108398438 8.11346817016602 8.11307716369629 8.11268615722656 8.11229705810547 8.11190795898438 8.11151885986328 8.11112785339355 8.11073970794678 8.11034965515137 8.10996055603027 8.10957145690918 8.1092357635498 8.10895347595215 8.10867118835449 8.10838890075684 8.10810947418213 8.10782814025879 8.10754776000977 8.10726737976074 8.10698699951172 8.10670471191406 8.10642433166504 8.10614585876465 8.10592937469482 8.10577964782715 8.10563087463379 8.10548114776612 8.10533332824707 8.10518455505371 8.10503482818603 8.10488700866699 8.10473728179932 8.10458946228027 8.10444068908691 8.10429096221924 8.10424613952637 8.10430240631104
8.11903190612793 8.11859321594238 8.11815643310547 8.11772346496582 8.11728954315186 8.11685752868652 8.11642456054688 8.11599063873291 8.11555671691895 8.11512565612793 8.11469173431396 8.1142578125 8.11384773254395 8.11345767974854 8.11306953430176 8.11268424987793 8.11229801177979 8.11191368103027 8.11152744293213 8.11114120483398 8.11075496673584 8.1103687286377 8.10998344421387 8.10959720611572 8.10926246643067 8.10897636413574 8.10869216918945 8.10840892791748 8.10812664031982 8.10784339904785 8.10755920410156 8.10727691650391 8.10699462890625 8.10671043395996 8.10642814636231 8.10614585876465 8.10592746734619 8.10577297210694 8.10561943054199 8.10546684265137 8.10531425476074 8.10516166687012 8.10500907897949 8.10485553741455 8.10470390319824 8.1045503616333 8.10439872741699 8.10424613952637 8.1041955947876 8.10424613952637
8.1188907623291 8.11846446990967 8.11804008483887 8.11761665344238 8.11719512939453 8.11677169799805 8.1163501739502 8.11592769622803 8.11550521850586 8.11508178710938 8.11466026306152 8.11423683166504 8.11383247375488 8.11344814300537 8.11306571960449 8.1126823425293 8.1122989654541 8.11191654205322 8.11153507232666 8.11115264892578 8.1107702255249 8.11038780212402 8.11000537872315 8.10962390899658 8.10928821563721 8.10900115966797 8.10871410369873 8.10842990875244 8.10814476013184 8.10785865783691 8.10757446289062 8.1072883605957 8.10700225830078 8.10671615600586 8.10643196105957 8.10614585876465 8.10592460632324 8.10576629638672 8.10560989379883 8.10545253753662 8.10529518127441 8.10513973236084 8.10498428344727 8.10482692718506 8.10466957092285 8.10451316833496 8.10435676574707 8.10420036315918 8.1041431427002 8.10419082641602
8.11874961853027 8.11833381652832 8.11792278289795 8.11751174926758 8.11710357666016 8.11669158935547 8.1162805557251 8.11586856842041 8.11545562744141 8.1150426864624 8.1146297454834 8.11421585083008 8.11381912231445 8.11343765258789 8.11305809020996 8.11268043518066 8.1123046875 8.11192512512207 8.11154747009277 8.11116790771484 8.11078834533691 8.1104097366333 8.11002922058106 8.10964965820312 8.10931396484375 8.10902500152588 8.10873603820801 8.10844993591309 8.10816383361816 8.10787677764893 8.10758972167969 8.10730171203613 8.10701370239258 8.10672378540039 8.10643577575684 8.10614776611328 8.10592269897461 8.1057596206665 8.10559940338135 8.10544013977051 8.10527992248535 8.1051197052002 8.10495853424072 8.10479927062988 8.10463905334473 8.10447692871094 8.10431671142578 8.10415458679199 8.10409355163574 8.10413360595703
8.11861419677734 8.11820888519287 8.11781311035156 8.11741542816162 8.11701679229736 8.11661624908447 8.11621475219727 8.11581325531006 8.11541175842285 8.11500835418701 8.11460494995117 8.11420059204102 8.11380577087403 8.11342906951904 8.11305618286133 8.11268424987793 8.1123104095459 8.11193656921387 8.11156272888184 8.11118698120117 8.11081123352051 8.11043453216553 8.11005783081055 8.10968017578125 8.10934257507324 8.10905075073242 8.10876274108887 8.10847473144531 8.10818672180176 8.10789775848388 8.1076078414917 8.1073169708252 8.10702705383301 8.10673618316651 8.1064453125 8.10615253448486 8.10592174530029 8.10575485229492 8.10559272766113 8.10543060302734 8.10526657104492 8.1051025390625 8.10494041442871 8.10477447509766 8.1046085357666 8.10444545745849 8.10427856445312 8.10411262512207 8.10404491424561 8.10407733917236
8.11850166320801 8.11810684204102 8.11771583557129 8.11732482910156 8.11693572998047 8.11654567718506 8.11615562438965 8.11576271057129 8.11536979675293 8.11497688293457 8.11458396911621 8.11419105529785 8.11380767822266 8.11335182189941 8.11298561096191 8.11269187927246 8.1123218536377 8.11195087432861 8.11157894134521 8.11120796203613 8.11083602905273 8.11046409606934 8.1100902557373 8.10971736907959 8.10938358306885 8.10908889770508 8.10879611968994 8.10850429534912 8.10821342468262 8.1079216003418 8.10762977600098 8.10733604431152 8.10704326629639 8.10674953460693 8.1064567565918 8.10616302490234 8.10593032836914 8.10576057434082 8.10559177398682 8.10542488098145 8.10525703430176 8.10508823394775 8.10491943359375 8.10475158691406 8.10458278656006 8.10441207885742 8.10424327850342 8.1040735244751 8.10400295257568 8.10403347015381
8.11828422546387 8.11790084838867 8.11751937866211 8.11713886260986 8.11675834655762 8.11637783050537 8.11599731445312 8.11561584472656 8.11523532867432 8.11485481262207 8.11447334289551 8.11409282684326 8.11371803283692 8.11335182189941 8.11298561096191 8.11262035369873 8.11225509643555 8.11188888549805 8.11152362823486 8.11115837097168 8.1107931137085 8.11042785644531 8.11006164550781 8.10969543457031 8.10936546325684 8.10907077789306 8.1087760925293 8.10848426818848 8.10819053649902 8.10789680480957 8.10760402679443 8.1073112487793 8.10701847076416 8.10672378540039 8.10643196105957 8.10613918304443 8.10590553283691 8.10573101043701 8.10555839538574 8.10538578033447 8.1052131652832 8.10504245758057 8.1048698425293 8.10469818115234 8.10452556610107 8.1043529510498 8.10417938232422 8.10400772094727 8.10393333435059 8.10395812988281
8.11795997619629 8.11758708953857 8.11721801757812 8.11684894561768 8.11647987365723 8.11611080169678 8.11574363708496 8.1153736114502 8.11500453948975 8.11463642120361 8.1142692565918 8.11389923095703 8.1135368347168 8.11317825317383 8.11282062530518 8.11246490478516 8.1121072769165 8.11175155639648 8.11139392852783 8.11103820800781 8.11068153381348 8.11032485961914 8.1099681854248 8.10961246490479 8.10928630828857 8.10899353027344 8.1087007522583 8.10840892791748 8.10811805725098 8.10782527923584 8.10753440856934 8.10724258422852 8.1069507598877 8.10665893554688 8.10636901855469 8.10607719421387 8.10584259033203 8.10566520690918 8.10548973083496 8.10531425476074 8.10513877868652 8.1049633026123 8.10478687286377 8.10461235046387 8.10443687438965 8.10425853729248 8.1040849685669 8.10390853881836 8.10383224487305 8.10385513305664
8.11763286590576 8.11727333068848 8.11691570281983 8.11655998229981 8.11620140075684 8.11584663391113 8.1154899597168 8.11513328552246 8.11477661132812 8.11441993713379 8.11406326293945 8.11370754241943 8.11335468292237 8.11300563812256 8.11265754699707 8.11230945587158 8.1119613647461 8.11161327362061 8.11126518249512 8.11091804504395 8.11056900024414 8.11022186279297 8.10987377166748 8.10952758789062 8.10920715332031 8.10891532897949 8.1086254119873 8.1083345413208 8.10804462432861 8.10775470733643 8.10753440856934 8.10717582702637 8.10688495635986 8.10659408569336 8.10630416870117 8.10601615905762 8.10577964782715 8.10560035705566 8.10542106628418 8.1052417755127 8.10506343841553 8.10488510131836 8.10470581054688 8.10452747344971 8.10434818267822 8.10416793823242 8.10399055480957 8.10381126403809 8.10373115539551 8.10375022888184
8.11730766296387 8.11664581298828 8.11631202697754 8.11598014831543 8.11592578887939 8.11558055877686 8.11523628234863 8.11489200592041 8.1145486831665 8.11420154571533 8.11385917663574 8.1135139465332 8.11317253112793 8.11283206939697 8.11249160766602 8.11215305328369 8.11181354522705 8.11147499084473 8.11113739013672 8.11079692840576 8.11045837402344 8.11011981964111 8.10978126525879 8.10944271087646 8.10912895202637 8.10883712768555 8.10854816436768 8.1082592010498 8.10797214508057 8.1076831817627 8.10739517211914 8.10710716247559 8.1068172454834 8.10652923583984 8.10624217987061 8.10595321655273 8.10571765899658 8.10553646087646 8.10535144805908 8.10516929626465 8.10498714447021 8.10480499267578 8.10462379455566 8.10444164276123 8.10425853729248 8.10407829284668 8.10389614105225 8.10371398925781 8.1036319732666 8.10364723205566
8.11698055267334 8.11664581298828 8.11631202697754 8.11598014831543 8.115647315979 8.11531352996826 8.11498260498047 8.11465072631836 8.11431884765625 8.11398696899414 8.11365509033203 8.11332225799561 8.11298942565918 8.1126594543457 8.11232757568359 8.11199760437012 8.11166763305664 8.11133670806885 8.11100769042969 8.11067771911621 8.11034774780274 8.11001777648926 8.10968780517578 8.10935783386231 8.10904884338379 8.10875988006592 8.10847282409668 8.10818576812744 8.1078987121582 8.10761070251465 8.10732555389404 8.10703754425049 8.10675144195557 8.10646438598633 8.10617828369141 8.10589122772217 8.1056547164917 8.10546875 8.1052827835083 8.1050968170166 8.10491180419922 8.10472774505615 8.10454273223877 8.10435676574707 8.10417175292969 8.1039867401123 8.10380172729492 8.10361576080322 8.10353088378906 8.10354518890381
8.11665439605713 8.1163330078125 8.11601066589355 8.11569023132324 8.11536979675293 8.11504936218262 8.11473083496094 8.11440944671631 8.114089012146 8.11376953125 8.11344909667969 8.11312866210938 8.11280822753906 8.11248588562012 8.11216354370117 8.11184120178223 8.11152076721191 8.11119937896729 8.11087894439697 8.11055755615234 8.11023712158203 8.10991477966309 8.10959434509277 8.10927295684814 8.10897064208984 8.10868263244629 8.10839653015137 8.10811042785645 8.10782623291016 8.10754013061523 8.10725593566895 8.10696983337402 8.10668563842773 8.10639953613281 8.10611534118652 8.1058292388916 8.10559272766113 8.10540390014648 8.10521411895752 8.10502433776855 8.10483741760254 8.10464859008789 8.10445976257324 8.10427093505859 8.10408306121826 8.10389518737793 8.10370540618897 8.10351753234863 8.10342979431153 8.10344123840332
8.1163272857666 8.11601829528809 8.11570930480957 8.11540031433105 8.11509132385254 8.11478424072266 8.11447620391846 8.11416912078857 8.11386013031006 8.11355209350586 8.11324501037598 8.11293697357178 8.11262512207031 8.11231231689453 8.11199855804444 8.11168670654297 8.11137390136719 8.11106204986572 8.11075019836426 8.11043739318848 8.1101245880127 8.10981178283691 8.10949993133545 8.1091890335083 8.10889053344727 8.10860443115234 8.10832023620605 8.10803604125977 8.10775375366211 8.10746955871582 8.10718536376953 8.10690116882324 8.10661792755127 8.1063346862793 8.10605144500732 8.10576725006104 8.10552978515625 8.10533714294434 8.10514545440674 8.10495185852051 8.10476112365723 8.10457038879395 8.10437774658203 8.10418701171875 8.10399436950684 8.10380363464355 8.10361099243164 8.10342025756836 8.10332870483398 8.10333728790283
8.11600208282471 8.11570358276367 8.11540699005127 8.11511039733887 8.1148157119751 8.11451816558838 8.11422252655029 8.11392784118652 8.11363029479981 8.11333560943604 8.11303901672363 8.11274337768555 8.11244392395019 8.11213874816894 8.11183357238769 8.11153030395508 8.11122703552246 8.11092376708984 8.11061954498291 8.11031723022461 8.11001396179199 8.10971069335938 8.10940742492676 8.10910415649414 8.10881042480469 8.1085262298584 8.10824394226074 8.10796165466309 8.10767936706543 8.10739707946777 8.10711479187012 8.10683441162109 8.10655117034912 8.10626983642578 8.10598945617676 8.10570621490479 8.10546684265137 8.10527229309082 8.10507488250732 8.10488033294678 8.10468673706055 8.10449028015137 8.10429573059082 8.10410118103027 8.10390663146973 8.10371208190918 8.10351657867432 8.10332298278808 8.10322761535645 8.10323429107666
8.11567497253418 8.11538982391357 8.11510467529297 8.114821434021 8.11453723907471 8.11425399780274 8.11396980285645 8.11368846893311 8.1134033203125 8.11333560943604 8.11303901672363 8.11255073547363 8.11226081848145 8.11196422576904 8.11166954040527 8.11137580871582 8.11108016967773 8.11078643798828 8.11049270629883 8.11019706726074 8.10990238189697 8.10960865020752 8.10931301116943 8.10901832580566 8.10873126983643 8.10844898223877 8.10816764831543 8.10788726806641 8.1076078414917 8.10732746124268 8.10704612731934 8.10676574707031 8.10648536682129 8.10620498657227 8.10592460632324 8.10564422607422 8.10540390014648 8.10520458221436 8.10500621795654 8.10480880737305 8.10461044311523 8.10441207885742 8.10421562194824 8.10401630401611 8.1038179397583 8.10371208190918 8.10342216491699 8.10322380065918 8.10312652587891 8.10313034057617
8.11534881591797 8.11507415771484 8.11480331420898 8.11453247070312 8.1142635345459 8.11399269104004 8.11371994018555 8.11345005035401 8.11317825317383 8.11290645599365 8.11263084411621 8.11235809326172 8.1120777130127 8.11178970336914 8.11150646209717 8.11122131347656 8.11093711853027 8.11065292358398 8.11036682128906 8.11008071899414 8.10979461669922 8.10950946807861 8.10922241210938 8.10893440246582 8.10865020751953 8.10836982727051 8.10809135437012 8.10781288146973 8.10753631591797 8.10725784301758 8.1069803237915 8.1067008972168 8.10642147064209 8.10614204406738 8.10586166381836 8.10558319091797 8.10534000396729 8.10513877868652 8.10493755340576 8.104736328125 8.10453796386719 8.10433769226074 8.10413646697998 8.10393524169922 8.10373306274414 8.10344505310059 8.10324001312256 8.1031265258789 8.10302639007568 8.10302829742432
8.11502456665039 8.1147632598877 8.1145076751709 8.11425018310547 8.11399269104004 8.11373519897461 8.11347579956055 8.11321640014648 8.11295700073242 8.11269569396973 8.11243438720703 8.1121711730957 8.11189842224121 8.11161804199219 8.1113452911377 8.11107063293457 8.11079597473145 8.11052131652832 8.11024475097656 8.1099681854248 8.10969066619873 8.10941219329834 8.10913467407227 8.10885524749756 8.10857391357422 8.1082935333252 8.1080207824707 8.10774612426758 8.10746955871582 8.10719394683838 8.1069164276123 8.10663986206055 8.10636138916016 8.10608291625977 8.10580444335938 8.10552597045898 8.10527992248535 8.10507392883301 8.10487174987793 8.10467052459717 8.10446739196777 8.10426425933838 8.10406112670898 8.10385704040527 8.10365200042725 8.10344505310059 8.10324001312256 8.10294723510742 8.10292816162109 8.10292530059814
8.11471652984619 8.11446762084961 8.11421966552734 8.11397361755371 8.11372852325439 8.11348247528076 8.11323547363281 8.11298847198486 8.11273956298828 8.1124906539917 8.1122407913208 8.11199188232422 8.11173057556153 8.1114616394043 8.11119270324707 8.11092662811279 8.11066055297852 8.11039352416992 8.11012554168701 8.1098575592041 8.10958957672119 8.10932064056396 8.10905075073242 8.1087818145752 8.10850811004639 8.10823059082031 8.10795402526855 8.10768032073975 8.10740661621094 8.10713195800781 8.10685634613037 8.10658073425293 8.10630416870117 8.1060266494751 8.10575008392334 8.10547256469727 8.1052303314209 8.10502243041992 8.10481452941895 8.1046085357666 8.10440063476562 8.1041955947876 8.10398864746094 8.10378074645996 8.10357284545899 8.10336494445801 8.1031551361084 8.10294723510742 8.10284042358398 8.10283660888672
8.11425590515137 8.11401653289795 8.11378002166748 8.11354446411133 8.11330890655518 8.11307334899902 8.11283779144287 8.1126012802124 8.11236572265625 8.11212730407715 8.111891746521 8.11165618896485 8.11140727996826 8.11114692687988 8.11088562011719 8.11062622070312 8.11036682128906 8.110107421875 8.10984897613525 8.10958862304688 8.10933017730713 8.10906982421875 8.10881042480469 8.10855102539062 8.10828399658203 8.10801029205322 8.10773944854736 8.10746669769287 8.10719585418701 8.10692405700684 8.10665321350098 8.10638046264648 8.10610961914062 -9999 -9999 8.10529327392578 8.10505485534668 8.1048469543457 8.10464000701904 8.10443305969238 8.10422801971436 8.10402202606201 8.10381698608398 8.10360908508301 8.10340309143066 8.10319519042969 8.10299015045166 8.10278415679932 8.10267925262451 8.10267543792725
8.1136360168457 8.1134090423584 8.11318397521973 8.11295890808106 8.11273384094238 8.11250972747803 8.11228561401367 8.112060546875 8.11183452606201 8.11161041259766 8.11138534545898 8.11116123199463 8.11092185974121 8.11067008972168 8.11041736602783 8.11016654968262 8.10991477966309 8.10966491699219 8.10941314697266 8.10916328430176 8.10891246795654 8.10866165161133 8.1084098815918 8.1081600189209 8.10790061950684 8.10763359069824 8.10736846923828 8.10710144042969 8.10683631896973 8.10657215118408 8.10630702972412 8.10604286193848 8.10577774047852 8.10551071166992 8.10492706298828 8.10466957092285 8.1047477722168 8.10454654693604 8.10434627532959 8.10414505004883 8.10394477844238 8.10374546051025 8.10354423522949 8.10334300994873 8.10314178466797 8.10294246673584 8.10274124145508 8.10254096984863 8.1024398803711 8.1024398803711
