Spatial_Analysis/Maxent_Inputs/Inputs/RCP8_5_Near/pH_near85.asc
NCOLS 638 
NROWS 314 
XLLCORNER -102.97071042 
YLLCORNER 3.973116569 
CELLSIZE 0.083 
NODATA_value -9999 
[rows 242 to 263 of 314, columns 150 to 199 of 638]
8.0907039642334 8.08966255187988 8.08862113952637 8.08758163452148 8.08654022216797 8.08550071716309 8.08445930480957 8.08341979980469 8.08237838745117 8.08133888244629 8.08029937744141 8.07926177978516 8.07817268371582 8.0770320892334 8.07589340209961 8.07475471496582 8.07361602783203 8.07247734069824 8.07133865356445 8.0702018737793 8.06906318664551 8.0679235458374 8.06678771972656 8.06565284729004 8.06446647644043 8.06322765350342 8.06199264526367 8.06075668334961 8.05952072143555 8.05828475952148 8.05705070495605 8.05581474304199 8.05457973480225 8.0533447265625 8.05210781097412 8.05086898803711 8.04962158203125 8.04836463928223 8.04710578918457 8.04584503173828 8.04458618164063 8.04332542419434 8.04206562042236 8.04080581665039 8.03954601287842 8.03828620910645 8.03702354431152 8.03575229644775 8.03452301025391 8.03333568572998
8.09055805206299 8.08951091766357 8.08846473693848 8.08741855621338 8.08637237548828 8.08532524108887 8.08427906036377 8.08323287963867 8.08218669891358 8.08114147186279 8.0800952911377 8.07905197143555 8.07795715332031 8.07681274414062 8.07566928863526 8.07452583312988 8.07338333129883 8.07223987579346 8.07109642028809 8.06995391845703 8.06881141662598 8.06766796112061 8.06652641296387 8.06538677215576 8.06419658660889 8.06295585632324 8.06171607971191 8.06047821044922 8.05924034118652 8.05800247192383 8.05676460266113 8.0555248260498 8.05428695678711 8.05304908752441 8.05181121826172 8.05056953430176 8.04931831359863 8.04806041717529 8.04679870605469 8.04553699493408 8.04427623748779 8.04301452636719 8.04175281524658 8.04049110412598 8.03922843933106 8.03796768188477 8.03670501708984 8.03543281555176 8.03418636322022 8.03296375274658
8.09041213989258 8.08935928344727 8.08830642700195 8.08725452423096 8.08620262145996 8.08515071868897 8.08409881591797 8.08304691314697 8.08199501037598 8.08094215393067 8.07989120483398 8.07884216308594 8.07774162292481 8.07659244537354 8.0754451751709 8.07429695129395 8.07315063476563 8.07200145721436 8.07085418701172 8.06970691680908 8.06855869293213 8.06741142272949 8.06626415252686 8.06511974334717 8.06392574310303 8.06268310546875 8.06144142150879 8.06020069122314 8.05895900726318 8.05771732330322 8.05647659301758 8.05523490905762 8.05399417877197 8.05275344848633 8.05151176452637 8.05027008056641 8.04901695251465 8.04775524139404 8.0464916229248 8.04522895812988 8.04396533966064 8.04270362854004 8.0414400100708 8.04017639160156 8.03891372680664 8.03764915466309 8.03638553619385 8.03511524200439 8.03385066986084 8.03259181976319
8.09026527404785 8.08920860290528 8.0881519317627 8.0871000289917 8.08604431152344 8.08498954772949 8.08393001556397 8.08286952972412 8.08180809020996 8.08074569702148 8.07968711853028 8.0786304473877 8.0775260925293 8.07637405395508 8.07522296905518 8.07407569885254 8.07292556762695 8.07177352905274 8.0706205368042 8.06946754455566 8.06831169128418 8.0671558380127 8.06600284576416 8.06485176086426 8.06365585327148 8.06241035461426 8.06116676330566 8.05992698669434 8.05868434906006 8.05744075775146 8.05619621276855 8.05495071411133 8.0537052154541 8.05245876312256 8.05121421813965 8.04996871948242 8.04871368408203 8.04744911193848 8.04618453979492 8.04492092132568 8.04365730285645 8.04239082336426 8.0411262512207 8.03986167907715 8.03859519958496 8.03733158111572 8.03606796264648 8.03479957580567 8.03351593017578 8.03221702575684
8.09012222290039 8.08907222747803 8.08802032470703 8.08696460723877 8.08590698242188 8.0848445892334 8.08378028869629 8.08271312713623 8.08164215087891 8.08056926727295 8.07949256896973 8.07841873168945 8.07731056213379 8.07616806030273 8.07502174377442 8.07387161254883 8.07271862030029 8.07156372070313 8.07040596008301 8.06924533843994 8.06808185577393 8.06691741943359 8.06575012207031 8.06458473205566 8.06338500976562 8.06214714050293 8.0609073638916 8.05966567993164 8.05842018127441 8.05717277526855 8.0559253692627 8.05467414855957 8.05342292785645 8.05217170715332 8.05091857910156 8.04966831207275 8.04841232299805 8.04714870452881 8.04588317871094 8.04461669921875 8.04335021972656 8.04208183288574 8.04081439971924 8.03954601287842 8.03827857971192 8.03701210021973 8.03574562072754 8.03448104858399 8.03318023681641 8.03184223175049
8.09003067016602 8.08897018432617 8.08791160583496 8.0868501663208 8.08578491210938 8.08471775054932 8.08364677429199 8.08257389068604 8.08149719238281 8.08041763305664 8.07933616638184 8.07826042175293 8.07714653015137 8.07599258422852 8.0748405456543 8.07368469238281 8.07252788543701 8.07136726379394 8.07020378112793 8.06903743743896 8.06786918640137 8.06669902801513 8.06552696228027 8.06435966491699 8.06315422058105 8.06190872192383 8.0606632232666 8.05941581726074 8.05816745758057 8.05691528320312 8.05566215515137 8.05440616607666 8.05315017700195 8.05189514160156 8.05063819885254 8.04938316345215 8.04812240600586 8.04685401916504 8.04558563232422 8.04431533813477 8.04304504394531 8.04177379608154 8.04050254821777 8.03923130035401 8.03795909881592 8.03668880462646 8.03541946411133 8.03415107727051 8.03283023834229 8.03145885467529
8.08998680114746 8.08890914916992 8.08783531188965 8.08676433563233 8.08569145202637 8.08461761474609 8.08354187011719 8.08246421813965 8.08138465881348 8.08030700683594 8.07923126220703 8.07815742492676 8.07703590393066 8.07586765289307 8.07469940185547 8.07353401184082 8.07236862182617 8.07120132446289 8.07003211975097 8.06886196136475 8.0676908493042 8.06651878356934 8.06535053253174 8.06418514251709 8.06297302246094 8.06171226501465 8.06045436859131 8.0591983795166 8.05793952941895 8.05668258666992 8.05542373657227 8.05416297912598 8.05290412902832 8.05164337158203 8.05038547515869 8.04912567138672 8.04785919189453 8.04658317565918 8.04530811309814 8.04403305053711 8.04275798797607 8.04148292541504 8.04020690917969 8.03893089294434 8.03765487670898 8.03637981414795 8.03510475158692 8.0338249206543 8.03249168395996 8.03110694885254
8.08995056152344 8.08886909484863 8.08778858184814 8.08670806884766 8.0856294631958 8.08454704284668 8.08346652984619 8.08238792419434 8.08130645751953 8.08022689819336 8.07914733886719 8.07807064056396 8.07694435119629 8.07576847076416 8.07459259033203 8.07341861724854 8.07224464416504 8.07107067108154 8.06989574432373 8.06872177124023 8.06754779815674 8.06637287139893 8.06519985198975 8.06402969360352 8.06281089782715 8.06154155731201 8.06027603149414 8.05900955200195 8.05774402618408 8.05647945404053 8.05521202087403 8.05394554138184 8.05268096923828 8.05141544342041 8.05014991760254 8.04888534545898 8.04761123657227 8.04633140563965 8.0450496673584 8.04376792907715 8.04248809814453 8.04120826721192 8.03992652893066 8.03864574432373 8.0373649597168 8.03608512878418 8.03480339050293 8.03351593017578 8.03217887878418 8.03079032897949
8.08991432189941 8.08882808685303 8.08774185180664 8.08665752410889 8.08557319641113 8.08448791503906 8.08340263366699 8.08231735229492 8.08123207092285 8.08014678955078 8.07906341552734 8.07798194885254 8.07685089111328 8.07566642761231 8.07448673248291 8.07330703735352 8.07212734222412 8.07094669342041 8.06976699829102 8.0685863494873 8.06740665435791 8.06622695922852 8.06504821777344 8.06387519836426 8.06264877319336 8.06137084960938 8.06009674072266 8.05882453918457 8.05755233764648 8.05627822875977 8.05500602722168 8.05373287200928 8.05245971679688 8.05118656158447 8.0499153137207 8.04864311218262 8.04736423492432 8.04607677459717 8.04479122161865 8.04350471496582 8.04221916198731 8.04093360900879 8.03964805603028 8.03836154937744 8.03707504272461 8.03578853607178 8.03450202941895 8.03320980072022 8.0318660736084 8.03047370910645
8.08987712860107 8.08878707885742 8.08769607543945 8.08660697937012 8.08551692962646 8.08442687988281 8.08333778381348 8.08224678039551 8.08115768432617 8.08006858825684 8.07897853851318 8.07789325714112 8.07675552368164 8.0755672454834 8.07438087463379 8.0731954574585 8.07200908660889 8.07082366943359 8.06963729858398 8.06845283508301 8.0672664642334 8.06608009338379 8.06489753723144 8.06371784210205 8.06248474121094 8.06120014190674 8.05991840362549 8.05863952636719 8.05735969543457 8.05607891082764 8.0547981262207 8.05352020263672 8.05223941802979 8.05095958709717 8.04967975616455 8.04840278625488 8.04711723327637 8.04582405090332 8.04453277587891 8.04324245452881 8.04195022583008 8.04065895080566 8.03936767578125 8.03807640075684 8.03678512573242 8.03549575805664 8.03420066833496 8.03290367126465 8.03155517578125 8.0301570892334
8.08984088897705 8.0887451171875 8.08765029907227 8.08655452728271 8.0854606628418 8.08436679840088 8.08327293395996 8.08217811584473 8.08108329772949 8.07998752593994 8.07889556884766 8.07780456542969 8.07666206359863 8.07546710968018 8.07427597045899 8.07308387756348 8.07189178466797 8.07070159912109 8.0695104598999 8.06831741333008 8.06712627410889 8.0659351348877 8.06474494934082 8.06355953216553 8.06232166290283 8.0610294342041 8.05974006652832 8.05845355987549 8.05716705322266 8.05587959289551 8.05459213256836 8.05330467224121 8.05201721191406 8.05073165893555 8.04944610595703 8.04816246032715 8.0468692779541 8.04557132720947 8.04427433013916 8.04297733306885 8.04168128967285 8.04038524627686 8.03908920288086 8.03779220581055 8.03649520874023 8.03520011901855 8.03390121459961 8.03259754180908 8.03124523162842 8.02984046936035
8.08980369567871 8.08870315551758 8.0876054763794 8.08650588989258 8.08540534973145 8.08430671691895 8.08320713043213 8.08210754394531 8.08100891113281 8.07990837097168 8.07881164550781 8.07771492004395 8.07656764984131 8.07536697387695 8.07416915893555 8.07297134399414 8.07177543640137 8.07057762145996 8.06937980651855 8.06818294525146 8.06698417663574 8.06578826904297 8.06459426879883 8.06340217590332 8.06215667724609 8.06085777282715 8.05956172943115 8.05826854705811 8.05697441101074 8.05567932128906 8.05438613891602 8.05309104919434 8.05179786682129 8.05050373077393 8.04921054840088 8.04792022705078 8.04662227630615 8.04531764984131 8.04401588439941 8.0427131652832 8.04141235351562 8.04010963439941 8.03880882263184 8.03750801086426 8.03620529174805 8.03490352630615 8.03360080718994 8.03229427337646 8.03093528747559 8.02952575683594
8.08976745605469 8.08866214752197 8.08755874633789 8.08645439147949 8.08535003662109 8.0842456817627 8.0831413269043 8.0820369720459 8.08093357086182 8.07983016967774 8.07872676849365 8.07762622833252 8.07647323608399 8.07526588439941 8.07406330108643 8.07285976409912 8.07165718078613 8.07045364379883 8.06925010681152 8.06804752349854 8.06684494018555 8.06564140319824 8.06444072723389 8.06324481964112 8.06199264526367 8.06068611145019 8.05938339233398 8.05808258056641 8.05678176879883 8.05548095703125 8.05418014526367 8.05287837982178 8.05157661437988 8.05027580261231 8.04897594451904 8.04767894744873 8.0463752746582 8.04506492614746 8.04375553131104 8.04244995117188 8.0411434173584 8.03983688354492 8.03853034973145 8.03722190856934 8.03591537475586 8.03460884094238 8.03330135345459 8.03199100494385 8.03062725067139 8.02921009063721
8.08973026275635 8.08862113952637 8.0875129699707 8.08640289306641 8.08529472351074 8.08418655395508 8.08307552337647 8.0819673538208 8.08085823059082 8.07975006103516 8.07864189147949 8.07753562927246 8.07637786865235 8.07516574859619 8.0739574432373 8.0727481842041 8.0715389251709 8.07033157348633 8.06912231445312 8.06791305541992 8.06670475006104 8.06549644470215 8.06428718566895 8.06308555603027 8.06182765960693 8.06051445007324 8.05920600891113 8.05789756774902 8.05658912658691 8.0552806854248 8.0539722442627 8.05266380310059 8.05135536193848 8.05004692077637 8.04874038696289 8.04743576049805 8.04612636566162 8.04481029510498 8.04349899291992 8.04218673706055 8.04087352752686 8.0395622253418 8.03824996948242 8.03693771362305 8.03562545776367 8.0343132019043 8.03300094604492 8.03168678283692 8.03031730651856 8.02889442443847
8.08969306945801 8.08857917785645 8.08746528625488 8.08635234832764 8.08523845672607 8.08412647247314 8.08301162719727 8.0818977355957 8.08078384399414 8.07967090606689 8.07855606079102 8.07744598388672 8.07628345489502 8.07506561279297 8.07385063171387 8.07263660430908 8.0714225769043 8.07020759582519 8.06899261474609 8.06777858734131 8.06656360626221 8.06534957885742 8.06413459777832 8.06292533874512 8.06166076660156 8.06034278869629 8.05902671813965 8.05771160125732 8.05639553070068 8.05508041381836 8.05376625061035 8.05245018005371 8.05113506317139 8.04981994628906 8.04850482940674 8.04719352722168 8.04587745666504 8.04455757141113 8.04323959350586 8.0419225692749 8.04060554504395 8.03928756713867 8.03797054290771 8.03665447235108 8.03533554077148 8.03401947021485 8.03270053863526 8.03138446807861 8.03000831604004 8.02857971191406
8.0896577835083 8.08853816986084 8.08742141723633 8.08630561828613 8.08519077301025 8.08407402038574 8.08295440673828 8.08183479309082 8.08071327209473 8.07959175109863 8.07847213745117 8.07735538482666 8.07618618011475 8.07496452331543 8.07374668121338 8.07253074645996 8.07131385803222 8.07009506225586 8.06887435913086 8.06765270233154 8.06642913818359 8.06520366668701 8.06398296356201 8.06276512145996 8.06149482727051 8.06017112731934 8.05885028839111 8.05753231048584 8.05621337890625 8.05489253997803 8.05357074737549 8.05224609375 8.05091953277588 8.04959297180176 8.04826927185059 8.04694938659668 8.04562759399414 8.04430389404297 8.04298210144043 8.04166412353516 8.04034423828125 8.03902435302734 8.03770065307617 8.036376953125 8.0350513458252 8.03372383117676 8.0324010848999 8.03107833862305 8.02969932556152 8.02826404571533
8.08962154388428 8.0885066986084 8.08739280700684 8.08627510070801 8.08515739440918 8.08403587341309 8.08291435241699 8.08178901672363 8.08065986633301 8.07952880859375 8.07839488983154 8.0772647857666 8.07609176635742 8.07487773895264 8.07366275787354 8.07244491577148 8.07122421264648 8.07000160217285 8.06877517700195 8.0675458908081 8.06631374359131 8.06507873535156 8.06383991241455 8.0626049041748 8.06132888793945 8.06001281738281 8.05869579315186 8.05737590789795 8.05605125427246 8.05472564697266 8.05339622497559 8.05206298828125 8.05072689056396 8.04938697814941 8.04804515838623 8.04670524597168 8.04537868499756 8.0440616607666 8.04274654388428 8.04142761230469 8.04010391235352 8.03877830505371 8.03744888305664 8.03611755371094 8.0347843170166 8.03344917297363 8.0321102142334 8.0307731628418 8.02938938140869 8.02795600891113
8.08961868286133 8.08850002288818 8.08738136291504 8.08626079559326 8.08513832092285 8.08401393890381 8.08288669586182 8.08175754547119 8.08062553405762 8.07949066162109 8.07835292816162 8.07721900939942 8.07604122161865 8.07482147216797 8.07360076904297 8.07237720489502 8.07115173339844 8.0699234008789 8.06869125366211 8.06745719909668 8.06622123718262 8.06497955322265 8.06373596191406 8.06249809265137 8.0612154006958 8.05989074707031 8.05856704711914 8.0572395324707 8.055908203125 8.05457496643067 8.05323791503906 8.05189800262451 8.05055522918701 8.04920959472656 8.04785919189453 8.04651546478271 8.04518127441406 8.04385757446289 8.04253578186035 8.04120826721191 8.03987979888916 8.03854846954346 8.03721332550049 8.03587627410889 8.03453636169434 8.03319263458252 8.0318489074707 8.03050804138184 8.02911567687988 8.02767562866211
8.08966064453125 8.08852958679199 8.08740234375 8.08627510070801 8.08514785766602 8.08401966094971 8.08288955688477 8.08175754547119 8.08062553405762 8.07949256896973 8.0783634185791 8.07723426818848 8.07605171203613 8.07481575012207 8.07358074188233 8.07234859466553 8.0711145401001 8.06988143920898 8.06864738464355 8.06741046905518 8.06616973876953 8.0649299621582 8.06369400024414 8.06245994567871 8.06117153167725 8.05982780456543 8.05848693847656 8.05714797973633 8.05580902099609 8.05446815490723 8.05312538146973 8.05178070068359 8.05043411254883 8.04908752441406 8.04774475097656 8.0464038848877 8.04506397247314 8.04372024536133 8.04238033294678 8.04104232788086 8.03970527648926 8.03836631774903 8.03702354431153 8.03568172454834 8.03433799743652 8.03299331665039 8.03165054321289 8.03030967712403 8.02891159057617 8.02745532989502
8.0897159576416 8.08858489990234 8.08745288848877 8.0863208770752 8.08518981933594 8.08405780792236 8.08292579650879 8.08179473876953 8.08066272735596 8.07953071594238 8.07839965820312 8.07726955413819 8.07608318328857 8.07484245300293 8.0736026763916 8.07236289978028 8.07112121582031 8.06988143920898 8.06864166259766 8.06740188598633 8.06616020202637 8.06492042541504 8.06368064880371 8.06244564056396 8.06115245819092 8.05980014801025 8.05845260620117 8.05710506439209 8.05575847625732 8.05440902709961 8.05306053161621 8.05171203613281 8.05036544799805 8.04901790618897 8.04767036437988 8.04632663726807 8.04497909545898 8.04362678527832 8.04227828979492 8.04092979431152 8.03958320617676 8.03823471069336 8.03688716888428 8.0355396270752 8.0341911315918 8.0328426361084 8.031494140625 8.03014755249024 8.02874183654785 8.02727794647217
8.08977222442627 8.08863925933838 8.08750534057617 8.08637237548828 8.08523845672608 8.08410453796387 8.08296966552734 8.08183670043945 8.08070278167725 8.07956886291504 8.07843589782715 8.07730388641357 8.07611465454102 8.07486915588379 8.0736255645752 8.07238006591797 8.07113456726074 8.06989097595215 8.06864452362061 8.06740188598633 8.0661563873291 8.06491184234619 8.06366920471191 8.06242942810059 8.06113052368164 8.05977344512939 8.05842018127441 8.05706596374512 8.05571365356445 8.05436134338379 8.05300712585449 8.05165481567383 8.05030059814453 8.04894828796387 8.0475959777832 8.04624843597412 8.04489421844482 8.04353332519531 8.04217910766602 8.04082298278809 8.03946876525879 8.03811264038086 8.03675842285156 8.03540229797363 8.03404808044434 8.03269195556641 8.03133773803711 8.02998447418213 8.02857208251953 8.02710056304932
8.08982753753662 8.08869361877441 8.08755683898926 8.08642196655273 8.08528518676758 8.08415031433106 8.08301544189453 8.08187866210938 8.08074378967285 8.0796070098877 8.07847213745117 8.07733821868897 8.07614612579346 8.07489585876465 8.07364654541016 8.07239723205567 8.07114791870117 8.06989860534668 8.06865119934082 8.06740188598633 8.06615257263184 8.06490421295166 8.0636568069458 8.06241226196289 8.06110954284668 8.05974578857422 8.05838775634766 8.05702972412109 8.0556697845459 8.05431175231934 8.05295372009277 8.05159568786621 8.05023574829102 8.04887771606445 8.04752159118653 8.04616928100586 8.04480934143067 8.04344177246094 8.04207801818848 8.04071617126465 8.03935337066651 8.03799057006836 8.03662872314453 8.0352668762207 8.03390407562256 8.03254318237305 8.03118133544922 8.02981853485107 8.02840042114258 8.02692317962646
