Spatial_Analysis/Maxent_Inputs/Inputs/RCP8_5_Near/salinity_near85.asc
NCOLS 638 
NROWS 314 
XLLCORNER -102.97071042 
YLLCORNER 3.973116569 
CELLSIZE 0.083 
NODATA_value -9999 
[rows 154 to 175 of 314, columns 450 to 499 of 638]
34.909616321358 34.9047402053797 34.9013384296466 34.8984857379475 34.8956580242765 34.8928355757771 34.8900132735699 34.8871923443609 34.8843670820337 34.8815432094106 34.8787209072034 34.8759005475408 34.8730709450113 34.8701998683586 34.8672502433421 34.8642586632475 34.86125629366 34.8582563581951 34.8552545242268 34.8522500318754 34.8492466178695 34.846247251951 34.8432458928548 34.8402409256313 34.8372385560438 34.8365656586346 34.8417348318211 34.8497932454867 34.8578493293259 34.8659034706205 34.8739595544597 34.8820136957543 34.8900721094199 34.8981281932591 34.9061807813362 34.9111488356939 34.9166265999202 34.9321997563004 34.9470805478621 34.9647824978163 34.9824794256338 35.0001706129152 35.0178656761566 35.0355563374406 35.0532476978573 35.0709400247469 35.0886304015154 35.1063186286769 35.1240070725226 35.1386309841917
34.9061244563337 34.9009582947616 34.8972504208387 34.8940789601748 34.8909347987813 34.8877986910212 34.8846605111302 34.8815251799789 34.8783878546652 34.875253032313 34.8721191247931 34.8689837936418 34.8658418603161 34.8626579962012 34.8593851926862 34.8560676106205 34.8527472405853 34.8494249720467 34.8461029444977 34.8427828594934 34.8394596412108 34.8361373726723 34.8328130152969 34.8294886579215 34.8261669928566 34.8250586858531 34.8294950266148 34.8366742388591 34.8438569205379 34.8510401201454 34.8582189187803 34.8653949977694 34.8725793880874 34.8797640123109 34.8869418004545 34.8941202188918 34.9012936840313 34.9105790799179 34.9254986851843 34.943619346135 34.9617299096415 34.9798341114478 34.9979408769629 35.0160454589669 35.0379824321884 35.0630351001004 35.0809029183243 35.0951850801257 35.1065642004193 35.1215779473224
34.9026280344228 34.8971697819692 34.8931558954013 34.8896728294246 34.886211366716 34.8827590699136 34.8793097940013 34.8758609149926 34.8724126834988 34.8689649435829 34.8655172477083 34.8620647438435 34.8586141561956 34.8551198699021 34.851522644969 34.8478813219425 34.8442428912046 34.8405980992589 34.8369550159525 34.833313357262 34.8296685653164 34.8260245499795 34.822382735375 34.8187407916767 34.8150994686502 34.8135551911202 34.8172575952532 34.8235558534187 34.8298650296786 34.8361740773369 34.8424775576174 34.8487806065749 34.8550839572462 34.8613940397012 34.8677034498665 34.8740039528058 34.8802985618328 34.8889557623505 34.9039164256029 34.9224553915172 34.9409823093738 34.9594992411664 34.9780170786617 34.9965376353105 35.0122432860489 35.0190696716309 -9999 35.0834669383617 35.0891171167152 35.1045192575073
34.8991303002839 34.8933809846611 34.8890554927575 34.885259544129 34.881485802265 34.8777224696962 34.8739604058064 34.8702014919008 34.8664413705557 34.8626758544527 34.8589126514701 34.8551487493549 34.8513885404195 34.8475854980453 34.8436631520691 34.839696785945 34.8357346926842 34.8317694661682 34.8278065694786 34.8238440621161 34.8198759873527 34.8159136602095 34.8119548895757 34.8079917518966 34.8040305638461 34.8020494181787 34.8050196282723 34.8104420248648 34.8158745634352 34.821305315398 34.8267357651316 34.8321659475479 34.8375942137703 34.8430272778458 34.848462536062 34.8538873065221 34.8593069870142 34.8673337737401 34.8823354175024 34.9012911954175 34.9202333629279 34.9391645607261 34.9580937035918 34.9770284654759 34.9959596632742 35.0121384665509 35.0260923820312 35.047826155339 35.0716704471359 35.0874619482899
34.8956352073299 34.8895918076479 34.8849545722081 34.8808464998458 34.8767625767697 34.8726855849402 34.8686099731931 34.8645397389826 34.8604646461487 34.8563852976728 34.8523087802229 34.8482341182198 34.8441644874828 34.8400470092392 34.8358037371147 34.8315124914294 34.8272282544668 34.8229425933805 34.8186594175422 34.8143771747419 34.8100894248188 34.8058062489805 34.8015251452731 34.7972394841868 34.7929578615661 34.7905397353732 34.7927821528694 34.7973317092714 34.8018848738007 34.8064391166755 34.8109951294521 34.8155493723269 34.8201053851035 34.8246607670711 34.8292200594181 34.8337726027832 34.8383122789175 34.8457130973576 34.8607535548246 34.880126335097 34.8994791604628 34.9188259876202 34.938170949709 34.9575198652107 34.9768652682444 34.9962086771156 35.0155547443701 35.0348985941862 35.0542272464758 35.0704142621371
34.8921306300041 34.8857921357715 34.8808487581006 34.8764332484773 34.8720414745309 34.8676502362036 34.8632594114858 34.8588734291778 34.8544847884866 34.8500956729233 34.8457054790145 34.8413162075143 34.8369365423728 34.8325034714762 34.8279386864359 34.8233236830609 34.8187200559464 34.8141139602898 34.8095092107883 34.8049055836738 34.800300264626 34.7956961626394 34.79109188801 34.7864872164771 34.781885159286 34.7790302596302 34.7805432968918 34.7842158358991 34.7878907047328 34.7915725382478 34.7952566165366 34.7989361202253 34.8026159261431 34.8062962064406 34.8099791451212 34.8136589343331 34.8173238880102 34.8241007834525 34.8391791924703 34.8589638046029 34.882899257059 34.9061335172715 34.9182469271241 34.9380123265623 34.9577718832135 34.9775294973202 34.9972898305803 35.0170453998914 35.0367886027022 35.0533731781587
34.8886222552253 34.8819863097726 34.8767418560486 34.8720190134606 34.8673160655014 34.8626162508205 34.8579154863955 34.853214480981 34.8485115330218 34.8438105276073 34.8391041107289 34.8344002130258 34.8297053349136 34.8249549627019 34.8200686039985 34.815132630434 34.8102121936052 34.8052855342844 34.8003567253565 34.7954296863305 34.7905016540114 34.7855799221529 34.7806582338434 34.7757335246436 34.7708124570059 34.7675190236071 34.7682995043224 34.7710974504587 34.7738994350606 34.7767053047288 34.7795059092253 34.782310457536 34.7851180267369 34.7879259928413 34.7907346064606 34.7935420030187 34.7963411328044 34.8024978683283 34.8176126498442 34.8378035011689 34.8549222338537 34.876629359277 34.9058136831428 34.9184987380645 34.9386727070136 34.9588482286879 34.9790247097281 34.999193741593 35.0193558017154 35.0363404050169
34.8851170137016 34.8781787234938 34.8726334346832 34.8676168685205 34.8626238041521 34.8576303793221 34.852620383429 34.8476020766994 34.8425765197652 34.8375472093734 34.8325143763992 34.8274911492914 34.8224755859976 34.8174052976366 34.812197338427 34.8069438828357 34.8016915597225 34.7964300008264 34.7911698144362 34.7859078586365 34.7806530305393 34.7754125727497 34.7701815562754 34.7649616989078 34.7597382015083 34.7560032306975 34.7560525784978 34.7579706777433 34.7598696421941 34.7617702631209 34.7636777191658 34.7655985598018 34.7675368528981 34.7694817896954 34.771442866725 34.7734034688826 34.775351602266 34.7808941937937 34.7960456930932 34.8166352934238 34.8372058612563 34.8547760940784 34.8728496771579 34.8989497216787 34.9195460507858 34.9401493541961 34.9607460731225 34.9813364303489 35.0019230346328 35.0193168752344
34.8817206490006 34.8744148673485 34.8685884163664 34.8633284103562 34.8580500051028 34.8527485835337 34.8474166266728 34.8420639043694 34.8367012132233 34.8313323947748 34.8259605716497 34.8205997182367 34.8152487896251 34.8098508078521 34.8043196185033 34.7987271225973 34.7931252451087 34.7875184735925 34.7819098987397 34.7763032127684 34.7707138131834 34.7651442469876 34.7595938828797 34.7540720943206 34.7485725727967 34.7444497479049 34.7437488270472 34.7447159790609 34.7456912764442 34.746686121224 34.7477042080573 34.7487474607904 34.7498140603655 34.7508992140213 34.7520119089216 34.7531385848254 34.7542717085356 34.7592499811286 34.7744331973641 34.7953788063075 34.8163367717061 34.8373215351981 34.8583262779021 34.8793472554899 34.9003765438913 34.9214151713341 34.9424484916323 34.9634726024753 34.9844895684176 35.0057100271785
34.8784697564359 34.8708752781746 34.8647872868615 34.8592794545011 34.8537629408431 34.848217703814 34.8426485002788 34.8370546725853 34.8314514891445 34.8258423246935 34.8202327192977 34.814630536234 34.8090408320586 34.8034111867332 34.7976563940041 34.7918483302373 34.7860281136012 34.7802072327443 34.7743816654146 34.7685599806135 34.7627579388452 34.7569736851552 34.7512084781085 34.7454712173317 34.7397523840105 34.7353108913962 34.7340530624503 34.7343555181776 34.7346534067894 34.7349763675885 34.7353203439031 34.7356872427979 34.7360808617949 34.7364972054619 34.7369328296548 34.7373864753161 34.7378434192532 34.742224888493 34.7570340288603 34.7777479052435 34.7984624796828 34.8192003052592 34.8399594485803 34.8607351026637 34.8815219158309 34.9023164971084 34.9231073421495 34.9438885636336 34.9646606202192 34.9786937234954
34.8753703007143 34.8675278923061 34.8612098800801 34.8554696338015 34.8497469609094 34.8440204389464 34.838281954986 34.8325339765855 34.8267798708825 34.8210191361622 34.8152617412671 34.8095076522701 34.8037655060269 34.7979904015209 34.7920988214319 34.7861809328508 34.7802646749864 34.7743490646368 34.7684308910708 34.7625134763999 34.7566049081619 34.7507049018413 34.7448166408339 34.7389399555269 34.7330601794531 34.7283863620334 34.7267363747015 34.7265974726317 34.7264594500587 34.7263251469702 34.7261973437824 34.726074243258 34.7259698800407 34.7258825191635 34.7258045494908 34.7257221788227 34.725631928664 34.7294081890862 34.7434794768531 34.7633960857465 34.7832989708855 34.803200190396 34.8231063980931 34.8430251889749 34.8629544063501 34.8828839867017 34.9070960633016 34.9305924427108 34.9426431088198 34.956138389711
34.8723493288181 34.8642166950825 34.8576930415741 34.8517653825367 34.8458617432223 34.8399603319528 34.8340538448833 34.8281500769673 34.8222433053824 34.8163368183359 34.8104296154279 34.8045209448473 34.7986312935975 34.7927214135845 34.7867039920347 34.7806669314833 34.7746550818806 34.768647979521 34.7626398327429 34.7566316859649 34.7506241087332 34.7446181454664 34.7386155048036 34.732613624536 34.7266247896961 34.7217839154251 34.7197459518581 34.7191294329753 34.7185538693319 34.7179775458086 34.7174028878909 34.7168287479017 34.7162546078896 34.7156859739928 34.715120189328 34.7145493288863 34.7139744391085 34.7171819335078 34.7304622874629 34.7494542289189 34.768442519191 34.7874279101133 34.8064076040486 34.8253944697048 34.8443858416143 34.8674702683542 -9999 -9999 34.9331939368678 -9999
34.8693366950939 34.8609002246186 34.8541768581594 34.8480800053025 34.8420117477303 34.8359447588602 34.8298768637951 34.8238074671301 34.8177400980624 34.8116753362524 34.8056069232586 34.7995436878462 34.7935053580774 34.7874549032968 34.7813093868753 34.7751543891743 34.7690330524437 34.7629214511658 34.7568117924324 34.7507001911545 34.7445905324211 34.7384789311432 34.7323716022362 34.7262658265468 34.7201923590973 34.7151947511342 34.7127713745713 34.7116595312964 34.7106071203577 34.7095701337897 34.7085321367076 34.7074991890976 34.7064637557472 34.7054253450556 34.704386415943 34.7033511380143 34.7023117178161 34.7049670101485 34.7174482141297 34.7355041650515 34.7535616686984 34.7716211153824 34.7896739330489 34.8077291068695 34.8257866110088 34.8408387742145 34.8470115661621 -9999 -9999 34.903957403627
34.8663252181532 34.8575800953943 34.8506561168505 34.8444000572227 34.8381636851612 34.8319331214671 34.8257059153118 34.8194751106511 34.8132432519272 34.8070165641929 34.8007849560804 34.7945650502474 34.7883765231617 34.7821846471507 34.7759149710876 34.7696435215773 34.7634110402051 34.7571947937166 34.7509799718442 34.7447637253557 34.7385504567008 34.7323370584597 34.7261239452265 34.7199205137827 34.7137663676518 34.7086057250437 34.7057982649113 34.7041901652138 34.7026584212394 34.7011597616279 34.6996556120918 34.6981570982801 34.6966595777614 34.6951556013605 34.6936520213708 34.6921528433384 34.6906545193908 34.6927614253153 34.7044392849431 34.7215554129197 34.7386801975111 34.7558067864237 34.772932364845 34.7900612663857 34.8071892789296 34.8243164373886 34.8359446351159 -9999 34.8877414305753 34.8906796122413
34.8633036696035 34.854251533816 34.8471313365837 34.8407156297095 34.8343171585884 34.8279248416128 34.8215340606335 34.8151439448827 34.8087506781631 34.8023602773814 34.7959679604058 34.7895877932464 34.7832471187224 34.7769106365623 34.7705170863578 34.7641264659077 34.7577853079435 34.751468170687 34.7451510334304 34.7388315663475 34.7325112958127 34.7261954707842 34.7198769094039 34.713576133072 34.707338650346 34.7020109685543 34.698815911892 34.6967152317533 34.6947087728923 34.6927464632732 34.6907792601188 34.6888122979311 34.6868499883119 34.6848837688287 34.682917471377 34.6809547815603 34.6790003934506 34.6805616488495 34.6914359914809 34.7076107605161 34.7237997272161 34.7399963405318 34.7561952588762 34.7723913461715 34.7885900483241 34.8047886041844 34.8158144776452 -9999 34.864783192738 34.8676759848444
34.860278944765 34.8509207710359 34.8436052445812 34.8370273703007 34.8304649790699 34.8239129196811 34.8173597379055 34.8108090246719 34.8042569652831 34.7977037835075 34.7911501709011 34.7846052726037 34.7781071247228 34.7716283151374 34.7651108639713 34.7586102379953 34.7521644348206 34.7457430664554 34.7393229931199 34.7328983628978 34.7264723080598 34.7200503701481 34.7136292523942 34.7072261606552 34.700898315413 34.6954030248915 34.6918232103247 34.6892401251577 34.6867634141146 34.6843328287622 34.6819014404733 34.6794713467217 34.6770407613693 34.674611288782 34.6721839313821 34.6697542517324 34.6673419435216 34.6683579285695 34.6784290559414 34.6936659182484 34.7089220099787 34.7241895458008 34.7394598792372 34.7547223321754 34.7699875381711 34.7852564986093 34.7973798026358 34.806720596603 34.8249161398166 34.8446877281092
34.8572501029771 34.8475881704997 34.8400750528506 34.8333399219203 34.826614827664 34.8199019034751 34.813189928538 34.8064766681929 34.799760119148 34.7930443902608 34.7863274787319 34.7796212848267 34.7729597858901 34.7663383035706 34.7596989714408 34.7530885297572 34.7465418358144 34.740016029301 34.7334903959228 34.726962026193 34.7204350805868 34.7139092740734 34.7073836406953 34.7008721497958 34.6944417552411 34.6887752311335 34.6848120822706 34.6817547135401 34.6788146203219 34.6759194357331 34.6730249153651 34.6701323891595 34.6672372045707 34.6643409239228 34.6614446002182 34.6585524096765 34.6556816558594 34.6561465181478 34.665417071445 34.6797175630202 34.6940442927414 34.7083787126043 34.7227168869096 34.7370546471132 34.7513887824606 34.7657255321499 34.7800656489998 34.79438474325 34.8086236230681 34.8217196839761
34.8542228144297 34.8442567434987 34.8365434977666 34.8296495129045 34.8227683010912 34.8158937790425 34.8090160290413 34.8021389002271 34.7952617197953 34.7883835465628 34.7815084888949 34.7746387646993 34.7678055091961 34.7610322221636 34.7542756084679 34.7475625663922 34.7409159137117 34.7342883618529 34.7276593347451 34.7210271136118 34.7143972319267 34.7077668318206 34.7011378047128 34.6945151620874 34.6879701529643 34.6821196389279 34.6777739227559 34.6742556302781 34.6708621237275 34.6675043770984 34.6641453354396 34.6607899186368 34.6574335961314 34.6540728458333 34.6507119659489 34.6473546329293 34.6440175195729 34.6439264166918 34.6523986918136 34.6657629852999 34.6791599733067 34.6925650048327 34.7059766648839 34.7193865651474 34.7327903112656 34.7461976989457 34.7596070296629 34.773002845165 34.7863274496354 34.7987843318258
34.8511944910628 34.8409198705915 34.8330115973967 34.8259600703616 34.8189219471612 34.8118874493093 34.8048551253697 34.7978238645998 34.7907790106005 34.7837320844704 34.7766906993902 34.7696540175118 34.7626474011218 34.7557083795212 34.7488346295441 34.7420354978386 34.7352946608835 34.7285655874477 34.721840640583 34.715109427185 34.7083737272694 34.7016292315081 34.6948905618278 34.6881563705732 34.6814833627827 34.6754281176803 34.670708541447 34.6667482260654 34.6629132519893 34.6590929169922 34.6552715031571 34.6514506760667 34.647627502444 34.6437989679906 34.639976432261 34.6361535943023 34.632345452155 34.6316956477529 34.6393731915869 34.6518069399299 34.6642774141748 34.6767539377537 34.6892351063018 34.7017049770502 34.7141784969601 34.7266655933706 34.7391491869347 34.7516206109237 34.764041147318 34.7758850641391
34.8481718550841 34.8375837571178 34.8294795238917 34.8223003384155 34.8151789800167 34.8080592376281 34.8009176261154 34.7937469317089 34.7865342842236 34.7792859501472 34.7720069176891 34.7647193819698 34.7574859800424 34.7503695803189 34.7433860627524 34.7365375015193 34.7297693988135 34.7230077707411 34.7162206593181 34.7093955902023 34.7025421971109 34.6956579057054 34.6887569065437 34.6818452302312 34.6749896621213 34.6686962143082 34.6636225556941 34.6592666509816 34.6550168768265 34.6507595264247 34.6464816272416 34.6421846029085 34.6378726219925 34.6335562294974 34.6292501420013 34.6249526847921 34.6206693290733 34.619448697101 34.6263342095341 34.6378440605025 34.6493638397488 34.6608719065554 34.6723817685538 34.683896367704 34.6954304099316 34.7069955914398 34.7185836864905 34.7301868333367 34.7417547391814 34.7576837844449
34.8453654554597 34.8343234182684 34.8261020589324 34.8189690648378 34.8118232154654 34.8046324472413 34.7973776057267 34.7900650177326 34.7826877965463 34.7752424195854 34.767732279846 34.7601617255833 34.7525679377278 34.7451202953313 34.7380951856515 34.7313681883214 34.7246248323518 34.7178313186868 34.7109683815298 34.7040402917749 34.6970586235924 34.6900255524248 34.682943036462 34.6758240735586 34.6686975743275 34.6620421330313 34.6566276368217 34.6519808812614 34.6473183548371 34.6426015781191 34.6378341997995 34.6330328081395 34.6282075005835 34.6233752010107 34.618552921406 34.6137509910738 34.6089846009947 34.6071958606515 34.6132643504792 34.6237955626479 34.6343114729709 34.6448187945565 34.6553350304523 34.6658726696607 34.6764411621111 34.6870521250307 34.6977183562657 34.7084512670344 34.7192313778793 34.7268457408741
34.8441113447161 34.8328909391027 34.8244915010144 34.8171905273654 34.8099051777797 34.8025653957733 34.7951599868352 34.7876911086183 34.7801560004885 34.7725504918333 34.7648835860531 34.7571514148105 34.7493982640728 34.7418253054707 34.7346917475699 34.7278701389302 34.7210592177849 34.7141857427541 34.707241738127 34.7002342470228 34.6931683179059 34.6860487329313 34.6788795295798 34.6716725159272 34.6644578233098 34.6576648910418 34.6519500156915 34.6469202220993 34.6418888856332 34.6368018647733 34.631661031134 34.6264842679604 34.6212859531365 34.6160812254871 34.6108806825955 34.6057046580658 34.600564243597 34.5982710672849 34.6035010805772 34.6130150813194 34.6225007474793 34.631978014697 34.6414694183169 34.6509800508448 34.6605212252333 34.670111196879 34.679753606806 34.6894662000359 34.6992309961094 34.7063242048635
