Spatial_Analysis/Maxent_Inputs/Inputs/RCP8_5_Near/salinity_near85.asc
NCOLS 638 
NROWS 314 
XLLCORNER -102.97071042 
YLLCORNER 3.973116569 
CELLSIZE 0.083 
NODATA_value -9999 
[rows 220 to 241 of 314, columns 550 to 599 of 638]
34.1108226146835 34.1050239146634 34.0992180499836 34.0934208763381 34.0876216067716 34.0818146976734 34.0760140551087 34.0702124627999 34.0644213987432 34.0591242141494 34.0560397522162 34.0554224590094 34.0548459812956 34.0542840298034 34.0537224068681 34.0531593162602 34.052598314512 34.0520340331935 34.0514664292479 34.0509002053848 34.0503573769814 34.0503056521869 34.0526598436197 34.0579280475642 34.0633040082528 34.0687144338332 34.0741242382263 34.0795350779084 34.0849483517361 34.0903581561293 34.0957674425938 34.1011776611117 34.1066001332268 34.1129137823369 34.1251511403965 34.145366267726 34.16565424897 34.1859646885286 34.2062798753303 34.2265928786207 34.2469049321672 34.2672190745504 34.2875320778409 34.3078441313873 34.3281720461657 34.3489227979272 34.3731943931516 34.4026285347682 34.4321589110455 34.4617205414832
34.1047905612659 34.0983277399764 34.091855572069 34.0853706401964 34.0788662652235 34.0723361016636 34.0657931478109 34.0592437208547 34.0527104730737 34.046643693173 34.042578753305 34.0407466336871 34.0389700436257 34.0372206850261 34.0354650872285 34.0336938256235 34.0319038190433 34.0300929447466 34.0282584830878 34.0264182201228 34.0246051931432 34.0233188475214 34.024649581695 34.0291655815468 34.0337965452905 34.038459453789 34.0431109450158 34.047747522201 34.052374201382 34.0569824545686 34.0615807383972 34.0661831391522 34.0707977504936 34.0763503510479 34.0881821801666 34.1084792533794 34.1288565613053 34.1492438816228 34.1696300628245 34.1900139141999 34.2103919399867 34.2307624578736 34.2511252076271 34.271487051678 34.2918534768979 34.3126423138771 34.3370475925737 34.366763374273 34.3965731129628 34.4264025316426
34.0989686638066 34.091870454717 34.0847423248851 34.077572544719 34.0703611390162 34.0631111210906 34.0558187440533 34.0484928811803 34.0411453375013 34.0342034369863 34.0291430442819 34.0261998779411 34.0233067643832 34.0204031249962 34.0174625045037 34.0144821842903 34.0114601869225 34.0084007072952 34.0052995601354 34.0021615766851 33.9990106135772 33.9963788085998 33.9966477703396 34.0005193872591 34.0044697230848 34.0084006258555 34.0122921741681 34.0161452904543 34.0199700291246 34.0237683762727 34.027540908506 34.0313051293875 34.0350722926525 34.0398104241138 34.0512158398327 34.0716449087665 34.0921316522254 34.1126124683143 34.1330764283322 34.1535305242961 34.1739693442496 34.1943916544257 34.2148003704106 34.2352015617895 34.2555936378723 34.2763892607748 34.3009040427007 34.3309406048403 34.3610402018203 34.391136822421
34.0951726667249 34.0875693362509 34.0799195818948 34.0722245432648 34.0644842973216 34.0567015206545 34.0488704818798 34.0409936404102 34.0330807823542 34.0255402787583 34.0197477498361 34.0158978273852 34.0121216256245 34.0083153816959 34.004461411302 34.0005537501155 33.9966019169048 33.9926143880652 33.9885815410246 33.9844994385834 33.9803807332806 33.9767879550103 33.9761600575911 33.9791942661787 33.9823246123363 33.9854089923086 33.9884456533919 33.9914398607351 33.9943966971991 33.99732767623 34.0002329279825 34.0031163602521 34.0060011898253 34.0098843496741 34.0206389622343 34.0406908378442 34.0608035552764 34.080901722697 34.1009775274391 34.1210407489965 34.141087745315 34.1611156681471 34.1811306787224 34.2011367750106 34.2211253333164 34.2415238457384 34.2658094571925 34.2958603024194 34.3259693923248 34.3560652510385
34.0940552417078 34.0861019392959 34.0781365625674 34.0701442420143 34.0621154740214 34.0540545745084 34.0459633893003 34.0378602831519 34.0297629585967 34.0220201492655 34.0158393466172 34.0113832633747 34.0069930287475 34.0026079195615 33.998219247366 33.9937941201771 33.9893331657277 33.9848480210038 33.9803289657287 33.9757977561232 33.9712739420986 33.9672654483456 33.9659436442794 33.9678965590345 33.9699724178766 33.9720464203031 33.9741102737365 33.9761461125763 33.9781518646916 33.9801384041125 33.98211296483 33.9840775121941 33.9860558674035 33.9890464660218 33.9988405412007 34.0178037411502 34.0368544260174 34.0559138024569 34.0749676550906 34.0940136884885 34.113047009608 34.1320643636763 34.1510758481377 34.1700859089906 34.1890923526099 34.208556532066 34.2321366736186 34.2617800481165 34.2915070417095 34.3212362360578
34.0940210934191 34.0858043420975 34.0775904394926 34.0693697970053 34.0611358626019 34.0528944795615 34.0446466837184 34.0363991718756 34.028166746156 34.0202633204597 34.0137993163959 34.0089310226345 34.004106772811 33.999297488654 33.9944943596041 33.9896827379912 33.9848612078365 33.9800282685247 33.9751836679676 33.9703449355173 33.9655323176273 33.9611978683742 33.9592204532198 33.9601130204431 33.9611186120438 33.9621469283147 33.9631836004482 33.9642139630376 33.9652379305379 33.9662519119972 33.9672618109496 33.9682731507316 33.9693029235692 33.9713440447425 33.9800513640141 33.9977196365324 34.0154971081472 34.0333048396676 34.0511185015652 34.0689272607981 34.086732378492 34.1045288563 34.1223264124536 34.1401263080554 34.1579347458385 34.1762465120381 34.1989349919528 34.2280679564736 34.2572875244687 34.2865297057767
34.094091668117 34.0856586875213 34.077222970574 34.0687879011415 34.0603521841941 34.0519188234008 34.0434862397087 34.0350496170587 34.0266216656838 34.0185136562906 34.0117630390941 34.0065223898945 34.0013217532284 33.9961350393333 33.9909443720252 33.9857572171853 33.9805720565078 33.975384237447 33.9701943902967 33.9650037229886 33.9598431804092 33.9551257861641 33.9524802314541 33.9523613880417 33.9523445435631 33.9523690426662 33.9523936880615 33.9524219846407 33.9524503328376 33.952477965196 33.9525002807649 33.9525254957066 33.952583053823 33.9536590935683 33.9612706262426 33.9776604314659 33.9941770567523 34.010752511985 34.0273291412223 34.0439066245446 34.0604827277845 34.077054799643 34.0936307297477 34.1102063145667 34.1268013495471 34.1439357776487 34.1657220110103 34.1943701566315 34.2230943734143 34.2518588802081
34.094164124074 34.0855263668873 34.0768861922839 34.068249211706 34.0596104612263 34.0509750338659 34.0423391316335 34.0337010119628 34.0250736341982 34.016755318778 34.0097186058849 34.0041093556666 33.9985355601105 33.9929827036245 33.9874308399392 33.9818767927198 33.9763250753267 33.9707753004782 33.9652201141659 33.9596686377623 33.9541569962269 33.9490370995021 33.945719511586 33.9446023581058 33.9435750922468 33.9426026436049 33.9416323952032 33.9406649955411 33.9396938414367 33.9387213927948 33.9377494357539 33.9367821646933 33.935864417867 33.9359700183606 33.9424790133875 33.9576045575875 33.9728615278474 33.988203731167 34.0035514578461 34.0189026974857 34.0342514518772 34.0495958043115 34.0649416324873 34.0802900066812 34.0956629138977 34.1116109068341 34.1324948931504 34.1606669448103 34.188905857192 34.2171918956415
34.0942367698951 34.085393623022 34.0765513813591 34.0677130764034 34.0588695493326 34.0500281110987 34.0411890026911 34.0323506977353 34.0235229620428 34.0149886699594 34.0076641871271 34.0016900893477 33.9957505405278 33.9898305061392 33.9839161687375 33.9779986980806 33.9720806062366 33.9661635496815 33.960248927272 33.9543364271111 33.9484615180293 33.9429293393537 33.9389412714492 33.9368341445501 33.9348042952446 33.9328311783656 33.9308665454583 33.9289034753904 33.9269352009211 33.9249679096305 33.9230037951442 33.9210422514508 33.9191427022959 33.9182649937923 33.9236757833282 33.9375445662675 33.9515498313304 33.9656576254612 33.9797772874304 33.993897993818 34.0080165774416 34.0221340123505 34.0362558578539 34.050375994695 34.064522217284 34.0792783459008 34.09925737564 34.1269534619172 34.1547153472996 34.1825244878436
34.0943086563057 34.0852625877958 34.0762196520488 34.0671773643091 34.0581312957992 34.049086651413 34.0400429390573 34.0310000038026 34.0219705296076 34.013217084549 34.0056068421765 33.9992707886093 33.9929666772363 33.9866824428014 33.9804026366515 33.9741215354719 33.9678400206828 33.9615553721232 33.9552763597804 33.9490000225497 33.942755260476 33.936806907184 33.9321494983837 33.9290570237914 33.9260332815813 33.9230647793272 33.9201014551239 33.9171404536628 33.9141749459483 33.9112158941159 33.9082572224812 33.905301164696 33.9024120288887 33.9005425527592 33.9048538083166 33.9174676242021 33.9302305828721 33.9431099057676 33.956004161433 33.9688934972126 33.981783118023 33.9946727211199 34.0075651901547 34.0204575032755 34.0333778274674 34.0469334958972 34.0660044266748 34.0932312272428 34.1205223688651 34.1478564588587
34.0943820787356 34.0851329766934 34.0758877673169 34.0666419883941 34.0573941813816 34.0481461237578 34.0388987916174 34.0296496895752 34.0204163885331 34.011440036057 34.0035434645749 33.9968471208256 33.9901805180455 33.9835333785713 33.9768879654498 33.9702422500992 33.9635968369778 33.9569499825343 33.9503036196689 33.9436628925278 33.9370490981124 33.9306780799022 33.9253461521326 33.9212678888792 33.9172582117158 33.9132980005607 33.9093384536263 33.905380331308 33.9014223375912 33.8974664423331 33.8935080861094 33.889559206658 33.8856697139491 33.8827928833171 33.8860000206971 33.8973720734083 33.9089088223456 33.9205602187546 33.9322237857235 33.9438867219063 33.9555512209286 33.9672132078598 33.9788766624636 33.9905380282077 34.0022259206443 34.0145774433066 34.0327421903318 34.0595036074552 34.0863226495176 34.1131890510608
34.0944545346926 34.0850029858857 34.0755554684603 34.0661036786638 34.0566530796009 34.0472034733386 34.0377528742758 34.0283032680135 34.0188622474586 34.0096620555346 34.0014766692026 33.9944218730041 33.9873966375557 33.9803838911099 33.9733744333639 33.9663641554601 33.9593539211053 33.9523422190778 33.9453327613318 33.9383241920672 33.9313391989971 33.9245406056276 33.9185293245706 33.9134741530621 33.9084827793892 33.9035284682441 33.8985754521287 33.8936211409836 33.8886692639611 33.8837153330136 33.8787608922822 33.8738108534851 33.8689129441646 33.865013490127 33.8671183906116 33.877257957412 33.8875829448698 33.898011644999 33.9084453429597 33.9188799294018 33.9293161910712 33.9397505097037 33.9501897487144 33.9606228771286 33.9710740745914 33.982215168224 33.9994715915115 34.0257708688111 34.0521272972384 34.0785233519022
34.0945229081427 34.0848696208332 34.0752193113573 34.065567163656 34.0559138763465 34.0462612370442 34.0366065256111 34.0269546629176 34.0173081063841 34.0078838679499 33.9994094941249 33.991996211058 33.9846127742642 33.9772359831938 33.9698611862858 33.9624869928514 33.9551129214267 33.947733282109 33.940358485201 33.9329850683754 33.9256269700784 33.918395682693 33.9117105028691 33.9056821258841 33.8997126030819 33.8937628285933 33.8878140038487 33.8818642293602 33.875913851398 33.8699612286621 33.8640124039176 33.858062629429 33.8521490639219 33.8472045989794 33.8481966026392 33.8571214863136 33.8662586206345 33.8754637790132 33.8846679445913 33.8938754327964 33.9030838707455 33.9122895986706 33.9214967243688 33.9307065864415 33.9399218928746 33.9498432700768 33.9661915939102 33.9920313978911 34.0179310908513 34.0438553229172
34.0946122424536 34.0847970713075 34.0749821335515 34.0651561070807 34.0553067610574 34.0454347090692 34.0355388798549 34.0256342552871 34.0157516354832 34.0060992852301 33.9973384263816 33.9895709632365 33.9818519849755 33.9741721227666 33.9664860476874 33.9587796227975 33.9510436224282 33.9432753264413 33.935485816937 33.927688952909 33.919918495602 33.9122512776871 33.9048905420519 33.8978900987062 33.8909622044782 33.8840746170129 33.8771827592219 33.8702651401565 33.8633201023027 33.8563497775541 33.8493560385556 33.8423525888792 33.8353835190813 33.8293675742586 33.8292366995988 33.8369810608405 33.8449530661264 33.8529679428226 33.860977901186 33.8689697620889 33.8769433696174 33.8849029698146 33.8928535595272 33.9008045197927 33.9087712380476 33.9174756443235 33.9329095074721 33.958292962283 33.9837406660345 34.0092028018255
34.0948905359341 34.0849551079492 34.0749971375129 34.0650088494538 34.0549756051623 34.044895316294 34.0347624681265 34.0245807188819 34.014371723453 34.0043607929116 33.9952974980433 33.9873093112007 33.9793861347846 33.9714497234543 33.9634700482714 33.955438496216 33.9473443557639 33.9391883691043 33.9309742557447 33.9227123292754 33.9144210677621 33.9061717353473 33.8981077025423 33.8902663538096 33.8825114390674 33.8747343568949 33.8669053375263 33.859020789609 33.8510770974164 33.8430749069104 33.8350244978229 33.8269317554361 33.8188210785711 33.8115841018348 33.8102700976506 33.8169817363183 33.8238624224419 33.8307109014311 33.8375195348538 33.8442780339705 33.8509935001328 33.8576860948174 33.8643609282437 33.8710232893505 33.8776935127036 33.8851267149119 33.8996313020326 33.9245980223876 33.9496135875407 33.9746251749526
34.0916830063999 34.081630358581 34.0715502748445 34.0614310002092 34.0512658373341 34.0410471396033 34.0307672173675 34.0204199595378 34.010010569478 33.9998002114779 33.9905844369741 33.9824667625556 33.9744457086251 33.966378206576 33.9582442574145 33.9500509387023 33.9417927018128 33.9334609584552 33.925061059346 33.9165910984053 33.9080556117461 33.8995447548915 33.8911152692711 33.8827458169883 33.874495238537 33.8661822185652 33.8577972884224 33.8493444531164 33.8408243171284 33.8322391576592 33.8235979173163 33.8148993957671 33.8061542073469 33.798248280668 33.7961602915565 33.8019538811604 33.8079206090185 33.8138232728072 33.8196601445748 33.8254443532852 33.8311792453326 33.8368887026859 33.8425777403976 33.8482492745465 33.8539191851087 33.8603667258569 33.8740268047586 33.8983470435545 33.9227178874973 33.9470788674089
34.0830407563605 34.0728681336577 34.0626933720233 34.0524924942986 34.0422597872831 34.0319858785235 34.0216689277489 34.0113276024586 34.0009798796104 33.990855421136 33.9816921968797 33.9735837929849 33.9655339691961 33.9574952361833 33.9494381724806 33.941341459759 33.9331978493139 33.9250001760164 33.9167593144116 33.908489857561 33.9002173080658 33.8919678447242 33.8836607111943 33.8752478616399 33.8669127988093 33.8585762157424 33.8502249273341 33.8418302096521 33.8333853141838 33.8248892212858 33.8163540225874 33.8077987288056 33.7992544286406 33.7915590633901 33.7893124801882 33.7943601522533 33.7996307342799 33.8049030078091 33.8101582183427 33.815380711104 33.8205670576698 33.8257318450089 33.8308794482355 33.8360235289028 33.8411801487363 33.8471069196982 33.860054908085 33.8833730147245 33.9067637094843 33.9301597119269
34.072486543282 34.0622287797546 34.0519742790687 34.0417160760965 34.031447619789 34.0211640343246 34.010866526135 34.0005737641808 33.9902918858556 33.9802311151301 33.9711820897578 33.9632645529509 33.955346678957 33.9474440464851 33.9395511600723 33.9316455862016 33.9237248659758 33.9157861582315 33.9078405197789 33.899893024872 33.8919570347582 33.8840181391722 33.875991573403 33.8678520223212 33.8597258578299 33.8516132692779 33.843510874814 33.835398443699 33.8272647637012 33.8191146757532 33.810955853268 33.802799212794 33.7946843668782 33.7874086627366 33.7851819781054 33.7896775109906 33.7944099555318 33.799206054223 33.8040075997594 33.8088011367341 33.8135817007278 33.8183559647992 33.8231234439392 33.8278957133558 33.8326801158597 33.8382178007989 33.8504923946022 33.872701665727 33.8950049627042 33.91733042445
34.0620315814715 34.0517401246153 34.0414412449117 34.0311453597476 34.0208537469545 34.0105586652423 34.0002606912413 33.9899690784482 33.979670113692 33.9695972305933 33.9606604418545 33.9529950380664 33.9453131412067 33.9376210168012 33.9299259666723 33.9222329441406 33.9145439266626 33.9068541320835 33.8991644934183 33.8914718510842 33.8837756102447 33.8760642842437 33.8683120511442 33.8605081088844 33.8526921261205 33.8448752376539 33.8370575457354 33.8292416070128 33.821417787792 33.8135979123623 33.8057810238957 33.7979621928844 33.7902006517028 33.7832667778285 33.7810303101382 33.7850487659293 33.7893019615026 33.7936608199374 33.7980232516104 33.8023853379977 33.8067477696707 33.8111083028405 33.8154700090302 33.8198344348656 33.8242164366646 33.8293495601995 33.8409446037969 33.8620535765036 33.8832738249613 33.9045465942904
34.0515803822252 34.0412698690809 34.0309516313754 34.0206335394698 34.010320523364 34.0000038560744 33.9896877067133 33.9793704182365 33.9690423605182 33.9589573650692 33.9501318632199 33.9427210437715 33.9352804489113 33.9278213576877 33.9203593058517 33.912898790012 33.9054400268529 33.8979813492387 33.8905237256877 33.8830603616007 33.8755919682929 33.8680998398006 33.8606182800952 33.8531558916952 33.8456668090286 33.8381615258748 33.8306576663522 33.8231552314457 33.815649663284 33.8081458037614 33.8006410390286 33.793136790179 33.7857149965205 33.779094419876 33.7768418919867 33.7804100854371 33.7842048764384 33.7881331651677 33.7920733050294 33.7960118476322 33.7999527641027 33.803893144954 33.8078359599278 33.8117784296159 33.8157572799365 33.820482658133 33.8313967785262 33.8514127885873 33.871550014899 33.8917688393001
34.041129356114 34.0307939778221 34.0204577110487 34.0101205456567 33.9997859708166 33.9894473813009 33.9791135830696 33.9687700493857 33.9584099208717 33.9483146512977 33.9396032845853 33.932447256539 33.9252470488691 33.9180194973723 33.9107924207474 33.9035648692506 33.896336653533 33.8891081522921 33.8818835786289 33.8746529034986 33.8674005850509 33.8601273255105 33.8529202883389 33.8457995059618 33.8386394719159 33.8314512146911 33.8242589604813 33.8170714970635 33.8098805378835 33.8026902262184 33.7954967817904 33.7883109733487 33.7812178126862 33.7748859526622 33.772614618085 33.7757539788352 33.7791069023544 33.7826076771803 33.7861248944447 33.789642284352 33.7931600711628 33.7966804211901 33.8002009443526 33.8037237533001 33.8073001173709 33.8116092662801 33.8218366373881 33.840765509854 33.8598314780542 33.8789948478817
34.0306772420355 34.020320175423 34.0099628926186 33.9996078196761 33.989250235135 33.9788934702592 33.9685378793881 33.958176411826 33.9477850159682 33.9376726969368 33.9290747059507 33.9221748154617 33.9152178260082 33.908222530592 33.9012291777205 33.8942299992605 33.887231855597 33.8802385027255 33.8732420165758 33.8662420792206 33.8592125153293 33.8521611284099 33.845227500984 33.8384458646719 33.83161320508 33.8247411449664 33.8178630684383 33.8109872103332 33.8041116367667 33.7972349848547 33.7903536636681 33.7834840174257 33.7767085473824 33.7706463208707 33.7683535981833 33.7710759064583 33.7740010310663 33.7770788832948 33.7801766565029 33.7832742570681 33.7863720302761 33.7894702003877 33.7925668952502 33.7956671268632 33.7988340227815 33.8027215309397 33.8122628078768 33.8301114902305 33.8481094545767 33.8662187073487
