Spatial_Analysis/Maxent_Inputs/Inputs/RCP8_5_Near/salinity_near85.asc
NCOLS 638 
NROWS 314 
XLLCORNER -102.97071042 
YLLCORNER 3.973116569 
CELLSIZE 0.083 
NODATA_value -9999 
[rows 264 to 285 of 314, columns 200 to 249 of 638]
33.0056065314551 32.9691076432633 32.9325900855728 32.8960709574665 32.8595475569892 32.8230264863383 32.7865067886855 32.7499831203986 32.7134503748034 32.6768722259546 32.6384667638315 32.5958521865622 32.5514875051503 32.5070638658047 32.4626182783748 32.4181674855588 32.3737212501217 32.3292750146845 32.2848287792474 32.2403817672015 32.1959250470383 32.1514339272608 32.1059013314277 32.0578675584582 32.0086108252516 31.9593071102539 31.9099868227126 31.8606698625977 31.8113503784853 31.7620274373602 31.712706632163 31.6633872989189 31.6140562466894 31.5646888958498 31.5242983617067 31.5075032563971 31.5036537904972 31.4997543434558 31.495833728765 31.4919081298991 31.4879813438531 31.4847743363793 31.4767048121863 31.476207110214 31.4722854971732 31.4683909745561 31.4847056765573 31.5572735714139 31.6651343228415 31.773027387535
32.9938224161743 32.9588532656503 32.9238546216924 32.8888576529618 32.8538562559463 32.8188578625997 32.7838595988393 32.7488616196175 32.7138517928086 32.6787940942039 32.6419438752975 32.6009668273223 32.5582760036876 32.5155255588832 32.4727504970047 32.4299775503137 32.3872007281553 32.3444230002941 32.3016448831059 32.258871763772 32.2160837754685 32.1732566058881 32.1294430751387 32.0832679512654 32.0359400310092 31.9885605763939 31.9411581414436 31.8937565043461 31.8463555973083 31.7989495974955 31.7515469681393 31.7041427855654 31.6567288685467 31.6092805524439 31.5697595987276 31.5511030044982 31.5438935972897 31.5366304294269 31.5293392925007 31.5220467739885 31.5147582040899 31.5106378269428 31.5059882085829 31.492884986494 31.4855963125489 31.4783267156207 31.4886169917105 31.5477896441402 31.637626490899 31.7274890178948
32.982045180053 32.9485967991776 32.9151206771024 32.8816448572563 32.8481695117899 32.8146927862411 32.7812131684036 32.747739911774 32.7142547468101 32.6807211840529 32.6454275889379 32.606093213911 32.5650742209716 32.5239895038425 32.4828848308221 32.4417814097748 32.4006750281152 32.359566558111 32.3184585791925 32.2773576606144 32.2362438328326 32.1950870774233 32.1529972466356 32.1086777945173 32.0632733797862 32.0178132876767 31.9723273199281 31.9268391241117 31.8813578597995 31.8358710931753 31.7903847966007 31.7449009212425 31.6994070355379 31.6538760495442 31.6152280462187 31.5947108700296 31.5841356010034 31.5735058853391 31.5628456110935 31.552184943475 31.5415323497494 31.5308789589209 31.5202182913024 31.5095623321888 31.4989057470887 31.4882593664831 31.4925261274249 31.5383053887904 31.6101213254694 31.6819546401365
32.9702713626871 32.9383348696233 32.9063832367502 32.8744330715497 32.8424796783966 32.8105253532131 32.7785702509284 32.7466191876017 32.7146616274044 32.6826560496116 32.6489224616623 32.6112277310939 32.571874130166 32.5324540618743 32.4930175683653 32.4535829298107 32.4141507086727 32.3747131707454 32.3352785321907 32.295848019692 32.2564067288222 32.2169296400728 32.1765680402751 32.13410466646 32.0906107943642 32.0470602855241 32.0034938871089 31.9599251573524 31.9163607913338 31.8727930589047 31.8292260818401 31.785657831755 31.7420853490561 31.6984790504987 31.6607071308193 31.6383279488045 31.6243803496909 31.6103781262278 31.5963545356639 31.5823292843167 31.5683042691138 31.5542854305923 31.5402589487624 31.5262367820644 31.5122164715897 31.4981971526238 31.4964371623811 31.5288179012075 31.582612975871 31.636414700046
32.9585002376546 32.9280764095035 32.8976467284513 32.867219767045 32.8367883773536 32.8063588522385 32.7759285069655 32.7455001209431 32.7150674635574 32.684599734783 32.6524352687801 32.616373692884 32.5786764299568 32.5409188441896 32.5031521436646 32.4653894816051 32.4276301867063 32.3898650393989 32.3521028957604 32.3143393284906 32.2765709193263 32.2387757156598 32.2001443400297 32.1595389440059 32.1179497282326 32.0763064460155 32.034660833995 31.9930102846327 31.9513606376772 31.9097118959321 31.8680665213476 31.8264140259101 31.7847637094305 31.7430907763915 31.7062016726722 31.6819578312478 31.6646311834121 31.647249029572 31.6298582001576 31.6124714454125 31.5950794252876 31.5776901068107 31.560301737597 31.5429147922492 31.5255270925595 31.5081365869026 31.5003535093158 31.5193345951209 31.5551063865754 31.5908760026025
32.9467209571842 32.9177998706745 32.8888616506394 32.8599325357633 32.8310158046317 32.8021152992774 32.7732271776677 32.7443529520089 32.7154701664552 32.6865485975128 32.6559627479194 32.62152852795 32.5854750537432 32.5493661345634 32.5132402377952 32.4771213568338 32.441017233977 32.4049279462087 32.368856566529 32.3327951385167 32.2967268501193 32.260623585454 32.2237316434467 32.1849787889527 32.1452865904625 32.1055406212189 32.0657767863749 32.0260169368486 31.986275082509 31.9465469752675 31.9068388052269 31.8671396059596 31.8274372374979 31.787698229398 31.7517043878803 31.7255907699891 31.7048756523606 31.6841061903713 31.6633181715096 31.6425357875958 31.6217664098827 31.6010118320619 31.5802790899339 31.55955806353 31.5388326379642 31.5180812987405 31.5042783523634 31.5098649946172 31.5276051575952 31.5453259665978
32.9348297796518 32.9073516838826 32.8798813968115 32.8524379321162 32.8250319497034 32.7976576244769 32.7703168964435 32.7430146616991 32.7157291701382 32.688435472644 32.6594856185084 32.6266494509095 32.5921515022658 32.5576225495506 32.5231057199003 32.4886211337346 32.4541707922769 32.4197603677165 32.3853838689063 32.3510448098371 32.316727775829 32.2824059450442 32.2473285699052 32.2103968306209 32.172505558906 32.1345827991182 32.0966721720401 32.0587918793137 32.0209524876482 31.9831466501572 31.9453833226348 31.9076552161614 31.8699491142169 31.8322379935348 31.7972057690744 31.7692003768088 31.745009118562 31.7207753587006 31.6965578181017 31.6723686060547 31.6482177386901 31.6241072064085 31.6000299966495 31.5759890817203 31.5519762130889 31.5279597756411 31.5082116398948 31.5003817629444 31.500009681408 31.4996154596776
32.9199973495295 32.893954837066 32.8679501870595 32.8419828289561 32.8160585721078 32.7901735238718 32.7643309283913 32.7385352321572 32.7127795034306 32.6870476845236 32.6596697826223 32.6283755246593 32.5953900850372 32.5623959073095 32.5294420595733 32.4965333411817 32.4636711752738 32.4308539584913 32.3980763198891 32.365350214896 32.33267061933 32.3000197066619 32.2666472517751 32.2314592790478 32.1953187539377 32.1591655803428 32.1230544635846 32.086989855761 32.0509761173257 32.0150048491018 31.9790814678564 31.9432047858906 31.907375322402 31.8715707858045 31.8375983592185 31.8083868913157 31.7817299609902 31.7550454891822 31.7284058176467 31.7018166441587 31.6752725990191 31.648778145694 31.6223225169953 31.595910635294 31.5695511506243 31.5432196306995 31.5191120558031 31.5011916018463 31.4871357496309 31.4730657387431
32.8991253956067 32.8745677253946 32.8500142930423 32.8254819181786 32.8009828235725 32.7765135210382 32.7520814425526 32.727678260058 32.7032871367271 32.6788796179602 32.6528509774614 32.6230146713225 32.5915558016704 32.5600633839123 32.5285696366132 32.4970991738629 32.465666651 32.4342705153222 32.40290802947 32.3715801193745 32.3402662008503 32.3089416790438 32.2769615548345 32.2433927819063 32.2090071046134 32.1745792661488 32.1401470332117 32.1057465343757 32.0713846234342 32.0370581666397 32.0027665435551 31.9685060032685 31.934263858283 31.9000049108324 31.8672168180832 31.8382891650306 31.8114346788547 31.7845420398797 31.7576464138649 31.730778072865 31.703946938704 31.6771497312699 31.6503879397485 31.6236573781168 31.5969463326466 31.5702284148274 31.545047299159 31.5241824255973 31.5060127800274 31.48781860092
32.8752577504564 32.8521526702595 32.8290400381672 32.8059290701574 32.7828321975156 32.7597398812222 32.7366637562176 32.7135969793609 32.6905217539596 32.6674101879752 32.6426840533537 32.6142365430619 32.5842184497263 32.5541477687413 32.5240579429163 32.4939733989458 32.4638999967922 32.4338412762588 32.4037931279957 32.3737551996561 32.34371034157 32.3136327849552 32.2829653425216 32.2509318969065 32.2182035887187 32.1854084860875 32.1525959639842 32.1197958787504 32.0870053309904 32.0542241991867 32.0214564711948 31.9886974605418 31.9559362934403 31.92314435163 31.8916659101825 31.8637169393612 31.8376732438013 31.8115711511792 31.7854537334942 31.7593403970623 31.7332428162777 31.707155959666 31.6810759517482 31.6550049502232 31.6289371814467 31.6028531365863 31.5782578441833 31.5578741290133 31.5401212710049 31.5223426844226
32.8513000203679 32.829597316034 32.80789241146 32.7861854347552 32.7644805301812 32.7427695150108 32.7210596900586 32.6993547854847 32.6776398872703 32.6558883041489 32.6325198215794 32.6054355818197 32.576784919984 32.5480777864474 32.5193546585012 32.4906367526701 32.4619171204861 32.4331977905313 32.4044766051298 32.3757559801452 32.3470349506807 32.3182721625316 32.2889658410394 32.2584458490987 32.2272985352029 32.1960819659509 32.1648533557023 32.1336285262239 32.1024005639826 32.0711700380325 32.039941902656 32.0087148896663 31.9774823794103 31.9462199808389 31.916107595925 31.8891201890611 31.8638164849853 31.83845051682 31.8130720115041 31.7876956471846 31.762317146422 31.7369414895881 31.7115631791934 31.6861803587455 31.6608013357736 31.6354185598594 31.6114682548219 31.5915488546256 31.5741525368952 31.5567377658579
32.8273365502816 32.8070306048305 32.7867063356358 32.7663839213955 32.7460623713543 32.7257354002275 32.705412839695 32.6850885705003 32.6647538338009 32.6443723573145 32.622364134524 32.5966365539927 32.5693461347378 32.5419892658099 32.5146134342835 32.4872358161266 32.4598590525469 32.4324818140952 32.4051039114227 32.3777280530533 32.3503468297992 32.3229074479563 32.2949779735132 32.2659650750467 32.2363921087346 32.2067457635483 32.1770696231913 32.1473969350475 32.117724497515 32.0880484351264 32.0583746245957 32.0287038789966 31.9990200500128 31.9692996865094 31.9405671679968 31.9145378566484 31.8899607359678 31.8653176840351 31.840654218795 31.8159923290393 31.791326210473 31.7666591849237 31.7419949653417 31.7173269042308 31.6926607856645 31.6679867445661 31.6446842148635 31.6252280768809 31.6081835266343 31.5911221203398
32.8033767313792 32.7844623403865 32.7655195004011 32.7465796640848 32.7276395948706 32.7087014236675 32.6897659893084 32.6708244443528 32.6518682982372 32.6328621752755 32.6122219368713 32.5878479866093 32.5619136064032 32.5359049487043 32.5098726069465 32.483838599606 32.4578036941393 32.4317707312172 32.4057334959242 32.3797002990967 32.3536564383316 32.3275494125621 32.3010022147919 32.2734949684776 32.2454910425818 32.2174068688124 32.1892832494953 32.1611653094515 32.1330476716369 32.1049280229539 32.0768089605233 32.0486924450955 32.0205623286501 31.992388368237 31.9650347711431 31.9399614586393 31.916105401533 31.8921856106607 31.8682350022198 31.8442843547947 31.8203332330015 31.7963800135146 31.7724276574503 31.7484747227366 31.7245228888815 31.7005609970967 31.6779017972228 31.6589121496413 31.6422172137409 31.6255058966646
32.7794169129692 32.761891356812 32.7443334245769 32.7267772186947 32.7092212801297 32.6916678273051 32.674114452449 32.6565582465667 32.6389871378106 32.6213604595176 32.6020926413382 32.5790749291186 32.5544854886401 32.5298216329606 32.5051301140268 32.4804387246792 32.4557487589629 32.4310602178627 32.4063685435072 32.3816770245734 32.3569713970652 32.3322039608449 32.3070384089616 32.2810385847013 32.2545946289977 32.2280652549461 32.2014974281474 32.1749344948838 32.1483722526841 32.1218078952969 32.095246429706 32.0686811666161 32.0421046594127 32.0154810236105 31.9895142236836 31.965395071761 31.9422553016616 31.9190527778757 31.8958157856447 31.872574671911 31.8493367339703 31.8261001300436 31.8028616698937 31.779625065967 31.7563846642952 31.733135957113 31.7111242556729 31.6925994893271 31.6762504262217 31.6598892543114
32.7554645948827 32.7393199591127 32.723147365951 32.7069772848804 32.6908057361371 32.6746356550664 32.6584641063231 32.6422940252524 32.6261082383484 32.6098680387369 32.5919759117915 32.5703110810602 32.5470600809009 32.5237396117543 32.5003877506933 32.4770385647445 32.4536921151474 32.4303442414266 32.4069971443146 32.383651885451 32.3602921641661 32.3368676137713 32.3130900345632 32.2885934040273 32.2637021252775 32.238726980905 32.2137168800399 32.1887055104728 32.1636944775543 32.1386858175188 32.1136796265178 32.0886703022615 32.0636502087637 32.0385832367631 32.0140058847491 31.990837099981 31.9684111230148 31.9459183746749 31.9233922966985 31.9008673188536 31.8783446108413 31.8558204364252 31.8332938443464 31.8107723235141 31.788245538052 31.7657120597756 31.7443527951109 31.7262854610717 31.7102838285551 31.6942725084271
32.7315185433067 32.7167489755382 32.7019618596732 32.6871768159391 32.6723897000741 32.6576031031224 32.6428123624013 32.6280266711523 32.6132300547478 32.5983855766846 32.5818749938743 32.5615574772534 32.5396396193753 32.5176540173096 32.495648062472 32.4736411411615 32.4516363770345 32.4296331585486 32.4076255897233 32.3856231817503 32.3636128704968 32.3415426667482 32.319161018682 32.2961623602708 32.2728165351133 32.2493857902699 32.2259318352778 32.2024776393192 32.179018790792 32.15556307552 32.1321096900743 32.1086582471733 32.0851964223125 32.0616943479893 32.0385088428491 32.0162902270415 31.9945711737204 31.972783121189 31.9509703351725 31.9291600566709 31.9073496918478 31.8855377047069 31.8637244914018 31.8419144503362 31.8201040809599 31.7982911015602 31.7775830429154 31.7599788807456 31.7443213134069 31.7286558660739
32.7075753399781 32.694177577839 32.6807750244385 32.6673748884547 32.6539723350542 32.64056950676 32.627161446729 32.6137608358732 32.6003535797864 32.5869090956197 32.5717833365147 32.5528125735874 32.5322225670063 32.5115699072665 32.4909074077778 32.4702435449357 32.4495803974398 32.4289226451941 32.40825830748 32.3875956348561 32.3669330067888 32.3462247790579 32.3252478483345 32.3037465069566 32.2819355974947 32.2600436068572 32.2381449695115 32.2162462035644 32.1943430093323 32.1724426633474 32.1505440260018 32.1286468132723 32.1067437749771 32.0848085140099 32.0630220884693 32.0417540177738 32.0207359283548 31.9996512376672 31.9785514033705 31.9574532258227 31.9363560413216 31.9152571517119 31.8941603555152 31.8730602364454 31.8519632453275 31.8308678737469 31.8108097306834 31.7936693060802 31.7783551954118 31.7630359481847
32.6836286580855 32.6716117723382 32.6595955508117 32.6475784240748 32.635555600351 32.6235330621503 32.6115097028072 32.5994934817731 32.5874755516074 32.5754336493514 32.5617043914566 32.5440760080933 32.5248025195825 32.5054832780252 32.4861520562415 32.466821136687 32.4474951441024 32.4281803890625 32.4088670753675 32.3895579120338 32.3702504335492 32.3509060879158 32.3313454401444 32.3113348409379 32.2910483158666 32.2706967901194 32.2503308940417 32.2299648936678 32.2096073939946 32.189264021617 32.1689348904761 32.1486104189879 32.1282848104522 32.1079220836411 32.0875494269656 32.0672314973947 32.0469008298116 32.0265088311772 32.0060930930549 31.9856811076023 31.9652860126516 31.9449028265735 31.9245385674398 31.9041827664919 31.8838205587752 31.8634399898344 31.8440314773064 31.827356227088 31.8123871738792 31.7974064953401
32.6596934274147 32.6490676035631 32.638431681752 32.6277912030543 32.617145261275 32.6064950471248 32.5958483018937 32.5852100406344 32.5745803316935 32.563951193845 32.5516326105199 32.5353328332948 32.5173513698125 32.4993431325878 32.4813306569423 32.4633213312808 32.445322758155 32.427342844906 32.4093760752815 32.3914263510768 32.3734904093972 32.3555552889519 32.3374489866139 32.3189141335606 32.3000911404188 32.2812276487196 32.2623673409776 32.2435198305897 32.2246997050399 32.2059083438954 32.1871485285568 32.1684106420589 32.1496985183355 32.1309856013892 32.1120825221656 32.0926902021808 32.0729661938574 32.0531964046067 32.0334338722213 32.0136953132373 31.9939954067522 31.9743270268444 31.954697358914 31.9351021531372 31.9155265775293 31.8959505840887 31.8772495730182 31.861021903473 31.846326278399 31.8315981733939
32.6376409985896 32.6282268898303 32.6187952775082 32.6093571748844 32.5999160685916 32.5904723474645 32.581028392432 32.5715929821186 32.5621692907907 32.5527648121801 32.5416957091623 32.5266496240748 32.5099133480834 32.4931687167447 32.4764252244988 32.4596882736801 32.4429658045492 32.4262605104014 32.4095762393687 32.3929157551382 32.3762811602225 32.3596816509162 32.3429389920244 32.3257767777189 32.3083178068057 32.2908400773264 32.2733884644757 32.2559604379565 32.2385619114171 32.2211945742531 32.2038711929444 32.1865840424144 32.1693394742262 32.1521334949861 32.1346070133753 32.1161713567073 32.0971583702539 32.0781237157475 32.0591260691209 32.040169865251 32.0212611129756 32.0023926474003 31.9835699799668 31.9647920702909 31.9460620901313 31.9273666556434 31.909470601958 31.8937943644403 31.8794970993454 31.8651718181649
32.6201498945868 32.611518375367 32.6028767313904 32.5942316012964 32.5855813781813 32.5769343835111 32.5682859642249 32.5596406781939 32.5510015017518 32.5423669019092 32.532146647674 32.5181803403072 32.5026234466552 32.4870437670246 32.4714625341763 32.4558828540304 32.4403145060806 32.4247557639742 32.4092159905426 32.3936981925078 32.3781862453357 32.3626787289175 32.3470284648101 32.3310264861984 32.3147856327572 32.2985031689395 32.2822225088818 32.2659542249233 32.2497056356154 32.233484473664 32.2172959788519 32.2011380795635 32.1849982032506 32.1688534262037 32.1523757761667 32.1350105083303 32.1171014557952 32.099151276885 32.0812017013565 32.0632757217355 32.0453844277215 32.0275333786465 32.0097152207367 31.9919290526079 31.9741621239742 31.9563961505802 31.9394070762518 31.9245998222943 31.9111608581037 31.8976989756321
32.60501659668 32.5969527246711 32.5888832336436 32.58081445897 32.5727445882603 32.5646733106251 32.5566026805048 32.5485314028697 32.5404619118422 32.5323718578882 32.5228018680389 32.5098167529522 32.4953862596173 32.4809042291051 32.4664201537973 32.4519331862009 32.4374537189051 32.4229769099926 32.4085045111361 32.3940381286711 32.3795710987142 32.3650734782861 32.3504085249836 32.3354501118783 32.320292783221 32.3050585171117 32.2898156450438 32.2745767603159 32.2593429675786 32.2441190828909 32.2289074624297 32.2137044129923 32.1984992498675 32.1832673687318 32.1677275197578 32.1514697904374 32.1347791834318 32.1180284955603 32.1012670612756 32.084508776952 32.0677601242843 32.0510275074608 32.0343079066751 32.0175932943107 32.0008805171564 31.9841562561956 31.9682016672187 31.9544079854243 31.9419751227904 31.9295337729197
