Spatial_Analysis/Maxent_Inputs/Inputs/RCP8_5_Near/salinity_near85.asc
NCOLS 638 
NROWS 314 
XLLCORNER -102.97071042 
YLLCORNER 3.973116569 
CELLSIZE 0.083 
NODATA_value -9999 
[rows 242 to 263 of 314, columns 200 to 249 of 638]
32.6943063179947 32.6413523883414 32.5883571070834 32.5353584586648 32.4823672158724 32.4293742644408 32.3763766265364 32.3233794022415 32.2712640185383 32.2385787963867 -9999 -9999 -9999 -9999 -9999 -9999 31.9009488379936 31.8559405560727 31.8096082944754 31.7639329461378 31.7328205108643 -9999 -9999 -9999 -9999 -9999 -9999 -9999 -9999 -9999 -9999 -9999 -9999 -9999 -9999 -9999 -9999 -9999 -9999 -9999 -9999 34.3351452478619 34.4683284557488 34.6639948048846 34.8596670474404 35.0553722047396 35.2165297062965 35.2813097949482 35.2857139885504 35.2908255668126
32.7228854057443 32.6673011555125 32.6116846588121 32.556069585743 32.5004576459291 32.4448441528977 32.3892305555701 32.333618469464 32.2779972867831 32.2228463676974 32.1701996964935 32.1218574058836 32.0921287536621 -9999 -9999 -9999 -9999 31.8191303486796 31.8027438576536 31.7572192207908 31.7279990451687 -9999 -9999 -9999 -9999 -9999 -9999 -9999 -9999 -9999 -9999 -9999 -9999 -9999 -9999 -9999 -9999 -9999 -9999 -9999 -9999 34.2634448233498 34.3339886997419 34.5540567519615 34.7741324938304 34.9942393541904 35.1754511524188 35.2481505736341 35.252834133203 35.2576729633181
32.7514687314454 32.6932491632731 32.6350115893536 32.5767789525183 32.5185470922917 32.4603147404872 32.4020825000631 32.3438527119674 32.285615802784 32.2273591761448 32.1717788387295 32.1225852376259 32.0758547621091 32.0454711914062 -9999 -9999 -9999 31.841109187442 31.7958789892246 31.7491970575222 31.7192290561551 -9999 -9999 -9999 -9999 -9999 -9999 -9999 -9999 -9999 -9999 -9999 -9999 -9999 -9999 -9999 -9999 -9999 -9999 -9999 -9999 -9999 34.2530190736124 34.4441233946406 34.6885958690743 34.9330976496089 35.1343534906123 35.2149768701169 35.2199889756297 35.2250625694261
32.7800380082886 32.7191506823116 32.6582375221533 32.597341337538 32.5364708362287 32.4756323966545 32.4148210569335 32.3540262447266 32.2932241772763 32.2323701994959 32.1745242417236 32.1238516346426 32.0760407081863 32.027883023112 31.9963607788086 -9999 31.88337071039 31.8367377679039 31.7889274267622 31.7411307049049 31.7104422895313 -9999 -9999 -9999 -9999 -9999 -9999 -9999 -9999 -9999 -9999 -9999 -9999 -9999 -9999 -9999 -9999 -9999 -9999 -9999 -9999 -9999 -9999 34.3976121621088 34.6382070299946 34.871953521042 35.0932355990285 35.1817879321159 35.1871451125938 35.1925516132571
32.8083651069635 32.7447136086262 32.6810896547175 32.6175264586024 32.5540231069559 32.4905769661467 32.4271950626338 32.3638666165692 32.3005725813027 32.2372730233527 32.1772784739523 32.1250687357147 32.0759319528631 32.0267835665221 31.9771361458042 31.9276321441844 31.8795989903727 31.8306364759676 31.7817149605935 31.7328298924327 31.6824487669054 31.6480503082275 -9999 -9999 -9999 -9999 -9999 -9999 -9999 -9999 -9999 -9999 -9999 -9999 -9999 -9999 -9999 -9999 -9999 -9999 -9999 -9999 -9999 -9999 -9999 34.8460841396139 35.0690509788083 35.1485954710403 35.1543072579034 35.1600283675256
32.8339568778375 32.7689148923173 32.7039466198123 32.639057489477 32.5742396486639 32.5094835411551 32.4448001027354 32.3801859424542 32.315634922872 32.2511118556198 32.1899590287972 32.1367484578695 32.0866549518589 32.0365579971049 31.9865333828604 31.9365843213945 31.8866958596894 31.8368610715672 31.7870743212919 31.7373305601413 31.6876227758622 31.6397374583216 31.5989476921275 31.5688027086796 31.5454157001353 31.5302600860596 -9999 -9999 -9999 -9999 -9999 -9999 -9999 -9999 -9999 -9999 -9999 -9999 -9999 -9999 -9999 -9999 -9999 -9999 -9999 -9999 -9999 35.1019580834775 35.0497526818881 35.0604236346544
32.855202018276 32.7911773362928 32.7271596279597 32.6631774248302 32.5992509840859 32.535377785567 32.4715546620681 32.4077736485307 32.344005947145 32.2802046074329 32.2195186378162 32.1662270809202 32.1158656582042 32.0654581123423 32.0150527392245 31.9646925047697 31.9143772224554 31.8641046928296 31.8138626855584 31.7636480248603 31.7134440943919 31.663218719281 31.6183637800704 31.5868795555814 31.5617581096338 31.5401123684929 31.5302505493164 -9999 -9999 -9999 -9999 -9999 -9999 -9999 -9999 -9999 -9999 -9999 -9999 -9999 -9999 -9999 -9999 -9999 -9999 -9999 -9999 -9999 34.9292646388581 34.8477103784037
32.8744686414045 32.8123574052604 32.7502245218301 32.6880947701549 32.6259862410119 32.5638989273169 32.5018223418062 32.4397558202821 32.3776804715387 32.3155579239033 32.2561165679536 32.2030811719233 32.1525956799865 32.1020495654652 32.0514800935184 32.0009223415567 31.9503831585664 31.8998564093729 31.8493332201965 31.7988213670045 31.7483076781097 31.6977658394477 31.6520231145778 31.6181904907984 31.5900199582739 31.5618398890063 31.5366519735412 31.5135033966901 31.4840160105951 31.4649391174316 -9999 -9999 -9999 -9999 -9999 -9999 -9999 -9999 -9999 -9999 -9999 -9999 -9999 -9999 -9999 -9999 -9999 -9999 34.4716696344168 34.5881152980846
32.8936043925524 32.8333173324819 32.7730157461668 32.7127118300253 32.6524076799784 32.5921092269185 32.5318076406034 32.4715060542883 32.4112005849293 32.3508585866001 32.2927262267443 32.2399122669237 32.1892114437702 32.138452395743 32.0876802455948 32.0369110725303 31.9861441487927 31.9353711832863 31.8846002625983 31.833832190665 31.7830591780675 31.7322780095971 31.6856861868103 31.6494873764694 31.6182316861336 31.5869653586885 31.5556939599967 31.5244241757735 31.49315257863 31.463485925021 31.4461898803711 -9999 -9999 -9999 -9999 -9999 -9999 -9999 -9999 -9999 -9999 -9999 -9999 -9999 -9999 -9999 -9999 -9999 34.3780666490092 34.3285134429483
32.9127319447595 32.8542569878999 32.7957529613529 32.7372465786518 32.6787409720672 32.6202399228615 32.5617365438294 32.5032312222527 32.4447187826182 32.3861595160989 32.3293484084418 32.2767550652343 32.2258304866779 32.1748467344883 32.1238433726779 32.0728384308068 32.0218343098435 31.9708276628868 31.9198257211542 31.8688166585305 31.8178091666298 31.7667936063856 31.7193509762926 31.6807866747347 31.6464408897611 31.61208281954 31.5777163334361 31.5433536060931 31.5089913060388 31.4746264387221 31.4414023763849 31.4212608337402 -9999 -9999 -9999 -9999 -9999 -9999 -9999 -9999 -9999 -9999 -9999 -9999 -9999 -9999 -9999 -9999 -9999 34.1679336425911
32.9318635187491 32.8751964706979 32.8184887261106 32.761781801681 32.7050744195776 32.6483702826252 32.5916643079396 32.5349540603906 32.4782367980425 32.4214720360275 32.3659809381949 32.3136055192442 32.2624541476887 32.2112384072281 32.1600003116654 32.1087629410937 32.0575228954099 32.0062829611065 31.9550466698651 31.903806062507 31.852564273753 31.8013089097903 31.7530139191734 31.7120830384311 31.6746503867724 31.6372008843689 31.599739466286 31.5622827516396 31.5248285017469 31.4873686591485 31.4499096572134 31.4131342676511 31.3901405334473 -9999 -9999 -9999 -9999 -9999 -9999 -9999 -9999 -9999 -9999 -9999 -9999 -9999 -9999 -9999 -9999 33.8783004543134
32.9510089542472 32.8961401650968 32.8412298851108 32.7863205548689 32.7314097053365 32.6765020229865 32.6215932111655 32.5666775197158 32.5117570400347 32.456789967374 32.4026236175023 32.3504635079973 32.2990789822348 32.2476320817526 32.1961581827292 32.1446849828385 32.0932119728119 32.0417384879133 31.9902656333084 31.9387944784708 31.8873201964693 31.8358264481008 31.7866807415677 31.7433799241021 31.7028583609397 31.6623143966069 31.621761515968 31.5812126092478 31.540664092347 31.5001079361722 31.459557325366 31.419006952242 31.3786794608614 31.3528499603271 -9999 -9999 -9999 -9999 -9999 -9999 -9999 -9999 -9999 -9999 -9999 -9999 -9999 -9999 -9999 -9999
32.9701583264293 32.9170783963911 32.8639675144217 32.8108566324523 32.7577434206566 32.7046309586266 32.6515233051021 32.5984069600511 32.5452810364692 32.492113697489 32.4392800191102 32.3873344601325 32.3357113170815 32.284028932566 32.2323182549949 32.1806074042886 32.1289016197603 32.077196353653 32.0254880059083 31.9737823596033 31.9220734949526 31.870347123985 31.8203506058272 31.7746827826765 31.7310662442323 31.687429953921 31.6437851234438 31.6001403354815 31.5564983489331 31.5128532372363 31.469209356257 31.4255626222194 31.3819225809963 31.3536468968057 -9999 -9999 -9999 -9999 -9999 -9999 -9999 -9999 -9999 -9999 -9999 -9999 -9999 -9999 -9999 -9999
32.9893133687784 32.938019812112 32.886705713302 32.835391096071 32.7840767127454 32.7327593247431 32.6814496445963 32.6301352612707 32.5788082947604 32.5274476029938 32.4759473732089 32.4242131024096 32.3723444553571 32.3204182491517 32.2684736919133 32.2165338474983 32.1645933383473 32.1126532093938 32.0607116558243 32.0087719151753 31.9568277082797 31.9048694996367 31.8540266882981 31.8059927610813 31.7592850881571 31.7125515836123 31.6658092485526 31.6190716174711 31.5723330371264 31.5255970713813 31.4788618617508 31.4321202820557 31.3853809896492 31.3550964817667 -9999 -9999 -9999 -9999 -9999 -9999 -9999 -9999 -9999 -9999 -9999 -9999 -9999 -9999 -9999 -9999
33.0084716218359 32.9589641368046 32.9094441971902 32.8599255596896 32.8104117134734 32.7608916007237 32.7113756995749 32.661860429235 32.6123374687533 32.5627886974406 32.5126249371399 32.461099659112 32.4089795098496 32.3568078239481 32.3046333060358 32.2524609210017 32.2002845045861 32.1481100307151 32.0959336142995 32.0437594252017 31.9915817188249 31.9393954824309 31.8877099343831 31.8373055492565 31.7875016498045 31.7376721731658 31.6878343834256 31.6380044744297 31.5881696245615 31.5383345407879 31.4885070955232 31.4386759094953 31.3885418657705 -9999 -9999 31.3536234032026 31.4032707214355 -9999 -9999 -9999 -9999 -9999 -9999 -9999 -9999 -9999 -9999 -9999 -9999 -9999
33.0276163515637 32.9798739165594 32.9321102999424 32.8843589207548 32.8366272271342 32.7889155735188 32.7412213698259 32.6935446869401 32.6458577618479 32.5981280655116 32.5493092930865 32.4979916540983 32.4456107496219 32.3931798820053 32.3407265473451 32.2882800563642 32.2358507814234 32.1834492107941 32.1310666696557 32.0787016057754 32.0263286216809 31.9739207058146 31.9213946043342 31.8686200422677 31.8157090164638 31.7627581355211 31.7097809941311 31.6568142944219 31.6038673759997 31.5509401981075 31.4980468989203 31.4442535367668 -9999 -9999 -9999 31.3450422644352 31.3908659280194 31.4127101898193 -9999 -9999 -9999 -9999 -9999 -9999 -9999 -9999 -9999 -9999 -9999 -9999
33.0466001135165 33.0005464921663 32.9545129341648 32.9085152789005 32.8625605416648 32.8166571051633 32.7707957933758 32.7249788687896 32.6791852217528 32.6333824266383 32.5859875819625 32.5348377764878 32.4820830679449 32.429304803468 32.3765402072277 32.3238084315949 32.2711241141712 32.2184919515439 32.16590572882 32.1133657138323 32.0608572613952 32.0083534085087 31.9550816041115 31.8998975180327 31.8437529103253 31.7875750147619 31.7314154693548 31.6752957781019 31.6192263467069 31.5632095905676 31.5072550517305 31.4519589890873 31.4169101715088 -9999 -9999 -9999 31.3655408208534 31.3728262109642 31.3713207244873 -9999 -9999 -9999 -9999 -9999 -9999 -9999 -9999 -9999 -9999 -9999
33.0573082880499 33.0129156618914 32.9685805508447 32.9242909655538 32.8800551824358 32.8358767929119 32.7917497810603 32.7476782541853 32.7036614549449 32.6596612297517 32.6137093730992 32.5631308180237 32.5105696162987 32.4579971122211 32.405473345123 32.3530021023893 32.3005898155969 32.2482289580944 32.1959245783692 32.1436806642539 32.0914984495156 32.0393556289191 31.9859815409857 31.9295363670014 31.8715545539164 31.8135453321965 31.7555922001842 31.6977009141103 31.6398716952238 31.5821018924486 31.5244007200508 31.4667678276877 31.41235201419 31.3808994293213 -9999 -9999 -9999 31.3474656642929 31.3509974254345 31.3491802215576 -9999 -9999 -9999 -9999 -9999 -9999 -9999 -9999 -9999 -9999
33.0526481441991 33.0099348774327 32.9672262970243 32.9245451955673 32.881904088415 32.8393059093596 32.7967478294203 32.7542221650013 32.7117175383257 32.6691818861887 32.6246499653992 32.5754312252689 32.5242357805924 32.473000789109 32.4217647526001 32.3705572050186 32.3193910328087 32.2682692295483 32.2171930487406 32.1661531766111 32.1151357653411 32.0640983762674 32.0117696041837 31.956262418583 31.8991917495503 31.8420807915824 31.7849682225617 31.7278908188231 31.6708560416792 31.6138682878221 31.556931364077 31.5000420513746 31.4431781512757 31.393137331147 31.3617565838154 31.3516061478429 31.3568801879883 31.3563759643213 31.3549709536341 -9999 -9999 -9999 -9999 -9999 -9999 -9999 -9999 -9999 -9999 -9999
33.0409710549183 32.999869311006 32.9587494150543 32.9176370700133 32.8765390096891 32.8354531523059 32.7943829095812 32.7533173695199 32.7122513059688 32.6711437815011 32.6280981393247 32.5805498310637 32.5311309770422 32.4816576707951 32.432167023537 32.3826810885869 32.3332081504081 32.2837562980909 32.2343149410604 32.1848847694186 32.1354491544011 32.0859777481186 32.0353007583572 31.9816840212925 31.9266346822061 31.8715452839724 31.8164366538501 31.7613356235023 31.7062444614698 31.651174043813 31.596120438882 31.5410789267806 31.4860303560699 31.4309486537692 31.3879650101877 31.3767469022602 31.3886434377738 31.399544036951 31.3999636895272 31.4125595092773 -9999 -9999 -9999 31.4332257085543 31.437979606309 31.4410591125488 -9999 -9999 -9999 31.8358898162842
33.0291838499083 32.9896261172358 32.9500593821706 32.910493958841 32.8709269827862 32.8313572870856 32.7917926408572 32.7522248877013 32.7126536392755 32.6730534999112 32.6315443707056 32.5856455264237 32.5379194755565 32.4901357430113 32.4423441907151 32.3945522931331 32.3467640026937 32.2989788632231 32.2511908578145 32.2034039919911 32.1556110596125 32.1077948866805 32.058831169872 32.0070779149412 31.9539638449106 31.9008118547138 31.8476531099363 31.7944968473685 31.741336161069 31.6881797035801 31.6350258617134 31.5818689298562 31.5287115664299 31.4755302096232 31.4334022282966 31.4203285253651 31.4231941442178 31.4260074500838 31.4288147308868 31.4357991176861 31.4452705383301 -9999 31.4409700442354 31.4428515594362 31.4456643466235 31.4496578855268 31.478511547414 31.5722083595712 31.7143478505327 31.8143557537519
33.0173910436164 32.9793659479615 32.9413261018014 32.903283882266 32.8652394792193 32.8271941264286 32.7891506554124 32.7511053031141 32.7130515539419 32.674959808127 32.6349992754301 32.5907460641935 32.5447030375021 32.4985985483625 32.4524822789748 32.4063588449275 32.3602417720881 32.314125268795 32.2680092403739 32.2218921675344 32.175768363919 32.1296140963886 32.0823638600648 32.0324703935807 31.9812856498528 31.9300594307183 31.878818447657 31.8275807441661 31.7763426096098 31.7251013891125 31.6738638195264 31.6226270698518 31.5713837146841 31.520106780552 31.4788458156971 31.4639132348919 31.4634219930508 31.4628796864193 31.4623226631983 31.4617654078445 31.4648766426491 31.4712505340576 31.4588408954849 31.4595321852202 31.4589754421962 31.4584449423834 31.4807814926813 31.5667492347304 31.692636207701 31.8100275918616
