Spatial_Analysis/Maxent_Inputs/Inputs/RCP8_5_Near/sst_near85.asc
NCOLS 638 
NROWS 314 
XLLCORNER -102.97071042 
YLLCORNER 3.973116569 
CELLSIZE 0.083 
NODATA_value -9999 
[rows 198 to 219 of 314, columns 400 to 449 of 638]
28.6780286236932 28.685918767268 28.6938871613628 28.7004668297518 28.7038023261005 28.7065030761512 28.7091824122791 28.7118573416733 28.7145381865081 28.7172377372881 28.7199661825784 28.7227304141226 28.7255378661936 28.72838859652 28.7312550646725 28.7332402280958 28.7333718306121 28.7330430577319 28.7327043417291 28.732396086168 28.7321290698776 28.7319146270615 28.7317491703327 28.7316441136671 28.7316041179977 28.7316150388428 28.7316330113676 28.7310626114809 28.7291597393326 28.7267214977399 28.7242969561573 28.7219218002146 28.7196075847882 28.7173508391747 28.7151546460079 28.7130061454366 28.7108978457708 28.7088162973732 28.7067211356517 28.7049330409765 28.7037604618608 28.7025839113563 28.7014468757341 28.7003676901799 28.6993315117711 28.6983156892069 28.6973029533486 28.696268116276 28.6951877240735 28.6940477823085
28.6586610386316 28.6679494028297 28.6773446792638 28.6849756433994 28.6888746858541 28.6920519778788 28.6952154990237 28.6983780319211 28.7015482450924 28.7047390029532 28.7079566317615 28.7112115952453 28.7145191959774 28.7178831246067 28.7212667931762 28.7236619915455 28.724026083983 28.7238932213498 28.7237527527512 28.7236515400562 28.7235983905132 28.7235992982811 28.7236555406877 28.7237735725695 28.7239633592273 28.7242227297868 28.7244980946734 28.7240480517517 28.7220384611483 28.7194114738369 28.7167990477183 28.7142581867576 28.7117823487742 28.7093685815087 28.7070151337841 28.7047162179963 28.7024652375468 28.7002464797383 28.6980233571403 28.6960922359153 28.6947524890177 28.6933770916282 28.6920535630783 28.6908015571716 28.6895963436843 28.6884127329841 28.6872316011978 28.6860233663312 28.6847683893975 28.6834431397897
28.6246649403506 28.6364120875555 28.6482499382244 28.6578751019645 28.6628726958937 28.666983603888 28.6710496461878 28.6751199616465 28.6791858143663 28.6832636199541 28.687362880745 28.691488300929 28.6956364077642 28.6997957659928 28.7039280423505 28.7069402847045 28.7077432642643 28.7080583873479 28.7083337814174 28.7086053865561 28.708892362053 28.7092167805331 28.7095864799798 28.7099936279856 28.7104286029666 28.7108760633427 28.7112530082007 28.7107922581984 28.7087415669829 28.7060738800392 28.7033268243201 28.7005915844492 28.6978816447834 28.695211289332 28.6925817440243 28.6899898411743 28.6874191165608 28.6848392442162 28.6821864245341 28.6798615831567 28.6783958000902 28.6769428826401 28.6754209402679 28.6739237822177 28.6724471257659 28.6709890742544 28.6695274241996 28.6680526692777 28.666550866235 28.6650225139993
28.5868071705692 28.6013381803287 28.6159396116002 28.6277473839618 28.6338803098523 28.6390587160073 28.6440880563878 28.6491362758337 28.6541949347596 28.6592548871773 28.6643254604944 28.6694012204498 28.6744806713234 28.679549260308 28.6845896218215 28.6883447688266 28.6895567603529 28.6902694458932 28.6909466719602 28.6916095219206 28.6922762124365 28.6929494446063 28.6936378757833 28.6943367982354 28.6950354840015 28.695717660778 28.6962878864249 28.695889658116 28.6937171511834 28.6909156234199 28.6879796921534 28.6850271592499 28.6820737188711 28.6791321979519 28.6762016851909 28.6732856983824 28.6703685696775 28.6674287170905 28.6643648331765 28.6616523617131 28.6600299904757 28.6584824735184 28.6567604566916 28.6550260113138 28.6532938350188 28.6515679816743 28.6498399919096 28.6481104274106 28.6463745581668 28.6446380621865
28.548977159713 28.5663172201787 28.583707350865 28.5976953629923 28.6048946334679 28.6111029115158 28.6171143021624 28.623098291416 28.6291113660023 28.6351398728314 28.6411688112297 28.6471980301206 28.6532265802146 28.6592514368825 28.6652529456626 28.6697804831041 28.6713701038311 28.6724111039131 28.6734225295889 28.6744316282419 28.6754433432441 28.6764500214308 28.6774600224905 28.6784701574551 28.6794780271403 28.6804607595565 28.6813036765759 28.6810198981043 28.6786798884928 28.6756629454447 28.6724743220227 28.6692572113394 28.6660410544725 28.6628244659984 28.6596102506535 28.6563967048326 28.6531798315854 28.6499350389216 28.646516645304 28.6434725582544 28.6416571071219 28.6399685630032 28.638043726313 28.6360809124517 28.6341183360265 28.6321555221652 28.6301932305131 28.6282306540879 28.6262658987046 28.624291607578
28.5111450592126 28.5313251149936 28.5515357746513 28.5677239295868 28.5759535826938 28.5831341452605 28.5901596682223 28.5970865445989 28.6040303185192 28.6110018447809 28.6179890396987 28.6249819316035 28.6319707842928 28.6389555162294 28.6459288519383 28.651237934039 28.6531968903629 28.6545561840189 28.655894348775 28.6572305709864 28.6585677001809 28.6599020234082 28.6612405764687 28.6625772259688 28.6639134446497 28.665205325254 28.6663367769147 28.6661942749322 28.6636658271135 28.660403444588 28.6569604036274 28.6534638665115 28.6499668977884 28.6464726904988 28.6429794764907 28.6394825077676 28.6359883004781 28.6324424831362 28.6286804979552 28.6253385438308 28.6233096779829 28.6214471081805 28.6193267111841 28.6171300700383 28.6149369892017 28.6127442966695 28.6105519278947 28.6083592353624 28.6061635011996 28.6039357471158
28.4732906906966 28.4963371768527 28.519399892801 28.53781447599 28.5470718166719 28.5551821945837 28.5631933170201 28.5710924073874 28.5789789648995 28.5868812335253 28.5948116420468 28.602762078644 28.6107143669111 28.6186638066962 28.6266140015733 28.6327070616908 28.6350340170898 28.6367004530849 28.6383656500324 28.6400310411512 28.6416941930456 28.6433558340025 28.6450193742013 28.6466817272201 28.6483465358633 28.6499578089075 28.651392837587 28.6514070447564 28.6486830958671 28.645154279373 28.6414467269866 28.6376700900763 28.6338935610158 28.6301186327447 28.6263457545953 28.6225714908142 28.6187974692685 28.6149526877386 28.6108731537268 28.6072481009846 28.6049959396577 28.6029362353073 28.6006104984615 28.5981827879341 28.5957557459081 28.5933332610264 28.5909110135806 28.5884861988725 28.5860582551897 28.5835794687257
28.435415120627 28.46134060311 28.4872734909617 28.5079357204175 28.5182393913263 28.5272659380435 28.5362315602311 28.5451090455085 28.5539428047375 28.5627875281291 28.5716537502614 28.5805464071808 28.5894585709893 28.5983726752971 28.6073015379822 28.614176232611 28.6168746608 28.6188490934998 28.6208374692185 28.6228302686689 28.624820884362 28.6268108743146 28.6287991211971 28.6307864613542 28.6327781126089 28.6347161811585 28.6364790396971 28.6366555061865 28.6337320693788 28.6299218373238 28.6259328085913 28.6218767452484 28.6178196891048 28.6137659555883 28.6097122658554 28.6056568710138 28.6016038024681 28.5974773461976 28.5931078952281 28.5892076805603 28.5867238271267 28.5844428799223 28.5818902465232 28.5792361743313 28.5765790597588 28.5739227475925 28.5712680542134 28.5686100334079 28.5659541482955 28.563229687979
28.3975164249263 28.4263254778327 28.4551412146816 28.478072581061 28.4894373878653 28.4993875100103 28.5092923995106 28.5191367302876 28.5289229171861 28.5387119983657 28.5485199634368 28.558347678875 28.5682021536077 28.578080448108 28.5879837968322 28.5956389524714 28.5987083780632 28.6009966856736 28.603306828954 28.6056267902201 28.607945008416 28.6102620351134 28.6125805725135 28.6148961796634 28.6172132063608 28.6194864921404 28.6215961778058 28.6219365180838 28.6188065770586 28.6147021133603 28.610419455708 28.6060822567514 28.6017479055498 28.5974147460815 28.5930782591868 28.5887415781588 28.5844060878415 28.5800120663667 28.5753828368276 28.5712218829476 28.5684977081395 28.5659716027003 28.5631729466212 28.5602865183479 28.5574008461892 28.5545115220967 28.5516253277289 28.5487360036364 28.5458512331345 28.5428909992086
28.359581105839 28.3912772238967 28.4229834442095 28.4481920205946 28.4606339693527 28.4715187561212 28.4823706562778 28.4931745768003 28.5039245840504 28.5146614324818 28.5254084907111 28.5361729649128 28.5469632525063 28.5577871818037 28.5686551943006 28.5770906641162 28.5805321702787 28.5831376273132 28.5857765122122 28.588423510223 28.5910700774147 28.5937120955689 28.5963587052753 28.5990049487095 28.6016476789256 28.6042643104841 28.6067396560536 28.6072491820988 28.6039095663892 28.5994919271625 28.5949050626869 28.5902903312362 28.5856767915189 28.5810602091483 28.576444058385 28.5718271912412 28.567212848095 28.5625594024016 28.5576962608174 28.5532881401305 28.5503180097499 28.5475194526278 28.5444547923765 28.5413356759345 28.5382196028957 28.5351004864536 28.5319840251104 28.5288622550846 28.5257445632586 28.5225746427627
28.3215875000654 28.3561816484713 28.3907842945052 28.4182729289234 28.431795290807 28.4436225786594 28.4554308325251 28.4672010786606 28.4789236745035 28.4906255289631 28.502326241049 28.5140271973629 28.5257494547158 28.5374996122518 28.5493168616427 28.5585216842526 28.5623421913417 28.5652808081771 28.5682515636314 28.5712238768566 28.5741967687311 28.577167135881 28.5801388405755 28.5831118187714 28.5860823843731 28.5890436433338 28.5918974509 28.5925946942832 28.5890302159502 28.5842802737731 28.5793915758987 28.5744960371452 28.5696030231391 28.5647072041886 28.559810241569 28.5549156520786 28.5500220168854 28.5451113897053 28.5400424225664 28.5354136332284 28.5321759520601 28.5290716184143 28.5257390067078 28.5223883938303 28.5190382560709 28.5156892609579 28.5123431107964 28.5089898397818 28.5056385148424 28.5022718602373
28.2835280299012 28.3210227298148 28.358521658539 28.3882973680396 28.4029048847537 28.4156770913529 28.4284341685031 28.4411709776531 28.4538741835761 28.4665567387557 28.4792337030021 28.4918976980478 28.5045668334173 28.5172439338144 28.5299743627056 28.539925508896 28.5441401673966 28.5474217067866 28.5507222437017 28.5540228196011 28.5573228343071 28.5606234102065 28.5639214833905 28.5672184989807 28.5705185136867 28.5738176657201 28.5770530161405 28.5779717127741 28.5741598868864 28.569054422215 28.5638774676508 28.5587032099732 28.5535295828354 28.5483534742378 28.5431765629764 28.5380010322782 28.5328279617806 28.5276500149575 28.5223831943077 28.5175940344033 28.514054703073 28.5106020079863 28.5070220778774 28.5034394504011 28.4998570127774 28.4962778370104 28.4927013808893 28.4891189432655 28.4855361173374 28.4819529676519
28.2453894916901 28.2857847896951 28.3261848344394 28.358250142997 28.3739459012131 28.3876588144164 28.4013632264612 28.4150565915753 28.428730206595 28.4423856910425 28.456042600129 28.4696936140459 28.4833445844253 28.4969974535656 28.5106581629502 28.5213286590042 28.525945396975 28.5295682583646 28.5331923542486 28.5368190173948 28.5404473856498 28.544074048796 28.5477009931849 28.5513250452852 28.5549534135401 28.558579688382 28.5621897921677 28.5633310066409 28.5592631223984 28.5538198872337 28.5483659223846 28.5429124761913 28.5374554261512 28.5319993689118 28.5265420340986 28.5210880692495 28.5156346230561 28.5101775730161 28.5046979831321 28.4997493926148 28.495899946623 28.4921156739346 28.4883166255589 28.484536564394 28.4807586452481 28.4769623178135 28.4731461622586 28.4693086942427 28.4654572176153 28.4616218779059
28.205671308584 28.2468367232877 28.2880054610993 28.3209382831195 28.3377016630374 28.3525093382002 28.3673138854111 28.3821082701383 28.3968918408178 28.4116728376857 28.4264703012974 28.4412827561692 28.4561058479156 28.4709421698542 28.4857851340049 28.4973372177459 28.5022878097154 28.5061903297789 28.5101267427798 28.5140750269264 28.5180325027995 28.5219934093956 28.5259424081417 28.5298649320365 28.5337681037055 28.5376463927251 28.541505959824 28.5427728623399 28.5385970084195 28.5330734818079 28.5275299807608 28.5219597218619 28.5163574873031 28.5107202361809 28.5050346340222 28.4993043299274 28.493529340409 28.4876839915069 28.4817674696353 28.4765038473776 28.4727036281066 28.4691857930075 28.4656091261264 28.4619534819114 28.4581675021459 28.454181034331 28.4500063681824 28.4457619360139 28.4414846541529 28.4371995107373
28.163994614407 28.203249368251 28.24250923941 28.2745413018912 28.2923711926388 28.3084908529864 28.3246173104524 28.3494874933425 28.372900001944 28.3729828854427 28.3891227664992 28.4052796762234 28.421451024579 28.4376398757475 28.4538431619937 28.4664664530096 28.4718550441905 28.4760659815552 28.4803385737287 28.4846378434894 28.4889483123179 28.4932580695656 28.4975564958823 28.5018309845744 28.5060817568528 28.5103087375525 28.5145182549619 28.515938343893 28.5115336245369 28.5057554152238 28.4999550812065 28.4941301627996 28.4882730658047 28.482363483464 28.4763830442011 28.4703327013548 28.4642069548024 28.4579883218166 28.4516677579823 28.4460832563031 28.4422370091097 28.4388259636913 28.4353157217308 28.4317066688321 28.4279623887364 28.4240350497134 28.4199291495006 28.4157088949447 28.4113510889136 28.4067765710749
28.1217191822842 28.1582698932048 28.1948310936622 28.2254417080005 28.2443493109607 28.261851506202 28.279360441557 28.2918992524107 28.3277868472096 28.3318993450852 28.3494208598365 28.3669512420417 28.3844942509804 28.4020466070444 28.4196067091979 28.4333351792563 28.4458765766633 28.4559939648683 28.4486002962503 28.4533070683867 28.4580335405228 28.4627647120839 28.467498627596 28.4722336399552 28.4769588735821 28.4816810640748 28.4864029272796 28.4880465678801 28.4832387448851 28.47692583522 28.4705957945902 28.4642435909796 28.4578646725702 28.4514460843406 28.4449838764694 28.4384761949984 28.4319148389793 28.4253059326877 28.4186422482088 28.4127323058789 28.4085414628421 28.404810175214 28.4010135791083 28.3971593658748 28.3932376241451 28.3892359246413 28.3851504060902 28.38095199835 28.3765807585283 28.371969167374
28.0794825087603 28.1133393055177 28.1472064371438 28.1763903004177 28.196368263112 28.2152406947978 28.2341159777692 28.2465741793668 28.2685746834812 28.3063011358074 28.3096287863289 28.3285165454002 28.347411144328 28.3663133810148 28.3852224621344 28.4000533612502 28.4017823253141 28.4093651338168 28.4287879305204 28.4220678296242 28.4272639826692 28.4324811560487 28.4377106276049 28.4429497229757 28.4481933268962 28.4534442458408 28.4586947331782 28.4605666774907 28.4553354932091 28.4484382883013 28.4415215317507 28.4345765874484 28.4276063038993 28.4206093903922 28.4135899248692 28.4065457420517 28.3994731765841 28.392380674723 28.3852623589892 28.3789015446415 28.3742316959451 28.370043400764 28.3658228406735 28.3615634463921 28.3572652840047 28.3529127362877 28.3484874390051 28.343958637351 28.3393003739642 28.3345020664141
28.03726416343 28.0684165562526 28.0995730219487 28.1273207650237 28.1483610181205 28.1685928717255 28.188825203487 28.2090628439311 28.2230677948017 28.24632534625 28.2927770634097 28.3045703865094 28.3102487781147 28.3305007055717 28.3507598012189 28.3667029498859 28.3738923078297 28.3784286047408 28.3904547198899 28.3909032912711 28.3966035273621 28.402328689348 28.4080689374802 28.4138225201006 28.4195872141987 28.4253620543205 28.4311370022921 28.4332230969162 28.4275506126439 28.4200530237589 28.4125439961083 28.4050139911763 28.3974704145891 28.3899129815735 28.3823422054819 28.3747558691221 28.3671531551399 28.3595404262581 28.3519112726629 28.3450262657208 28.3397744101159 28.3349957556714 28.3302093080692 28.3254110534104 28.3205940029543 28.3157378955043 28.3108261269007 28.3058399360543 28.3007751602396 28.2956210998158
27.9950257961152 28.0234674149233 28.0519128307267 28.0782191028863 28.1003158121977 28.1219026212028 28.1434885278011 28.1650796127077 28.1866721179498 28.2022257218886 28.2129534773751 28.2407526519242 28.2730444626418 28.2946524846145 28.3162672001517 28.3333266335545 28.3411473874153 28.3425892210159 28.3512047711301 28.3714599955493 28.3659948078616 28.3722380178873 28.3784976295945 28.3847742444299 28.3910578325343 28.3973496416003 28.4036403943414 28.4059267998238 28.3998121460699 28.3917316375516 28.3836421063926 28.3755415229997 28.3674333454083 28.3593129119203 28.3511878349896 28.3430555476115 28.3349144778322 28.3267679457213 28.3186098437206 28.3111718309496 28.3053077313472 28.2998987932078 28.2944915118171 28.2890803048677 28.2836438502733 28.2781742625015 28.2726688932947 28.2671205775009 28.2615360912027 28.2559114592505
27.9527611402905 27.9784892879894 28.0042200467344 28.0290801873262 28.0522310696096 28.0751752071439 28.0981193446781 28.121065579156 28.1440135620073 28.1669576995415 28.1899058755413 28.2128607840898 28.2358184968328 28.258785039068 28.2817580753932 28.2999377428954 28.3083862842996 28.3151332503179 28.3172059879761 28.3200622246673 28.3354025593662 28.3421772807791 28.3489632047904 28.3557590543302 28.3625607340118 28.3693649857552 28.3761680900528 28.3786637166543 28.3721183377947 28.36346254786 28.3548001084138 28.3461328779408 28.3374630381946 28.3287797249981 28.320098439645 28.3114152178385 28.3027265357159 28.294039706286 28.2853427133499 28.2773375629354 28.2708397200795 28.2647847992727 28.2587296845675 28.2526643655909 28.2465749413809 28.2404630256562 28.2343279934263 28.2281660074809 28.2219836054476 28.2157830321
27.910470657679 27.9334815372736 27.9564947466945 27.9799127433163 28.0041167587066 28.0284176638112 28.0527224529825 28.0770268148651 28.1013314141838 28.1256358795976 28.1499443189301 28.1742588432963 28.1985772076763 28.2229042071426 28.2472376146502 28.2665348446703 28.275614932379 28.2829098818122 28.2902031261368 28.2975018292625 28.3048070310313 28.3121198280213 28.3194352360574 28.326752741037 28.3340734182562 28.3413950874994 28.3487205544879 28.3514345597536 28.3444625342114 28.3352338359895 28.3260014876065 28.3167660958202 28.307534265093 28.2982950333159 28.2890558440536 28.2798175146832 28.2705754769389 28.2613372814734 28.252092823028 28.2435133629651 28.2363721971168 28.2296577047548 28.2229397617061 28.216202542143 28.2094505166537 28.2026825896829 28.195896922217 28.1890974846442 28.1822868439691 28.1754678924804
27.8681493899144 27.8884466042516 27.9087467566881 27.9307247067758 27.9559834732951 27.9816423154596 28.0073068543534 28.032970871038 28.0586352760271 28.0843002895467 28.1099662523066 28.1356388600248 28.1613212464984 28.187007667884 28.2126986418376 28.2331152415119 28.2428292501576 28.2506655972532 28.2585060215639 28.266351197917 28.2741961793489 28.282045390614 28.28989104157 28.2977369772992 28.3055831504644 28.3134321668083 28.3212877428119 28.3242236827325 28.3168268614277 28.3070282542689 28.2972285470017 28.2874269404925 28.2776298865514 28.2678353573578 28.2580380232196 28.2482395454125 28.2384438290388 28.2286512803514 28.2188605435997 28.2096988382189 28.2019055679504 28.1945207937891 28.1871300877275 28.1797181241645 28.1722944828619 28.1648627681818 28.1574179562146 28.1499661747666 28.1425096422988 28.1350490703428
