Spatial_Analysis/Maxent_Inputs/Inputs/RCP8_5_Near/sst_near85.asc
NCOLS 638 
NROWS 314 
XLLCORNER -102.97071042 
YLLCORNER 3.973116569 
CELLSIZE 0.083 
NODATA_value -9999 
[rows 88 to 109 of 314, columns 500 to 549 of 638]
27.7036938768725 27.6985398263208 27.6933848214717 27.6882354693223 27.683088970231 27.6779365810042 27.6727760363625 27.6676079827981 27.6624396054763 27.657273596965 27.6521114289829 27.6469329474327 27.64170158188 27.6364305858066 27.631156503569 27.6258874915554 27.6206227562313 27.6153573090801 27.6100840912878 27.6047966755616 27.5995095400324 27.5942288122947 27.588952685004 27.5836420753113 27.5782096152896 27.5726720984338 27.5671491503374 27.5616319807386 27.5561154366454 27.5505993717314 27.5450749582539 27.5395355008759 27.5339958966639 27.5284594206731 27.5229331018625 27.5174352925387 27.511995464627 27.5066189486029 27.5012606699779 27.4959081736387 27.4905601868717 27.4852093526225 27.4798500348823 27.4744784192382 27.4690989744444 27.4637288722456 27.4583670333114 27.4531139972843 27.4482771449702 27.4438627970793
27.7156236079875 27.7103404073124 27.7050787628981 27.699815936338 27.6945431044656 27.6892490580876 27.6839373160209 27.6786008424422 27.6732504741814 27.6678851581981 27.6625225800517 27.6571951052674 27.6518989073252 27.6466315925757 27.6413939955932 27.6361475306187 27.6308934719035 27.6256208150699 27.6203250502959 27.615006410256 27.6096684549673 27.6043190256746 27.5989707172043 27.5936123662871 27.5881558440506 27.5826118037665 27.5771083985558 27.5716044721356 27.566086932253 27.5605496543712 27.5549899340617 27.5493996566744 27.5437909100049 27.5381682686305 27.5325488442721 27.5269935045736 27.5215746273661 27.5162892158023 27.511057494107 27.5058229294827 27.5005740395688 27.495300850981 27.4900012316176 27.4846739044085 27.4793225144844 27.4739571698616 27.4685896917844 27.4633596668632 27.4585799102177 27.4542406521526
27.7274335499997 27.722086440488 27.7167368134936 27.71136522197 27.7059681453655 27.7005414609464 27.6950912329682 27.6896109190191 27.6840970931756 27.6785497762009 27.6729829964199 27.6674644019758 27.6621124744704 27.6569089523716 27.6517154506563 27.6464899254595 27.6412355915585 27.6359519272595 27.6306349014535 27.6252869310155 27.6199088313037 27.6145008225445 27.6090688634502 27.603615697138 27.5981314627006 27.5926478841103 27.5871768108937 27.581682151065 27.5761562193162 27.5705972487953 27.5650095356552 27.5593821818031 27.5537222825296 27.5480245086463 27.5422975018004 27.53663301313 27.5312315394068 27.5261073509762 27.521006811778 27.5158766659732 27.5107129609598 27.5055083602116 27.5002654094629 27.4949896148632 27.4896776120243 27.4843223782831 27.4789373904158 27.4736680358678 27.4689233492365 27.4647247688421
27.7379323872742 27.7324898433466 27.7270502239044 27.7216078135005 27.7161420099249 27.7106521874374 27.7051396835825 27.6996021217005 27.6940316640771 27.6884402281725 27.6828495846138 27.6773112698209 27.6719232631058 27.6666659468842 27.6614217667414 27.6561687536332 27.6508929728591 27.6455936004617 27.6402658469293 27.6349049647727 27.6295181211595 27.6241131014327 27.6187025034683 27.6132763709121 27.6077794512097 27.6022498248552 27.5967289100713 27.5912092430603 27.5856681208691 27.580098854229 27.5745014479242 27.5688708702344 27.5632084363991 27.5575216556104 27.5518256018891 27.5462038485469 27.5408242929581 27.5356976257066 27.5305879342751 27.5254776741655 27.5203416001833 27.5151735847799 27.50997074022 27.5047377018393 27.4994715955782 27.4941757686417 27.4888727024117 27.4836822141621 27.4789282048562 27.4746332860007
27.7475746889815 27.7420636082426 27.7365583998683 27.7310620829758 27.7255567895339 27.7200467018038 27.7145260805185 27.7089917321564 27.7034455721843 27.6978980301339 27.6923603144029 27.6868623079043 27.6814624905109 27.6761305101985 27.6708083989285 27.6654963607709 27.6601789501566 27.6548529950925 27.6495147978339 27.6441601285477 27.6387956800481 27.6334295264628 27.6280729562114 27.6226964307415 27.6172020754447 27.6116107341951 27.6060322565769 27.6004656950959 27.5948943005774 27.5893129291437 27.5837196425689 27.5781132121428 27.572492487897 27.5668711551435 27.5612600132319 27.5557208490502 27.5503642747051 27.5451822099826 27.5400236763746 27.5348794937764 27.5297277539416 27.5245690849134 27.5193899562598 27.514198541628 27.5089983400647 27.5037949019841 27.4985963172042 27.4934935989498 27.4886990438833 27.4842066821014
27.7572426167235 27.7517212833764 27.7461910772607 27.7406598137975 27.7351311219151 27.7296034233143 27.7240723583028 27.7185407283211 27.7130068538118 27.7074781619295 27.7019453893015 27.6964347128045 27.6910281028687 27.6856853530422 27.680333103684 27.6749853689322 27.6696362528293 27.6642882333043 27.6589348412998 27.6535808443181 27.6482291136386 27.6428764369918 27.63752751581 27.6321402664169 27.6266457161989 27.6210611674916 27.6154769425418 27.6098900640082 27.604302239765 27.5987185370244 27.5931339883171 27.5875463979793 27.5819556779169 27.5763717377403 27.5707910766302 27.5652681376875 27.5599313099063 27.5547667052092 27.5496138162133 27.5444670560577 27.5393174944882 27.5341723523318 27.5290234084189 27.5238704769081 27.5187218212989 27.5135774345072 27.5084290555644 27.5033419228981 27.4984930912824 27.4938833241669
27.7669085120689 27.7613811972192 27.7558480398403 27.7503071966152 27.7447674965174 27.7392304940561 27.7336898016995 27.7281495237022 27.7226106219991 27.7170725406885 27.7115286125301 27.7060115712948 27.7005944277808 27.6952416190018 27.6898798329005 27.684520464462 27.6791560247768 27.6737954258555 27.6684331615977 27.6630684844766 27.6577081229912 27.6523470451635 27.6469837926584 27.6415885597396 27.6360944401062 27.6305184834552 27.6249407571485 27.6193623797965 27.6137818050078 27.608205373731 27.6026277982928 27.5970502669073 27.5914693683613 27.5858955906682 27.5803245526227 27.574814714263 27.5694983451075 27.5643559896897 27.5592278314329 27.5541077437731 27.5489850450672 27.5438640550006 27.53874448955 27.5336214025398 27.5284997004113 27.5233801349607 27.5182608016429 27.51318929303 27.5082880879446 27.5035624775504
27.776576823562 27.7710431485272 27.7655022619993 27.7599568193729 27.7544045831815 27.7488587557812 27.743311267079 27.7377628286327 27.7322168673277 27.7266681491653 27.7211123967175 27.715585491428 27.7101566701745 27.7047998264835 27.6994297341218 27.6940566601003 27.6886810613542 27.6833066966215 27.6779336226 27.6725580238539 27.6671859889476 27.6618167989927 27.6564404881847 27.6510365338582 27.6455426939294 27.6399749840603 27.6344038596934 27.6288360159196 27.6232636620925 27.6176941995315 27.6121253024824 27.6065553652955 27.6009863343416 27.5954188178558 27.5898579422938 27.5843595391691 27.5790614316951 27.5739463742788 27.5688451697604 27.5637487162617 27.5586561468296 27.5535613121181 27.5484651823768 27.5433720044141 27.5382789127727 27.5331840780612 27.5280917020123 27.5230361880437 27.5180856956528 27.5132418638167
27.7862486999176 27.7807047717592 27.775154154355 27.7695999773916 27.7640414799929 27.7584855936403 27.7529297072877 27.7473757624571 27.7418237211868 27.7362646033511 27.7306981834203 27.7251605073743 27.7197186323712 27.714353956 27.7089768480892 27.7035893817509 27.6982073319449 27.6928211996207 27.6874353520696 27.6820501302589 27.6766664186356 27.6712810897402 27.6658930148713 27.6604851119542 27.6549898949927 27.6494282650889 27.643865210569 27.6383058069603 27.6327454110928 27.6271828787821 27.6216212488782 27.6160601358803 27.6105023510588 27.6049398187481 27.5993855926978 27.5938999021092 27.5886220107679 27.5835349036674 27.5784587579261 27.5733893004459 27.5683266400612 27.5632607006101 27.5581895390439 27.5531226926097 27.5480577023988 27.542989820403 27.537926581369 27.5328809516828 27.5278816845738 27.5229266225626
27.7959197563616 27.7903679525273 27.7848087007867 27.779243277691 27.7736797961172 27.7681179333306 27.7625521219304 27.7569874106388 27.7514245985891 27.7458570785497 27.7402844447489 27.7347396956909 27.7292901356146 27.7239099417627 27.7185205346525 27.7131249088878 27.7077275784954 27.7023319094279 27.6969362403605 27.6915408560662 27.686145709208 27.6807479431969 27.6753481959297 27.6699291374592 27.6644357281149 27.6588820207432 27.6533276013097 27.6477765472642 27.6422263576639 27.6366687662256 27.6311170003758 27.6255675651175 27.62001575673 27.6144617256009 27.6089150337783 27.6034405022506 27.5981828746139 27.5931241881479 27.5880747146676 27.5830335484704 27.5779952780924 27.57295543298 27.5679121308549 27.5628709646576 27.5578329271624 27.5527956060475 27.5477595146275 27.5427233809423 27.537673832731 27.5326083869922
27.8055932894659 27.8000340377253 27.7944652492416 27.7888918426202 27.7833211548946 27.7777484177973 27.7721744026453 27.7666020926019 27.7610264207011 27.755453117611 27.7498755006577 27.7443179780471 27.7388607802118 27.7334679171116 27.7280637468626 27.722658731397 27.7172500040267 27.7118421446323 27.7064329902082 27.7010270723357 27.6956218665251 27.6902159876369 27.6848061821673 27.6793752080404 27.6738850605528 27.6683391468541 27.6627914159164 27.6572479570921 27.6517046498861 27.6461581529848 27.640615604674 27.6350740450915 27.6295295507056 27.6239856648502 27.6184464819274 27.6129784014596 27.6077378483244 27.6027086826015 27.5976892044901 27.5926767437006 27.5876639591537 27.5826516018953 27.5776366773746 27.5726199442141 27.5676085835332 27.5625991220941 27.5575900266925 27.552567855255 27.547468307184 27.5422877732585
27.8152661580803 27.8096986000793 27.8041179440034 27.7985397000408 27.7929601405429 27.7873769124052 27.7817957774228 27.7762148365737 27.7706329897871 27.7650507582268 27.7594662586064 27.7538997298379 27.7484327968076 27.7430296849024 27.7376123277491 27.7321924023107 27.7267743330955 27.7213533720955 27.7159353454181 27.710517038767 27.7050980238422 27.6996806666889 27.6942593173845 27.6888230786278 27.6833328397502 27.6777974550765 27.6722587908323 27.6667202728804 27.6611859237682 27.6556495468126 27.6501120256957 27.6445779140195 27.6390432411499 27.6335071879518 27.627972320161 27.6225140174259 27.6172920626588 27.6122886199338 27.6072996594006 27.602317431416 27.5973323124116 27.5923460968292 27.5873597913948 27.5823705460884 27.5773880806678 27.5724034838726 27.5674207372093 27.5624128087467 27.557260413061 27.551965411386
27.8249423068068 27.8193602233113 27.8137738229341 27.8081980381495 27.8026273889237 27.7970506774499 27.7914592903666 27.7858549613951 27.7802472017006 27.7746467937345 27.7690556005498 27.7634856028621 27.7580071052453 27.752590697836 27.7471636095336 27.7417410247123 27.7363310200603 27.7309139001312 27.7254839643465 27.7200384252405 27.7145855741486 27.7091454750924 27.7037127933342 27.6982717602549 27.6927802306662 27.6872520564398 27.6817264459452 27.6762056237048 27.6706990429358 27.6651845879945 27.6596538037448 27.6541136300438 27.6485660982885 27.6430255344954 27.6374999232508 27.6320493055888 27.6268476575565 27.6218751594635 27.616916328204 27.611970118606 27.6070329676177 27.6020880928216 27.5971278997122 27.5921537934421 27.5871782632831 27.5822069999191 27.5772495925257 27.5722506466887 27.5670468652389 27.5616438952455
27.8346243281635 27.8290681256769 27.8235620530568 27.8180480194047 27.8125181935669 27.8069536789922 27.801348915152 27.795711891417 27.7900406902786 27.7843527029 27.7786756560726 27.7730721016267 27.7675839591823 27.7621891657141 27.7568380414308 27.7514790467554 27.746105688041 27.7407011059782 27.735254095692 27.7297716319894 27.7242555343747 27.7187233412996 27.7132024335575 27.7077196308423 27.7022304690415 27.6967452655082 27.6913142690186 27.6858809049908 27.6804289045529 27.6749476222885 27.6694259188924 27.6638673376986 27.6582738245246 27.6526635711789 27.6470675832798 27.6415825917287 27.6364016379855 27.6314968286303 27.6266540587412 27.6218119206644 27.6169515734662 27.6120617070055 27.6071300259206 27.6021598697791 27.597158294618 27.5921362255927 27.5871233507675 27.5820890410361 27.576834978484 27.5713553814248
27.8444605596807 27.839050447197 27.8336413460319 27.8281854640307 27.8226782263436 27.817117035369 27.8115024074976 27.8058419867879 27.8001262317121 27.7943545205414 27.7885489845903 27.782813393378 27.7773303035936 27.772078984529 27.766827489603 27.7615320577697 27.7561858527261 27.7507875326205 27.7453348701731 27.739828729041 27.7342691990993 27.7286612217393 27.7230201708911 27.7174008831607 27.7119152055852 27.706597435124 27.7012839163365 27.6959292012739 27.6905214864712 27.6850618499897 27.6795540037949 27.6739909138361 27.6683727651551 27.6627047492392 27.6569995395863 27.6513887444548 27.6462142560319 27.6414956765687 27.6367931692803 27.6320481972726 27.6272490643997 27.622398592816 27.6174961054209 27.6125375756323 27.6075261319062 27.6024634360633 27.5973576561133 27.592189260323 27.5868662161121 27.5814352690088
27.8544472578956 27.8489791295366 27.8435198768724 27.8380450556902 27.8325277590278 27.8269624855349 27.8213492812798 27.815693930336 27.8099870852827 27.8042387939698 27.7984876805689 27.7928175082628 27.7873690631388 27.7821203782002 27.7768776551394 27.7716256427657 27.7663317201395 27.7609901014217 27.7555962714638 27.7501558022431 27.7446696675395 27.7391509649208 27.7336199034481 27.7281128121949 27.7226742357459 27.7173350039571 27.7120059203418 27.706668862949 27.701289525478 27.6958606817604 27.6903905547767 27.6848704000872 27.6793043569232 27.6736954486677 27.6680776808738 27.6625633373447 27.657408005289 27.6526317225012 27.6478723631966 27.6431075158778 27.6383021313048 27.6334485747454 27.6285497425226 27.6236003224233 27.6186006417355 27.6135618937014 27.608508560541 27.6033965022118 27.59804198017 27.5924771558874
27.8645378270547 27.8589552239224 27.8533905647136 27.8478365914285 27.8422767191934 27.8366974416651 27.8310912529592 27.8254659819295 27.819822572536 27.8141731809244 27.8085391635122 27.8029848043119 27.797600856831 27.7923436583688 27.7871015548443 27.7818713682071 27.7766307335826 27.7713742496555 27.7660890553095 27.7607808773634 27.7554600709685 27.7501377027912 27.7448242516853 27.7395219271626 27.7341590099091 27.7287526541874 27.7233715996936 27.7180041233891 27.7126277700284 27.7072368441889 27.7018203846968 27.6963799012586 27.6909236573471 27.6854620569809 27.6800175301006 27.6746655251015 27.6695362204118 27.6646158337505 27.6597277775455 27.6548598419796 27.6499845008069 27.6450956404306 27.6401803829791 27.63524248266 27.6302854129687 27.6253196421635 27.6203693531577 27.6153590804312 27.6099875965962 27.6042429770918
27.8746867423161 27.8691010509625 27.8635065772077 27.8579118705702 27.8523202057978 27.8467316661969 27.8411338270541 27.8355317580781 27.8299346732773 27.8243405878269 27.8187389046244 27.8131979629232 27.807886853629 27.8027339135959 27.7975651313019 27.7923950539782 27.7872276955503 27.7820582877507 27.7768827091112 27.7717020119108 27.7665261902858 27.7613559841259 27.7561813542342 27.7509802247162 27.7456907243136 27.7403350567346 27.7349777713911 27.7296181551986 27.7242656201249 27.7189140790827 27.7135534273285 27.7081903984338 27.7028254262444 27.6974684256741 27.6921130853831 27.6868199337788 27.6817091449274 27.6767630914587 27.6718295141128 27.666900014709 27.6619747443885 27.65705075185 27.6521233888895 27.6471909511517 27.6422575677043 27.6373277881035 27.6323999927858 27.6273855577915 27.6219788587491 27.6161716946741
27.884833379369 27.8792553257744 27.8736684472407 27.868076584532 27.8624861492427 27.8569005049801 27.8513086422713 27.8457159806869 27.840126253906 27.8345360998364 27.8289358022657 27.8234104615978 27.8181720350687 27.8131322847304 27.8080721825819 27.8030078941377 27.7979438433757 27.7928774190037 27.7878085309005 27.7827383087833 27.7776733082773 27.7726092575153 27.7675428331433 27.76244026534 27.7572272284874 27.7519297440291 27.7466275128316 27.741323572245 27.7360221391731 27.7307211374358 27.7254210419315 27.720118810734 27.7148151549206 27.7095125354187 27.7042158042797 27.6989759612433 27.6938788974382 27.6889177406135 27.6839684556617 27.6790243447376 27.6740833625154 27.6691428119005 27.664200923718 27.6592572879121 27.6543154032832 27.6493765620575 27.6444377580433 27.6394087560624 27.6339650461019 27.6281063448872
27.8949819966933 27.8894124488335 27.8838308349297 27.8782439563961 27.8726575560189 27.8670764643243 27.861491915617 27.8559060339185 27.8503184471112 27.8447322806395 27.8391313573284 27.8336237151297 27.8284582693027 27.8235331755439 27.8185849300989 27.8136232418121 27.8086626490806 27.8037039988937 27.7987419822961 27.7937811093676 27.7888208403935 27.7838618664492 27.7789019857795 27.7739023555702 27.7687660159038 27.7635212557652 27.7582726540978 27.753027936497 27.7477822220611 27.7425376940553 27.7372948754386 27.7320498340804 27.7268051164795 27.7215594020437 27.7163222778914 27.7111311687963 27.7060487836192 27.7010705948078 27.6961045573391 27.6911490975015 27.6861947377724 27.6812418889807 27.6762858206124 27.6713298385656 27.6663754788365 27.6614226300448 27.6564735772257 27.6514299644744 27.6459513370089 27.6400410376381
27.9051335230007 27.8995688124821 27.8939927049627 27.8884127088234 27.882833752822 27.877253761236 27.8716738559714 27.8660924405194 27.8605118657307 27.8549320690659 27.8493335145654 27.8438447537354 27.8387470110515 27.8339332553176 27.8290961501958 27.8242399224777 27.8193852049472 27.8145311999708 27.8096757703784 27.8048220501752 27.7999672463232 27.7951137159726 27.7902588085894 27.7853585166806 27.7803003413543 27.7751110624157 27.7699195860405 27.7647322531771 27.7595434913791 27.7543579015859 27.7491700465133 27.7439792396622 27.7387902880116 27.7336046982183 27.7284261885212 27.7232833511785 27.7182156840944 27.7132196512569 27.7082410776946 27.7032754725831 27.6983080122711 27.6933384585461 27.6883722276943 27.6834066225828 27.6784391622708 27.6734696085458 27.6685081669479 27.6634469913901 27.6579383267908 27.6519785831896
27.9152856618847 27.9097262592987 27.9041543805898 27.8985794595004 27.8930040204824 27.8874300053533 27.8818562276603 27.8762818242268 27.870706816816 27.8651280987314 27.8595347268579 27.8540673068091 27.8490413581627 27.8443357649183 27.8396050526304 27.8348561718089 27.830106621698 27.8253601096871 27.8206135976762 27.8158647558389 27.8111142562302 27.8063682664285 27.8016194245912 27.7968152341966 27.7918349040061 27.786702189401 27.7815685250518 27.7764358104467 27.7713043723927 27.7661768793988 27.7610441647936 27.7559090765785 27.7507751747933 27.7456460630122 27.7405253481314 27.7354277922705 27.7303771293222 27.7253723105529 27.7203812618904 27.7153999924643 27.7104194781301 27.7054388731939 27.7004592605165 27.6954811630951 27.6905003250034 27.6855200438247 27.6805434727778 27.6754663008179 27.6699256532594 27.6639132334027
