Spatial_Analysis/Maxent_Inputs/Inputs/RCP8_5_Near/sst_near85.asc
NCOLS 638 
NROWS 314 
XLLCORNER -102.97071042 
YLLCORNER 3.973116569 
CELLSIZE 0.083 
NODATA_value -9999 
[rows 132 to 153 of 314, columns 550 to 599 of 638]
27.9480444549198 27.9406446163018 27.9332427265394 27.9258474404894 27.9184471695142 27.9110486079283 27.9036485743891 27.8962509144599 27.8888561065663 27.8815480489943 27.8746226984336 27.86812321893 27.8616303889379 27.8551451974549 27.8486599153698 27.8421721566244 27.8356831243775 27.8291953656321 27.8227082749072 27.8162244647753 27.8097380861122 27.8032064097603 27.7963941926936 27.7892389513517 27.78208545308 27.7749331463068 27.7677808820484 27.7606311863213 27.7534778865013 27.7463274308828 27.7391761163684 27.7320240470313 27.7248702250021 27.7177109935544 27.7104934164413 27.7032028276846 27.695911484586 27.6886159116541 27.6813218539782 27.6740275150597 27.6667361719611 27.6594405990292 27.6521466448845 27.6448513567258 27.637557536486 27.6302418099528 27.6227734730064 27.6150804954007 27.6073822098624 27.5996816370355
27.9608426402206 27.9534223859955 27.945997492131 27.9385751014627 27.9311533363002 27.9237299533731 27.916304239597 27.9088824744344 27.9014631299729 27.8941253582517 27.8871514714167 27.8805830380359 27.8740179320814 27.867455764461 27.8608983443297 27.8543380283793 27.8477774749928 27.8412167707379 27.8346569291556 27.8280995090244 27.8215409017131 27.8149393690542 27.808086658737 27.8009248152206 27.7937630142191 27.7866054384976 27.7794470639004 27.7722878704143 27.7651255082194 27.7579691667688 27.7508104038673 27.7436528281457 27.7364924084954 27.7293171423885 27.7220515441492 27.7146672325569 27.7072782605469 27.6998858360775 27.6924930189852 27.6851020138285 27.6777130418185 27.6703225588711 27.6629316453391 27.6555376020825 27.6481483452993 27.6407341449109 27.6331478305306 27.6253135840781 27.6174732525918 27.6096324464797
27.9736419091703 27.9661968371346 27.9587517225842 27.9513020979805 27.9438567885089 27.9364119113944 27.9289613762772 27.9215157430481 27.9140752281567 27.9067068490053 27.8996819011715 27.8930431852177 27.8864056564439 27.8797692703164 27.8731374377796 27.8665032743938 27.8598726713171 27.8532417834672 27.8466087166593 27.8399749415779 27.833345050563 27.8266739851198 27.8197784172947 27.8126077445208 27.8054394448761 27.7982737562774 27.7911083524519 27.7839434189451 27.7767780538692 27.7696121754178 27.7624464868191 27.7552807982204 27.7481136857557 27.7409255562672 27.7336111007916 27.7261280771201 27.7186446223831 27.7111552339732 27.7036648958193 27.6961788727973 27.6886950943029 27.6812078418208 27.6737186908469 27.666228115257 27.658740388149 27.6512275197341 27.6435237585052 27.6355496498621 27.6275676657778 27.6195831523927
27.9864408933467 27.9789693421985 27.9715044810841 27.9640307950308 27.9565592438826 27.9490943827682 27.9416204119416 27.9341466818355 27.9266821480091 27.9192887753775 27.9122160468919 27.9055017748635 27.8987910631442 27.8920820600641 27.8853768114265 27.8786717959442 27.8719674489634 27.8652650445271 27.8585569438539 27.8518483290782 27.845144828064 27.8384069444138 27.8314697442452 27.8242919078573 27.817118235733 27.8099458586385 27.8027706332966 27.7955987733427 27.7884290462785 27.7812545281875 27.7740828631548 27.7669072495085 27.7597313121049 27.752532606758 27.7451708039838 27.7375905830082 27.7300117866485 27.7224275272072 27.7148393836994 27.7072553176413 27.6996743423237 27.6920889863044 27.6845044031057 27.6769189131816 27.6693350420448 27.6617227067277 27.6539027767049 27.645784486163 27.6376602191871 27.6295313082532
27.9992429194113 27.9917461196334 27.9842556863665 27.9767567473649 27.9692599475869 27.961771455842 27.9542784069759 27.9467821258765 27.9392881745806 27.9318658471989 27.9247442029914 27.9179574600793 27.9111765647651 27.9043959932082 27.8976168065332 27.8908397565359 27.8840608936183 27.8772831315593 27.8705025600024 27.8637219494613 27.8569437122841 27.8501383884747 27.8431641563867 27.8359806237618 27.8288001727744 27.8216187289863 27.814437138906 27.8072550301471 27.8000757663397 27.7928931353716 27.7857160978593 27.778533510944 27.7713494561099 27.7641414089411 27.7567332989833 27.7490555100897 27.7413780449535 27.7336962175943 27.7260103112703 27.7183302350881 27.7106490808065 27.7029671010639 27.6952909264043 27.6876089087001 27.6799261356314 27.6722177901902 27.6642821227079 27.6560192361654 27.6477533069697 27.639484340462
28.0120324187121 28.004506482942 27.996984198083 27.9894625777139 27.9819444736012 27.9744333868104 27.9669215879577 27.9594104102921 27.9518978090332 27.9444437776433 27.9372746327462 27.9304162869264 27.9235579848902 27.9166979777455 27.9098416172313 27.9029873966908 27.8961352222262 27.8892831330604 27.8824364604269 27.8755879315702 27.8687434852318 27.8618725818049 27.8548574294125 27.847666492184 27.8404714777404 27.8332734198937 27.8260803469721 27.8188881792608 27.8116993787102 27.8045087642165 27.7973285071276 27.7901489575472 27.7829697360429 27.7757519162099 27.7682938478845 27.7605175851356 27.7527324976824 27.7449438453668 27.7371574626491 27.729375546178 27.7215966290803 27.713820451384 27.706052624247 27.6982849482475 27.6905142298675 27.6827118768176 27.6746623703677 27.6662564936826 27.6578396556154 27.6494187357799
28.0247886995023 28.0172332860192 28.0096832450156 28.0021380803375 27.9945998023722 27.987066703738 27.9795334056294 27.9720089367783 27.9644844686772 27.9570136425249 27.9497979049208 27.9428525720756 27.9359094146577 27.9289683919103 27.9220361088031 27.9151033933387 27.9081778890946 27.9012561818457 27.8943386611273 27.8874241600302 27.88051906684 27.8735925257918 27.8665387027289 27.8593241788883 27.8521072379002 27.844893382103 27.8376836905695 27.8304812740532 27.8232848782814 27.8160894264465 27.8089053716124 27.8017271469201 27.7945514423992 27.787340970749 27.7798454399873 27.7719474004985 27.764049317249 27.7561539308861 27.7482621002561 27.7403773461917 27.7325022240486 27.7246319352124 27.7167691066698 27.7089173303841 27.7010659854328 27.6931880279944 27.6850332341751 27.6764609738609 27.667881157075 27.6593026768339
28.036067783855 28.0285474862052 28.0210339684412 28.0135233414393 28.0060204605271 27.9985200010659 27.9910213315082 27.9835311205944 27.9760416217423 27.9685981771897 27.9613735164805 27.9543968964089 27.9474231248194 27.9404496336995 27.9334785204702 27.926510492432 27.9195480525233 27.9125914602124 27.9056381945628 27.898689956626 27.8917424309741 27.8847733713926 27.8776717061346 27.8704011444309 27.863130539697 27.8558591196049 27.8485885148481 27.8413261991419 27.8340721094659 27.8268180147213 27.8195737414931 27.8123358770561 27.8050972575271 27.7978226932534 27.7902698641585 27.78232402242 27.7743739604357 27.7664251281462 27.7584803695183 27.7505419366446 27.7426126570205 27.7346869331294 27.7267680529211 27.7188574197294 27.7109492679975 27.7030122260542 27.6947929142315 27.6861502088 27.677498156455 27.6688450505657
28.0461650177239 28.0387341756301 28.0313065057758 28.0238794138209 28.0164574829646 28.0090373693473 28.0016174880974 27.9942012109403 27.9867815719259 27.9794010103962 27.9722106622677 27.9652404983015 27.9582691048753 27.9512939957182 27.9443206984969 27.9373512465926 27.9303829337811 27.9234166062752 27.9164521858603 27.9094899021233 27.9025240968267 27.8955291808577 27.8883722440227 27.8810139791859 27.8736552009966 27.8662938507455 27.8589315509965 27.85157272472 27.844219724513 27.8368669660604 27.8295150705152 27.8221661097734 27.8148169546258 27.8074303833184 27.7998023670017 27.7918558184702 27.7838986753671 27.7759400213266 27.7679844056207 27.7600298728136 27.7520783869404 27.7441304563077 27.7361870402814 27.7282413369437 27.7202962595925 27.7123174977417 27.7040687657035 27.6954261042904 27.6867666989597 27.6781031027799
28.056172629435 28.048834043773 28.0414944660869 28.0341526438732 28.0268157195132 28.0194781271327 28.0121379272368 28.0048009605967 27.997459138383 27.9901555573092 27.9830090392183 27.9760331749693 27.969056085306 27.9620797889689 27.9551071612716 27.9481337607538 27.9411616552657 27.934188358279 27.9272160543392 27.9202403885419 27.9132667032509 27.9062581695583 27.8990470065611 27.8915892748221 27.8841318278563 27.8766742300221 27.8692138446993 27.8617528374243 27.8542970517606 27.8468419310676 27.8393840957974 27.8319261742058 27.8244698663328 27.8169816871268 27.8092854077358 27.8013224390442 27.7933549567688 27.7853829646864 27.7774114948132 27.7694397401668 27.7614677480843 27.7535000319035 27.7455354454473 27.7375636908009 27.7295916987185 27.7215883094252 27.7133167494583 27.7046569560579 27.6959871034704 27.6873131291341
28.0661720338637 28.0589195332783 28.0516684618851 28.0444123582295 28.0371582398796 28.0299026113422 28.0226462702506 28.0153931917659 28.0081379948357 28.0009080677796 27.9938018062533 27.9868202030063 27.9798383613006 27.9728617422288 27.9658801817428 27.9589016201263 27.9519243320112 27.944946055168 27.937967062967 27.9309828914349 27.9240043298184 27.916984120159 27.9097217690994 27.9021625254051 27.8946009508618 27.8870430401589 27.8794818503894 27.8719176648001 27.8643600388704 27.8568007951761 27.8492389358596 27.8416807877207 27.8341215440264 27.8265322178801 27.8187737604484 27.8107902901009 27.8028040145362 27.7948162245034 27.7868244858571 27.7788324234533 27.7708410731114 27.7628533729306 27.7548683278487 27.7468762654449 27.738882973581 27.7308579815005 27.722568099351 27.7138868110132 27.7052016350782 27.6965105725613
28.0761759045619 28.0690056485469 28.0618402739259 28.0546700229795 28.0474985805345 28.0403281311363 28.0331562614027 28.0259878616109 28.0188173689099 28.0116632369024 28.0045916774692 27.9976086503561 27.9906213501221 27.9836389915105 27.9766542550082 27.9696681419542 27.9626822663362 27.9556984831085 27.9487154559955 27.9417264471222 27.9347426638946 27.9277110200228 27.9203961433333 27.9127352968091 27.9050691805865 27.8974079017051 27.8897466668765 27.882081780114 27.8744221200198 27.8667577131864 27.8590935384858 27.8514338783916 27.8437690832538 27.8360816224467 27.8282608360946 27.8202578130817 27.8122519851242 27.8042450134977 27.7962371531436 27.7882258188017 27.7802142946072 27.7722065241051 27.7642015985544 27.7561895521507 27.7481746625683 27.7401264714644 27.731817701105 27.7231199890764 27.7144146392889 27.7057035064506
28.0861801463318 28.0790940814777 28.0720103428965 28.0649245547089 28.057837777793 28.0507526153458 28.0436660282826 28.0365811506085 28.0294946974501 28.0224167447002 28.015379607163 28.0083949612628 28.0014061473107 27.9944138629015 27.9874265634175 27.9804365189826 27.9734448567833 27.966452572374 27.95946527289 27.9524748401508 27.9454841745288 27.9384362585617 27.9310686795764 27.9233041801006 27.9155386873432 27.9077765609965 27.9000110646855 27.892244532063 27.8844800325871 27.8767141515253 27.8689517014212 27.8611872019453 27.8534190945884 27.8456355796043 27.8377502891735 27.8297263762002 27.8216993342524 27.8136729137643 27.8056444049203 27.7976131341619 27.7895829589588 27.781556823244 27.773530493358 27.7655007074819 27.7574639303391 27.7493975679211 27.741068148591 27.7323529772871 27.7236277470308 27.7148966301925
28.0961822043443 28.0891817074262 28.0821803037827 28.0751802341532 28.0681783083006 28.0611785234443 28.0541767314964 28.0471762345783 28.0401726046397 28.033170161131 28.0261723268838 28.0191802799106 28.0121890928294 28.005190547213 27.9981965541646 27.9912044646766 27.9842076284494 27.977209082833 27.9702150897846 27.9632227155233 27.9562253570869 27.9491630245207 27.9417423420062 27.9338743404585 27.9260082374027 27.9181435589628 27.9102757472678 27.9024082203459 27.8945409308601 27.8866745430311 27.8788092388508 27.8709412373032 27.8630714840861 27.8551882037476 27.8472374597402 27.8391944213902 27.8311473048404 27.823100667197 27.8150533610522 27.8070014977632 27.7989531507306 27.7909084556319 27.7828583009821 27.7748079096463 27.7667538236157 27.7586708003056 27.7503213106541 27.7415861553503 27.7328407512414 27.7240891757774
28.1061880211177 28.0992700454364 28.0923494622397 28.085436280116 28.0785215880775 28.0716029041226 28.0646863085237 28.0577706626688 28.0508509864551 28.0439234785839 28.0369653313549 28.0299667857385 28.0229694273021 28.0159694578197 28.0089709122032 28.0019712239405 27.9949669820871 27.9879670126047 27.9809665254663 27.9739656067207 27.9669636957163 27.9598892598946 27.9524173419805 27.9444467840591 27.9364755178642 27.9285081357358 27.92054042985 27.9125711061997 27.9045994517004 27.8966317458146 27.8886621373911 27.8806899606825 27.8727208309307 27.8647423983412 27.8567260023055 27.8486626607513 27.8405957543348 27.8325291759943 27.8244620797251 27.8163941810498 27.8083244307045 27.8002580464972 27.7921901478218 27.7841206303593 27.7760506866308 27.7679438428375 27.7595743691861 27.7508191435609 27.7420538589833 27.7332820147462
28.1161903213657 28.1093569631113 28.1025237990281 28.095691631757 28.0888611693219 28.0820285274479 28.0751945480064 28.0683625746338 28.0615314436972 28.0546779356449 28.0477571440927 28.0407587933974 28.0337529337795 28.0267467504041 28.0197412790906 28.0127340991378 28.005727436091 27.9987251367822 27.9917175295408 27.9847094471813 27.9777025520017 27.9706161597584 27.9630901629968 27.9550170955202 27.9469466859459 27.9388767950272 27.9308047241279 27.9227337976477 27.914657601469 27.9065862426315 27.8985153161513 27.8904410614946 27.8823713214443 27.8742973523109 27.8662191019919 27.8581336405101 27.8500438198434 27.841957166863 27.8338699959919 27.8257833040272 27.8176959435611 27.8096057345901 27.8015190426254 27.7934331060253 27.7853427638995 27.777217075222 27.7688271429448 27.7600516095623 27.751266863194 27.7424749486355
28.1261938037595 28.1194436866529 28.1126963755136 28.105942893019 28.0991947174344 28.0924529081262 28.0857046426896 28.0789578484562 28.0722107747528 28.0654335748173 28.0585519994837 28.0515493341373 28.044535594525 28.0375229125064 28.0305075161453 28.0234937375487 28.0164856551891 28.009478086932 28.0024673464354 27.9954558986878 27.9884424438487 27.9813449586064 27.9737631133648 27.9655870229954 27.9574158089514 27.949244181298 27.9410659509549 27.932887099152 27.9247115264385 27.9165412616577 27.9083699187775 27.9001941521655 27.8920211904981 27.8838509257173 27.8757059877855 27.8676025873568 27.8594949191334 27.8513853519028 27.8432760613386 27.8351655446102 27.8270591060816 27.8189530946069 27.8108487917715 27.8027439720301 27.7946327434975 27.7864920592759 27.7780858068391 27.7692883479347 27.7604799709359 27.7516680723774
28.1361805442236 28.1294988200356 28.1228221670941 28.1161464623931 28.1094837679307 28.1028306972828 28.0961801936626 28.089533574109 28.08288326541 28.0761921093281 28.0693480420547 28.0623335101388 28.0553015607124 28.0482670007209 28.0412339501633 28.034209206654 28.0271918677483 28.0201820767495 28.0131759313586 28.0061779464512 27.9991762253339 27.9920703869979 27.9844375911299 27.9761557129036 27.9678661100817 27.9595742204521 27.9512817043285 27.9429949877384 27.9347152444173 27.9264457929314 27.9181841305881 27.9099243670058 27.9016634600272 27.8934034589859 27.8851945303507 27.8770684968916 27.8689300359042 27.8607818432525 27.8526372488715 27.8445014791948 27.8363731574244 27.8282533368356 27.8201397301397 27.8120305897133 27.8039184509592 27.7957679449865 27.7873464605923 27.7785216173649 27.7696786068613 27.760828513701
28.1460905560318 28.1394763998395 28.1328726010519 28.1262760076661 28.119697870883 28.1131315153707 28.1065754939621 28.1000330019631 28.0934950615323 28.0869237365923 28.0801265463811 28.0730584357226 28.065990320053 28.0589293665168 28.0518822653976 28.0448443339613 28.0378196329898 28.0308077959151 28.0238085807747 28.0168219017278 28.0098436590658 28.0027673802647 27.9950937150573 27.9866649625416 27.9782414306603 27.9698249110667 27.9614178365916 27.9530241016618 27.9446385256776 27.9362698014607 27.927913832541 27.9195740076304 27.9112406294955 27.9029253731034 27.8946693797308 27.8864744016668 27.878281774473 27.8700942823573 27.8619165629057 27.8537588239234 27.8456106216843 27.8374741824835 27.8293498093266 27.8212362924828 27.8131355023696 27.805009134331 27.796585924917 27.7876948339714 27.7788004622059 27.7699144395457
28.1552362838172 28.1487130632639 28.1421972910978 28.135692332226 28.1292025637966 28.1227225735808 28.1162552098524 28.1097995623061 28.1033497671833 28.0968490297217 28.0901017947106 28.0830633318501 28.0760170848811 28.0689725024755 28.0619418162326 28.054921532959 28.0479187532481 28.0409244314311 28.0339418728871 28.0269726961686 28.0200106015686 28.0129403105193 28.0052550414163 27.9968055809971 27.9883519866305 27.979902944809 27.9714646261606 27.9630398834709 27.9546275298327 27.9462258613681 27.9378362316121 27.9294648820162 27.9210979612127 27.9127381890557 27.904437390005 27.8962004491284 27.8879597585745 27.8797207725645 27.8714927552704 27.8632826726046 27.8550837454691 27.84689454846 27.8387183026919 27.830550798322 27.8223967208186 27.8142093511236 27.8057290893578 27.796801213908 27.7878657908009 27.7789346440534
28.1637189722119 28.1573067021521 28.1508935251092 28.1444897554579 28.1380915316561 28.1316980581241 28.1253146012643 28.1189320506146 28.1125465018454 28.1060976815287 28.0994062532974 28.0924438706592 28.0854621712766 28.0784803202985 28.0715000880847 28.064521801677 28.0575528623945 28.0505917985532 28.0436357234402 28.0366831222806 28.0297306081925 28.0226611279677 28.0149985355052 28.0066150783926 27.9982201369581 27.9898238754615 27.9814260814761 27.9730372675937 27.9646549100744 27.9562762027162 27.9479067518813 27.9395413797421 27.9311709851935 27.9227979740494 27.9144643922285 27.9061851197645 27.8978978810075 27.8896043157464 27.8813104740421 27.8730233253869 27.8647433403458 27.8564704364234 27.8482033157864 27.8399383781569 27.8316743482375 27.8233713160294 27.814802012424 27.8058370743351 27.7968593753731 27.7878779645064
28.1720783929418 28.1657712426953 28.1594636135424 28.1531549961421 28.1468492697617 28.1405463485984 28.1342449419032 28.1279433418247 28.1216349618605 28.1152685764821 28.1086399935619 28.1017220228918 28.0947940446789 28.0878641241561 28.0809361416247 28.0740028944635 28.067069452381 28.0601436055198 28.0532189458386 28.0462900183625 28.0393597095353 28.0323234002377 28.0246968317378 28.0163524315962 28.0080062830811 27.9996588023247 27.9913052960244 27.9829584357051 27.9746117092907 27.9662641414628 27.9579182779557 27.949573877814 27.941224363911 27.9328735595314 27.9245200208031 27.9161599271194 27.907801736996 27.8994385153603 27.8910738645553 27.8827113547467 27.8743467084949 27.8659872878887 27.8576300472632 27.8492680120575 27.8409064945077 27.8325171393061 27.823867532137 27.814833834319 27.8057933394055 27.7967527581706
