Spatial_Analysis/Maxent_Inputs/Inputs/RCP8_5_Near/sst_near85.asc
NCOLS 638 
NROWS 314 
XLLCORNER -102.97071042 
YLLCORNER 3.973116569 
CELLSIZE 0.083 
NODATA_value -9999 
[rows 22 to 43 of 314, columns 250 to 299 of 638]
-9999 -9999 -9999 -9999 -9999 -9999 -9999 -9999 -9999 -9999 -9999 -9999 -9999 -9999 -9999 -9999 -9999 -9999 -9999 -9999 26.4128842592613 26.4597657307775 26.5846160048075 26.7082625262246 26.831360617601 26.9544450889658 27.0775310747987 27.2006206209408 27.3237082255608 27.4467945996981 27.5699757998395 27.6940174888102 27.7962302268184 27.8157730780138 27.7621511081839 27.7103873888263 27.6595312752502 27.608688924262 27.5578445271979 27.5070037985275 27.4561624397981 27.4053216030433 27.3544523724808 27.303275227432 27.2544715022169 27.2172604987872 27.1914696866241 27.1649596644185 27.1380843611408 27.1111979886313
-9999 -9999 -9999 -9999 -9999 -9999 -9999 -9999 -9999 -9999 -9999 -9999 -9999 -9999 -9999 -9999 -9999 -9999 -9999 -9999 26.4661986176056 26.5119527195086 26.6335988581089 26.7539812219305 26.8736448221573 26.9932806092346 27.1129135903447 27.2325511895925 27.3521860699444 27.4718209546149 27.5916185549634 27.7124343758655 27.8119331972565 27.8304559444095 27.7772989204595 27.7260001802898 27.6758053263648 27.625668047102 27.5755267931706 27.5253857161627 27.4752469259625 27.4251086068346 27.3749176833501 27.3243816355561 27.2761394627405 27.2391470245336 27.213240502201 27.1866576085512 27.1596519815988 27.132617068521
-9999 -9999 -9999 -9999 -9999 -9999 -9999 -9999 -9999 -9999 -9999 -9999 -9999 -9999 -9999 -9999 -9999 -9999 -9999 -9999 -9999 26.5443071287573 26.6826824410102 26.7997049405841 26.915927412995 27.0321135184574 27.1482941643688 27.2644766705378 27.3806604922422 27.4968462739472 27.6132186305357 27.7306738113203 27.8273416097859 27.8448480306104 27.7922844420277 27.741596270774 27.6920824158141 27.6426462336081 27.5932087138576 27.5437699206056 27.4943338247211 27.4448962186491 27.3954006884274 27.345554184291 27.2979206597579 27.2611483594776 27.235080483282 27.2083609520066 27.1812152433643 27.1540358206074
-9999 -9999 -9999 -9999 -9999 -9999 -9999 -9999 -9999 -9999 -9999 -9999 -9999 -9999 -9999 -9999 -9999 -9999 -9999 -9999 -9999 26.6213679599302 26.7130407867442 26.8454582853076 26.9582133656902 27.0709457156184 27.1836756443532 27.2964054695569 27.4091366323051 27.5218690685548 27.6347619777373 27.7487027559823 27.8424377109596 27.8589335222213 27.8070747867274 27.7571473017604 27.7083597037151 27.6596236047789 27.6108874195211 27.5621513205849 27.5134170768491 27.464684538222 27.4159019103605 27.366791455532 27.3198015170605 27.283252683906 27.256987005119 27.2300810571046 27.2027790185052 27.1754529589751
-9999 -9999 -9999 -9999 -9999 -9999 -9999 -9999 -9999 -9999 -9999 -9999 -9999 -9999 -9999 -9999 -9999 -9999 -9999 -9999 -9999 -9999 26.8503100426037 26.8912137155032 27.0004982828007 27.10977616111 27.219052554537 27.3283318997424 27.4376117195737 27.546891776841 27.6562594604922 27.7665361120327 27.8572054180919 27.8726940225953 27.8216817870168 27.7726863690606 27.7246363658758 27.6766005013237 27.6285660171002 27.5805341011618 27.5324994230398 27.4844677872983 27.4364129042078 27.3880850506289 27.3417833076691 27.3054577064694 27.278952486185 27.2518087624579 27.2243424701234 27.1968722287174
-9999 -9999 -9999 -9999 -9999 -9999 -9999 -9999 -9999 -9999 -9999 -9999 -9999 -9999 -9999 -9999 -9999 -9999 -9999 -9999 -9999 -9999 26.8972743773959 26.9369551976457 27.0427810634911 27.1486076464668 27.2544311387022 27.3602605648567 27.4660881833941 27.5719138593868 27.6777626546724 27.784266694991 27.8716241454592 27.8861155322663 27.8361512015873 27.7882460000557 27.7409134553251 27.6935792054858 27.6462480846212 27.5989167306012 27.5515848116109 27.5042520719591 27.456917780355 27.4093972356459 27.3638539923367 27.3277483161893 27.3009518296688 27.2735263045397 27.2459067674735 27.2182907909512
-9999 -9999 -9999 -9999 -9999 -9999 -9999 -9999 -9999 -9999 -9999 -9999 -9999 -9999 -9999 -9999 -9999 -9999 -9999 -9999 -9999 -9999 -9999 26.9650813250717 27.0847498040391 27.1869402824752 27.2892662783536 27.3917152155463 27.4942418026299 27.596789429364 27.6992830402277 27.8019936473379 27.8857203032182 27.8992393243966 27.8506144833276 27.8038080167859 27.7571418763062 27.7104680962949 27.6638104974892 27.6171765243028 27.5705669788693 27.5239823067477 27.4773943796141 27.4306990597392 27.3859869218273 27.3501046316158 27.3229489386898 27.2952289602225 27.2674272423073 27.2396325832291
-9999 -9999 -9999 -9999 -9999 -9999 -9999 -9999 -9999 -9999 -9999 -9999 -9999 -9999 -9999 -9999 -9999 -9999 -9999 -9999 -9999 -9999 -9999 27.0881892747046 27.1249514057862 27.2235794944929 27.3225701186735 27.4218383218381 27.5212860272238 27.6208110543359 27.7202895870341 27.8196714871993 27.8998285136706 27.912163691875 27.8652276301252 27.8191611320493 27.7730937602328 27.7270484975223 27.6810473271407 27.6350954028069 27.5891981985243 27.5433691841975 27.4975888034154 27.4518175714832 27.4080686055153 27.3724629320832 27.3447477201213 27.3166916695137 27.2886752858646 27.2607161252973
-9999 -9999 -9999 -9999 -9999 -9999 -9999 -9999 -9999 -9999 -9999 -9999 -9999 -9999 -9999 -9999 -9999 -9999 -9999 -9999 -9999 -9999 -9999 27.1371912087445 27.1733008498259 27.2677974297994 27.3627556949872 27.4580453786438 27.553551540193 27.6491589000575 27.7447607778496 27.8402140510598 27.9166018352556 27.9273819231544 27.881520243527 27.8358827694228 27.7902782239874 27.7447218450004 27.6992188634107 27.6537736708152 27.6083999515412 27.5631070565022 27.5179060721283 27.4727900479327 27.4297176230256 27.3943681079417 27.3663477369041 27.3381692425966 27.3101031836649 27.2821296231772
-9999 -9999 -9999 -9999 -9999 -9999 -9999 -9999 -9999 -9999 -9999 -9999 -9999 -9999 -9999 -9999 -9999 -9999 -9999 -9999 -9999 -9999 -9999 -9999 27.2126283354705 27.3330131671613 27.4218242822119 27.5109135873122 27.6001806891134 27.6895142045647 27.7787985095979 27.867975926823 27.9393817134879 27.948038875964 27.9017858954707 27.8563700950348 27.8109389179923 27.7655290452273 27.7201576553106 27.6748387087436 27.6295771468796 27.5843755676272 27.5392200529989 27.4940666533963 27.4508866411731 27.4156437755943 27.3881082786891 27.3603016858621 27.3325157886212 27.3047874575371
-9999 -9999 -9999 -9999 -9999 -9999 -9999 -9999 -9999 -9999 -9999 -9999 -9999 -9999 -9999 -9999 -9999 -9999 -9999 -9999 -9999 -9999 -9999 -9999 27.3750705676325 27.4077052491189 27.4894902149745 27.571375240042 27.6533198076151 27.7352817465351 27.8172118850499 27.8993307417151 27.9652245117558 27.9711994804195 27.9241376164396 27.8785784090724 27.8331455764892 27.7877133043493 27.742292946343 27.6968944758396 27.6515166031507 27.6061546415077 27.5607977523423 27.51536853508 27.4718739961107 27.4367292354731 27.40982753344 27.3825509621036 27.3552167240222 27.3278979006475
-9999 -9999 -9999 -9999 -9999 -9999 -9999 -9999 -9999 -9999 -9999 -9999 -9999 -9999 -9999 -9999 -9999 -9999 -9999 -9999 -9999 -9999 -9999 -9999 27.4130919433805 27.4527659748544 27.5556654402963 27.6305380608852 27.7054109627166 27.7802808687283 27.8551732548796 27.9305527468087 27.990847397393 27.9939773493033 27.9465294560895 27.9006048419165 27.8551072338179 27.8096098631553 27.7641119702835 27.7186157860509 27.6731210264343 27.6276253598577 27.5821276664603 27.5365328233062 27.4929108960938 27.4579129697168 27.4314169115994 27.4045967608017 27.3776808167233 27.3507629743878
-9999 -9999 -9999 -9999 -9999 -9999 -9999 -9999 -9999 -9999 -9999 -9999 -9999 -9999 -9999 -9999 -9999 -9999 -9999 -9999 -9999 -9999 -9999 -9999 27.466073919333 27.5739629592736 27.6213388714134 27.6892686088278 27.7572021017072 27.8251299365839 27.8931186157508 27.9616971560714 28.0160629657345 28.0163714737052 27.9688461018631 27.9226246832351 27.877016215245 27.8314206934619 27.7858264667085 27.7402290034034 27.6946312163409 27.6490351769018 27.6034309402829 27.5577264621866 27.514063732238 27.4792077629846 27.4530367623256 27.4266263749913 27.4000940714906 27.3735588331865
-9999 -9999 -9999 -9999 -9999 -9999 -9999 -9999 -9999 -9999 -9999 -9999 -9999 -9999 -9999 -9999 -9999 -9999 -9999 -9999 -9999 -9999 -9999 -9999 -9999 27.5980038670939 27.6870163886023 27.7480036665774 27.8089923301842 27.8699768685118 27.931050804146 27.9927073086206 28.0409316318494 28.0384276264162 27.9910045789403 27.9446514985727 27.8989265600601 27.8532307299614 27.8075361733643 27.7618404726172 27.7161461532213 27.6704485109522 27.6247398620056 27.5789546454851 27.5353007587356 27.5005899811272 27.4747004385362 27.4486523770042 27.4225055305702 27.3963544980867
-9999 -9999 -9999 -9999 -9999 -9999 -9999 -9999 -9999 -9999 -9999 -9999 -9999 -9999 -9999 -9999 -9999 -9999 -9999 -9999 -9999 -9999 -9999 -9999 -9999 27.7302339869061 27.7526951835883 27.8067379735156 27.8607814327323 27.914822371505 27.9689506468552 28.0235681814499 28.0655514583177 28.0602381140049 28.0130285170162 27.9666681549344 27.9208410433184 27.8750439814844 27.8292467687821 27.7834501339791 27.7376573399399 27.6918635536419 27.6460593208371 27.6002132845953 27.5565888520313 27.5220235050073 27.4963927834009 27.4706819438795 27.4449159368555 27.4191505943215
-9999 26.3803407645586 26.3927192687988 -9999 -9999 -9999 -9999 -9999 -9999 -9999 -9999 -9999 -9999 -9999 -9999 -9999 -9999 -9999 -9999 -9999 -9999 -9999 -9999 -9999 -9999 27.7983585509618 27.8183708410005 27.8654726039766 27.9125711478569 27.9596688283146 28.0068248690632 28.054336981689 28.09003422664 28.0819145185388 28.0349676289071 27.9886625992283 27.9427503095187 27.8968553340002 27.8509609804339 27.8050628291224 27.7591670121905 27.7132727061961 27.6673753099765 27.6214775378823 27.577890521501 27.5434731728391 27.5180937167683 27.4927103670858 27.4673270076307 27.4419459354643
26.3977381197123 26.3974423535858 -9999 -9999 -9999 -9999 -9999 -9999 -9999 -9999 -9999 -9999 -9999 -9999 -9999 -9999 -9999 -9999 -9999 -9999 -9999 -9999 -9999 -9999 -9999 -9999 27.858612603578 27.9242063887056 27.9643624767001 28.0045188021307 28.0446967138809 28.0850850950346 28.1144795414149 28.1035549409747 28.0568845229885 28.010657038511 27.9646606543338 27.9186649821954 27.8726719165498 27.8266778586453 27.7806805252049 27.7346830408961 27.6886880760086 27.6427273573374 27.5991679011685 27.5648955514838 27.5397791789086 27.5147413532739 27.4897410777564 27.4647401764985
26.4475137919643 26.442841777153 -9999 -9999 -9999 -9999 -9999 -9999 -9999 -9999 -9999 -9999 -9999 -9999 -9999 -9999 -9999 -9999 -9999 -9999 -9999 -9999 -9999 -9999 -9999 -9999 27.9681712059299 27.9829374588574 28.0161512858644 28.0493638823885 28.0825812691894 28.1158810235284 28.1389880992738 28.1252542012414 28.0788422878296 28.0326668669456 27.9865758496539 27.9404779489451 27.8943818604068 27.8482892243279 27.8021952722327 27.7560977988126 27.7100007997607 27.6639502438128 27.616059338143 27.5783275290411 27.5614325069718 27.5367719124081 27.5121550443508 27.4875362727332
26.4778960974893 26.4838057507812 -9999 -9999 26.533670425415 -9999 -9999 -9999 -9999 -9999 -9999 -9999 -9999 -9999 -9999 -9999 -9999 -9999 -9999 -9999 -9999 -9999 -9999 -9999 -9999 -9999 28.0294830333044 28.0417883173391 28.0679974806652 28.0942233464214 28.1204799583773 28.1467636785271 28.163665117493 28.1471208916779 28.1008832698314 28.054672240236 28.0084563175024 27.9622470346931 27.9160552542121 27.8654949658057 27.8156646224696 27.7775128415023 27.7313145633778 27.6808564964428 -9999 -9999 27.5705877133914 27.546091743239 27.5262592863008 27.5103547215667
26.5177584433396 26.5215919446687 -9999 -9999 -9999 -9999 -9999 -9999 -9999 -9999 -9999 -9999 -9999 -9999 -9999 -9999 -9999 -9999 -9999 -9999 -9999 -9999 -9999 -9999 -9999 -9999 28.0911814631778 28.1009903563128 28.1200597065371 28.1391674042243 28.1583597763214 28.1776685515027 28.1885545986087 28.169202496727 28.1228948926518 28.0764996270956 28.030149293105 27.9838578447669 27.9376128119923 27.8946022375813 27.8466938224558 27.7865733574571 27.7403328314742 -9999 -9999 27.6376317637974 27.6139092714806 27.5903112203157 27.5632529013315 27.5332525154285
26.5570436275069 26.5670972854654 26.5814745336955 26.5840702056885 -9999 -9999 -9999 -9999 -9999 -9999 -9999 -9999 -9999 -9999 -9999 -9999 -9999 -9999 -9999 -9999 -9999 -9999 -9999 -9999 -9999 -9999 28.1478363641324 28.1489471592455 28.1624622651501 28.1760190666728 28.1896906093319 28.2035633012227 28.2098466462529 28.1883610326881 28.1419188073215 28.095422655108 28.0490409230951 28.0027508443096 27.9565239300394 27.9103296272527 27.8667018934567 27.825189312336 27.7789414979291 27.7326056098327 27.6861561105135 27.6478096073882 27.6245416995068 27.6013517551174 27.5781045819045 27.5548079887435
26.600823731529 26.6047012233122 26.6087483328768 26.6200497578169 26.6358509063721 -9999 -9999 -9999 -9999 -9999 -9999 -9999 -9999 -9999 -9999 -9999 -9999 -9999 -9999 -9999 -9999 -9999 -9999 -9999 -9999 28.1482593673604 28.1525715180479 28.1651910007052 28.1777779594775 28.1903993553103 28.203111313607 28.2159276681588 28.2211918155893 28.1993536269262 28.1532571041573 28.1069741309249 28.0607301676464 28.0145483238806 27.9684154729861 27.9223079155277 27.8762022578034 27.830079335748 27.7839187719849 27.7377212667316 27.6941848396162 27.6612653902678 27.6389346298458 27.6168005772986 27.5946497254931 27.5724680708783
